 1.89504170000000E+03  -4.61890000000000E+00
 1.89512500000000E+03  -1.42906000000000E+01
 1.89520830000000E+03  -2.69623000000000E+01
 1.89529170000000E+03  -2.43341000000000E+01
 1.89537500000000E+03  -2.99421000000000E+01
 1.89545830000000E+03  -3.82274000000000E+01
 1.89554170000000E+03  -3.79569000000000E+01
 1.89562500000000E+03  -5.55131000000000E+01
 1.89612500000000E+03  -5.89274000000000E+01
 1.89620830000000E+03  -5.22528000000000E+01
 1.89629170000000E+03  -4.49629000000000E+01
 1.89637500000000E+03  -3.31344000000000E+01
 1.89645830000000E+03  -2.15366000000000E+01
 1.89654170000000E+03  -2.07852000000000E+01
 1.89662500000000E+03  -1.51104000000000E+01
 1.89670830000000E+03  -4.66650000000000E+00
 1.89679170000000E+03  -8.29960000000000E+00
 1.89687500000000E+03   3.99060000000000E+00
 1.89695830000000E+03   3.15115000000000E+01
 1.89704170000000E+03   5.12630000000000E+01
 1.89712500000000E+03   7.21686000000000E+01
 1.89720830000000E+03   7.73819000000000E+01
 1.89729170000000E+03   6.92104000000000E+01
 1.89737500000000E+03   6.38852000000000E+01
 1.89745830000000E+03   6.22524000000000E+01
 1.89754170000000E+03   6.16194000000000E+01
 1.89762500000000E+03   6.39866000000000E+01
 1.89770830000000E+03   7.65077000000000E+01
 1.89779170000000E+03   6.60285000000000E+01
 1.89787500000000E+03   6.51650000000000E+01
 1.89795830000000E+03   5.46861000000000E+01
 1.89804170000000E+03   3.32071000000000E+01
 1.89812500000000E+03   1.31128000000000E+01
 1.89820830000000E+03  -9.05830000000000E+00
 1.89829170000000E+03  -7.53740000000000E+00
 1.89837500000000E+03  -3.93930000000000E+00
 1.89845830000000E+03   6.65880000000000E+00
 1.89854170000000E+03   1.42568000000000E+01
 1.89862500000000E+03   1.26241000000000E+01
 1.89870830000000E+03   5.22230000000000E+00
 1.89879170000000E+03  -7.87200000000000E+00
 1.89887500000000E+03  -5.27380000000000E+00
 1.89895830000000E+03  -3.36790000000000E+00
 1.89904170000000E+03  -6.61610000000000E+00
 1.89912500000000E+03  -4.47940000000000E+00
 1.89920830000000E+03   7.04190000000000E+00
 1.89929170000000E+03   1.62554000000000E+01
 1.89937500000000E+03   2.00075000000000E+01
 1.89945830000000E+03   1.42212000000000E+01
 1.89954170000000E+03   4.43470000000000E+00
 1.89962500000000E+03  -1.35160000000000E+00
 1.89970830000000E+03  -1.15995000000000E+01
 1.89979170000000E+03  -1.62321000000000E+01
 1.89987500000000E+03  -1.87107000000000E+01
 1.89995830000000E+03  -1.53430000000000E+01
 1.90004170000000E+03  -1.31295000000000E+01
 1.90012500000000E+03  -4.14650000000000E+00
 1.90020830000000E+03  -1.70190000000000E+00
 1.90029170000000E+03  -3.94980000000000E+00
 1.90037500000000E+03  -6.50520000000000E+00
 1.90045830000000E+03  -3.59910000000000E+00
 1.90054170000000E+03   4.15310000000000E+00
 1.90062500000000E+03  -1.71500000000000E-01
 1.90070830000000E+03  -5.49610000000000E+00
 1.90079170000000E+03  -7.44000000000000E-01
 1.90087500000000E+03  -2.29930000000000E+00
 1.90095830000000E+03  -1.08530000000000E+00
 1.90104170000000E+03  -3.33100000000000E-01
 1.90112500000000E+03   6.50100000000000E-01
 1.90120830000000E+03   5.40250000000000E+00
 1.90129170000000E+03   4.53930000000000E+00
 1.90137500000000E+03   5.75330000000000E+00
 1.90145830000000E+03   3.27510000000000E+00
 1.90154170000000E+03  -1.26500000000000E-01
 1.90162500000000E+03  -6.60480000000000E+00
 1.90170830000000E+03  -1.85220000000000E+00
 1.90179170000000E+03  -1.33070000000000E+00
 1.90187500000000E+03  -2.19350000000000E+00
 1.90195830000000E+03   3.48210000000000E+00
 1.90204170000000E+03   6.38830000000000E+00
 1.90212500000000E+03   1.18332000000000E+01
 1.90220830000000E+03   1.18935000000000E+01
 1.90229170000000E+03   1.14921000000000E+01
 1.90237500000000E+03   1.52447000000000E+01
 1.90245830000000E+03   1.55358000000000E+01
 1.90254170000000E+03   2.14421000000000E+01
 1.90262500000000E+03   2.40410000000000E+01
 1.90270830000000E+03   3.23321000000000E+01
 1.90279170000000E+03   3.60846000000000E+01
 1.90287500000000E+03   3.79912000000000E+01
 1.90295830000000E+03   3.87439000000000E+01
 1.90304170000000E+03   4.77272000000000E+01
 1.90312500000000E+03   5.62492000000000E+01
 1.90320830000000E+03   5.84635000000000E+01
 1.90329170000000E+03   7.06777000000000E+01
 1.90337500000000E+03   7.56612000000000E+01
 1.90345830000000E+03   7.71833000000000E+01
 1.90354170000000E+03   7.27821000000000E+01
 1.90362500000000E+03   6.98426000000000E+01
 1.90370830000000E+03   5.58262000000000E+01
 1.90379170000000E+03   5.07328000000000E+01
 1.90387500000000E+03   4.49472000000000E+01
 1.90395830000000E+03   4.62386000000000E+01
 1.90404170000000E+03   4.91451000000000E+01
 1.90412500000000E+03   3.22827000000000E+01
 1.90420830000000E+03   1.91895000000000E+01
 1.90429170000000E+03   1.00961000000000E+01
 1.90437500000000E+03  -4.61250000000000E+00
 1.90445830000000E+03  -1.46287000000000E+01
 1.90454170000000E+03  -2.48759000000000E+01
 1.90537500000000E+03  -3.04996000000000E+01
 1.90545830000000E+03  -3.21310000000000E+01
 1.90554170000000E+03  -2.71473000000000E+01
 1.90562500000000E+03  -3.36249000000000E+01
 1.90570830000000E+03  -3.47178000000000E+01
 1.90579170000000E+03  -4.91956000000000E+01
 1.90587500000000E+03  -5.85193000000000E+01
 1.90595830000000E+03  -5.65353000000000E+01
 1.90604170000000E+03  -6.02437000000000E+01
 1.90612500000000E+03  -5.92597000000000E+01
 1.90620830000000E+03  -6.19680000000000E+01
 1.90629170000000E+03  -5.69841000000000E+01
 1.90637500000000E+03  -4.52308000000000E+01
 1.90645830000000E+03  -4.21697000000000E+01
 1.90654170000000E+03  -5.12628000000000E+01
 1.90662500000000E+03  -5.68171000000000E+01
 1.90670830000000E+03  -6.42945000000000E+01
 1.90679170000000E+03  -6.63105000000000E+01
 1.90687500000000E+03  -5.66341000000000E+01
 1.90695830000000E+03  -4.85729000000000E+01
 1.90704170000000E+03  -4.33582000000000E+01
 1.90712500000000E+03  -3.52970000000000E+01
 1.90720830000000E+03  -3.47744000000000E+01
 1.90729170000000E+03  -2.53288000000000E+01
 1.90737500000000E+03  -3.15753000000000E+01
 1.90745830000000E+03  -3.31295000000000E+01
 1.90754170000000E+03  -2.95300000000000E+01
 1.90762500000000E+03  -2.33149000000000E+01
 1.90770830000000E+03  -3.26383000000000E+01
 1.90779170000000E+03  -2.99619000000000E+01
 1.90787500000000E+03  -2.99006000000000E+01
 1.90795830000000E+03  -3.12240000000000E+01
 1.90804170000000E+03  -3.47013000000000E+01
 1.90812500000000E+03  -2.81016000000000E+01
 1.90820830000000E+03  -2.98864000000000E+01
 1.90829170000000E+03  -2.93637000000000E+01
 1.90837500000000E+03  -2.76870000000000E+01
 1.90845830000000E+03  -2.80872000000000E+01
 1.90854170000000E+03  -3.43337000000000E+01
 1.90862500000000E+03  -4.57338000000000E+01
 1.90870830000000E+03  -4.85186000000000E+01
 1.90879170000000E+03  -4.11497000000000E+01
 1.90887500000000E+03  -4.08575000000000E+01
 1.90895830000000E+03  -4.50268000000000E+01
 1.90904170000000E+03  -3.93501000000000E+01
 1.90912500000000E+03  -3.39040000000000E+01
 1.90920830000000E+03  -3.70733000000000E+01
 1.90929170000000E+03  -2.46274000000000E+01
 1.90937500000000E+03  -1.44889000000000E+01
 1.90945830000000E+03  -9.04280000000000E+00
 1.90954170000000E+03   1.32620000000000E+00
 1.90962500000000E+03   8.84930000000000E+00
 1.90970830000000E+03   6.75710000000000E+00
 1.90979170000000E+03   7.04920000000000E+00
 1.90987500000000E+03   8.72620000000000E+00
 1.90995830000000E+03   2.02494000000000E+01
 1.91004170000000E+03   3.10800000000000E+01
 1.91012500000000E+03   3.18340000000000E+01
 1.91020830000000E+03   2.81264000000000E+01
 1.91029170000000E+03   3.02648000000000E+01
 1.91037500000000E+03   2.24035000000000E+01
 1.91045830000000E+03   2.81575000000000E+01
 1.91054170000000E+03   1.76805000000000E+01
 1.91062500000000E+03   1.55884000000000E+01
 1.91070830000000E+03   8.18860000000000E+00
 1.91079170000000E+03   2.18656000000000E+01
 1.91087500000000E+03   2.38504000000000E+01
 1.91095830000000E+03   2.32199000000000E+01
 1.91104170000000E+03   1.69738000000000E+01
 1.91112500000000E+03   1.51895000000000E+01
 1.91120830000000E+03   2.53282000000000E+01
 1.91129170000000E+03   4.02360000000000E+01
 1.91137500000000E+03   6.21441000000000E+01
 1.91145830000000E+03   7.97444000000000E+01
 1.91154170000000E+03   8.00368000000000E+01
 1.91162500000000E+03   1.03560300000000E+02
 1.91170830000000E+03   1.15391400000000E+02
 1.91179170000000E+03   1.08837800000000E+02
 1.91187500000000E+03   9.72074000000000E+01
 1.91195830000000E+03   9.70386000000000E+01
 1.91204170000000E+03   9.47927000000000E+01
 1.91212500000000E+03   1.00470100000000E+02
 1.91220830000000E+03   9.79167000000000E+01
 1.91229170000000E+03   9.09785000000000E+01
 1.91237500000000E+03   8.11944000000000E+01
 1.91245830000000E+03   6.81026000000000E+01
 1.91254170000000E+03   4.00106000000000E+01
 1.91262500000000E+03   2.22265000000000E+01
 1.91270830000000E+03  -2.78830000000000E+00
 1.91279170000000E+03  -2.21879000000000E+01
 1.91287500000000E+03  -1.92797000000000E+01
 1.91295830000000E+03  -1.64483000000000E+01
 1.91304170000000E+03  -1.45402000000000E+01
 1.91312500000000E+03  -5.40110000000000E+00
 1.91320830000000E+03  -3.41590000000000E+00
 1.91329170000000E+03   1.19538000000000E+01
 1.91337500000000E+03   3.07853000000000E+01
 1.91345830000000E+03   3.62321000000000E+01
 1.91354170000000E+03   3.25249000000000E+01
 1.91362500000000E+03   5.51256000000000E+01
 1.91370830000000E+03   6.14955000000000E+01
 1.91379170000000E+03   6.01730000000000E+01
 1.91387500000000E+03   6.84661000000000E+01
 1.91395830000000E+03   8.68361000000000E+01
 1.91404170000000E+03   9.62828000000000E+01
 1.91412500000000E+03   8.86528000000000E+01
 1.91420830000000E+03   8.80229000000000E+01
 1.91429170000000E+03   8.26235000000000E+01
 1.91437500000000E+03   7.93782000000000E+01
 1.91445830000000E+03   7.09790000000000E+01
 1.91454170000000E+03   6.75027000000000E+01
 1.91462500000000E+03   5.91805000000000E+01
 1.91470830000000E+03   4.02430000000000E+01
 1.91479170000000E+03   2.97668000000000E+01
 1.91487500000000E+03   2.11369000000000E+01
 1.91495830000000E+03   7.58400000000000E+00
 1.91504170000000E+03  -7.12290000000000E+00
 1.91512500000000E+03  -1.40604000000000E+01
 1.91520830000000E+03  -1.05364000000000E+01
 1.91529170000000E+03  -1.81664000000000E+01
 1.91537500000000E+03  -1.10269000000000E+01
 1.91545830000000E+03  -1.72720000000000E+01
 1.91554170000000E+03  -1.81327000000000E+01
 1.91562500000000E+03  -2.32240000000000E+01
 1.91570830000000E+03  -2.26998000000000E+01
 1.91579170000000E+03  -2.33297000000000E+01
 1.91587500000000E+03  -2.06517000000000E+01
 1.91595830000000E+03  -1.38198000000000E+01
 1.91604170000000E+03  -1.42189000000000E+01
 1.91612500000000E+03  -1.32332000000000E+01
 1.91620830000000E+03  -1.22474000000000E+01
 1.91629170000000E+03  -4.87720000000000E+00
 1.91637500000000E+03   7.10860000000000E+00
 1.91645830000000E+03   1.00175000000000E+01
 1.91654170000000E+03   3.92620000000000E+00
 1.91662500000000E+03  -1.71649000000000E+01
 1.91670830000000E+03  -2.22560000000000E+01
 1.91679170000000E+03  -2.95011000000000E+01
 1.91687500000000E+03  -3.50537000000000E+01
 1.91695830000000E+03  -3.49909000000000E+01
 1.91704170000000E+03  -3.60821000000000E+01
 1.91712500000000E+03  -2.94808000000000E+01
 1.91720830000000E+03  -2.70333000000000E+01
 1.91729170000000E+03  -2.41245000000000E+01
 1.91737500000000E+03  -2.49847000000000E+01
 1.91745830000000E+03  -3.39987000000000E+01
 1.91754170000000E+03  -3.70129000000000E+01
 1.91762500000000E+03  -3.61807000000000E+01
 1.91770830000000E+03  -3.77332000000000E+01
 1.91779170000000E+03  -4.21320000000000E+01
 1.91787500000000E+03  -4.34536000000000E+01
 1.91795830000000E+03  -4.00829000000000E+01
 1.91804170000000E+03  -3.74048000000000E+01
 1.91812500000000E+03  -3.44956000000000E+01
 1.91820830000000E+03  -2.75864000000000E+01
 1.91829170000000E+03  -2.96774000000000E+01
 1.91837500000000E+03  -3.36143000000000E+01
 1.91845830000000E+03  -2.93205000000000E+01
 1.91854170000000E+03  -3.04884000000000E+01
 1.91862500000000E+03  -3.51176000000000E+01
 1.91870830000000E+03  -3.67468000000000E+01
 1.91879170000000E+03  -3.47608000000000E+01
 1.91887500000000E+03  -3.67746000000000E+01
 1.91895830000000E+03  -3.06345000000000E+01
 1.91904170000000E+03  -3.01100000000000E+01
 1.91912500000000E+03  -2.63545000000000E+01
 1.91920830000000E+03  -2.34451000000000E+01
 1.91929170000000E+03  -3.36898000000000E+01
 1.91937500000000E+03  -3.33958000000000E+01
 1.91945830000000E+03  -3.28710000000000E+01
 1.91954170000000E+03  -3.81926000000000E+01
 1.91962500000000E+03  -3.62062000000000E+01
 1.91970830000000E+03  -4.03737000000000E+01
 1.91979170000000E+03  -4.12337000000000E+01
 1.91987500000000E+03  -4.19396000000000E+01
 1.91995830000000E+03  -3.69532000000000E+01
 1.92004170000000E+03  -3.49670000000000E+01
 1.92012500000000E+03  -3.49036000000000E+01
 1.92020830000000E+03  -3.80710000000000E+01
 1.92029170000000E+03  -4.43925000000000E+01
 1.92037500000000E+03  -4.47906000000000E+01
 1.92045830000000E+03  -4.54195000000000E+01
 1.92054170000000E+03  -3.26640000000000E+01
 1.92062500000000E+03  -4.31390000000000E+01
 1.92070830000000E+03  -4.21525000000000E+01
 1.92079170000000E+03  -5.02430000000000E+01
 1.92087500000000E+03  -5.67180000000000E+01
 1.92095830000000E+03  -5.56545000000000E+01
 1.92104170000000E+03  -5.15912000000000E+01
 1.92112500000000E+03  -5.15277000000000E+01
 1.92120830000000E+03  -4.72334000000000E+01
 1.92129170000000E+03  -4.17854000000000E+01
 1.92137500000000E+03  -3.67987000000000E+01
 1.92145830000000E+03  -2.48121000000000E+01
 1.92154170000000E+03  -2.79794000000000E+01
 1.92162500000000E+03  -4.19928000000000E+01
 1.92170830000000E+03  -3.53907000000000E+01
 1.92179170000000E+03  -4.20965000000000E+01
 1.92187500000000E+03  -3.71097000000000E+01
 1.92195830000000E+03  -3.23537000000000E+01
 1.92204170000000E+03  -2.85210000000000E+01
 1.92212500000000E+03  -2.63804000000000E+01
 1.92220830000000E+03  -2.67782000000000E+01
 1.92229170000000E+03  -2.87916000000000E+01
 1.92237500000000E+03  -3.27279000000000E+01
 1.92245830000000E+03  -3.18949000000000E+01
 1.92254170000000E+03  -4.66006000000000E+01
 1.92262500000000E+03  -5.52291000000000E+01
 1.92270830000000E+03  -6.54730000000000E+01
 1.92279170000000E+03  -7.05632000000000E+01
 1.92287500000000E+03  -7.21917000000000E+01
 1.92295830000000E+03  -6.91279000000000E+01
 1.92312500000000E+03  -6.71542000000000E+01
 1.92320830000000E+03  -6.99365000000000E+01
 1.92329170000000E+03  -6.32574000000000E+01
 1.92337500000000E+03  -6.31935000000000E+01
 1.92345830000000E+03  -6.90526000000000E+01
 1.92354170000000E+03  -7.76812000000000E+01
 1.92362500000000E+03  -8.53865000000000E+01
 1.92370830000000E+03  -8.08610000000000E+01
 1.92379170000000E+03  -7.70279000000000E+01
 1.92387500000000E+03  -6.91947000000000E+01
 1.92395830000000E+03  -6.28230000000000E+01
 1.92404170000000E+03  -5.40669000000000E+01
 1.92412500000000E+03  -4.57721000000000E+01
 1.92420830000000E+03  -3.81696000000000E+01
 1.92429170000000E+03  -3.11057000000000E+01
 1.92437500000000E+03  -2.96570000000000E+01
 1.92454170000000E+03  -2.29905000000000E+01
 1.92462500000000E+03  -7.61870000000000E+00
 1.92470830000000E+03  -4.70840000000000E+00
 1.92479170000000E+03  -2.56750000000000E+00
 1.92487500000000E+03  -2.96490000000000E+00
 1.92495830000000E+03   1.33000000000000E+00
 1.92504170000000E+03   1.39400000000000E+00
 1.92512500000000E+03   3.15060000000000E+00
 1.92520830000000E+03   8.13790000000000E+00
 1.92529170000000E+03   1.08173000000000E+01
 1.92537500000000E+03   1.37277000000000E+01
 1.92545830000000E+03   2.13304000000000E+01
 1.92554170000000E+03   1.46253000000000E+01
 1.92562500000000E+03   1.26126000000000E+01
 1.92570830000000E+03  -2.32300000000000E+00
 1.92579170000000E+03  -1.79740000000000E+00
 1.92587500000000E+03  -5.02300000000000E-01
 1.92595830000000E+03  -2.07200000000000E-01
 1.92604170000000E+03   2.16470000000000E+00
 1.92612500000000E+03   7.84450000000000E+00
 1.92620830000000E+03   1.02166000000000E+01
 1.92629170000000E+03   1.40500000000000E+01
 1.92637500000000E+03   1.94990000000000E+01
 1.92645830000000E+03   1.69481000000000E+01
 1.92654170000000E+03   1.56277000000000E+01
 1.92662500000000E+03   1.56922000000000E+01
 1.92670830000000E+03   1.50644000000000E+01
 1.92679170000000E+03   2.56671000000000E+01
 1.92687500000000E+03   2.78855000000000E+01
 1.92695830000000E+03   3.24115000000000E+01
 1.92704170000000E+03   3.80913000000000E+01
 1.92712500000000E+03   4.73097000000000E+01
 1.92720830000000E+03   5.29896000000000E+01
 1.92729170000000E+03   5.42078000000000E+01
 1.92737500000000E+03   5.19647000000000E+01
 1.92745830000000E+03   4.28755000000000E+01
 1.92754170000000E+03   4.60169000000000E+01
 1.92762500000000E+03   3.80815000000000E+01
 1.92770830000000E+03   2.99154000000000E+01
 1.92779170000000E+03   2.59798000000000E+01
 1.92787500000000E+03   1.73522000000000E+01
 1.92795830000000E+03   2.06477000000000E+01
 1.92804170000000E+03   1.76353000000000E+01
 1.92812500000000E+03   1.16231000000000E+01
 1.92820830000000E+03   2.76470000000000E+00
 1.92829170000000E+03  -1.17092000000000E+01
 1.92837500000000E+03  -5.72130000000000E+00
 1.92845830000000E+03  -7.34890000000000E+00
 1.92854170000000E+03  -1.66689000000000E+01
 1.92862500000000E+03  -3.32964000000000E+01
 1.92870830000000E+03  -4.00008000000000E+01
 1.92879170000000E+03  -3.99362000000000E+01
 1.92887500000000E+03  -3.72559000000000E+01
 1.92895830000000E+03  -3.41141000000000E+01
 1.92904170000000E+03  -3.72802000000000E+01
 1.92912500000000E+03  -3.74461000000000E+01
 1.92920830000000E+03  -3.31504000000000E+01
 1.92929170000000E+03  -2.57780000000000E+01
 1.92937500000000E+03  -1.20977000000000E+01
 1.92945830000000E+03  -1.74174000000000E+01
 1.92954170000000E+03  -1.40449000000000E+01
 1.92962500000000E+03  -1.95953000000000E+01
 1.92970830000000E+03  -1.73765000000000E+01
 1.92979170000000E+03  -2.29271000000000E+01
 1.92987500000000E+03  -2.35543000000000E+01
 1.92995830000000E+03  -3.12585000000000E+01
 1.93004170000000E+03  -2.86552000000000E+01
 1.93012500000000E+03  -2.85902000000000E+01
 1.93020830000000E+03  -2.42943000000000E+01
 1.93029170000000E+03  -1.55371000000000E+01
 1.93037500000000E+03  -1.07797000000000E+01
 1.93045830000000E+03  -1.70223000000000E+01
 1.93054170000000E+03  -2.25727000000000E+01
 1.93062500000000E+03  -3.77383000000000E+01
 1.93070830000000E+03  -2.89809000000000E+01
 1.93079170000000E+03  -2.33005000000000E+01
 1.93087500000000E+03  -1.15430000000000E+01
 1.93095830000000E+03  -2.55470000000000E+00
 1.93104170000000E+03   1.32026000000000E+01
 1.93112500000000E+03   1.96525000000000E+01
 1.93120830000000E+03   2.39485000000000E+01
 1.93129170000000E+03   3.17828000000000E+01
 1.93137500000000E+03   3.04634000000000E+01
 1.93145830000000E+03   2.49133000000000E+01
 1.93154170000000E+03   3.29015000000000E+01
 1.93162500000000E+03   2.45053000000000E+01
 1.93170830000000E+03   2.83399000000000E+01
 1.93179170000000E+03   2.86358000000000E+01
 1.93187500000000E+03   2.63935000000000E+01
 1.93195830000000E+03   2.27665000000000E+01
 1.93204170000000E+03   2.37548000000000E+01
 1.93212500000000E+03   1.39741000000000E+01
 1.93220830000000E+03   1.32702000000000E+01
 1.93229170000000E+03   2.05663000000000E+01
 1.93237500000000E+03   1.19394000000000E+01
 1.93245830000000E+03   5.85100000000000E+00
 1.93254170000000E+03  -3.23760000000000E+00
 1.93262500000000E+03  -1.24798000000000E+01
 1.93270830000000E+03  -6.33730000000000E+00
 1.93279170000000E+03  -9.81050000000000E+00
 1.93287500000000E+03  -1.18219000000000E+01
 1.93295830000000E+03  -1.15255000000000E+01
 1.93304170000000E+03  -8.69100000000000E+00
 1.93312500000000E+03  -9.77920000000000E+00
 1.93320830000000E+03  -9.71360000000000E+00
 1.93329170000000E+03  -8.87900000000000E+00
 1.93337500000000E+03  -1.60441000000000E+01
 1.93345830000000E+03  -2.20554000000000E+01
 1.93354170000000E+03  -2.40669000000000E+01
 1.93362500000000E+03  -2.70782000000000E+01
 1.93370830000000E+03  -3.10125000000000E+01
 1.93379170000000E+03  -3.70239000000000E+01
 1.93387500000000E+03  -3.69582000000000E+01
 1.93395830000000E+03  -3.90463000000000E+01
 1.93404170000000E+03  -3.94424000000000E+01
 1.93412500000000E+03  -3.72228000000000E+01
 1.93420830000000E+03  -3.76185000000000E+01
 1.93429170000000E+03  -3.02453000000000E+01
 1.93437500000000E+03  -3.37179000000000E+01
 1.93445830000000E+03  -3.03444000000000E+01
 1.93454170000000E+03  -3.14327000000000E+01
 1.93462500000000E+03  -2.71361000000000E+01
 1.93470830000000E+03  -2.82241000000000E+01
 1.93479170000000E+03  -2.60815000000000E+01
 1.93487500000000E+03  -2.88618000000000E+01
 1.93495830000000E+03  -2.31805000000000E+01
 1.93504170000000E+03  -1.86532000000000E+01
 1.93512500000000E+03  -1.38950000000000E+01
 1.93520830000000E+03  -6.36750000000000E+00
 1.93529170000000E+03   3.54440000000000E+00
 1.93537500000000E+03   6.45650000000000E+00
 1.93545830000000E+03   1.12148000000000E+01
 1.93554170000000E+03   1.82805000000000E+01
 1.93562500000000E+03   2.93465000000000E+01
 1.93570830000000E+03   1.95664000000000E+01
 1.93579170000000E+03   2.80938000000000E+01
 1.93587500000000E+03   2.34675000000000E+01
 1.93595830000000E+03   3.55336000000000E+01
 1.93604170000000E+03   4.59841000000000E+01
 1.93612500000000E+03   5.33579000000000E+01
 1.93620830000000E+03   5.85778000000000E+01
 1.93629170000000E+03   6.47976000000000E+01
 1.93637500000000E+03   5.92483000000000E+01
 1.93645830000000E+03   5.90837000000000E+01
 1.93654170000000E+03   5.26112000000000E+01
 1.93662500000000E+03   5.31389000000000E+01
 1.93670830000000E+03   4.52051000000000E+01
 1.93679170000000E+03   4.45788000000000E+01
 1.93687500000000E+03   3.81065000000000E+01
 1.93695830000000E+03   4.19420000000000E+01
 1.93704170000000E+03   4.29311000000000E+01
 1.93712500000000E+03   3.23820000000000E+01
 1.93720830000000E+03   3.45252000000000E+01
 1.93729170000000E+03   3.71298000000000E+01
 1.93737500000000E+03   3.34268000000000E+01
 1.93745830000000E+03   3.11085000000000E+01
 1.93754170000000E+03   3.30208000000000E+01
 1.93762500000000E+03   2.88564000000000E+01
 1.93770830000000E+03   2.07689000000000E+01
 1.93779170000000E+03   1.69120000000000E+01
 1.93787500000000E+03   1.76707000000000E+01
 1.93795830000000E+03   2.33525000000000E+01
 1.93804170000000E+03   2.38802000000000E+01
 1.93812500000000E+03   2.11774000000000E+01
 1.93820830000000E+03   2.33977000000000E+01
 1.93829170000000E+03   2.46178000000000E+01
 1.93837500000000E+03   3.08382000000000E+01
 1.93845830000000E+03   2.69046000000000E+01
 1.93854170000000E+03   3.28940000000000E+01
 1.93862500000000E+03   2.64221000000000E+01
 1.93870830000000E+03   2.69501000000000E+01
 1.93879170000000E+03   2.27857000000000E+01
 1.93887500000000E+03   2.16215000000000E+01
 1.93895830000000E+03   2.33035000000000E+01
 1.93904170000000E+03   2.31391000000000E+01
 1.93912500000000E+03   2.29749000000000E+01
 1.93920830000000E+03   2.35031000000000E+01
 1.93929170000000E+03   2.24157000000000E+01
 1.93937500000000E+03   1.99438000000000E+01
 1.93945830000000E+03   5.47200000000000E+00
 1.93954170000000E+03  -9.00000000000000E+00
 1.93962500000000E+03  -2.44717000000000E+01
 1.93970830000000E+03  -2.88666000000000E+01
 1.93979170000000E+03  -3.21077000000000E+01
 1.93987500000000E+03  -3.91179000000000E+01
 1.93995830000000E+03  -3.66666000000000E+01
 1.94004170000000E+03  -3.58308000000000E+01
 1.94012500000000E+03  -2.85332000000000E+01
 1.94020830000000E+03  -2.25434000000000E+01
 1.94029170000000E+03  -2.15537000000000E+01
 1.94037500000000E+03  -1.00254000000000E+01
 1.94045830000000E+03  -1.86508000000000E+01
 1.94054170000000E+03  -2.37380000000000E+01
 1.94062500000000E+03  -1.54404000000000E+01
 1.94070830000000E+03  -1.60658000000000E+01
 1.94079170000000E+03  -2.44607000000000E+01
 1.94087500000000E+03  -2.57784000000000E+01
 1.94095830000000E+03  -2.26346000000000E+01
 1.94104170000000E+03  -2.00294000000000E+01
 1.94112500000000E+03  -1.74240000000000E+01
 1.94120830000000E+03  -2.83570000000000E+01
 1.94129170000000E+03  -2.85210000000000E+01
 1.94137500000000E+03  -3.15310000000000E+01
 1.94145830000000E+03  -3.86947000000000E+01
 1.94154170000000E+03  -5.03202000000000E+01
 1.94162500000000E+03  -5.70993000000000E+01
 1.94170830000000E+03  -6.41092000000000E+01
 1.94179170000000E+03  -6.51962000000000E+01
 1.94187500000000E+03  -6.08984000000000E+01
 1.94195830000000E+03  -5.84467000000000E+01
 1.94204170000000E+03  -5.63028000000000E+01
 1.94212500000000E+03  -5.62357000000000E+01
 1.94220830000000E+03  -5.17071000000000E+01
 1.94229170000000E+03  -3.66401000000000E+01
 1.94237500000000E+03  -3.63422000000000E+01
 1.94245830000000E+03  -2.02750000000000E+01
 1.94254170000000E+03  -2.25927000000000E+01
 1.94262500000000E+03  -5.44850000000000E+00
 1.94270830000000E+03  -1.15060000000000E+00
 1.94279170000000E+03   7.83960000000000E+00
 1.94287500000000E+03   1.23683000000000E+01
 1.94295830000000E+03   1.42817000000000E+01
 1.94304170000000E+03   2.01950000000000E+01
 1.94312500000000E+03   2.54930000000000E+01
 1.94320830000000E+03   3.12526000000000E+01
 1.94329170000000E+03   3.15505000000000E+01
 1.94337500000000E+03   2.39255000000000E+01
 1.94345830000000E+03   1.93006000000000E+01
 1.94354170000000E+03   1.11370000000000E+01
 1.94362500000000E+03   5.35820000000000E+00
 1.94370830000000E+03  -2.95910000000000E+00
 1.94379170000000E+03  -2.12260000000000E+00
 1.94387500000000E+03  -1.14398000000000E+01
 1.94395830000000E+03  -9.21860000000000E+00
 1.94404170000000E+03  -7.68980000000000E+00
 1.94412500000000E+03  -9.46850000000000E+00
 1.94420830000000E+03  -1.01702000000000E+01
 1.94429170000000E+03  -1.29491000000000E+01
 1.94437500000000E+03  -9.80470000000000E+00
 1.94445830000000E+03  -1.30449000000000E+01
 1.94454170000000E+03  -1.25160000000000E+01
 1.94462500000000E+03  -1.64485000000000E+01
 1.94470830000000E+03  -1.84578000000000E+01
 1.94479170000000E+03  -1.23135000000000E+01
 1.94487500000000E+03  -6.63060000000000E+00
 1.94495830000000E+03   2.83200000000000E-01
 1.94504170000000E+03   1.27370000000000E+00
 1.94512500000000E+03   4.11050000000000E+00
 1.94520830000000E+03   4.63970000000000E+00
 1.94529170000000E+03   3.78410000000000E+00
 1.94537500000000E+03   1.04671000000000E+01
 1.94545830000000E+03   1.12271000000000E+01
 1.94554170000000E+03   1.57562000000000E+01
 1.94562500000000E+03   2.00547000000000E+01
 1.94570830000000E+03   1.68916000000000E+01
 1.94579170000000E+03   2.07284000000000E+01
 1.94587500000000E+03   1.84884000000000E+01
 1.94595830000000E+03   2.30177000000000E+01
 1.94604170000000E+03   2.26238000000000E+01
 1.94612500000000E+03   2.69224000000000E+01
 1.94620830000000E+03   3.36056000000000E+01
 1.94629170000000E+03   3.76732000000000E+01
 1.94637500000000E+03   4.50487000000000E+01
 1.94645830000000E+03   3.96550000000000E+01
 1.94654170000000E+03   2.49535000000000E+01
 1.94662500000000E+03   1.42521000000000E+01
 1.94670830000000E+03   1.54739000000000E+01
 1.94679170000000E+03   1.80800000000000E+01
 1.94687500000000E+03   1.29941000000000E+01
 1.94695830000000E+03   1.67544000000000E+01
 1.94704170000000E+03   1.65913000000000E+01
 1.94712500000000E+03   1.40439000000000E+01
 1.94720830000000E+03   1.68811000000000E+01
 1.94729170000000E+03   9.64120000000000E+00
 1.94737500000000E+03   2.00169000000000E+01
 1.94745830000000E+03   1.56234000000000E+01
 1.94754170000000E+03   2.53836000000000E+01
 1.94762500000000E+03   2.78363000000000E+01
 1.94770830000000E+03   2.95197000000000E+01
 1.94779170000000E+03   2.08953000000000E+01
 1.94787500000000E+03   1.55788000000000E+01
 1.94795830000000E+03   2.54930000000000E+01
 1.94804170000000E+03   2.55610000000000E+01
 1.94812500000000E+03   2.86291000000000E+01
 1.94820830000000E+03   4.23126000000000E+01
 1.94829170000000E+03   4.47652000000000E+01
 1.94837500000000E+03   5.14488000000000E+01
 1.94845830000000E+03   4.99016000000000E+01
 1.94854170000000E+03   5.15850000000000E+01
 1.94862500000000E+03   4.10378000000000E+01
 1.94870830000000E+03   3.54907000000000E+01
 1.94879170000000E+03   4.40203000000000E+01
 1.94887500000000E+03   4.43193000000000E+01
 1.94895830000000E+03   4.60799000000000E+01
 1.94904170000000E+03   4.21480000000000E+01
 1.94912500000000E+03   4.36778000000000E+01
 1.94920830000000E+03   4.21308000000000E+01
 1.94929170000000E+03   4.31220000000000E+01
 1.94937500000000E+03   4.58057000000000E+01
 1.94945830000000E+03   5.12587000000000E+01
 1.94954170000000E+03   4.56346000000000E+01
 1.94962500000000E+03   5.06261000000000E+01
 1.94970830000000E+03   4.60022000000000E+01
 1.94979170000000E+03   5.16858000000000E+01
 1.94987500000000E+03   4.09850000000000E+01
 1.94995830000000E+03   4.20534000000000E+01
 1.95004170000000E+03   4.37371000000000E+01
 1.95012500000000E+03   4.71132000000000E+01
 1.95020830000000E+03   4.45664000000000E+01
 1.95029170000000E+03   4.79424000000000E+01
 1.95037500000000E+03   4.97032000000000E+01
 1.95045830000000E+03   4.29256000000000E+01
 1.95054170000000E+03   3.15324000000000E+01
 1.95062500000000E+03   2.22933000000000E+01
 1.95070830000000E+03   9.97720000000000E+00
 1.95079170000000E+03   8.19950000000000E+00
 1.95087500000000E+03   3.80650000000000E+00
 1.95095830000000E+03   6.72130000000000E+00
 1.95104170000000E+03   6.32820000000000E+00
 1.95112500000000E+03   8.24300000000000E+00
 1.95120830000000E+03   9.69630000000000E+00
 1.95129170000000E+03   8.84170000000000E+00
 1.95137500000000E+03   8.21810000000000E+00
 1.95145830000000E+03  -5.09780000000000E+00
 1.95154170000000E+03  -1.46447000000000E+01
 1.95162500000000E+03  -2.56529000000000E+01
 1.95170830000000E+03  -2.86610000000000E+01
 1.95179170000000E+03  -3.32848000000000E+01
 1.95195830000000E+03  -3.12241000000000E+01
 1.95204170000000E+03  -2.97709000000000E+01
 1.95212500000000E+03  -2.60098000000000E+01
 1.95220830000000E+03  -2.22486000000000E+01
 1.95229170000000E+03  -1.62569000000000E+01
 1.95237500000000E+03  -1.01111000000000E+01
 1.95245830000000E+03  -1.09653000000000E+01
 1.95254170000000E+03  -1.72812000000000E+01
 1.95262500000000E+03  -1.67508000000000E+01
 1.95270830000000E+03  -1.64511000000000E+01
 1.95279170000000E+03  -1.06901000000000E+01
 1.95287500000000E+03  -6.62110000000000E+00
 1.95295830000000E+03   1.90940000000000E+00
 1.95304170000000E+03   3.36280000000000E+00
 1.95312500000000E+03   9.04720000000000E+00
 1.95329170000000E+03   7.56960000000000E+00
 1.95337500000000E+03   9.79250000000000E+00
 1.95345830000000E+03   2.55380000000000E+00
 1.95354170000000E+03  -1.49158000000000E+01
 1.95362500000000E+03  -2.91544000000000E+01
 1.95370830000000E+03  -4.37776000000000E+01
 1.95379170000000E+03  -5.63241000000000E+01
 1.95387500000000E+03  -6.25626000000000E+01
 1.95395830000000E+03  -6.31858000000000E+01
 1.95404170000000E+03  -6.08092000000000E+01
 1.95412500000000E+03  -6.33554000000000E+01
 1.95420830000000E+03  -5.72093000000000E+01
 1.95429170000000E+03  -4.86787000000000E+01
 1.95437500000000E+03  -4.53019000000000E+01
 1.95445830000000E+03  -4.10019000000000E+01
 1.95454170000000E+03  -3.73944000000000E+01
 1.95462500000000E+03  -3.07867000000000E+01
 1.95470830000000E+03  -2.20251000000000E+01
 1.95479170000000E+03  -1.49560000000000E+01
 1.95487500000000E+03  -3.65590000000000E+00
 1.95495830000000E+03   5.33640000000000E+00
 1.95504170000000E+03   7.02090000000000E+00
 1.95512500000000E+03   5.47490000000000E+00
 1.95520830000000E+03   1.16981000000000E+01
 1.95529170000000E+03   1.26903000000000E+01
 1.95537500000000E+03   1.09136000000000E+01
 1.95545830000000E+03   2.08291000000000E+01
 1.95554170000000E+03   1.45906000000000E+01
 1.95562500000000E+03  -1.09200000000000E-01
 1.95570830000000E+03  -6.11670000000000E+00
 1.95579170000000E+03  -7.43210000000000E+00
 1.95587500000000E+03  -1.28570000000000E+00
 1.95595830000000E+03  -6.13930000000000E+00
 1.95604170000000E+03  -4.68540000000000E+00
 1.95612500000000E+03   7.64000000000000E-02
 1.95620830000000E+03   3.68440000000000E+00
 1.95629170000000E+03   3.29220000000000E+00
 1.95637500000000E+03  -1.02280000000000E+00
 1.95645830000000E+03  -4.72250000000000E+00
 1.95654170000000E+03  -1.39608000000000E+01
 1.95662500000000E+03  -1.00451000000000E+01
 1.95670830000000E+03   1.56300000000000E+00
 1.95679170000000E+03   9.39000000000000E-02
 1.95687500000000E+03   1.77900000000000E+00
 1.95695830000000E+03  -2.53600000000000E+00
 1.95704170000000E+03   5.33500000000000E-01
 1.95712500000000E+03   2.95400000000000E-01
 1.95720830000000E+03   2.44200000000000E+00
 1.95729170000000E+03   8.43460000000000E+00
 1.95737500000000E+03   5.04280000000000E+00
 1.95745830000000E+03   1.25741000000000E+01
 1.95754170000000E+03   1.24129000000000E+01
 1.95762500000000E+03   1.58672000000000E+01
 1.95770830000000E+03   4.24470000000000E+00
 1.95779170000000E+03  -1.45490000000000E+00
 1.95787500000000E+03   3.38410000000000E+00
 1.95795830000000E+03   6.91550000000000E+00
 1.95804170000000E+03   1.30620000000000E+01
 1.95812500000000E+03   2.07472000000000E+01
 1.95820830000000E+03   2.55094000000000E+01
 1.95829170000000E+03   2.63483000000000E+01
 1.95837500000000E+03   1.78028000000000E+01
 1.95845830000000E+03   2.71804000000000E+01
 1.95854170000000E+03   2.41732000000000E+01
 1.95862500000000E+03   1.43970000000000E+01
 1.95870830000000E+03   6.54390000000000E+00
 1.95879170000000E+03   1.23059000000000E+01
 1.95887500000000E+03   8.22210000000000E+00
 1.95895830000000E+03   9.98440000000000E+00
 1.95904170000000E+03   1.12849000000000E+01
 1.95912500000000E+03   7.12420000000000E+00
 1.95920830000000E+03   2.19420000000000E+00
 1.95929170000000E+03   4.72560000000000E+00
 1.95937500000000E+03   1.71870000000000E+00
 1.95945830000000E+03   6.09650000000000E+00
 1.95954170000000E+03  -9.10500000000000E-01
 1.95962500000000E+03  -4.76350000000000E+00
 1.95970830000000E+03  -3.53950000000000E+00
 1.95979170000000E+03  -8.39270000000000E+00
 1.95987500000000E+03  -1.18610000000000E+01
 1.95995830000000E+03  -3.56010000000000E+00
 1.96004170000000E+03   1.20220000000000E+00
 1.96012500000000E+03   6.88780000000000E+00
 1.96020830000000E+03   1.21118000000000E+01
 1.96029170000000E+03   2.31819000000000E+01
 1.96037500000000E+03   2.97905000000000E+01
 1.96045830000000E+03   3.36300000000000E+01
 1.96054170000000E+03   3.01616000000000E+01
 1.96062500000000E+03   2.86165000000000E+01
 1.96070830000000E+03   2.98406000000000E+01
 1.96079170000000E+03   3.43723000000000E+01
 1.96087500000000E+03   4.02888000000000E+01
 1.96095830000000E+03   4.62822000000000E+01
 1.96104170000000E+03   4.70446000000000E+01
 1.96112500000000E+03   4.75765000000000E+01
 1.96120830000000E+03   4.92623000000000E+01
 1.96129170000000E+03   5.54094000000000E+01
 1.96137500000000E+03   5.52490000000000E+01
 1.96145830000000E+03   5.22425000000000E+01
 1.96154170000000E+03   5.30050000000000E+01
 1.96162500000000E+03   5.05370000000000E+01
 1.96170830000000E+03   4.26075000000000E+01
 1.96179170000000E+03   3.14470000000000E+01
 1.96187500000000E+03   2.75175000000000E+01
 1.96195830000000E+03   2.24341000000000E+01
 1.96204170000000E+03   1.85044000000000E+01
 1.96212500000000E+03   2.21134000000000E+01
 1.96220830000000E+03   2.33378000000000E+01
 1.96229170000000E+03   2.20236000000000E+01
 1.96237500000000E+03   1.60172000000000E+01
 1.96245830000000E+03   7.93400000000000E+00
 1.96254170000000E+03  -9.07260000000000E+00
 1.96262500000000E+03  -2.00019000000000E+01
 1.96270830000000E+03  -2.27775000000000E+01
 1.96279170000000E+03  -2.40916000000000E+01
 1.96287500000000E+03  -2.47133000000000E+01
 1.96295830000000E+03  -2.31811000000000E+01
 1.96304170000000E+03  -2.21875000000000E+01
 1.96312500000000E+03  -2.00399000000000E+01
 1.96320830000000E+03  -2.23538000000000E+01
 1.96329170000000E+03  -2.13602000000000E+01
 1.96337500000000E+03  -1.09817000000000E+01
 1.96345830000000E+03  -6.44950000000000E+00
 1.96354170000000E+03  -9.91730000000000E+00
 1.96362500000000E+03  -3.07730000000000E+00
 1.96370830000000E+03  -9.16040000000000E+00
 1.96379170000000E+03  -1.00128000000000E+01
 1.96387500000000E+03  -6.17280000000000E+00
 1.96395830000000E+03   2.28270000000000E+00
 1.96404170000000E+03   2.58410000000000E+00
 1.96412500000000E+03  -1.14200000000000E-01
 1.96420830000000E+03   2.11050000000000E+00
 1.96429170000000E+03   2.25810000000000E+00
 1.96437500000000E+03   1.86750000000000E+00
 1.96445830000000E+03  -1.16000000000000E+01
 1.96454170000000E+03  -1.73755000000000E+01
 1.96462500000000E+03  -2.31507000000000E+01
 1.96470830000000E+03  -3.03105000000000E+01
 1.96479170000000E+03  -2.76243000000000E+01
 1.96487500000000E+03  -2.84764000000000E+01
 1.96495830000000E+03  -3.19438000000000E+01
 1.96504170000000E+03  -3.37191000000000E+01
 1.96512500000000E+03  -3.48019000000000E+01
 1.96520830000000E+03  -2.55770000000000E+01
 1.96529170000000E+03  -2.92754000000000E+01
 1.96537500000000E+03  -2.40505000000000E+01
 1.96545830000000E+03  -2.79024000000000E+01
 1.96554170000000E+03  -3.62931000000000E+01
 1.96562500000000E+03  -1.82219000000000E+01
 1.96570830000000E+03  -6.22770000000000E+00
 1.96579170000000E+03   3.45860000000000E+00
 1.96587500000000E+03   1.15298000000000E+01
 1.96595830000000E+03   2.30625000000000E+01
 1.96604170000000E+03   3.62874000000000E+01
 1.96612500000000E+03   4.52817000000000E+01
 1.96620830000000E+03   5.96606000000000E+01
 1.96629170000000E+03   6.91162000000000E+01
 1.96637500000000E+03   7.85721000000000E+01
 1.96645830000000E+03   8.18741000000000E+01
 1.96654170000000E+03   8.21760000000000E+01
 1.96662500000000E+03   9.44781000000000E+01
 1.96670830000000E+03   8.17032000000000E+01
 1.96679170000000E+03   7.24667000000000E+01
 1.96687500000000E+03   6.99226000000000E+01
 1.96695830000000E+03   6.53017000000000E+01
 1.96704170000000E+03   5.81421000000000E+01
 1.96712500000000E+03   5.39827000000000E+01
 1.96720830000000E+03   5.12079000000000E+01
 1.96729170000000E+03   6.03561000000000E+01
 1.96737500000000E+03   5.68890000000000E+01
 1.96745830000000E+03   6.07297000000000E+01
 1.96754170000000E+03   5.47240000000000E+01
 1.96762500000000E+03   5.21801000000000E+01
 1.96770830000000E+03   5.00978000000000E+01
 1.96779170000000E+03   4.03229000000000E+01
 1.96787500000000E+03   3.84713000000000E+01
 1.96795830000000E+03   3.71582000000000E+01
 1.96804170000000E+03   3.69988000000000E+01
 1.96812500000000E+03   3.82242000000000E+01
 1.96820830000000E+03   3.85266000000000E+01
 1.96829170000000E+03   4.42903000000000E+01
 1.96837500000000E+03   3.62080000000000E+01
 1.96845830000000E+03   3.60488000000000E+01
 1.96854170000000E+03   2.88126000000000E+01
 1.96862500000000E+03   2.68073000000000E+01
 1.96870830000000E+03   2.33405000000000E+01
 1.96879170000000E+03   1.57197000000000E+01
 1.96887500000000E+03   1.67144000000000E+01
 1.96895830000000E+03   2.26323000000000E+01
 1.96904170000000E+03   2.36269000000000E+01
 1.96912500000000E+03   3.00063000000000E+01
 1.96920830000000E+03   3.50011000000000E+01
 1.96929170000000E+03   3.90726000000000E+01
 1.96937500000000E+03   4.47598000000000E+01
 1.96945830000000E+03   3.42931000000000E+01
 1.96954170000000E+03   2.09801000000000E+01
 1.96962500000000E+03   1.24365000000000E+01
 1.96970830000000E+03   4.73910000000000E+00
 1.96979170000000E+03   2.96460000000000E+00
 1.96987500000000E+03   9.80570000000000E+00
 1.97012500000000E+03   1.11750000000000E+01
 1.97020830000000E+03   1.38623000000000E+01
 1.97029170000000E+03   1.77032000000000E+01
 1.97037500000000E+03   2.31598000000000E+01
 1.97045830000000E+03   2.16164000000000E+01
 1.97054170000000E+03   2.26112000000000E+01
 1.97062500000000E+03   5.76010000000000E+00
 1.97070830000000E+03   4.47500000000000E-01
 1.97079170000000E+03   5.19300000000000E-01
 1.97087500000000E+03   1.51440000000000E+00
 1.97095830000000E+03   7.20180000000000E+00
 1.97104170000000E+03   8.42750000000000E+00
 1.97112500000000E+03   8.26880000000000E+00
 1.97120830000000E+03   6.72550000000000E+00
 1.97129170000000E+03   7.95130000000000E+00
 1.97137500000000E+03   1.36388000000000E+01
 1.97145830000000E+03   9.01860000000000E+00
 1.97154170000000E+03   3.98200000000000E-01
 1.97162500000000E+03  -1.19143000000000E+01
 1.97170830000000E+03  -1.68421000000000E+01
 1.97179170000000E+03  -1.73086000000000E+01
 1.97187500000000E+03  -1.53133000000000E+01
 1.97195830000000E+03  -1.25488000000000E+01
 1.97204170000000E+03  -1.73229000000000E+01
 1.97212500000000E+03  -1.50199000000000E+01
 1.97220830000000E+03  -1.99477000000000E+01
 1.97229170000000E+03  -1.60294000000000E+01
 1.97237500000000E+03  -1.07264000000000E+01
 1.97245830000000E+03  -1.53464000000000E+01
 1.97254170000000E+03  -2.22743000000000E+01
 1.97262500000000E+03  -1.75097000000000E+01
 1.97270830000000E+03  -2.06681000000000E+01
 1.97279170000000E+03  -2.16729000000000E+01
 1.97287500000000E+03  -2.05236000000000E+01
 1.97295830000000E+03  -2.05281000000000E+01
 1.97304170000000E+03  -1.56098000000000E+01
 1.97312500000000E+03  -1.06143000000000E+01
 1.97320830000000E+03  -2.69570000000000E+00
 1.97329170000000E+03   4.99190000000000E+00
 1.97337500000000E+03   1.65259000000000E+01
 1.97345830000000E+03   1.59830000000000E+01
 1.97354170000000E+03   2.15937000000000E+01
 1.97362500000000E+03   2.95124000000000E+01
 1.97370830000000E+03   2.58926000000000E+01
 1.97379170000000E+03   1.50418000000000E+01
 1.97387500000000E+03   1.15759000000000E+01
 1.97395830000000E+03   8.64850000000000E+00
 1.97404170000000E+03   9.72080000000000E+00
 1.97412500000000E+03   6.39600000000000E-01
 1.97420830000000E+03   3.09680000000000E+00
 1.97429170000000E+03  -3.13850000000000E+00
 1.97437500000000E+03  -9.06590000000000E+00
 1.97445830000000E+03  -1.52240000000000E+01
 1.97454170000000E+03  -2.66900000000000E+01
 1.97462500000000E+03  -3.46943000000000E+01
 1.97470830000000E+03  -4.02370000000000E+01
 1.97479170000000E+03  -3.03184000000000E+01
 1.97487500000000E+03  -9.24560000000000E+00
 1.97495830000000E+03  -7.11400000000000E-01
 1.97862500000000E+03  -1.80820000000000E+00
 1.97870830000000E+03  -1.96400000000000E-01
 1.97879170000000E+03  -4.43090000000000E+00
 1.97887500000000E+03  -1.55114000000000E+01
 1.97895830000000E+03  -2.39764000000000E+01
 1.97904170000000E+03  -2.50570000000000E+01
 1.97912500000000E+03  -3.29067000000000E+01
 1.97920830000000E+03  -2.83717000000000E+01
 1.97929170000000E+03  -2.92984000000000E+01
 1.97937500000000E+03  -2.83019000000000E+01
 1.97945830000000E+03  -3.06130000000000E+01
 1.97954170000000E+03  -3.01551000000000E+01
 1.97962500000000E+03  -1.97739000000000E+01
 1.97970830000000E+03  -1.29311000000000E+01
 1.97979170000000E+03  -4.55010000000000E+00
 1.98054170000000E+03   2.26580000000000E+00
 1.98062500000000E+03   7.64710000000000E+00
 1.98070830000000E+03   2.11824000000000E+01
 1.98079170000000E+03   1.21021000000000E+01
 1.98087500000000E+03   1.08681000000000E+01
 1.98095830000000E+03   7.63410000000000E+00
 1.98104170000000E+03   5.24620000000000E+00
 1.98112500000000E+03   4.08920000000000E+00
 1.98120830000000E+03   4.16300000000000E+00
 1.98129170000000E+03   8.62120000000000E+00
 1.98137500000000E+03   1.04642000000000E+01
 1.98145830000000E+03   1.42304000000000E+01
 1.98154170000000E+03   1.12271000000000E+01
 1.98162500000000E+03   1.43779000000000E+01
 1.98170830000000E+03   1.56056000000000E+01
 1.98179170000000E+03   8.60240000000000E+00
 1.98187500000000E+03   1.23686000000000E+01
 1.98195830000000E+03   1.05194000000000E+01
 1.98204170000000E+03   8.43930000000000E+00
 1.98212500000000E+03   1.22825000000000E+01
 1.98220830000000E+03   1.75872000000000E+01
 1.98229170000000E+03   2.22764000000000E+01
 1.98237500000000E+03   2.36581000000000E+01
 1.98245830000000E+03   2.09628000000000E+01
 1.98254170000000E+03   2.21136000000000E+01
 1.98262500000000E+03   9.49530000000000E+00
 1.98270830000000E+03   2.33860000000000E+00
 1.98279170000000E+03   1.61817000000000E+01
 1.98287500000000E+03   2.25634000000000E+01
 1.98295830000000E+03   1.80221000000000E+01
 1.98304170000000E+03   8.94220000000000E+00
 1.98312500000000E+03   3.93940000000000E+00
 1.98320830000000E+03  -5.52500000000000E+00
 1.98395830000000E+03  -1.59347000000000E+01
 1.98404170000000E+03  -2.99375000000000E+01
 1.98412500000000E+03  -4.65555000000000E+01
 1.98420830000000E+03  -5.37889000000000E+01
 1.98429170000000E+03  -5.89456000000000E+01
 1.98437500000000E+03  -4.21020000000000E+01
 1.98445830000000E+03  -3.71046000000000E+01
 1.98454170000000E+03  -4.84920000000000E+01
 1.98462500000000E+03  -5.71868000000000E+01
 1.98470830000000E+03  -5.25740000000000E+01
 1.98479170000000E+03  -4.19613000000000E+01
 1.98487500000000E+03  -4.21946000000000E+01
 1.98495830000000E+03  -4.06586000000000E+01
 1.98504170000000E+03  -3.71228000000000E+01
 1.98512500000000E+03  -2.91253000000000E+01
 1.98520830000000E+03  -2.27431000000000E+01
 1.98529170000000E+03  -2.44381000000000E+01
 1.98537500000000E+03  -2.66713000000000E+01
 1.98545830000000E+03  -2.63660000000000E+01
 1.98554170000000E+03  -2.37532000000000E+01
 1.98562500000000E+03  -3.44479000000000E+01
 1.98570830000000E+03  -3.22964000000000E+01
 1.98579170000000E+03  -3.33759000000000E+01
 1.98587500000000E+03  -3.49167000000000E+01
 1.98595830000000E+03  -3.23036000000000E+01
 1.98604170000000E+03  -2.87676000000000E+01
 1.98612500000000E+03  -2.92315000000000E+01
 1.98620830000000E+03  -3.13107000000000E+01
 1.98629170000000E+03  -2.37747000000000E+01
 1.98637500000000E+03  -1.60846000000000E+01
 1.98645830000000E+03  -1.14715000000000E+01
 1.98654170000000E+03  -2.70124000000000E+01
 1.98662500000000E+03  -3.24761000000000E+01
 1.98670830000000E+03  -3.07091000000000E+01
 1.98679170000000E+03  -3.20961000000000E+01
 1.98687500000000E+03  -3.27136000000000E+01
 1.98695830000000E+03  -3.44081000000000E+01
 1.98704170000000E+03  -2.94104000000000E+01
 1.98712500000000E+03  -2.63356000000000E+01
 1.98720830000000E+03  -1.71839000000000E+01
 1.98729170000000E+03  -9.80160000000000E+00
 1.98737500000000E+03  -1.18036000000000E+01
 1.98745830000000E+03  -1.01903000000000E+01
 1.98754170000000E+03  -1.05772000000000E+01
 1.98762500000000E+03  -2.04080000000000E+00
 1.98770830000000E+03  -2.50430000000000E+00
 1.98779170000000E+03  -2.12190000000000E+00
 1.98787500000000E+03  -3.66240000000000E+00
 1.98795830000000E+03   1.04900000000000E-01
 1.98804170000000E+03   6.48730000000000E+00
 1.98812500000000E+03   9.87000000000000E+00
 1.98820830000000E+03   1.28680000000000E+01
 1.98829170000000E+03   8.01980000000000E+00
 1.98837500000000E+03   9.63330000000000E+00
 1.98845830000000E+03   1.17083000000000E+01
 1.98854170000000E+03   1.03216000000000E+01
 1.98862500000000E+03   1.13197000000000E+01
 1.98870830000000E+03   1.20871000000000E+01
 1.98879170000000E+03   7.31580000000000E+00
 1.98887500000000E+03   9.16020000000000E+00
 1.98895830000000E+03   1.04660000000000E+01
 1.98904170000000E+03   9.07940000000000E+00
 1.98912500000000E+03   1.43084000000000E+01
 1.98920830000000E+03   1.76913000000000E+01
 1.98929170000000E+03   1.81509000000000E+01
 1.98937500000000E+03   2.79953000000000E+01
 1.98945830000000E+03   3.06089000000000E+01
 1.98954170000000E+03   4.06070000000000E+01
 1.98970830000000E+03   3.67575000000000E+01
 1.98979170000000E+03   2.25249000000000E+01
 1.98987500000000E+03   9.36940000000000E+00
 1.98995830000000E+03   1.40600000000000E+01
 1.99004170000000E+03   1.69044000000000E+01
 1.99012500000000E+03   2.19797000000000E+01
 1.99020830000000E+03   2.99781000000000E+01
 1.99029170000000E+03   3.30532000000000E+01
 1.99037500000000E+03   3.12824000000000E+01
 1.99045830000000E+03   3.02809000000000E+01
 1.99054170000000E+03   1.66637000000000E+01
 1.99062500000000E+03  -3.64550000000000E+00
 1.99070830000000E+03  -2.86470000000000E+01
 1.99079170000000E+03  -3.88795000000000E+01
 1.99087500000000E+03  -4.71117000000000E+01
 1.99095830000000E+03  -4.01901000000000E+01
 1.99104170000000E+03  -4.35764000000000E+01
 1.99112500000000E+03  -4.40394000000000E+01
 1.99120830000000E+03  -4.31177000000000E+01
 1.99129170000000E+03  -3.85039000000000E+01
 1.99137500000000E+03  -4.61207000000000E+01
 1.99145830000000E+03  -5.38144000000000E+01
 1.99154170000000E+03  -5.83544000000000E+01
 1.99162500000000E+03  -6.11250000000000E+01
 1.99170830000000E+03  -5.46648000000000E+01
 1.99187500000000E+03  -5.58984000000000E+01
 1.99195830000000E+03  -5.46690000000000E+01
 1.99204170000000E+03  -4.31320000000000E+01
 1.99212500000000E+03  -3.82102000000000E+01
 1.99220830000000E+03  -3.34422000000000E+01
 1.99229170000000E+03  -2.96744000000000E+01
 1.99237500000000E+03  -2.08295000000000E+01
 1.99245830000000E+03  -2.32922000000000E+01
 1.99254170000000E+03  -1.63705000000000E+01
 1.99262500000000E+03  -1.77563000000000E+01
 1.99270830000000E+03  -2.68344000000000E+01
 1.99279170000000E+03  -2.92204000000000E+01
 1.99287500000000E+03  -3.30677000000000E+01
 1.99295830000000E+03  -2.86842000000000E+01
 1.99304170000000E+03  -2.53778000000000E+01
 1.99312500000000E+03  -2.43020000000000E+01
 1.99320830000000E+03  -2.82262000000000E+01
 1.99329170000000E+03  -1.85351000000000E+01
 1.99337500000000E+03  -1.38439000000000E+01
 1.99345830000000E+03  -3.39218000000000E+01
 1.99354170000000E+03  -3.91538000000000E+01
 1.99362500000000E+03  -5.09241000000000E+01
 1.99387500000000E+03  -4.90811000000000E+01
 1.99395830000000E+03  -4.54666000000000E+01
 1.99404170000000E+03  -4.01601000000000E+01
 1.99412500000000E+03  -3.02379000000000E+01
 1.99420830000000E+03  -2.25466000000000E+01
 1.99437500000000E+03  -1.17793000000000E+01
 1.99445830000000E+03   7.58300000000000E-01
 1.99454170000000E+03   5.75720000000000E+00
 1.99462500000000E+03   7.29490000000000E+00
 1.99470830000000E+03   2.67860000000000E+00
 1.99479170000000E+03   3.98530000000000E+00
 1.99487500000000E+03  -1.63090000000000E+00
 1.99495830000000E+03  -5.63160000000000E+00
 1.99504170000000E+03  -6.32490000000000E+00
 1.99512500000000E+03  -6.63340000000000E+00
 1.99520830000000E+03  -4.48030000000000E+00
 1.99529170000000E+03  -1.71200000000000E+00
 1.99537500000000E+03  -9.73000000000000E-02
 1.99545830000000E+03  -7.48260000000000E+00
 1.99554170000000E+03  -1.92527000000000E+01
 1.99562500000000E+03  -2.92534000000000E+01
 1.99570830000000E+03  -5.29464000000000E+01
 1.99579170000000E+03  -6.06395000000000E+01
 1.99587500000000E+03  -5.58709000000000E+01
 1.99595830000000E+03  -5.44100000000000E+01
 1.99604170000000E+03  -5.16415000000000E+01
 1.99612500000000E+03  -5.21806000000000E+01
 1.99620830000000E+03  -4.83350000000000E+01
 1.99629170000000E+03  -4.66435000000000E+01
 1.99637500000000E+03  -4.64132000000000E+01
 1.99645830000000E+03  -4.97984000000000E+01
 1.99654170000000E+03  -5.24914000000000E+01
 1.99662500000000E+03  -4.67227000000000E+01
 1.99670830000000E+03  -4.31847000000000E+01
 1.99679170000000E+03  -3.70315000000000E+01
 1.99687500000000E+03  -3.48781000000000E+01
 1.99695830000000E+03  -3.14170000000000E+01
 1.99704170000000E+03  -3.29561000000000E+01
 1.99712500000000E+03  -3.17258000000000E+01
 1.99720830000000E+03  -2.72646000000000E+01
 1.99729170000000E+03  -1.91883000000000E+01
 1.99737500000000E+03  -1.83425000000000E+01
 1.99745830000000E+03  -1.84967000000000E+01
 1.99754170000000E+03  -1.30357000000000E+01
 1.99762500000000E+03  -1.01130000000000E+01
 1.99770830000000E+03  -2.34210000000000E+01
 1.99779170000000E+03  -2.13446000000000E+01
 1.99787500000000E+03  -1.13449000000000E+01
 1.99795830000000E+03  -5.96050000000000E+00
 1.99804170000000E+03  -2.19170000000000E+00
 1.99829170000000E+03   1.41151000000000E+01
 1.99837500000000E+03   1.89610000000000E+01
 1.99845830000000E+03   2.28070000000000E+01
 1.99854170000000E+03   2.23451000000000E+01
 1.99862500000000E+03   2.24988000000000E+01
 1.99870830000000E+03   1.42678000000000E+01
 1.99879170000000E+03   7.29100000000000E-01
 1.99887500000000E+03  -6.04030000000000E+00
 1.99895830000000E+03  -3.34810000000000E+00
 1.99904170000000E+03  -6.11760000000000E+00
 1.99912500000000E+03  -7.96380000000000E+00
 1.99920830000000E+03  -4.25400000000000E-01
 1.99929170000000E+03   1.80510000000000E+00
 1.99937500000000E+03  -2.50260000000000E+00
 1.99945830000000E+03   4.72810000000000E+00
 1.99954170000000E+03   1.18950000000000E+00
 1.99962500000000E+03  -1.18200000000000E-01
 1.99970830000000E+03  -9.04130000000000E+00
 1.99979170000000E+03  -9.88760000000000E+00
 1.99987500000000E+03  -8.65680000000000E+00
 1.99995830000000E+03  -7.11820000000000E+00
 2.00004170000000E+03  -5.19530000000000E+00
 2.00012500000000E+03  -4.50290000000000E+00
 2.00020830000000E+03  -3.04120000000000E+00
 2.00029170000000E+03  -4.57970000000000E+00
 2.00037500000000E+03  -1.04110000000000E+00
 2.00045830000000E+03   6.80520000000000E+00
 2.00054170000000E+03  -2.50250000000000E+00
 2.00062500000000E+03  -5.65620000000000E+00
 2.00070830000000E+03  -6.65600000000000E+00
 2.00079170000000E+03  -4.42520000000000E+00
 2.00087500000000E+03  -1.00404000000000E+01
 2.00095830000000E+03  -9.73250000000000E+00
 2.00104170000000E+03  -7.19390000000000E+00
 2.00112500000000E+03  -2.03980000000000E+00
 2.00120830000000E+03   6.57580000000000E+00
 2.00129170000000E+03   2.03452000000000E+01
 2.00137500000000E+03   2.12686000000000E+01
 2.00145830000000E+03   1.45766000000000E+01
 2.00154170000000E+03   1.01152000000000E+01
 2.00162500000000E+03   2.49617000000000E+01
 2.00170830000000E+03   2.65774000000000E+01
 2.00179170000000E+03   2.02699000000000E+01
 2.00187500000000E+03   2.06549000000000E+01
 2.00195830000000E+03   2.93476000000000E+01
 2.00204170000000E+03   3.51940000000000E+01
 2.00212500000000E+03   3.81945000000000E+01
 2.00220830000000E+03   4.23488000000000E+01
 2.00229170000000E+03   4.45029000000000E+01
 2.00237500000000E+03   2.99649000000000E+01
 2.00245830000000E+03   3.51962000000000E+01
 2.00262500000000E+03   2.85816000000000E+01
 2.00270830000000E+03   1.61206000000000E+01
 2.00279170000000E+03  -3.03290000000000E+00
 2.00287500000000E+03  -4.03230000000000E+00
 2.00295830000000E+03   2.96830000000000E+00
 2.00304170000000E+03   8.66100000000000E+00
 2.00312500000000E+03   1.27385000000000E+01
 2.00320830000000E+03   1.93545000000000E+01
 2.00329170000000E+03   2.58934000000000E+01
 2.00337500000000E+03   2.76633000000000E+01
 2.00354170000000E+03   2.87414000000000E+01
 2.00362500000000E+03   3.23575000000000E+01
 2.00370830000000E+03   1.85120000000000E+01
 2.00379170000000E+03   1.88202000000000E+01
 2.00387500000000E+03   1.89748000000000E+01
 2.00395830000000E+03   2.48217000000000E+01
 2.00404170000000E+03   2.88223000000000E+01
 2.00412500000000E+03   3.22077000000000E+01
 2.00420830000000E+03   3.63623000000000E+01
 2.00429170000000E+03   4.13629000000000E+01
 2.00437500000000E+03   4.05176000000000E+01
 2.00445830000000E+03   4.12107000000000E+01
 2.00454170000000E+03   4.10576000000000E+01
 2.00462500000000E+03   2.62123000000000E+01
 2.00470830000000E+03   1.75978000000000E+01
 2.00479170000000E+03   1.84446000000000E+01
 2.00487500000000E+03   1.97532000000000E+01
 2.00495830000000E+03   2.12926000000000E+01
 2.00504170000000E+03   2.26780000000000E+01
 2.00512500000000E+03   2.51404000000000E+01
 2.00520830000000E+03   2.32183000000000E+01
 2.00529170000000E+03   2.48345000000000E+01
 2.00537500000000E+03   2.71432000000000E+01
 2.00545830000000E+03   2.56057000000000E+01
 2.00554170000000E+03   1.49143000000000E+01
 2.00562500000000E+03   9.60760000000000E+00
 2.00570830000000E+03   9.76250000000000E+00
 2.00579170000000E+03   1.41480000000000E+01
 2.00587500000000E+03   1.43029000000000E+01
 2.00595830000000E+03   1.27655000000000E+01
 2.00604170000000E+03   1.20741000000000E+01
 2.00612500000000E+03   1.13060000000000E+01
 2.00620830000000E+03   1.43072000000000E+01
 2.00629170000000E+03   2.08466000000000E+01
 2.00637500000000E+03   2.78477000000000E+01
 2.00645830000000E+03   2.40028000000000E+01
 2.00654170000000E+03   2.92345000000000E+01
 2.00662500000000E+03   3.30819000000000E+01
 2.00670830000000E+03   3.01600000000000E+01
 2.00679170000000E+03   2.59303000000000E+01
 2.00687500000000E+03   2.35469000000000E+01
 2.00695830000000E+03   2.60867000000000E+01
 2.00704170000000E+03   3.52416000000000E+01
 2.00712500000000E+03   3.80121000000000E+01
 2.00720830000000E+03   3.89365000000000E+01
 2.00729170000000E+03   3.35530000000000E+01
 2.00737500000000E+03   2.60928000000000E+01
 2.00745830000000E+03   1.53249000000000E+01
 2.00754170000000E+03   1.40953000000000E+01
 2.00762500000000E+03   5.71210000000000E+00
 2.00770830000000E+03   9.40580000000000E+00
 2.00779170000000E+03   6.02240000000000E+00
 2.00787500000000E+03   8.56230000000000E+00
 2.00795830000000E+03   7.64060000000000E+00
 2.00804170000000E+03   7.79570000000000E+00
 2.00812500000000E+03   6.02790000000000E+00
 2.00820830000000E+03   6.79860000000000E+00
 2.00829170000000E+03   1.54923000000000E+01
 2.00837500000000E+03   1.87245000000000E+01
 2.00845830000000E+03   1.18030000000000E+01
 2.00854170000000E+03   8.80430000000000E+00
 2.00862500000000E+03  -1.65570000000000E+00
 2.00870830000000E+03  -1.08080000000000E+01
 2.00879170000000E+03  -2.43450000000000E+01
 2.00887500000000E+03  -2.64973000000000E+01
 2.00895830000000E+03  -2.38803000000000E+01
 2.00904170000000E+03  -1.78020000000000E+01
 2.00912500000000E+03  -1.80311000000000E+01
 2.00920830000000E+03  -1.86448000000000E+01
 2.00929170000000E+03  -1.81049000000000E+01
 2.00937500000000E+03  -1.87955000000000E+01
 2.00945830000000E+03  -3.18708000000000E+01
 2.00954170000000E+03  -3.67923000000000E+01
 2.00962500000000E+03  -4.34060000000000E+01
 2.00970830000000E+03  -4.15581000000000E+01
 2.00979170000000E+03  -3.31719000000000E+01
 2.00987500000000E+03  -2.27856000000000E+01
 2.01029170000000E+03  -9.16160000000000E+00
 2.01037500000000E+03   3.78700000000000E-01
 2.01045830000000E+03  -1.15790000000000E+00
 2.01054170000000E+03  -3.23310000000000E+00
 2.01062500000000E+03  -7.92350000000000E+00
 2.01070830000000E+03  -2.01524000000000E+01
 2.01079170000000E+03  -3.67660000000000E+01
 2.01087500000000E+03  -3.25333000000000E+01
 2.01095830000000E+03  -2.59160000000000E+01
 2.01104170000000E+03  -2.24527000000000E+01
 2.01112500000000E+03  -1.79892000000000E+01
 2.01120830000000E+03  -1.44487000000000E+01
 2.01129170000000E+03  -1.21392000000000E+01
 2.01137500000000E+03  -1.35988000000000E+01
 2.01145830000000E+03  -8.28900000000000E+00
 2.01154170000000E+03  -1.04410000000000E+01
 2.01162500000000E+03  -2.12851000000000E+01
 2.01170830000000E+03  -2.78984000000000E+01
 2.01179170000000E+03  -1.92042000000000E+01
 2.01187500000000E+03  -1.93560000000000E+01
 2.01195830000000E+03  -1.73539000000000E+01
 2.01204170000000E+03  -1.74288000000000E+01
 2.01212500000000E+03  -1.48882000000000E+01
 2.01220830000000E+03  -1.14245000000000E+01
 2.01229170000000E+03  -9.57640000000000E+00
 2.01237500000000E+03  -4.18960000000000E+00
 2.01245830000000E+03  -9.26430000000000E+00
 2.01254170000000E+03  -1.85700000000000E+01
 2.01262500000000E+03  -2.54908000000000E+01
 2.01270830000000E+03  -2.23348000000000E+01
 2.01279170000000E+03  -1.73327000000000E+01
 2.01287500000000E+03  -1.99458000000000E+01
 2.01295830000000E+03  -2.14820000000000E+01
 2.01304170000000E+03  -2.34029000000000E+01
 2.01312500000000E+03  -2.15545000000000E+01
 2.01320830000000E+03  -2.13214000000000E+01
 2.01329170000000E+03  -1.96269000000000E+01
 2.01337500000000E+03  -1.97784000000000E+01
 2.01345830000000E+03  -2.03145000000000E+01
 2.01354170000000E+03  -2.20046000000000E+01
 2.01362500000000E+03  -1.92330000000000E+01
 2.01370830000000E+03  -1.56152000000000E+01
 2.01379170000000E+03  -1.03822000000000E+01
 2.01387500000000E+03  -1.40720000000000E+01
 2.01395830000000E+03  -1.33003000000000E+01
 2.01404170000000E+03  -6.37500000000000E+00
 2.01412500000000E+03  -1.06480000000000E+00
 2.01420830000000E+03  -3.70000000000000E-01
 2.01429170000000E+03   8.55540000000000E+00
 2.01437500000000E+03   7.86560000000000E+00
 2.01445830000000E+03   8.25280000000000E+00
 2.01454170000000E+03   4.87050000000000E+00
 2.01462500000000E+03  -1.43460000000000E+00
 2.01470830000000E+03  -1.18935000000000E+01
 2.01479170000000E+03  -1.71219000000000E+01
 2.01487500000000E+03  -1.58885000000000E+01
 2.01495830000000E+03  -1.43474000000000E+01
 2.01504170000000E+03  -1.01911000000000E+01
 2.01512500000000E+03  -8.18850000000000E+00
 2.01520830000000E+03  -8.18580000000000E+00
 2.01529170000000E+03   4.58590000000000E+00
 2.01537500000000E+03   5.05020000000000E+00
 2.01545830000000E+03   3.82210000000000E+00
 2.01554170000000E+03   9.01600000000000E-01
 2.01562500000000E+03  -1.22495000000000E+01
 2.01570830000000E+03  -7.63140000000000E+00
 2.01587500000000E+03  -4.16450000000000E+00
 2.01595830000000E+03   1.37680000000000E+00
 2.01604170000000E+03   3.68710000000000E+00
 2.01612500000000E+03   1.08438000000000E+01
 2.01620830000000E+03   1.69235000000000E+01
 2.01629170000000E+03   1.56954000000000E+01
 2.01637500000000E+03   2.06983000000000E+01
 2.01645830000000E+03   1.52396000000000E+01
 2.01654170000000E+03   7.01160000000000E+00
 2.01662500000000E+03   1.93760000000000E+00
 2.01670830000000E+03  -6.13640000000000E+00
 2.01679170000000E+03  -3.05670000000000E+00
 2.01687500000000E+03  -2.13070000000000E+00
 2.01695830000000E+03   4.56460000000000E+00
 2.01704170000000E+03   9.41350000000000E+00
 2.01712500000000E+03   1.17242000000000E+01
 2.01720830000000E+03   1.51887000000000E+01
 2.01729170000000E+03   1.87300000000000E+01
 2.01737500000000E+03   2.77331000000000E+01
 2.01745830000000E+03   1.97361000000000E+01
 2.01754170000000E+03   7.89290000000000E+00
 2.01762500000000E+03  -1.25790000000000E+00
 2.01770830000000E+03  -7.25480000000000E+00
 2.01779170000000E+03  -7.79030000000000E+00
 2.01787500000000E+03  -3.01800000000000E+00
 2.01820830000000E+03  -9.77480000000000E+00
 2.01829170000000E+03  -1.21564000000000E+01
 2.01837500000000E+03  -2.11532000000000E+01
 2.01845830000000E+03  -2.86884000000000E+01
 2.01854170000000E+03  -3.39930000000000E+01
 2.01862500000000E+03  -4.25282000000000E+01
 2.01929170000000E+03  -4.95792000000000E+01
 2.01954170000000E+03  -4.39538000000000E+01
 2.02020830000000E+03  -3.72341000000000E+01
 2.02029170000000E+03  -2.22307000000000E+01
 2.02045830000000E+03  -1.05313000000000E+01
 2.02054170000000E+03  -6.60480000000000E+00
 2.02062500000000E+03  -3.06280000000000E+00
 2.02070830000000E+03   7.87000000000000E-01
 2.02079170000000E+03  -4.97880000000000E+00
 2.02087500000000E+03  -2.82900000000000E-01
 2.02095830000000E+03   1.41310000000000E+00
 2.02104170000000E+03   9.55000000000000E-01
 2.02112500000000E+03   1.49720000000000E+00
 2.02120830000000E+03   3.50090000000000E+00
 2.02129170000000E+03  -1.08802000000000E+01
 2.02137500000000E+03  -2.15688000000000E+01
 2.02145830000000E+03  -1.33343000000000E+01
 2.02154170000000E+03  -7.02300000000000E+00
 2.02162500000000E+03   4.90380000000000E+00
 2.02212500000000E+03   7.84940000000000E+00
 2.02220830000000E+03   2.17763000000000E+01
 2.02229170000000E+03   3.00108000000000E+01
 2.02379170000000E+03   3.96204000000000E+01
 2.02387500000000E+03   4.20861000000000E+01
 2.02395830000000E+03   4.60903000000000E+01
 2.02404170000000E+03   4.90943000000000E+01
 2.02412500000000E+03   5.20985000000000E+01
 2.02420830000000E+03   6.55642000000000E+01
 2.02429170000000E+03   8.09529000000000E+01
 2.02437500000000E+03   7.15725000000000E+01
 2.02445830000000E+03   6.42690000000000E+01
 2.02454170000000E+03   5.89911000000000E+01
 2.02462500000000E+03   5.66900000000000E+01
 2.02470830000000E+03   5.01586000000000E+01
 2.02479170000000E+03   5.34311000000000E+01
 2.02487500000000E+03   4.71843000000000E+01
 2.02495830000000E+03   5.79098000000000E+01
