 1.85454170000000E+03   6.95580000000000E+01
 1.85462500000000E+03   7.89789000000000E+01
 1.85470830000000E+03   8.89671000000000E+01
 1.85479170000000E+03   9.69524000000000E+01
 1.85487500000000E+03   9.57538000000000E+01
 1.85495830000000E+03   8.66673000000000E+01
 1.85504170000000E+03   7.96668000000000E+01
 1.85512500000000E+03   8.54868000000000E+01
 1.85520830000000E+03   8.63836000000000E+01
 1.85529170000000E+03   8.63572000000000E+01
 1.85537500000000E+03   7.92539000000000E+01
 1.85545830000000E+03   6.72273000000000E+01
 1.85554170000000E+03   6.34314000000000E+01
 1.85562500000000E+03   4.97893000000000E+01
 1.85570830000000E+03   3.33778000000000E+01
 1.85579170000000E+03   1.95816000000000E+01
 1.85587500000000E+03   4.78530000000000E+00
 1.85595830000000E+03  -1.02418000000000E+01
 1.85604170000000E+03  -1.00383000000000E+01
 1.85612500000000E+03  -1.02964000000000E+01
 1.85620830000000E+03  -1.66315000000000E+01
 1.85629170000000E+03  -2.44283000000000E+01
 1.85637500000000E+03  -3.31483000000000E+01
 1.85645830000000E+03  -3.45606000000000E+01
 1.85654170000000E+03  -2.63577000000000E+01
 1.85662500000000E+03  -2.66164000000000E+01
 1.85670830000000E+03  -1.81829000000000E+01
 1.85679170000000E+03  -1.49803000000000E+01
 1.85687500000000E+03  -1.71623000000000E+01
 1.85695830000000E+03  -1.61906000000000E+01
 1.85704170000000E+03  -1.46037000000000E+01
 1.85712500000000E+03  -1.58630000000000E+01
 1.85720830000000E+03  -1.51993000000000E+01
 1.85729170000000E+03  -1.66126000000000E+01
 1.85737500000000E+03  -1.89491000000000E+01
 1.85745830000000E+03  -1.85165000000000E+01
 1.85754170000000E+03  -1.78532000000000E+01
 1.85762500000000E+03  -2.39593000000000E+01
 1.85770830000000E+03  -4.01423000000000E+01
 1.85779170000000E+03  -5.64024000000000E+01
 1.85787500000000E+03  -6.13549000000000E+01
 1.85795830000000E+03  -5.92305000000000E+01
 1.85804170000000E+03  -5.85679000000000E+01
 1.85812500000000E+03  -5.10591000000000E+01
 1.85820830000000E+03  -4.98581000000000E+01
 1.85829170000000E+03  -4.91957000000000E+01
 1.85837500000000E+03  -4.85334000000000E+01
 1.85845830000000E+03  -3.99481000000000E+01
 1.85854170000000E+03  -3.31322000000000E+01
 1.85862500000000E+03  -2.19317000000000E+01
 1.85870830000000E+03  -2.19621000000000E+01
 1.85879170000000E+03  -1.42234000000000E+01
 1.85887500000000E+03  -3.94620000000000E+00
 1.85895830000000E+03   2.86920000000000E+00
 1.85904170000000E+03   1.83840000000000E+00
 1.85912500000000E+03  -1.73090000000000E+00
 1.85920830000000E+03  -5.76190000000000E+00
 1.85929170000000E+03  -5.10070000000000E+00
 1.85937500000000E+03  -1.16703000000000E+01
 1.85945830000000E+03  -1.47785000000000E+01
 1.85954170000000E+03  -2.29637000000000E+01
 1.85962500000000E+03  -3.28413000000000E+01
 1.85970830000000E+03  -4.92575000000000E+01
 1.85979170000000E+03  -5.32892000000000E+01
 1.85987500000000E+03  -5.97056000000000E+01
 1.85995830000000E+03  -6.13528000000000E+01
 1.86004170000000E+03  -6.51540000000000E+01
 1.86012500000000E+03  -6.70322000000000E+01
 1.86020830000000E+03  -6.66028000000000E+01
 1.86029170000000E+03  -7.08659000000000E+01
 1.86037500000000E+03  -7.77444000000000E+01
 1.86045830000000E+03  -7.30845000000000E+01
 1.86054170000000E+03  -7.96556000000000E+01
 1.86062500000000E+03  -8.39190000000000E+01
 1.86070830000000E+03  -8.58748000000000E+01
 1.86079170000000E+03  -8.94461000000000E+01
 1.86087500000000E+03  -9.16329000000000E+01
 1.86095830000000E+03  -8.97429000000000E+01
 1.86104170000000E+03  -9.09299000000000E+01
 1.86112500000000E+03  -9.30400000000000E+01
 1.86120830000000E+03  -9.61503000000000E+01
 1.86129170000000E+03  -1.00876000000000E+02
 1.86137500000000E+03  -1.01601900000000E+02
 1.86145830000000E+03  -9.94816000000000E+01
 1.86154170000000E+03  -8.42846000000000E+01
 1.86162500000000E+03  -7.28569000000000E+01
 1.86170830000000E+03  -6.88908000000000E+01
 1.86179170000000E+03  -6.60787000000000E+01
 1.86187500000000E+03  -5.52667000000000E+01
 1.86195830000000E+03  -4.82240000000000E+01
 1.86204170000000E+03  -3.70275000000000E+01
 1.86212500000000E+03  -2.89081000000000E+01
 1.86220830000000E+03  -2.12503000000000E+01
 1.86229170000000E+03  -1.63619000000000E+01
 1.86237500000000E+03  -1.17043000000000E+01
 1.86245830000000E+03  -5.89290000000000E+00
 1.86254170000000E+03  -8.08170000000000E+00
 1.86262500000000E+03  -2.95013000000000E+01
 1.86270830000000E+03  -4.19210000000000E+01
 1.86279170000000E+03  -4.52639000000000E+01
 1.86287500000000E+03  -4.79146000000000E+01
 1.86295830000000E+03  -5.26423000000000E+01
 1.86304170000000E+03  -5.19855000000000E+01
 1.86312500000000E+03  -5.69442000000000E+01
 1.86320830000000E+03  -6.32875000000000E+01
 1.86329170000000E+03  -6.80157000000000E+01
 1.86337500000000E+03  -6.94362000000000E+01
 1.86345830000000E+03  -7.34722000000000E+01
 1.86354170000000E+03  -7.95852000000000E+01
 1.86362500000000E+03  -7.81598000000000E+01
 1.86370830000000E+03  -7.91192000000000E+01
 1.86379170000000E+03  -7.80017000000000E+01
 1.86387500000000E+03  -6.65767000000000E+01
 1.86395830000000E+03  -6.16902000000000E+01
 1.86404170000000E+03  -5.28807000000000E+01
 1.86412500000000E+03  -4.73021000000000E+01
 1.86420830000000E+03  -4.08005000000000E+01
 1.86429170000000E+03  -3.37606000000000E+01
 1.86437500000000E+03  -2.91053000000000E+01
 1.86445830000000E+03  -2.35271000000000E+01
 1.86454170000000E+03  -1.37182000000000E+01
 1.86462500000000E+03  -3.67870000000000E+00
 1.86470830000000E+03  -1.28700000000000E+01
 1.86479170000000E+03  -1.82922000000000E+01
 1.86487500000000E+03  -1.57913000000000E+01
 1.86495830000000E+03  -2.79829000000000E+01
 1.86504170000000E+03  -3.00977000000000E+01
 1.86512500000000E+03  -3.57511000000000E+01
 1.86520830000000E+03  -3.97891000000000E+01
 1.86529170000000E+03  -4.56734000000000E+01
 1.86537500000000E+03  -5.37117000000000E+01
 1.86545830000000E+03  -6.71346000000000E+01
 1.86554170000000E+03  -7.04039000000000E+01
 1.86562500000000E+03  -7.06732000000000E+01
 1.86570830000000E+03  -6.88656000000000E+01
 1.86579170000000E+03  -5.67506000000000E+01
 1.86587500000000E+03  -4.46356000000000E+01
 1.86595830000000E+03  -4.13668000000000E+01
 1.86604170000000E+03  -2.92520000000000E+01
 1.86612500000000E+03  -2.05988000000000E+01
 1.86620830000000E+03  -1.14842000000000E+01
 1.86629170000000E+03  -7.75430000000000E+00
 1.86637500000000E+03  -7.10140000000000E+00
 1.86645830000000E+03   2.47440000000000E+00
 1.86654170000000E+03   1.84348000000000E+01
 1.86662500000000E+03   1.57797000000000E+01
 1.86670830000000E+03   1.76630000000000E+01
 1.86679170000000E+03   1.17769000000000E+01
 1.86687500000000E+03   1.50446000000000E+01
 1.86695830000000E+03   1.50045000000000E+01
 1.86704170000000E+03   2.29642000000000E+01
 1.86712500000000E+03   2.41547000000000E+01
 1.86720830000000E+03   2.19604000000000E+01
 1.86729170000000E+03   1.39968000000000E+01
 1.86737500000000E+03   1.14178000000000E+01
 1.86745830000000E+03   2.14540000000000E+01
 1.86754170000000E+03   2.74901000000000E+01
 1.86762500000000E+03   3.23723000000000E+01
 1.86770830000000E+03   3.86390000000000E+01
 1.86779170000000E+03   3.22132000000000E+01
 1.86787500000000E+03   3.70951000000000E+01
 1.86795830000000E+03   3.61308000000000E+01
 1.86804170000000E+03   4.43201000000000E+01
 1.86812500000000E+03   4.75094000000000E+01
 1.86820830000000E+03   5.23909000000000E+01
 1.86829170000000E+03   5.54261000000000E+01
 1.86837500000000E+03   6.26151000000000E+01
 1.86845830000000E+03   6.86502000000000E+01
 1.86854170000000E+03   6.56082000000000E+01
 1.86862500000000E+03   6.13353000000000E+01
 1.86870830000000E+03   5.30624000000000E+01
 1.86879170000000E+03   4.64816000000000E+01
 1.86887500000000E+03   4.66700000000000E+01
 1.86895830000000E+03   4.54737000000000E+01
 1.86904170000000E+03   4.96619000000000E+01
 1.86912500000000E+03   5.03115000000000E+01
 1.86920830000000E+03   4.74996000000000E+01
 1.86929170000000E+03   4.41490000000000E+01
 1.86937500000000E+03   3.63368000000000E+01
 1.86945830000000E+03   2.92937000000000E+01
 1.86954170000000E+03   2.34044000000000E+01
 1.86962500000000E+03   1.93611000000000E+01
 1.86970830000000E+03   4.54860000000000E+00
 1.86979170000000E+03  -4.87950000000000E+00
 1.86987500000000E+03  -5.15380000000000E+00
 1.86995830000000E+03  -6.12060000000000E+00
 1.87004170000000E+03  -2.62590000000000E+00
 1.87012500000000E+03   5.61100000000000E-01
 1.87020830000000E+03  -2.02130000000000E+00
 1.87029170000000E+03  -3.45000000000000E+00
 1.87037500000000E+03  -1.19557000000000E+01
 1.87045830000000E+03  -1.06153000000000E+01
 1.87054170000000E+03  -1.18905000000000E+01
 1.87062500000000E+03  -1.14733000000000E+01
 1.87070830000000E+03  -2.11332000000000E+01
 1.87079170000000E+03  -2.07164000000000E+01
 1.87087500000000E+03  -1.76842000000000E+01
 1.87095830000000E+03  -1.58828000000000E+01
 1.87104170000000E+03  -1.03124000000000E+01
 1.87112500000000E+03  -1.43574000000000E+01
 1.87120830000000E+03  -2.11718000000000E+01
 1.87129170000000E+03  -3.12939000000000E+01
 1.87137500000000E+03  -3.77239000000000E+01
 1.87145830000000E+03  -3.11539000000000E+01
 1.87154170000000E+03  -2.18148000000000E+01
 1.87162500000000E+03  -1.38604000000000E+01
 1.87170830000000E+03  -1.50600000000000E+01
 1.87179170000000E+03  -1.48750000000000E+01
 1.87187500000000E+03  -8.76710000000000E+00
 1.87195830000000E+03  -1.12080000000000E+00
 1.87204170000000E+03   4.75620000000000E+00
 1.87212500000000E+03   6.63300000000000E+00
 1.87220830000000E+03   1.01252000000000E+01
 1.87229170000000E+03   1.00788000000000E+01
 1.87237500000000E+03   1.32631000000000E+01
 1.87245830000000E+03   1.67549000000000E+01
 1.87254170000000E+03   1.17851000000000E+01
 1.87262500000000E+03   3.58450000000000E+00
 1.87270830000000E+03  -6.30850000000000E+00
 1.87279170000000E+03  -1.36632000000000E+01
 1.87287500000000E+03  -1.13257000000000E+01
 1.87295830000000E+03  -1.39883000000000E+01
 1.87304170000000E+03  -1.31125000000000E+01
 1.87312500000000E+03  -1.31599000000000E+01
 1.87320830000000E+03  -2.05150000000000E+01
 1.87329170000000E+03  -2.52550000000000E+01
 1.87337500000000E+03  -2.74565000000000E+01
 1.87345830000000E+03  -2.11196000000000E+01
 1.87354170000000E+03  -1.67060000000000E+01
 1.87362500000000E+03  -1.26001000000000E+01
 1.87370830000000E+03  -1.19558000000000E+01
 1.87379170000000E+03  -1.13118000000000E+01
 1.87387500000000E+03  -1.51380000000000E+00
 1.87395830000000E+03   5.66860000000000E+00
 1.87404170000000E+03   1.31585000000000E+01
 1.87412500000000E+03   1.21869000000000E+01
 1.87420830000000E+03   1.15998000000000E+01
 1.87429170000000E+03   1.76279000000000E+01
 1.87437500000000E+03   2.05791000000000E+01
 1.87445830000000E+03   2.22225000000000E+01
 1.87454170000000E+03   2.04811000000000E+01
 1.87462500000000E+03   1.52781000000000E+01
 1.87470830000000E+03   1.92110000000000E+00
 1.87479170000000E+03  -5.20520000000000E+00
 1.87487500000000E+03  -5.02380000000000E+00
 1.87495830000000E+03  -4.61180000000000E+00
 1.87504170000000E+03   2.61600000000000E-01
 1.87512500000000E+03   9.04200000000000E-01
 1.87520830000000E+03   3.70050000000000E+00
 1.87529170000000E+03   3.41970000000000E+00
 1.87537500000000E+03   2.21590000000000E+00
 1.87545830000000E+03   1.47350000000000E+00
 1.87554170000000E+03   7.96160000000000E+00
 1.87562500000000E+03   1.16806000000000E+01
 1.87570830000000E+03   1.56301000000000E+01
 1.87579170000000E+03   2.28103000000000E+01
 1.87587500000000E+03   2.89136000000000E+01
 1.87595830000000E+03   3.70936000000000E+01
 1.87604170000000E+03   4.24274000000000E+01
 1.87612500000000E+03   4.49919000000000E+01
 1.87620830000000E+03   4.91716000000000E+01
 1.87629170000000E+03   5.02743000000000E+01
 1.87637500000000E+03   5.23770000000000E+01
 1.87645830000000E+03   5.72488000000000E+01
 1.87654170000000E+03   6.11973000000000E+01
 1.87662500000000E+03   6.02227000000000E+01
 1.87670830000000E+03   5.85558000000000E+01
 1.87679170000000E+03   5.23502000000000E+01
 1.87687500000000E+03   5.44522000000000E+01
 1.87695830000000E+03   5.97850000000000E+01
 1.87704170000000E+03   6.25022000000000E+01
 1.87712500000000E+03   6.39116000000000E+01
 1.87720830000000E+03   6.36287000000000E+01
 1.87729170000000E+03   5.88840000000000E+01
 1.87737500000000E+03   5.95239000000000E+01
 1.87745830000000E+03   6.90869000000000E+01
 1.87754170000000E+03   8.19573000000000E+01
 1.87762500000000E+03   9.26739000000000E+01
 1.87770830000000E+03   9.75442000000000E+01
 1.87779170000000E+03   9.88759000000000E+01
 1.87787500000000E+03   1.02822900000000E+02
 1.87795830000000E+03   1.09769800000000E+02
 1.87804170000000E+03   1.08255100000000E+02
 1.87812500000000E+03   1.06817200000000E+02
 1.87820830000000E+03   1.03456100000000E+02
 1.87829170000000E+03   9.96334000000000E+01
 1.87837500000000E+03   9.71952000000000E+01
 1.87845830000000E+03   9.42954000000000E+01
 1.87854170000000E+03   7.80108000000000E+01
 1.87862500000000E+03   5.74954000000000E+01
 1.87870830000000E+03   4.15184000000000E+01
 1.87879170000000E+03   3.18489000000000E+01
 1.87887500000000E+03   2.31025000000000E+01
 1.87895830000000E+03   2.37405000000000E+01
 1.87904170000000E+03   2.10708000000000E+01
 1.87912500000000E+03   2.40932000000000E+01
 1.87920830000000E+03   2.09618000000000E+01
 1.87929170000000E+03   1.73686000000000E+01
 1.87937500000000E+03   1.18524000000000E+01
 1.87945830000000E+03   9.72060000000000E+00
 1.87954170000000E+03   4.05020000000000E+00
 1.87962500000000E+03   4.22600000000000E+00
 1.87970830000000E+03   2.55550000000000E+00
 1.87979170000000E+03   5.73090000000000E+00
 1.87987500000000E+03   7.98330000000000E+00
 1.87995830000000E+03   1.33125000000000E+01
 1.88004170000000E+03   1.91031000000000E+01
 1.88012500000000E+03   2.18936000000000E+01
 1.88020830000000E+03   1.99148000000000E+01
 1.88029170000000E+03   2.22436000000000E+01
 1.88037500000000E+03   2.14953000000000E+01
 1.88045830000000E+03   3.03624000000000E+01
 1.88054170000000E+03   4.01524000000000E+01
 1.88062500000000E+03   5.06346000000000E+01
 1.88070830000000E+03   5.34245000000000E+01
 1.88079170000000E+03   6.06757000000000E+01
 1.88087500000000E+03   6.30038000000000E+01
 1.88095830000000E+03   6.46395000000000E+01
 1.88104170000000E+03   6.95059000000000E+01
 1.88112500000000E+03   6.71414000000000E+01
 1.88120830000000E+03   6.66229000000000E+01
 1.88129170000000E+03   6.44890000000000E+01
 1.88137500000000E+03   5.55088000000000E+01
 1.88145830000000E+03   5.28362000000000E+01
 1.88154170000000E+03   4.15481000000000E+01
 1.88162500000000E+03   2.67215000000000E+01
 1.88170830000000E+03   1.80486000000000E+01
 1.88179170000000E+03   1.46833000000000E+01
 1.88187500000000E+03   9.93330000000000E+00
 1.88195830000000E+03   1.05678000000000E+01
 1.88204170000000E+03   1.23560000000000E+01
 1.88212500000000E+03   1.04519000000000E+01
 1.88220830000000E+03   9.70150000000000E+00
 1.88229170000000E+03   5.41250000000000E+00
 1.88237500000000E+03   3.50810000000000E+00
 1.88245830000000E+03   5.75740000000000E+00
 1.88254170000000E+03   1.92970000000000E+00
 1.88262500000000E+03   7.17300000000000E-01
 1.88270830000000E+03   8.58170000000000E+00
 1.88279170000000E+03   3.06130000000000E+00
 1.88287500000000E+03   8.61780000000000E+00
 1.88295830000000E+03   1.41743000000000E+01
 1.88304170000000E+03   1.50382000000000E+01
 1.88312500000000E+03   1.45175000000000E+01
 1.88320830000000E+03   1.65352000000000E+01
 1.88329170000000E+03   1.78604000000000E+01
 1.88337500000000E+03   1.66471000000000E+01
 1.88345830000000E+03   2.05107000000000E+01
 1.88354170000000E+03   2.68356000000000E+01
 1.88362500000000E+03   4.34681000000000E+01
 1.88370830000000E+03   6.31006000000000E+01
 1.88379170000000E+03   6.96560000000000E+01
 1.88387500000000E+03   8.34421000000000E+01
 1.88395830000000E+03   8.73820000000000E+01
 1.88404170000000E+03   8.98601000000000E+01
 1.88412500000000E+03   8.93382000000000E+01
 1.88420830000000E+03   9.08932000000000E+01
 1.88429170000000E+03   9.15249000000000E+01
 1.88437500000000E+03   9.19258000000000E+01
 1.88445830000000E+03   1.06403600000000E+02
 1.88454170000000E+03   1.10342700000000E+02
 1.88462500000000E+03   1.06743300000000E+02
 1.88470830000000E+03   1.00374600000000E+02
 1.88479170000000E+03   8.85442000000000E+01
 1.88487500000000E+03   7.88676000000000E+01
 1.88495830000000E+03   7.01909000000000E+01
 1.88504170000000E+03   6.63602000000000E+01
 1.88512500000000E+03   6.44525000000000E+01
 1.88520830000000E+03   6.48524000000000E+01
 1.88529170000000E+03   6.47907000000000E+01
 1.88537500000000E+03   6.98827000000000E+01
 1.88545830000000E+03   7.42823000000000E+01
 1.88554170000000E+03   7.34510000000000E+01
 1.88562500000000E+03   7.64659000000000E+01
 1.88570830000000E+03   7.75575000000000E+01
 1.88579170000000E+03   7.69567000000000E+01
 1.88587500000000E+03   7.45866000000000E+01
 1.88595830000000E+03   7.54472000000000E+01
 1.88604170000000E+03   7.60768000000000E+01
 1.88612500000000E+03   7.48603000000000E+01
 1.88620830000000E+03   7.03360000000000E+01
 1.88629170000000E+03   6.13499000000000E+01
 1.88637500000000E+03   5.05177000000000E+01
 1.88645830000000E+03   3.47623000000000E+01
 1.88654170000000E+03   1.83145000000000E+01
 1.88662500000000E+03   5.40510000000000E+00
 1.88670830000000E+03  -9.19680000000000E+00
 1.88679170000000E+03  -1.46449000000000E+01
 1.88687500000000E+03  -1.93239000000000E+01
 1.88695830000000E+03  -1.66183000000000E+01
 1.88704170000000E+03  -1.36822000000000E+01
 1.88712500000000E+03  -1.05153000000000E+01
 1.88720830000000E+03  -8.42540000000000E+00
 1.88729170000000E+03  -8.48950000000000E+00
 1.88737500000000E+03  -8.32290000000000E+00
 1.88745830000000E+03  -7.00260000000000E+00
 1.88754170000000E+03  -1.00670000000000E+01
 1.88762500000000E+03  -6.90070000000000E+00
 1.88770830000000E+03  -1.05037000000000E+01
 1.88779170000000E+03  -1.05684000000000E+01
 1.88787500000000E+03  -1.34793000000000E+01
 1.88795830000000E+03  -9.62110000000000E+00
 1.88804170000000E+03  -8.68610000000000E+00
 1.88812500000000E+03  -7.52040000000000E+00
 1.88820830000000E+03  -4.73940000000000E+00
 1.88829170000000E+03  -5.57390000000000E+00
 1.88837500000000E+03  -9.46900000000000E-01
 1.88845830000000E+03   8.83380000000000E+00
 1.88854170000000E+03   1.76912000000000E+01
 1.88862500000000E+03   2.41641000000000E+01
 1.88870830000000E+03   3.37137000000000E+01
 1.88879170000000E+03   3.76478000000000E+01
 1.88887500000000E+03   4.13511000000000E+01
 1.88895830000000E+03   5.12082000000000E+01
 1.88904170000000E+03   5.16035000000000E+01
 1.88912500000000E+03   5.13065000000000E+01
 1.88920830000000E+03   5.26248000000000E+01
 1.88929170000000E+03   5.30199000000000E+01
 1.88937500000000E+03   5.46457000000000E+01
 1.88945830000000E+03   6.08867000000000E+01
 1.88954170000000E+03   5.80507000000000E+01
 1.88962500000000E+03   5.70608000000000E+01
 1.88970830000000E+03   6.16862000000000E+01
 1.88979170000000E+03   5.48499000000000E+01
 1.88987500000000E+03   6.15520000000000E+01
 1.88995830000000E+03   6.61771000000000E+01
 1.89004170000000E+03   6.95713000000000E+01
 1.89012500000000E+03   7.32731000000000E+01
 1.89020830000000E+03   7.90518000000000E+01
 1.89029170000000E+03   7.89841000000000E+01
 1.89037500000000E+03   7.73010000000000E+01
 1.89045830000000E+03   7.55409000000000E+01
 1.89054170000000E+03   6.28576000000000E+01
 1.89062500000000E+03   6.48665000000000E+01
 1.89070830000000E+03   5.72600000000000E+01
 1.89079170000000E+03   4.68840000000000E+01
 1.89087500000000E+03   4.82003000000000E+01
 1.89095830000000E+03   3.97473000000000E+01
 1.89104170000000E+03   4.01403000000000E+01
 1.89112500000000E+03   3.77640000000000E+01
 1.89120830000000E+03   3.53877000000000E+01
 1.89129170000000E+03   2.54727000000000E+01
 1.89137500000000E+03   1.86346000000000E+01
 1.89145830000000E+03   6.79640000000000E+00
 1.89154170000000E+03   1.88800000000000E-01
 1.89162500000000E+03   1.73500000000000E+00
 1.89170830000000E+03  -7.71890000000000E+00
 1.89179170000000E+03  -1.61730000000000E+01
 1.89187500000000E+03  -1.46270000000000E+01
 1.89195830000000E+03  -1.86966000000000E+01
 1.89204170000000E+03  -1.80740000000000E+01
 1.89212500000000E+03  -2.14515000000000E+01
 1.89220830000000E+03  -2.95213000000000E+01
 1.89229170000000E+03  -3.66683000000000E+01
 1.89237500000000E+03  -4.02768000000000E+01
 1.89245830000000E+03  -3.54239000000000E+01
 1.89254170000000E+03  -2.58788000000000E+01
 1.89262500000000E+03  -2.21799000000000E+01
 1.89270830000000E+03  -2.10965000000000E+01
 1.89279170000000E+03  -2.27826000000000E+01
 1.89287500000000E+03  -1.25455000000000E+01
 1.89295830000000E+03  -1.19239000000000E+01
 1.89304170000000E+03  -8.68720000000000E+00
 1.89312500000000E+03  -5.29660000000000E+00
 1.89320830000000E+03  -3.75220000000000E+00
 1.89329170000000E+03  -1.20800000000000E+00
 1.89337500000000E+03  -4.85000000000000E-02
 1.89345830000000E+03   2.26480000000000E+00
 1.89354170000000E+03  -3.26830000000000E+00
 1.89362500000000E+03  -8.03210000000000E+00
 1.89370830000000E+03  -1.37191000000000E+01
 1.89379170000000E+03  -2.07909000000000E+01
 1.89387500000000E+03  -1.45550000000000E+01
 1.89395830000000E+03  -1.46269000000000E+01
 1.89404170000000E+03  -1.13913000000000E+01
 1.89412500000000E+03  -1.28481000000000E+01
 1.89420830000000E+03  -1.36126000000000E+01
 1.89429170000000E+03  -1.76081000000000E+01
 1.89437500000000E+03  -1.91420000000000E+01
 1.89445830000000E+03  -1.22145000000000E+01
 1.89454170000000E+03   3.17430000000000E+00
 1.89462500000000E+03   1.17939000000000E+01
 1.89470830000000E+03   1.36442000000000E+01
 1.89479170000000E+03   1.63405000000000E+01
 1.89487500000000E+03   2.23444000000000E+01
 1.89495830000000E+03   2.35021000000000E+01
 1.89504170000000E+03   3.15826000000000E+01
 1.89512500000000E+03   3.75863000000000E+01
 1.89520830000000E+03   4.12052000000000E+01
 1.89529170000000E+03   4.30547000000000E+01
 1.89537500000000E+03   4.81349000000000E+01
 1.89545830000000E+03   4.82920000000000E+01
 1.89554170000000E+03   4.93720000000000E+01
 1.89562500000000E+03   3.59135000000000E+01
 1.89570830000000E+03   2.95318000000000E+01
 1.89579170000000E+03   2.87654000000000E+01
 1.89587500000000E+03   3.01527000000000E+01
 1.89595830000000E+03   3.29246000000000E+01
 1.89604170000000E+03   3.60809000000000E+01
 1.89612500000000E+03   3.32372000000000E+01
 1.89620830000000E+03   3.38550000000000E+01
 1.89629170000000E+03   3.52417000000000E+01
 1.89637500000000E+03   3.30131000000000E+01
 1.89645830000000E+03   3.57075000000000E+01
 1.89654170000000E+03   4.74017000000000E+01
 1.89662500000000E+03   4.43266000000000E+01
 1.89670830000000E+03   4.42515000000000E+01
 1.89679170000000E+03   3.83300000000000E+01
 1.89687500000000E+03   3.87162000000000E+01
 1.89695830000000E+03   4.00253000000000E+01
 1.89704170000000E+03   3.80266000000000E+01
 1.89712500000000E+03   3.25663000000000E+01
 1.89720830000000E+03   2.75675000000000E+01
 1.89729170000000E+03   1.83377000000000E+01
 1.89737500000000E+03   7.72330000000000E+00
 1.89745830000000E+03  -2.89120000000000E+00
 1.89754170000000E+03  -1.69674000000000E+01
 1.89762500000000E+03  -3.25052000000000E+01
 1.89770830000000E+03  -4.64277000000000E+01
 1.89779170000000E+03  -5.77350000000000E+01
 1.89787500000000E+03  -6.04269000000000E+01
 1.89795830000000E+03  -6.45035000000000E+01
 1.89804170000000E+03  -6.88111000000000E+01
 1.89812500000000E+03  -7.11956000000000E+01
 1.89820830000000E+03  -7.40418000000000E+01
 1.89829170000000E+03  -7.95035000000000E+01
 1.89837500000000E+03  -8.35037000000000E+01
 1.89845830000000E+03  -8.38117000000000E+01
 1.89854170000000E+03  -7.96583000000000E+01
 1.89862500000000E+03  -8.32742000000000E+01
 1.89870830000000E+03  -8.52748000000000E+01
 1.89879170000000E+03  -8.13525000000000E+01
 1.89887500000000E+03  -7.86610000000000E+01
 1.89895830000000E+03  -7.23542000000000E+01
 1.89904170000000E+03  -6.65860000000000E+01
 1.89912500000000E+03  -6.40486000000000E+01
 1.89920830000000E+03  -6.38960000000000E+01
 1.89929170000000E+03  -5.97435000000000E+01
 1.89937500000000E+03  -4.99756000000000E+01
 1.89945830000000E+03  -4.11309000000000E+01
 1.89954170000000E+03  -3.13634000000000E+01
 1.89962500000000E+03  -2.92881000000000E+01
 1.89970830000000E+03  -1.90591000000000E+01
 1.89979170000000E+03  -1.85995000000000E+01
 1.89987500000000E+03  -1.79861000000000E+01
 1.89995830000000E+03  -1.19113000000000E+01
 1.90004170000000E+03  -9.91350000000000E+00
 1.90012500000000E+03  -1.02235000000000E+01
 1.90020830000000E+03  -8.45660000000000E+00
 1.90029170000000E+03  -8.07450000000000E+00
 1.90037500000000E+03  -1.14617000000000E+01
 1.90045830000000E+03  -1.66951000000000E+01
 1.90054170000000E+03  -1.51595000000000E+01
 1.90062500000000E+03  -1.38547000000000E+01
 1.90070830000000E+03  -1.43961000000000E+01
 1.90079170000000E+03  -2.52454000000000E+01
 1.90087500000000E+03  -2.37101000000000E+01
 1.90095830000000E+03  -2.37902000000000E+01
 1.90104170000000E+03  -2.45629000000000E+01
 1.90112500000000E+03  -2.46432000000000E+01
 1.90120830000000E+03  -2.47237000000000E+01
 1.90129170000000E+03  -2.66505000000000E+01
 1.90137500000000E+03  -2.83466000000000E+01
 1.90145830000000E+03  -3.24273000000000E+01
 1.90154170000000E+03  -3.55852000000000E+01
 1.90162500000000E+03  -3.92046000000000E+01
 1.90170830000000E+03  -4.67472000000000E+01
 1.90179170000000E+03  -5.10592000000000E+01
 1.90187500000000E+03  -4.59866000000000E+01
 1.90195830000000E+03  -4.27602000000000E+01
 1.90204170000000E+03  -3.43802000000000E+01
 1.90212500000000E+03  -2.81541000000000E+01
 1.90220830000000E+03  -2.26203000000000E+01
 1.90229170000000E+03  -1.73176000000000E+01
 1.90237500000000E+03  -1.17840000000000E+01
 1.90245830000000E+03  -7.17360000000000E+00
 1.90254170000000E+03   5.13500000000000E-01
 1.90262500000000E+03   3.50830000000000E+00
 1.90270830000000E+03   6.27220000000000E+00
 1.90279170000000E+03   4.49750000000000E+00
 1.90287500000000E+03   5.79970000000000E+00
 1.90295830000000E+03   7.33250000000000E+00
 1.90304170000000E+03   7.24980000000000E+00
 1.90312500000000E+03   7.62860000000000E+00
 1.90320830000000E+03   6.62270000000000E+00
 1.90329170000000E+03   1.84740000000000E+00
 1.90337500000000E+03  -5.92790000000000E+00
 1.90345830000000E+03  -1.13956000000000E+01
 1.90354170000000E+03  -2.15559000000000E+01
 1.90362500000000E+03  -2.54084000000000E+01
 1.90370830000000E+03  -2.01072000000000E+01
 1.90379170000000E+03  -2.48831000000000E+01
 1.90387500000000E+03  -2.11975000000000E+01
 1.90395830000000E+03  -1.54350000000000E+01
 1.90404170000000E+03  -8.44200000000000E+00
 1.90412500000000E+03  -2.67970000000000E+00
 1.90420830000000E+03   3.31320000000000E+00
 1.90429170000000E+03   5.53670000000000E+00
 1.90437500000000E+03   8.29870000000000E+00
 1.90445830000000E+03   1.07528000000000E+01
 1.90454170000000E+03   1.67453000000000E+01
 1.90462500000000E+03   3.48915000000000E+01
 1.90470830000000E+03   4.22685000000000E+01
 1.90479170000000E+03   3.88760000000000E+01
 1.90487500000000E+03   3.78682000000000E+01
 1.90495830000000E+03   3.44756000000000E+01
 1.90504170000000E+03   3.53136000000000E+01
 1.90512500000000E+03   3.45362000000000E+01
 1.90520830000000E+03   3.29895000000000E+01
 1.90529170000000E+03   2.46734000000000E+01
 1.90537500000000E+03   2.38957000000000E+01
 1.90545830000000E+03   1.77333000000000E+01
 1.90554170000000E+03   1.93399000000000E+01
 1.90562500000000E+03   2.13312000000000E+01
 1.90570830000000E+03   1.75531000000000E+01
 1.90579170000000E+03   9.77490000000000E+00
 1.90587500000000E+03   5.22740000000000E+00
 1.90595830000000E+03   4.67980000000000E+00
 1.90604170000000E+03   1.04397000000000E+01
 1.90612500000000E+03   1.41226000000000E+01
 1.90620830000000E+03   1.32671000000000E+01
 1.90629170000000E+03   7.79590000000000E+00
 1.90637500000000E+03  -2.13700000000000E-01
 1.90645830000000E+03  -4.76190000000000E+00
 1.90654170000000E+03   2.15120000000000E+00
 1.90662500000000E+03   2.52590000000000E+00
 1.90670830000000E+03   4.82360000000000E+00
 1.90679170000000E+03  -1.41740000000000E+00
 1.90687500000000E+03  -1.96610000000000E+00
 1.90695830000000E+03   2.17750000000000E+00
 1.90704170000000E+03   8.16700000000000E+00
 1.90712500000000E+03   1.16180000000000E+01
 1.90720830000000E+03   9.68430000000000E+00
 1.90729170000000E+03   1.24427000000000E+01
 1.90737500000000E+03   1.28165000000000E+01
 1.90745830000000E+03   1.78826000000000E+01
 1.90754170000000E+03   2.06407000000000E+01
 1.90762500000000E+03   1.40142000000000E+01
 1.90770830000000E+03   5.92610000000000E+00
 1.90779170000000E+03  -8.93150000000000E+00
 1.90787500000000E+03  -2.09428000000000E+01
 1.90795830000000E+03  -2.57236000000000E+01
 1.90804170000000E+03  -2.62737000000000E+01
 1.90812500000000E+03  -2.94393000000000E+01
 1.90820830000000E+03  -3.37587000000000E+01
 1.90829170000000E+03  -4.00015000000000E+01
 1.90837500000000E+03  -4.78596000000000E+01
 1.90845830000000E+03  -4.93332000000000E+01
 1.90854170000000E+03  -3.84225000000000E+01
 1.90862500000000E+03  -3.57424000000000E+01
 1.90870830000000E+03  -3.67548000000000E+01
 1.90879170000000E+03  -3.77674000000000E+01
 1.90887500000000E+03  -3.76261000000000E+01
 1.90895830000000E+03  -3.07157000000000E+01
 1.90904170000000E+03  -2.63439000000000E+01
 1.90912500000000E+03  -2.73568000000000E+01
 1.90920830000000E+03  -2.62928000000000E+01
 1.90929170000000E+03  -2.84599000000000E+01
 1.90937500000000E+03  -3.24730000000000E+01
 1.90945830000000E+03  -2.54863000000000E+01
 1.90954170000000E+03  -2.36536000000000E+01
 1.90962500000000E+03  -3.97440000000000E+01
 1.90970830000000E+03  -4.66037000000000E+01
 1.90979170000000E+03  -5.02328000000000E+01
 1.90987500000000E+03  -5.22466000000000E+01
 1.90995830000000E+03  -5.21066000000000E+01
 1.91004170000000E+03  -4.93514000000000E+01
 1.91012500000000E+03  -4.80577000000000E+01
 1.91020830000000E+03  -4.72257000000000E+01
 1.91029170000000E+03  -5.03170000000000E+01
 1.91037500000000E+03  -5.32544000000000E+01
 1.91045830000000E+03  -5.03458000000000E+01
 1.91054170000000E+03  -5.18989000000000E+01
 1.91062500000000E+03  -4.61443000000000E+01
 1.91070830000000E+03  -3.46975000000000E+01
 1.91079170000000E+03  -3.59432000000000E+01
 1.91087500000000E+03  -3.44196000000000E+01
 1.91095830000000E+03  -2.69731000000000E+01
 1.91104170000000E+03  -1.98345000000000E+01
 1.91112500000000E+03  -1.99267000000000E+01
 1.91120830000000E+03  -1.64804000000000E+01
 1.91129170000000E+03  -1.04960000000000E+01
 1.91137500000000E+03  -8.97300000000000E+00
 1.91145830000000E+03  -3.68090000000000E+00
 1.91154170000000E+03   3.76480000000000E+00
 1.91162500000000E+03  -4.71260000000000E+00
 1.91170830000000E+03  -6.26690000000000E+00
 1.91179170000000E+03  -1.68984000000000E+01
 1.91187500000000E+03  -1.84530000000000E+01
 1.91195830000000E+03  -1.38538000000000E+01
 1.91204170000000E+03  -1.25626000000000E+01
 1.91212500000000E+03  -1.54251000000000E+01
 1.91220830000000E+03  -1.48262000000000E+01
 1.91229170000000E+03  -1.77660000000000E+01
 1.91237500000000E+03  -2.53212000000000E+01
 1.91245830000000E+03  -3.21841000000000E+01
 1.91254170000000E+03  -3.69703000000000E+01
 1.91262500000000E+03  -4.10643000000000E+01
 1.91270830000000E+03  -4.18506000000000E+01
 1.91279170000000E+03  -4.98679000000000E+01
 1.91287500000000E+03  -4.95005000000000E+01
 1.91295830000000E+03  -4.72102000000000E+01
 1.91304170000000E+03  -4.68432000000000E+01
 1.91312500000000E+03  -4.45531000000000E+01
 1.91320830000000E+03  -3.88015000000000E+01
 1.91329170000000E+03  -3.95887000000000E+01
 1.91337500000000E+03  -3.82988000000000E+01
 1.91345830000000E+03  -3.74706000000000E+01
 1.91354170000000E+03  -1.97965000000000E+01
 1.91362500000000E+03  -1.00455000000000E+01
 1.91370830000000E+03  -4.98680000000000E+00
 1.91379170000000E+03   3.76400000000000E+00
 1.91387500000000E+03   1.18993000000000E+01
 1.91395830000000E+03   1.76500000000000E+01
 1.91404170000000E+03   2.24005000000000E+01
 1.91412500000000E+03   2.86125000000000E+01
 1.91420830000000E+03   3.15167000000000E+01
 1.91429170000000E+03   3.44976000000000E+01
 1.91437500000000E+03   4.02478000000000E+01
 1.91445830000000E+03   5.26133000000000E+01
 1.91454170000000E+03   6.14401000000000E+01
 1.91462500000000E+03   6.53438000000000E+01
 1.91470830000000E+03   6.20167000000000E+01
 1.91479170000000E+03   5.96124000000000E+01
 1.91487500000000E+03   5.88235000000000E+01
 1.91495830000000E+03   5.34961000000000E+01
 1.91504170000000E+03   5.45531000000000E+01
 1.91512500000000E+03   5.33793000000000E+01
 1.91520830000000E+03   5.23592000000000E+01
 1.91529170000000E+03   4.66467000000000E+01
 1.91537500000000E+03   3.73957000000000E+01
 1.91545830000000E+03   3.16831000000000E+01
 1.91554170000000E+03   2.82779000000000E+01
 1.91562500000000E+03   2.30266000000000E+01
 1.91570830000000E+03   7.92910000000000E+00
 1.91579170000000E+03  -1.68700000000000E-01
 1.91587500000000E+03  -9.65110000000000E+00
 1.91595830000000E+03  -1.60566000000000E+01
 1.91604170000000E+03  -1.30777000000000E+01
 1.91612500000000E+03  -1.52527000000000E+01
 1.91620830000000E+03  -1.72739000000000E+01
 1.91629170000000E+03  -2.32184000000000E+01
 1.91637500000000E+03  -2.93936000000000E+01
 1.91645830000000E+03  -3.04151000000000E+01
 1.91654170000000E+03  -3.23599000000000E+01
 1.91662500000000E+03  -4.27663000000000E+01
 1.91670830000000E+03  -5.38650000000000E+01
 1.91679170000000E+03  -6.09639000000000E+01
 1.91687500000000E+03  -6.29090000000000E+01
 1.91695830000000E+03  -6.07003000000000E+01
 1.91704170000000E+03  -5.30303000000000E+01
 1.91712500000000E+03  -5.33603000000000E+01
 1.91720830000000E+03  -5.11519000000000E+01
 1.91729170000000E+03  -4.93284000000000E+01
 1.91737500000000E+03  -5.03510000000000E+01
 1.91745830000000E+03  -4.55275000000000E+01
 1.91754170000000E+03  -4.75504000000000E+01
 1.91762500000000E+03  -4.76502000000000E+01
 1.91770830000000E+03  -4.60578000000000E+01
 1.91779170000000E+03  -4.00810000000000E+01
 1.91787500000000E+03  -3.45657000000000E+01
 1.91795830000000E+03  -2.36659000000000E+01
 1.91804170000000E+03  -1.53048000000000E+01
 1.91812500000000E+03  -1.07898000000000E+01
 1.91820830000000E+03  -5.82600000000000E-01
 1.91829170000000E+03   5.47050000000000E+00
 1.91837500000000E+03   1.16775000000000E+01
 1.91845830000000E+03   1.67306000000000E+01
 1.91854170000000E+03   1.89373000000000E+01
 1.91862500000000E+03   2.49902000000000E+01
 1.91870830000000E+03   2.67352000000000E+01
 1.91879170000000E+03   2.17109000000000E+01
 1.91887500000000E+03   2.34557000000000E+01
 1.91895830000000E+03   2.33544000000000E+01
 1.91904170000000E+03   2.09451000000000E+01
 1.91912500000000E+03   1.94589000000000E+01
 1.91920830000000E+03   1.88957000000000E+01
 1.91929170000000E+03   1.27169000000000E+01
 1.91937500000000E+03   3.23040000000000E+00
 1.91945830000000E+03  -4.64080000000000E+00
 1.91954170000000E+03  -7.81990000000000E+00
 1.91962500000000E+03  -9.53750000000000E+00
 1.91970830000000E+03  -1.51013000000000E+01
 1.91979170000000E+03  -2.26653000000000E+01
 1.91987500000000E+03  -2.35370000000000E+01
 1.91995830000000E+03  -2.47934000000000E+01
 1.92004170000000E+03  -2.55884000000000E+01
 1.92012500000000E+03  -2.47681000000000E+01
 1.92020830000000E+03  -2.61017000000000E+01
 1.92029170000000E+03  -3.13586000000000E+01
 1.92037500000000E+03  -3.47694000000000E+01
 1.92045830000000E+03  -3.04110000000000E+01
 1.92054170000000E+03  -2.62836000000000E+01
 1.92062500000000E+03  -3.06177000000000E+01
 1.92070830000000E+03  -3.16442000000000E+01
 1.92079170000000E+03  -3.66709000000000E+01
 1.92087500000000E+03  -3.13900000000000E+01
 1.92095830000000E+03  -2.86475000000000E+01
 1.92104170000000E+03  -2.22130000000000E+01
 1.92112500000000E+03  -1.90862000000000E+01
 1.92120830000000E+03  -1.87287000000000E+01
 1.92129170000000E+03  -1.59868000000000E+01
 1.92137500000000E+03  -1.95525000000000E+01
 1.92145830000000E+03  -1.79645000000000E+01
 1.92154170000000E+03  -2.51460000000000E+01
 1.92162500000000E+03  -2.59428000000000E+01
 1.92170830000000E+03  -2.88167000000000E+01
 1.92179170000000E+03  -3.92292000000000E+01
 1.92187500000000E+03  -3.51033000000000E+01
 1.92195830000000E+03  -2.98235000000000E+01
 1.92204170000000E+03  -2.47748000000000E+01
 1.92212500000000E+03  -2.91107000000000E+01
 1.92220830000000E+03  -2.70621000000000E+01
 1.92229170000000E+03  -2.80906000000000E+01
 1.92237500000000E+03  -3.40421000000000E+01
 1.92245830000000E+03  -2.83015000000000E+01
 1.92254170000000E+03  -3.24072000000000E+01
 1.92262500000000E+03  -3.01283000000000E+01
 1.92270830000000E+03  -4.33879000000000E+01
 1.92279170000000E+03  -3.85709000000000E+01
 1.92287500000000E+03  -3.30615000000000E+01
 1.92295830000000E+03  -3.19368000000000E+01
 1.92304170000000E+03  -3.55816000000000E+01
 1.92312500000000E+03  -4.01494000000000E+01
 1.92320830000000E+03  -3.76404000000000E+01
 1.92329170000000E+03  -3.77470000000000E+01
 1.92337500000000E+03  -3.55459000000000E+01
 1.92345830000000E+03  -3.58833000000000E+01
 1.92354170000000E+03  -4.09133000000000E+01
 1.92362500000000E+03  -4.27125000000000E+01
 1.92370830000000E+03  -4.63579000000000E+01
 1.92379170000000E+03  -4.33882000000000E+01
 1.92387500000000E+03  -4.93415000000000E+01
 1.92395830000000E+03  -4.63719000000000E+01
 1.92404170000000E+03  -4.39409000000000E+01
 1.92412500000000E+03  -4.56637000000000E+01
 1.92420830000000E+03  -4.48482000000000E+01
 1.92429170000000E+03  -5.10329000000000E+01
 1.92437500000000E+03  -6.07561000000000E+01
 1.92445830000000E+03  -7.02485000000000E+01
 1.92454170000000E+03  -7.50489000000000E+01
 1.92462500000000E+03  -7.19262000000000E+01
 1.92470830000000E+03  -6.73421000000000E+01
 1.92479170000000E+03  -6.48351000000000E+01
 1.92487500000000E+03  -5.69434000000000E+01
 1.92495830000000E+03  -4.88980000000000E+01
 1.92504170000000E+03  -4.40836000000000E+01
 1.92512500000000E+03  -4.13461000000000E+01
 1.92520830000000E+03  -3.60702000000000E+01
 1.92529170000000E+03  -3.21792000000000E+01
 1.92537500000000E+03  -2.88266000000000E+01
 1.92545830000000E+03  -1.74741000000000E+01
 1.92554170000000E+03  -7.27560000000000E+00
 1.92562500000000E+03   6.15360000000000E+00
 1.92570830000000E+03   8.65970000000000E+00
 1.92579170000000E+03   9.55010000000000E+00
 1.92587500000000E+03   7.28670000000000E+00
 1.92595830000000E+03   4.56170000000000E+00
 1.92604170000000E+03   2.83650000000000E+00
 1.92612500000000E+03   1.49590000000000E+00
 1.92620830000000E+03  -1.69100000000000E+00
 1.92629170000000E+03  -4.18570000000000E+00
 1.92637500000000E+03  -3.83430000000000E+00
 1.92645830000000E+03  -6.25220000000000E+00
 1.92654170000000E+03  -1.08242000000000E+01
 1.92662500000000E+03  -9.93460000000000E+00
 1.92670830000000E+03  -2.24297000000000E+01
 1.92679170000000E+03  -3.03097000000000E+01
 1.92687500000000E+03  -3.95742000000000E+01
 1.92695830000000E+03  -3.45312000000000E+01
 1.92704170000000E+03  -3.48730000000000E+01
 1.92712500000000E+03  -3.23686000000000E+01
 1.92720830000000E+03  -3.12489000000000E+01
 1.92729170000000E+03  -2.68987000000000E+01
 1.92737500000000E+03  -2.27792000000000E+01
 1.92745830000000E+03  -2.26599000000000E+01
 1.92754170000000E+03  -2.18484000000000E+01
 1.92762500000000E+03  -2.00369000000000E+01
 1.92770830000000E+03  -2.74563000000000E+01
 1.92779170000000E+03  -2.40297000000000E+01
 1.92787500000000E+03  -2.41416000000000E+01
 1.92795830000000E+03  -1.81767000000000E+01
 1.92804170000000E+03  -1.71350000000000E+01
 1.92812500000000E+03  -1.23241000000000E+01
 1.92820830000000E+03  -1.32057000000000E+01
 1.92829170000000E+03  -1.52412000000000E+01
 1.92837500000000E+03  -2.05076000000000E+01
 1.92845830000000E+03  -2.41586000000000E+01
 1.92854170000000E+03  -2.68098000000000E+01
 1.92862500000000E+03  -2.96918000000000E+01
 1.92870830000000E+03  -3.94201000000000E+01
 1.92879170000000E+03  -4.44563000000000E+01
 1.92887500000000E+03  -4.71847000000000E+01
 1.92895830000000E+03  -4.42209000000000E+01
 1.92904170000000E+03  -3.96420000000000E+01
 1.92912500000000E+03  -3.95246000000000E+01
 1.92920830000000E+03  -3.77919000000000E+01
 1.92929170000000E+03  -3.79056000000000E+01
 1.92937500000000E+03  -3.84808000000000E+01
 1.92945830000000E+03  -3.85945000000000E+01
 1.92954170000000E+03  -3.47085000000000E+01
 1.92962500000000E+03  -3.43609000000000E+01
 1.92970830000000E+03  -2.70134000000000E+01
 1.92979170000000E+03  -2.10508000000000E+01
 1.92987500000000E+03  -1.80881000000000E+01
 1.92995830000000E+03  -1.28178000000000E+01
 1.93004170000000E+03  -9.39390000000000E+00
 1.93012500000000E+03  -8.35460000000000E+00
 1.93020830000000E+03  -2.08460000000000E+00
 1.93029170000000E+03  -1.50720000000000E+00
 1.93037500000000E+03   2.83950000000000E+00
 1.93045830000000E+03   6.95540000000000E+00
 1.93054170000000E+03   1.22248000000000E+01
 1.93062500000000E+03   1.28020000000000E+01
 1.93070830000000E+03   5.14830000000000E+00
 1.93079170000000E+03  -1.96710000000000E+00
 1.93087500000000E+03  -6.97900000000000E-01
 1.93095830000000E+03   1.95580000000000E+00
 1.93104170000000E+03   4.91700000000000E+00
 1.93112500000000E+03   4.80120000000000E+00
 1.93120830000000E+03   2.83930000000000E+00
 1.93129170000000E+03  -4.58450000000000E+00
 1.93137500000000E+03  -1.23928000000000E+01
 1.93145830000000E+03  -1.64320000000000E+01
 1.93154170000000E+03  -2.07791000000000E+01
 1.93162500000000E+03  -2.08954000000000E+01
 1.93170830000000E+03  -3.06271000000000E+01
 1.93179170000000E+03  -2.72053000000000E+01
 1.93187500000000E+03  -2.26296000000000E+01
 1.93195830000000E+03  -2.15925000000000E+01
 1.93204170000000E+03  -1.77094000000000E+01
 1.93212500000000E+03  -1.40570000000000E+01
 1.93220830000000E+03  -6.48170000000000E+00
 1.93229170000000E+03  -5.90660000000000E+00
 1.93237500000000E+03  -6.94690000000000E+00
 1.93245830000000E+03  -6.14110000000000E+00
 1.93254170000000E+03  -8.18170000000000E+00
 1.93262500000000E+03  -1.50684000000000E+01
 1.93270830000000E+03  -2.21860000000000E+01
 1.93279170000000E+03  -2.20730000000000E+01
 1.93287500000000E+03  -2.84985000000000E+01
 1.93295830000000E+03  -3.21548000000000E+01
 1.93304170000000E+03  -3.01191000000000E+01
 1.93312500000000E+03  -3.13910000000000E+01
 1.93320830000000E+03  -3.62015000000000E+01
 1.93329170000000E+03  -4.80122000000000E+01
 1.93337500000000E+03  -5.44383000000000E+01
 1.93345830000000E+03  -5.27106000000000E+01
 1.93354170000000E+03  -5.32908000000000E+01
 1.93362500000000E+03  -5.01018000000000E+01
 1.93370830000000E+03  -4.29898000000000E+01
 1.93379170000000E+03  -4.26472000000000E+01
 1.93387500000000E+03  -3.99200000000000E+01
 1.93395830000000E+03  -3.21160000000000E+01
 1.93404170000000E+03  -2.91584000000000E+01
 1.93412500000000E+03  -2.99699000000000E+01
 1.93420830000000E+03  -2.68585000000000E+01
 1.93429170000000E+03  -2.82088000000000E+01
 1.93437500000000E+03  -2.47899000000000E+01
 1.93445830000000E+03  -2.07557000000000E+01
 1.93454170000000E+03  -1.64141000000000E+01
 1.93462500000000E+03  -1.36877000000000E+01
 1.93470830000000E+03  -1.57307000000000E+01
 1.93479170000000E+03  -1.34663000000000E+01
 1.93487500000000E+03  -9.66340000000000E+00
 1.93495830000000E+03  -6.70670000000000E+00
 1.93504170000000E+03  -3.75020000000000E+00
 1.93512500000000E+03   1.51400000000000E+00
 1.93520830000000E+03   3.00880000000000E+00
 1.93529170000000E+03   8.11200000000000E-01
 1.93537500000000E+03  -9.25000000000000E-01
 1.93545830000000E+03   1.03120000000000E+00
 1.93554170000000E+03  -1.30000000000000E-02
 1.93562500000000E+03   3.63520000000000E+00
 1.93570830000000E+03   2.51410000000000E+00
 1.93579170000000E+03  -2.99180000000000E+00
 1.93587500000000E+03  -5.03620000000000E+00
 1.93595830000000E+03  -5.38840000000000E+00
 1.93604170000000E+03  -4.35620000000000E+00
 1.93612500000000E+03  -1.93940000000000E+00
 1.93620830000000E+03  -1.83030000000000E+00
 1.93629170000000E+03  -3.36800000000000E-01
 1.93637500000000E+03  -1.38180000000000E+00
 1.93645830000000E+03   2.72700000000000E+00
 1.93654170000000E+03  -2.31840000000000E+00
 1.93662500000000E+03   2.94410000000000E+00
 1.93670830000000E+03  -2.10130000000000E+00
 1.93679170000000E+03  -8.07000000000000E+00
 1.93687500000000E+03  -3.26940000000000E+00
 1.93695830000000E+03  -2.39200000000000E+00
 1.93704170000000E+03   3.17750000000000E+00
 1.93712500000000E+03   4.67010000000000E+00
 1.93720830000000E+03   3.39340000000000E+00
 1.93729170000000E+03  -3.75000000000000E-02
 1.93737500000000E+03  -2.46820000000000E+00
 1.93745830000000E+03   4.17780000000000E+00
 1.93754170000000E+03   5.43900000000000E+00
 1.93762500000000E+03   1.89310000000000E+01
 1.93770830000000E+03   2.02691000000000E+01
 1.93779170000000E+03   1.49916000000000E+01
 1.93787500000000E+03   2.07140000000000E+01
 1.93795830000000E+03   2.52826000000000E+01
 1.93804170000000E+03   2.93124000000000E+01
 1.93812500000000E+03   2.68038000000000E+01
 1.93820830000000E+03   2.50644000000000E+01
 1.93829170000000E+03   2.26324000000000E+01
 1.93837500000000E+03   1.68928000000000E+01
 1.93845830000000E+03   1.51530000000000E+01
 1.93854170000000E+03   4.72070000000000E+00
 1.93862500000000E+03  -9.25000000000000E+00
 1.93870830000000E+03  -2.99900000000000E+01
 1.93879170000000E+03  -4.32687000000000E+01
 1.93887500000000E+03  -4.69320000000000E+01
 1.93895830000000E+03  -5.02878000000000E+01
 1.93904170000000E+03  -5.55668000000000E+01
 1.93912500000000E+03  -5.63842000000000E+01
 1.93920830000000E+03  -5.04325000000000E+01
 1.93929170000000E+03  -4.84811000000000E+01
 1.93937500000000E+03  -4.29912000000000E+01
 1.93945830000000E+03  -3.72705000000000E+01
 1.93954170000000E+03  -2.85502000000000E+01
 1.93962500000000E+03  -1.79067000000000E+01
 1.93970830000000E+03  -1.80170000000000E+00
 1.93979170000000E+03   6.22610000000000E+00
 1.93987500000000E+03   1.19462000000000E+01
 1.93995830000000E+03   1.88970000000000E+01
 1.94004170000000E+03   2.43860000000000E+01
 1.94012500000000E+03   2.98751000000000E+01
 1.94020830000000E+03   3.35179000000000E+01
 1.94029170000000E+03   2.86989000000000E+01
 1.94037500000000E+03   2.81108000000000E+01
 1.94045830000000E+03   3.85225000000000E+01
 1.94054170000000E+03   5.33956000000000E+01
 1.94062500000000E+03   6.64225000000000E+01
 1.94070830000000E+03   7.59109000000000E+01
 1.94079170000000E+03   7.62452000000000E+01
 1.94087500000000E+03   7.96564000000000E+01
 1.94095830000000E+03   8.06830000000000E+01
 1.94104170000000E+03   8.57093000000000E+01
 1.94112500000000E+03   8.83510000000000E+01
 1.94120830000000E+03   9.29157000000000E+01
 1.94129170000000E+03   9.32494000000000E+01
 1.94137500000000E+03   9.80447000000000E+01
 1.94145830000000E+03   1.08686100000000E+02
 1.94154170000000E+03   1.00788700000000E+02
 1.94162500000000E+03   9.52760000000000E+01
 1.94170830000000E+03   7.21478000000000E+01
 1.94179170000000E+03   5.87117000000000E+01
 1.94187500000000E+03   4.91987000000000E+01
 1.94195830000000E+03   4.43779000000000E+01
 1.94204170000000E+03   4.75569000000000E+01
 1.94212500000000E+03   4.34282000000000E+01
 1.94220830000000E+03   4.35302000000000E+01
 1.94229170000000E+03   3.66319000000000E+01
 1.94237500000000E+03   2.88107000000000E+01
 1.94245830000000E+03   1.76816000000000E+01
 1.94254170000000E+03   9.16770000000000E+00
 1.94262500000000E+03   2.96150000000000E+00
 1.94270830000000E+03  -6.32170000000000E+00
 1.94279170000000E+03  -7.83600000000000E+00
 1.94287500000000E+03  -1.50424000000000E+01
 1.94295830000000E+03  -1.02490000000000E+01
 1.94304170000000E+03  -4.99430000000000E+00
 1.94312500000000E+03  -5.35490000000000E+00
 1.94320830000000E+03  -1.71570000000000E+00
 1.94329170000000E+03  -1.84590000000000E+00
 1.94337500000000E+03  -1.51450000000000E+00
 1.94345830000000E+03   2.73990000000000E+00
 1.94354170000000E+03   5.45560000000000E+00
 1.94362500000000E+03   2.24820000000000E+00
 1.94370830000000E+03  -2.11310000000000E+00
 1.94379170000000E+03  -1.07054000000000E+01
 1.94387500000000E+03  -9.68230000000000E+00
 1.94395830000000E+03  -7.42850000000000E+00
 1.94404170000000E+03  -4.79040000000000E+00
 1.94412500000000E+03  -6.53680000000000E+00
 1.94420830000000E+03  -3.59100000000000E+00
 1.94429170000000E+03  -7.95320000000000E+00
 1.94437500000000E+03  -8.77680000000000E+00
 1.94445830000000E+03  -7.98520000000000E+00
 1.94454170000000E+03  -1.13476000000000E+01
 1.94462500000000E+03  -1.24792000000000E+01
 1.94470830000000E+03  -1.98417000000000E+01
 1.94479170000000E+03  -2.76660000000000E+01
 1.94487500000000E+03  -2.70287000000000E+01
 1.94495830000000E+03  -2.50068000000000E+01
 1.94504170000000E+03  -2.06776000000000E+01
 1.94512500000000E+03  -2.17329000000000E+01
 1.94520830000000E+03  -1.64805000000000E+01
 1.94529170000000E+03  -1.61516000000000E+01
 1.94537500000000E+03  -1.65148000000000E+01
 1.94545830000000E+03  -1.24167000000000E+01
 1.94554170000000E+03  -1.63188000000000E+01
 1.94562500000000E+03  -1.73746000000000E+01
 1.94570830000000E+03  -2.18921000000000E+01
 1.94579170000000E+03  -2.17945000000000E+01
 1.94587500000000E+03  -1.46968000000000E+01
 1.94595830000000E+03  -1.29839000000000E+01
 1.94604170000000E+03  -1.24250000000000E+01
 1.94612500000000E+03  -1.56353000000000E+01
 1.94620830000000E+03  -1.38457000000000E+01
 1.94629170000000E+03  -1.82103000000000E+01
 1.94637500000000E+03  -2.00362000000000E+01
 1.94645830000000E+03  -1.76316000000000E+01
 1.94654170000000E+03  -2.56887000000000E+01
 1.94662500000000E+03  -2.22842000000000E+01
 1.94670830000000E+03  -1.91875000000000E+01
 1.94679170000000E+03  -2.00911000000000E+01
 1.94687500000000E+03  -1.57638000000000E+01
 1.94695830000000E+03  -1.30520000000000E+01
 1.94704170000000E+03  -1.15712000000000E+01
 1.94712500000000E+03  -1.19366000000000E+01
 1.94720830000000E+03  -1.11482000000000E+01
 1.94729170000000E+03  -1.41292000000000E+01
 1.94737500000000E+03  -1.87256000000000E+01
 1.94745830000000E+03  -2.32452000000000E+01
 1.94754170000000E+03  -2.38420000000000E+01
 1.94762500000000E+03  -2.59002000000000E+01
 1.94770830000000E+03  -3.11893000000000E+01
 1.94779170000000E+03  -3.27094000000000E+01
 1.94787500000000E+03  -2.93064000000000E+01
 1.94795830000000E+03  -2.62112000000000E+01
 1.94804170000000E+03  -2.30393000000000E+01
 1.94812500000000E+03  -1.77904000000000E+01
 1.94820830000000E+03  -1.48494000000000E+01
 1.94829170000000E+03  -1.63701000000000E+01
 1.94837500000000E+03  -1.95830000000000E+01
 1.94845830000000E+03  -1.59499000000000E+01
 1.94854170000000E+03  -1.60863000000000E+01
 1.94862500000000E+03  -1.64534000000000E+01
 1.94870830000000E+03  -1.14360000000000E+01
 1.94879170000000E+03  -1.27266000000000E+01
 1.94887500000000E+03  -1.47093000000000E+01
 1.94895830000000E+03  -7.76910000000000E+00
 1.94904170000000E+03  -8.59840000000000E+00
 1.94912500000000E+03  -1.04277000000000E+01
 1.94920830000000E+03  -7.71850000000000E+00
 1.94929170000000E+03  -1.20866000000000E+01
 1.94937500000000E+03  -1.24546000000000E+01
 1.94945830000000E+03  -1.46688000000000E+01
 1.94954170000000E+03  -1.78833000000000E+01
 1.94962500000000E+03  -1.94824000000000E+01
 1.94970830000000E+03  -2.94661000000000E+01
 1.94979170000000E+03  -3.70655000000000E+01
 1.94987500000000E+03  -3.58187000000000E+01
 1.94995830000000E+03  -3.41105000000000E+01
 1.95004170000000E+03  -3.28640000000000E+01
 1.95012500000000E+03  -3.27713000000000E+01
 1.95020830000000E+03  -3.09865000000000E+01
 1.95029170000000E+03  -3.29711000000000E+01
 1.95037500000000E+03  -2.91864000000000E+01
 1.95045830000000E+03  -1.99403000000000E+01
 1.95054170000000E+03  -1.56175000000000E+01
 1.95062500000000E+03  -9.60230000000000E+00
 1.95070830000000E+03  -8.58730000000000E+00
 1.95079170000000E+03  -2.88020000000000E+00
 1.95087500000000E+03   3.75010000000000E+00
 1.95095830000000E+03   1.13802000000000E+01
 1.95104170000000E+03   1.61639000000000E+01
 1.95112500000000E+03   1.83324000000000E+01
 1.95120830000000E+03   2.50391000000000E+01
 1.95129170000000E+03   2.76687000000000E+01
 1.95137500000000E+03   3.31445000000000E+01
 1.95145830000000E+03   3.82356000000000E+01
 1.95154170000000E+03   4.23265000000000E+01
 1.95162500000000E+03   4.64174000000000E+01
 1.95170830000000E+03   4.43543000000000E+01
 1.95179170000000E+03   4.72910000000000E+01
 1.95187500000000E+03   4.69201000000000E+01
 1.95195830000000E+03   4.72414000000000E+01
 1.95204170000000E+03   4.64085000000000E+01
 1.95212500000000E+03   4.51142000000000E+01
 1.95220830000000E+03   4.28968000000000E+01
 1.95229170000000E+03   3.72944000000000E+01
 1.95237500000000E+03   3.78460000000000E+01
 1.95245830000000E+03   3.81666000000000E+01
 1.95254170000000E+03   3.63332000000000E+01
 1.95262500000000E+03   1.92691000000000E+01
 1.95270830000000E+03   1.25126000000000E+01
 1.95279170000000E+03   5.14040000000000E+00
 1.95287500000000E+03  -3.85600000000000E-01
 1.95295830000000E+03  -1.21930000000000E+00
 1.95304170000000E+03  -2.07200000000000E-01
 1.95312500000000E+03  -2.96420000000000E+00
 1.95320830000000E+03  -1.02900000000000E+00
 1.95329170000000E+03  -4.70950000000000E+00
 1.95337500000000E+03  -3.62060000000000E+00
 1.95345830000000E+03  -1.36088000000000E+01
 1.95354170000000E+03  -1.82126000000000E+01
 1.95362500000000E+03  -2.18933000000000E+01
 1.95370830000000E+03  -1.44972000000000E+01
 1.95379170000000E+03  -1.38706000000000E+01
 1.95387500000000E+03  -8.62850000000000E+00
 1.95395830000000E+03  -5.69410000000000E+00
 1.95404170000000E+03  -2.06780000000000E+00
 1.95412500000000E+03  -2.44140000000000E+00
 1.95420830000000E+03  -2.81510000000000E+00
 1.95429170000000E+03  -9.95820000000000E+00
 1.95437500000000E+03  -1.12552000000000E+01
 1.95445830000000E+03  -1.33215000000000E+01
 1.95454170000000E+03  -1.06188000000000E+01
 1.95462500000000E+03  -1.92237000000000E+01
 1.95470830000000E+03  -2.54442000000000E+01
 1.95479170000000E+03  -3.52033000000000E+01
 1.95487500000000E+03  -3.72701000000000E+01
 1.95495830000000E+03  -3.77216000000000E+01
 1.95504170000000E+03  -3.74041000000000E+01
 1.95512500000000E+03  -3.51635000000000E+01
 1.95520830000000E+03  -3.55383000000000E+01
 1.95529170000000E+03  -3.92212000000000E+01
 1.95537500000000E+03  -4.19808000000000E+01
 1.95545830000000E+03  -3.74329000000000E+01
 1.95554170000000E+03  -3.00391000000000E+01
 1.95562500000000E+03  -2.81068000000000E+01
 1.95570830000000E+03  -3.07899000000000E+01
 1.95579170000000E+03  -2.94733000000000E+01
 1.95587500000000E+03  -2.26182000000000E+01
 1.95595830000000E+03  -1.89939000000000E+01
 1.95604170000000E+03  -1.50623000000000E+01
 1.95612500000000E+03  -1.19767000000000E+01
 1.95620830000000E+03  -1.33527000000000E+01
 1.95629170000000E+03  -1.53444000000000E+01
 1.95637500000000E+03  -1.50283000000000E+01
 1.95645830000000E+03  -1.54047000000000E+01
 1.95654170000000E+03  -1.88582000000000E+01
 1.95662500000000E+03  -2.41578000000000E+01
 1.95670830000000E+03  -2.68421000000000E+01
 1.95679170000000E+03  -2.16036000000000E+01
 1.95687500000000E+03  -1.52112000000000E+01
 1.95695830000000E+03  -1.32035000000000E+01
 1.95704170000000E+03  -6.81150000000000E+00
 1.95712500000000E+03  -4.65010000000000E+00
 1.95720830000000E+03   2.74190000000000E+00
 1.95729170000000E+03   1.01336000000000E+01
 1.95737500000000E+03   1.62947000000000E+01
 1.95745830000000E+03   2.69941000000000E+01
 1.95754170000000E+03   3.90778000000000E+01
 1.95762500000000E+03   5.60847000000000E+01
 1.95770830000000E+03   6.24762000000000E+01
 1.95779170000000E+03   6.88673000000000E+01
 1.95787500000000E+03   7.24893000000000E+01
 1.95795830000000E+03   7.23420000000000E+01
 1.95804170000000E+03   7.47328000000000E+01
 1.95812500000000E+03   7.72007000000000E+01
 1.95820830000000E+03   8.17454000000000E+01
 1.95829170000000E+03   8.22898000000000E+01
 1.95837500000000E+03   7.67574000000000E+01
 1.95845830000000E+03   7.92248000000000E+01
 1.95854170000000E+03   7.93074000000000E+01
 1.95862500000000E+03   8.16977000000000E+01
 1.95870830000000E+03   5.90111000000000E+01
 1.95879170000000E+03   4.87857000000000E+01
 1.95887500000000E+03   3.99449000000000E+01
 1.95895830000000E+03   3.51041000000000E+01
 1.95904170000000E+03   3.63400000000000E+01
 1.95912500000000E+03   3.80374000000000E+01
 1.95920830000000E+03   3.59655000000000E+01
 1.95929170000000E+03   3.39703000000000E+01
 1.95937500000000E+03   2.65905000000000E+01
 1.95945830000000E+03   2.73645000000000E+01
 1.95954170000000E+03   2.32151000000000E+01
 1.95962500000000E+03   1.57581000000000E+01
 1.95970830000000E+03   2.76260000000000E+00
 1.95979170000000E+03  -1.15630000000000E+00
 1.95987500000000E+03  -9.76740000000000E+00
 1.95995830000000E+03  -5.45560000000000E+00
 1.96004170000000E+03  -1.91320000000000E+00
 1.96012500000000E+03  -6.29390000000000E+00
 1.96020830000000E+03  -9.44390000000000E+00
 1.96029170000000E+03  -1.63634000000000E+01
 1.96037500000000E+03  -2.26674000000000E+01
 1.96045830000000E+03  -2.35869000000000E+01
 1.96054170000000E+03  -2.46605000000000E+01
 1.96062500000000E+03  -2.99648000000000E+01
 1.96070830000000E+03  -3.28846000000000E+01
 1.96079170000000E+03  -3.42663000000000E+01
 1.96087500000000E+03  -3.34170000000000E+01
 1.96095830000000E+03  -2.37217000000000E+01
 1.96104170000000E+03  -2.10267000000000E+01
 1.96112500000000E+03  -1.85624000000000E+01
 1.96120830000000E+03  -1.44828000000000E+01
 1.96129170000000E+03  -1.81727000000000E+01
 1.96137500000000E+03  -1.67087000000000E+01
 1.96145830000000E+03  -1.63986000000000E+01
 1.96154170000000E+03  -1.74734000000000E+01
 1.96162500000000E+03  -1.22404000000000E+01
 1.96170830000000E+03  -1.28537000000000E+01
 1.96179170000000E+03  -2.03134000000000E+01
 1.96187500000000E+03  -2.02346000000000E+01
 1.96195830000000E+03  -1.24636000000000E+01
 1.96204170000000E+03  -1.00005000000000E+01
 1.96212500000000E+03  -8.76820000000000E+00
 1.96220830000000E+03  -5.92050000000000E+00
 1.96229170000000E+03  -1.61160000000000E+00
 1.96237500000000E+03   8.20000000000000E-02
 1.96245830000000E+03   3.23710000000000E+00
 1.96254170000000E+03   4.77650000000000E+00
 1.96262500000000E+03   1.30852000000000E+01
 1.96270830000000E+03   1.70150000000000E+00
 1.96279170000000E+03   5.08680000000000E+00
 1.96287500000000E+03   1.50106000000000E+01
 1.96295830000000E+03   2.19343000000000E+01
 1.96304170000000E+03   2.57808000000000E+01
 1.96312500000000E+03   2.56273000000000E+01
 1.96320830000000E+03   2.78584000000000E+01
 1.96329170000000E+03   2.56277000000000E+01
 1.96337500000000E+03   2.26279000000000E+01
 1.96345830000000E+03   2.71664000000000E+01
 1.96354170000000E+03   2.53969000000000E+01
 1.96362500000000E+03   1.86275000000000E+01
 1.96370830000000E+03   3.01180000000000E+00
 1.96379170000000E+03  -2.60410000000000E+00
 1.96387500000000E+03  -9.60450000000000E+00
 1.96395830000000E+03  -1.22974000000000E+01
 1.96404170000000E+03  -1.80675000000000E+01
 1.96412500000000E+03  -1.75298000000000E+01
 1.96420830000000E+03  -1.49152000000000E+01
 1.96429170000000E+03  -1.88394000000000E+01
 1.96437500000000E+03  -2.03789000000000E+01
 1.96445830000000E+03  -2.14570000000000E+01
 1.96454170000000E+03  -2.03815000000000E+01
 1.96462500000000E+03  -2.05367000000000E+01
 1.96470830000000E+03  -1.40766000000000E+01
 1.96479170000000E+03  -4.15520000000000E+00
 1.96487500000000E+03  -1.69530000000000E+00
 1.96495830000000E+03   3.76450000000000E+00
 1.96504170000000E+03   7.53170000000000E+00
 1.96512500000000E+03   1.55298000000000E+01
 1.96520830000000E+03   1.86816000000000E+01
 1.96529170000000E+03   1.76023000000000E+01
 1.96537500000000E+03   2.68309000000000E+01
 1.96545830000000E+03   3.72132000000000E+01
 1.96554170000000E+03   3.89798000000000E+01
 1.96562500000000E+03   3.41311000000000E+01
 1.96570830000000E+03   2.81285000000000E+01
 1.96579170000000E+03   2.62795000000000E+01
 1.96587500000000E+03   2.35074000000000E+01
 1.96595830000000E+03   3.03507000000000E+01
 1.96604170000000E+03   3.25782000000000E+01
 1.96612500000000E+03   3.71136000000000E+01
 1.96620830000000E+03   3.55719000000000E+01
 1.96629170000000E+03   3.11838000000000E+01
 1.96637500000000E+03   3.31804000000000E+01
 1.96645830000000E+03   2.54846000000000E+01
 1.96654170000000E+03   1.77885000000000E+01
 1.96662500000000E+03   1.27079000000000E+01
 1.96670830000000E+03   1.39349000000000E+01
 1.96679170000000E+03   1.87000000000000E+01
 1.96687500000000E+03   1.71576000000000E+01
 1.96695830000000E+03   2.05381000000000E+01
 1.96704170000000E+03   2.41491000000000E+01
 1.96712500000000E+03   2.69910000000000E+01
 1.96720830000000E+03   2.78327000000000E+01
 1.96729170000000E+03   2.58281000000000E+01
 1.96737500000000E+03   2.99004000000000E+01
 1.96745830000000E+03   2.41265000000000E+01
 1.96754170000000E+03   2.35061000000000E+01
 1.96762500000000E+03   2.57320000000000E+01
 1.96770830000000E+03   2.58040000000000E+01
 1.96779170000000E+03   1.69526000000000E+01
 1.96787500000000E+03   1.18705000000000E+01
 1.96795830000000E+03   1.34037000000000E+01
 1.96804170000000E+03   1.23212000000000E+01
 1.96812500000000E+03   1.23927000000000E+01
 1.96820830000000E+03   1.30025000000000E+01
 1.96829170000000E+03   9.07350000000000E+00
 1.96837500000000E+03   9.14470000000000E+00
 1.96845830000000E+03   5.67730000000000E+00
 1.96854170000000E+03   2.00558000000000E+01
 1.96862500000000E+03   3.44343000000000E+01
 1.96870830000000E+03   2.98128000000000E+01
 1.96879170000000E+03   2.72679000000000E+01
 1.96887500000000E+03   3.11077000000000E+01
 1.96895830000000E+03   3.53320000000000E+01
 1.96904170000000E+03   3.77099000000000E+01
 1.96912500000000E+03   3.98571000000000E+01
 1.96920830000000E+03   4.25427000000000E+01
 1.96929170000000E+03   4.23818000000000E+01
 1.96937500000000E+03   4.71441000000000E+01
 1.96945830000000E+03   5.39832000000000E+01
 1.96954170000000E+03   6.08990000000000E+01
 1.96962500000000E+03   5.27379000000000E+01
 1.96970830000000E+03   3.82690000000000E+01
 1.96979170000000E+03   2.61845000000000E+01
 1.96987500000000E+03   2.25616000000000E+01
 1.96995830000000E+03   2.19386000000000E+01
 1.97004170000000E+03   2.27768000000000E+01
 1.97012500000000E+03   2.09998000000000E+01
 1.97020830000000E+03   1.94534000000000E+01
 1.97029170000000E+03   1.59836000000000E+01
 1.97037500000000E+03   1.62832000000000E+01
 1.97045830000000E+03   1.72750000000000E+01
 1.97054170000000E+03   9.42030000000000E+00
 1.97062500000000E+03  -7.89580000000000E+00
 1.97070830000000E+03  -2.52120000000000E+01
 1.97079170000000E+03  -3.66054000000000E+01
 1.97087500000000E+03  -3.18449000000000E+01
 1.97095830000000E+03  -3.06229000000000E+01
 1.97104170000000E+03  -2.82474000000000E+01
 1.97112500000000E+03  -2.56410000000000E+01
 1.97120830000000E+03  -2.11116000000000E+01
 1.97129170000000E+03  -2.26595000000000E+01
 1.97137500000000E+03  -2.58995000000000E+01
 1.97145830000000E+03  -3.14474000000000E+01
 1.97154170000000E+03  -3.98417000000000E+01
 1.97162500000000E+03  -3.90821000000000E+01
 1.97170830000000E+03  -3.52456000000000E+01
 1.97179170000000E+03  -2.94863000000000E+01
 1.97187500000000E+03  -2.35731000000000E+01
 1.97195830000000E+03  -1.62754000000000E+01
 1.97204170000000E+03  -9.67030000000000E+00
 1.97212500000000E+03  -2.29590000000000E+00
 1.97220830000000E+03   1.07850000000000E+00
 1.97229170000000E+03   7.22170000000000E+00
 1.97237500000000E+03   1.73651000000000E+01
 1.97245830000000E+03   2.96622000000000E+01
 1.97254170000000E+03   4.07283000000000E+01
 1.97262500000000E+03   5.65637000000000E+01
 1.97270830000000E+03   5.51682000000000E+01
 1.97279170000000E+03   4.84647000000000E+01
 1.97287500000000E+03   4.85306000000000E+01
 1.97295830000000E+03   4.99810000000000E+01
 1.97304170000000E+03   4.65080000000000E+01
 1.97312500000000E+03   4.49582000000000E+01
 1.97320830000000E+03   3.61005000000000E+01
 1.97329170000000E+03   2.89350000000000E+01
 1.97337500000000E+03   1.53848000000000E+01
 1.97345830000000E+03   5.37310000000000E+00
 1.97354170000000E+03  -4.08200000000000E-01
 1.97362500000000E+03  -1.39586000000000E+01
 1.97370830000000E+03  -2.39706000000000E+01
 1.97379170000000E+03  -2.38291000000000E+01
 1.97387500000000E+03  -1.79183000000000E+01
 1.97395830000000E+03  -1.22383000000000E+01
 1.97404170000000E+03  -1.07125000000000E+01
 1.97412500000000E+03  -7.34040000000000E+00
 1.97420830000000E+03  -3.04540000000000E+00
 1.97429170000000E+03   2.17250000000000E+00
 1.97437500000000E+03   4.31350000000000E+00
 1.97445830000000E+03   5.60830000000000E+00
 1.97454170000000E+03   7.48900000000000E-01
 1.97462500000000E+03  -4.34120000000000E+00
 1.97470830000000E+03  -9.69800000000000E-01
 1.97479170000000E+03  -7.98330000000000E+00
 1.97487500000000E+03  -1.45352000000000E+01
 1.97495830000000E+03  -1.26256000000000E+01
 1.97504170000000E+03  -1.39471000000000E+01
 1.97512500000000E+03  -1.36531000000000E+01
 1.97520830000000E+03  -1.38208000000000E+01
 1.97529170000000E+03  -2.08349000000000E+01
 1.97537500000000E+03  -2.96181000000000E+01
 1.97545830000000E+03  -3.73245000000000E+01
 1.97554170000000E+03  -3.96466000000000E+01
 1.97562500000000E+03  -3.58148000000000E+01
 1.97570830000000E+03  -4.42138000000000E+01
 1.97579170000000E+03  -5.02285000000000E+01
 1.97587500000000E+03  -5.31662000000000E+01
 1.97595830000000E+03  -4.95655000000000E+01
 1.97604170000000E+03  -4.05805000000000E+01
 1.97612500000000E+03  -3.39800000000000E+01
 1.97620830000000E+03  -2.76104000000000E+01
 1.97629170000000E+03  -2.49333000000000E+01
 1.97637500000000E+03  -1.96408000000000E+01
 1.97645830000000E+03  -8.57920000000000E+00
 1.97654170000000E+03  -5.63000000000000E-02
 1.97662500000000E+03  -2.30260000000000E+00
 1.97670830000000E+03  -1.51643000000000E+01
 1.97679170000000E+03  -2.07186000000000E+01
 1.97687500000000E+03  -2.48883000000000E+01
 1.97695830000000E+03  -2.43657000000000E+01
 1.97704170000000E+03  -2.40741000000000E+01
 1.97712500000000E+03  -2.93979000000000E+01
 1.97720830000000E+03  -3.11833000000000E+01
 1.97729170000000E+03  -3.74305000000000E+01
 1.97737500000000E+03  -4.27546000000000E+01
 1.97745830000000E+03  -4.34634000000000E+01
 1.97754170000000E+03  -3.59417000000000E+01
 1.97762500000000E+03  -3.07276000000000E+01
 1.97770830000000E+03  -1.71289000000000E+01
 1.97779170000000E+03  -1.60750000000000E+00
 1.97787500000000E+03   8.76010000000000E+00
 1.97795830000000E+03   1.11277000000000E+01
 1.97804170000000E+03   1.37257000000000E+01
 1.97812500000000E+03   1.89392000000000E+01
 1.97820830000000E+03   1.92296000000000E+01
 1.97829170000000E+03   1.80581000000000E+01
 1.97837500000000E+03   1.85790000000000E+01
 1.97845830000000E+03   1.64845000000000E+01
 1.97854170000000E+03   1.96204000000000E+01
 1.97862500000000E+03   9.14100000000000E+00
 1.97870830000000E+03   2.89230000000000E+00
 1.97879170000000E+03  -1.20490000000000E+01
 1.97887500000000E+03  -1.82979000000000E+01
 1.97895830000000E+03  -1.98546000000000E+01
 1.97904170000000E+03  -1.44116000000000E+01
 1.97912500000000E+03  -1.21993000000000E+01
 1.97920830000000E+03  -1.19101000000000E+01
 1.97929170000000E+03  -1.13905000000000E+01
 1.97937500000000E+03  -1.59477000000000E+01
 1.97945830000000E+03  -1.45049000000000E+01
 1.97954170000000E+03  -1.52410000000000E+00
 1.97962500000000E+03   6.99540000000000E+00
 1.97970830000000E+03   8.05320000000000E+00
 1.97979170000000E+03   1.80300000000000E+00
 1.97987500000000E+03   4.93750000000000E+00
 1.97995830000000E+03   6.61040000000000E+00
 1.98004170000000E+03   1.04369000000000E+01
 1.98012500000000E+03   1.71096000000000E+01
 1.98020830000000E+03   2.07053000000000E+01
 1.98029170000000E+03   1.96083000000000E+01
 1.98037500000000E+03   1.42807000000000E+01
 1.98045830000000E+03   1.75684000000000E+01
 1.98054170000000E+03   1.95481000000000E+01
 1.98062500000000E+03   8.83560000000000E+00
 1.98070830000000E+03  -7.03080000000000E+00
 1.98079170000000E+03  -1.65899000000000E+01
 1.98087500000000E+03  -1.60719000000000E+01
 1.98095830000000E+03  -1.74002000000000E+01
 1.98104170000000E+03  -1.44980000000000E+01
 1.98112500000000E+03  -1.46726000000000E+01
 1.98120830000000E+03  -1.97704000000000E+01
 1.98129170000000E+03  -2.25608000000000E+01
 1.98137500000000E+03  -1.94281000000000E+01
 1.98145830000000E+03  -1.32185000000000E+01
 1.98154170000000E+03  -1.10092000000000E+01
 1.98162500000000E+03  -1.33383000000000E+01
 1.98170830000000E+03  -4.82130000000000E+00
 1.98179170000000E+03   1.57000000000000E-01
 1.98187500000000E+03   8.82760000000000E+00
 1.98195830000000E+03   1.61905000000000E+01
 1.98204170000000E+03   2.34761000000000E+01
 1.98212500000000E+03   2.73003000000000E+01
 1.98220830000000E+03   3.92782000000000E+01
 1.98229170000000E+03   4.84866000000000E+01
 1.98237500000000E+03   6.50028000000000E+01
 1.98245830000000E+03   7.37497000000000E+01
 1.98254170000000E+03   9.04193000000000E+01
 1.98262500000000E+03   1.10166000000000E+02
 1.98270830000000E+03   1.29451100000000E+02
 1.98279170000000E+03   1.31812700000000E+02
 1.98287500000000E+03   1.35328300000000E+02
 1.98295830000000E+03   1.42228500000000E+02
 1.98304170000000E+03   1.51359100000000E+02
 1.98312500000000E+03   1.62489800000000E+02
 1.98320830000000E+03   1.77312700000000E+02
 1.98329170000000E+03   1.79750700000000E+02
 1.98337500000000E+03   1.82804200000000E+02
 1.98345830000000E+03   1.76703700000000E+02
 1.98354170000000E+03   1.71064500000000E+02
 1.98362500000000E+03   1.52810000000000E+02
 1.98370830000000E+03   1.28940000000000E+02
 1.98379170000000E+03   9.96851000000000E+01
 1.98387500000000E+03   8.38149000000000E+01
 1.98395830000000E+03   7.73293000000000E+01
 1.98404170000000E+03   7.59971000000000E+01
 1.98412500000000E+03   7.21267000000000E+01
 1.98420830000000E+03   7.04869000000000E+01
 1.98429170000000E+03   5.31544000000000E+01
 1.98437500000000E+03   4.56683000000000E+01
 1.98445830000000E+03   3.84897000000000E+01
 1.98454170000000E+03   2.86955000000000E+01
 1.98462500000000E+03   1.82090000000000E+01
 1.98470830000000E+03   1.05687000000000E+01
 1.98479170000000E+03   5.23560000000000E+00
 1.98487500000000E+03   5.05660000000000E+00
 1.98495830000000E+03   1.00313000000000E+01
 1.98504170000000E+03   9.85180000000000E+00
 1.98512500000000E+03   1.90330000000000E+00
 1.98520830000000E+03  -1.12230000000000E+00
 1.98529170000000E+03  -1.16098000000000E+01
 1.98537500000000E+03  -1.36356000000000E+01
 1.98545830000000E+03  -1.98922000000000E+01
 1.98554170000000E+03  -2.14569000000000E+01
 1.98562500000000E+03  -9.63680000000000E+00
 1.98570830000000E+03   3.10620000000000E+00
 1.98579170000000E+03   7.84900000000000E+00
 1.98587500000000E+03   9.97640000000000E+00
 1.98595830000000E+03   1.54884000000000E+01
 1.98604170000000E+03   1.90770000000000E+01
 1.98612500000000E+03   2.24349000000000E+01
 1.98620830000000E+03   2.76389000000000E+01
 1.98629170000000E+03   2.67657000000000E+01
 1.98637500000000E+03   2.82772000000000E+01
 1.98645830000000E+03   3.39424000000000E+01
 1.98654170000000E+03   3.26074000000000E+01
 1.98662500000000E+03   3.19647000000000E+01
 1.98670830000000E+03   1.72450000000000E+01
 1.98679170000000E+03   4.48100000000000E-01
 1.98687500000000E+03   2.80520000000000E+00
 1.98695830000000E+03   4.54680000000000E+00
 1.98704170000000E+03   9.74960000000000E+00
 1.98712500000000E+03   1.37986000000000E+01
 1.98720830000000E+03   1.45399000000000E+01
 1.98729170000000E+03   1.38963000000000E+01
 1.98737500000000E+03   1.39450000000000E+01
 1.98745830000000E+03   1.44553000000000E+01
 1.98754170000000E+03   7.96520000000000E+00
 1.98762500000000E+03   1.05521000000000E+01
 1.98770830000000E+03   5.21590000000000E+00
 1.98779170000000E+03   4.34090000000000E+00
 1.98787500000000E+03   1.04660000000000E+01
 1.98795830000000E+03   6.67900000000000E-01
 1.98804170000000E+03   7.15700000000000E-01
 1.98812500000000E+03  -2.77490000000000E+00
 1.98820830000000E+03  -8.88090000000000E+00
 1.98829170000000E+03  -1.37565000000000E+01
 1.98837500000000E+03  -2.35551000000000E+01
 1.98845830000000E+03  -3.28922000000000E+01
 1.98854170000000E+03  -4.56143000000000E+01
 1.98862500000000E+03  -5.27977000000000E+01
 1.98870830000000E+03  -5.72121000000000E+01
 1.98879170000000E+03  -5.92421000000000E+01
 1.98887500000000E+03  -6.27336000000000E+01
 1.98895830000000E+03  -6.33020000000000E+01
 1.98904170000000E+03  -5.45631000000000E+01
 1.98912500000000E+03  -4.85164000000000E+01
 1.98920830000000E+03  -4.28544000000000E+01
 1.98929170000000E+03  -4.31927000000000E+01
 1.98937500000000E+03  -4.26079000000000E+01
 1.98945830000000E+03  -3.47923000000000E+01
 1.98954170000000E+03  -2.92848000000000E+01
 1.98962500000000E+03  -2.33156000000000E+01
 1.98970830000000E+03  -2.19618000000000E+01
 1.98979170000000E+03  -2.13777000000000E+01
 1.98987500000000E+03  -1.92549000000000E+01
 1.98995830000000E+03  -1.63630000000000E+01
 1.99004170000000E+03  -1.19330000000000E+01
 1.99012500000000E+03  -6.73360000000000E+00
 1.99020830000000E+03  -5.38050000000000E+00
 1.99029170000000E+03  -8.64310000000000E+00
 1.99037500000000E+03  -1.11363000000000E+01
 1.99045830000000E+03  -1.43988000000000E+01
 1.99054170000000E+03  -2.02002000000000E+01
 1.99062500000000E+03  -2.00014000000000E+01
 1.99070830000000E+03  -1.57258000000000E+01
 1.99079170000000E+03  -2.07582000000000E+01
 1.99087500000000E+03  -2.87135000000000E+01
 1.99095830000000E+03  -2.86689000000000E+01
 1.99104170000000E+03  -2.41632000000000E+01
 1.99112500000000E+03  -2.48111000000000E+01
 1.99120830000000E+03  -2.49976000000000E+01
 1.99129170000000E+03  -2.52614000000000E+01
 1.99137500000000E+03  -2.77558000000000E+01
 1.99145830000000E+03  -2.19426000000000E+01
 1.99154170000000E+03  -1.44374000000000E+01
 1.99162500000000E+03   3.14480000000000E+00
 1.99170830000000E+03   1.54193000000000E+01
 1.99179170000000E+03   1.57703000000000E+01
 1.99187500000000E+03   2.94291000000000E+01
 1.99195830000000E+03   4.21648000000000E+01
 1.99204170000000E+03   4.87463000000000E+01
 1.99212500000000E+03   5.22511000000000E+01
 1.99220830000000E+03   5.46018000000000E+01
 1.99229170000000E+03   5.67984000000000E+01
 1.99237500000000E+03   5.40721000000000E+01
 1.99245830000000E+03   6.01918000000000E+01
 1.99254170000000E+03   6.89266000000000E+01
 1.99262500000000E+03   7.74307000000000E+01
 1.99270830000000E+03   6.80886000000000E+01
 1.99279170000000E+03   5.24384000000000E+01
 1.99287500000000E+03   5.36346000000000E+01
 1.99295830000000E+03   5.43691000000000E+01
 1.99304170000000E+03   5.74110000000000E+01
 1.99312500000000E+03   5.81453000000000E+01
 1.99320830000000E+03   5.70333000000000E+01
 1.99329170000000E+03   5.75364000000000E+01
 1.99337500000000E+03   5.33474000000000E+01
 1.99345830000000E+03   5.10044000000000E+01
 1.99354170000000E+03   4.45072000000000E+01
 1.99362500000000E+03   3.37794000000000E+01
 1.99370830000000E+03   1.67438000000000E+01
 1.99379170000000E+03   4.86170000000000E+00
 1.99387500000000E+03   2.28740000000000E+00
 1.99395830000000E+03  -3.97930000000000E+00
 1.99404170000000E+03  -5.32320000000000E+00
 1.99412500000000E+03  -1.08978000000000E+01
 1.99420830000000E+03  -1.50878000000000E+01
 1.99429170000000E+03  -1.88166000000000E+01
 1.99437500000000E+03  -2.66992000000000E+01
 1.99445830000000E+03  -2.90434000000000E+01
 1.99454170000000E+03  -1.34648000000000E+01
 1.99462500000000E+03  -4.04000000000000E+00
 1.99470830000000E+03   7.92330000000000E+00
 1.99479170000000E+03   9.11690000000000E+00
 1.99487500000000E+03   1.64645000000000E+01
 1.99495830000000E+03   2.07351000000000E+01
 1.99504170000000E+03   2.82362000000000E+01
 1.99512500000000E+03   3.22758000000000E+01
 1.99520830000000E+03   3.74692000000000E+01
 1.99529170000000E+03   4.01238000000000E+01
 1.99537500000000E+03   3.76247000000000E+01
 1.99545830000000E+03   4.28178000000000E+01
 1.99554170000000E+03   4.10875000000000E+01
 1.99562500000000E+03   3.56650000000000E+01
 1.99570830000000E+03   3.10117000000000E+01
 1.99579170000000E+03   1.15118000000000E+01
 1.99587500000000E+03   1.13198000000000E+01
 1.99595830000000E+03   6.89700000000000E+00
 1.99604170000000E+03   9.31990000000000E+00
 1.99612500000000E+03   7.43530000000000E+00
 1.99620830000000E+03   5.62750000000000E+00
 1.99629170000000E+03   8.19400000000000E-01
 1.99637500000000E+03  -5.37320000000000E+00
 1.99645830000000E+03   1.51100000000000E+00
 1.99654170000000E+03   1.30872000000000E+01
 1.99662500000000E+03   1.38943000000000E+01
 1.99670830000000E+03  -1.44800000000000E-01
 1.99679170000000E+03  -1.36458000000000E+01
 1.99687500000000E+03  -1.05313000000000E+01
 1.99695830000000E+03  -5.10920000000000E+00
 1.99704170000000E+03   2.85100000000000E+00
 1.99712500000000E+03   9.96520000000000E+00
 1.99720830000000E+03   1.65409000000000E+01
 1.99729170000000E+03   2.29624000000000E+01
 1.99737500000000E+03   3.96147000000000E+01
 1.99745830000000E+03   5.69593000000000E+01
 1.99754170000000E+03   6.89190000000000E+01
 1.99762500000000E+03   7.97249000000000E+01
 1.99770830000000E+03   8.76076000000000E+01
 1.99779170000000E+03   9.21054000000000E+01
 1.99787500000000E+03   1.03680300000000E+02
 1.99795830000000E+03   1.11101200000000E+02
 1.99804170000000E+03   1.12521800000000E+02
 1.99812500000000E+03   1.14250200000000E+02
 1.99820830000000E+03   1.13132400000000E+02
 1.99829170000000E+03   1.04091200000000E+02
 1.99837500000000E+03   9.28962000000000E+01
 1.99845830000000E+03   6.96242000000000E+01
 1.99854170000000E+03   5.23519000000000E+01
 1.99862500000000E+03   3.30028000000000E+01
 1.99870830000000E+03   7.80750000000000E+00
 1.99879170000000E+03  -6.77280000000000E+00
 1.99887500000000E+03  -1.53530000000000E+01
 1.99895830000000E+03  -2.07025000000000E+01
 1.99904170000000E+03  -2.57446000000000E+01
 1.99912500000000E+03  -3.09404000000000E+01
 1.99920830000000E+03  -3.56748000000000E+01
 1.99929170000000E+03  -4.54865000000000E+01
 1.99937500000000E+03  -4.85288000000000E+01
 1.99945830000000E+03  -5.66481000000000E+01
 1.99954170000000E+03  -5.49985000000000E+01
 1.99962500000000E+03  -4.56565000000000E+01
 1.99970830000000E+03  -4.47761000000000E+01
 1.99979170000000E+03  -5.04345000000000E+01
 1.99987500000000E+03  -4.95543000000000E+01
 1.99995830000000E+03  -4.22126000000000E+01
 2.00004170000000E+03  -3.97944000000000E+01
 2.00012500000000E+03  -3.93760000000000E+01
 2.00020830000000E+03  -3.55731000000000E+01
 2.00029170000000E+03  -3.55398000000000E+01
 2.00037500000000E+03  -3.83525000000000E+01
 2.00045830000000E+03  -4.07038000000000E+01
 2.00054170000000E+03  -3.39015000000000E+01
 2.00062500000000E+03  -3.11760000000000E+01
 2.00070830000000E+03  -3.89891000000000E+01
 2.00079170000000E+03  -4.80333000000000E+01
 2.00087500000000E+03  -4.55389000000000E+01
 2.00095830000000E+03  -4.30446000000000E+01
 2.00104170000000E+03  -4.24737000000000E+01
 2.00112500000000E+03  -4.20565000000000E+01
 2.00120830000000E+03  -4.00241000000000E+01
 2.00129170000000E+03  -4.26842000000000E+01
 2.00137500000000E+03  -4.29596000000000E+01
 2.00145830000000E+03  -3.94659000000000E+01
 2.00154170000000E+03  -3.60495000000000E+01
 2.00162500000000E+03  -3.86329000000000E+01
 2.00170830000000E+03  -4.19856000000000E+01
 2.00179170000000E+03  -4.82617000000000E+01
 2.00187500000000E+03  -4.60762000000000E+01
 2.00195830000000E+03  -4.74292000000000E+01
 2.00204170000000E+03  -4.27826000000000E+01
 2.00212500000000E+03  -4.11358000000000E+01
 2.00220830000000E+03  -3.61045000000000E+01
 2.00229170000000E+03  -3.62274000000000E+01
 2.00237500000000E+03  -3.21963000000000E+01
 2.00245830000000E+03  -2.33191000000000E+01
 2.00254170000000E+03  -1.83654000000000E+01
 2.00262500000000E+03  -1.18730000000000E+01
 2.00270830000000E+03  -1.44577000000000E+01
 2.00279170000000E+03  -1.32735000000000E+01
 2.00287500000000E+03  -1.16276000000000E+01
 2.00295830000000E+03  -5.44330000000000E+00
 2.00304170000000E+03  -1.41330000000000E+00
 2.00312500000000E+03   1.54000000000000E+00
 2.00320830000000E+03   2.95480000000000E+00
 2.00329170000000E+03   9.07600000000000E-01
 2.00337500000000E+03  -2.52400000000000E+00
 2.00345830000000E+03  -2.80190000000000E+00
 2.00354170000000E+03  -9.77240000000000E+00
 2.00362500000000E+03  -1.18197000000000E+01
 2.00370830000000E+03  -1.62517000000000E+01
 2.00379170000000E+03  -1.63763000000000E+01
 2.00387500000000E+03  -1.75778000000000E+01
 2.00395830000000E+03  -1.43947000000000E+01
 2.00404170000000E+03  -1.19812000000000E+01
 2.00412500000000E+03  -9.41370000000000E+00
 2.00420830000000E+03  -8.07710000000000E+00
 2.00429170000000E+03  -8.81770000000000E+00
 2.00437500000000E+03  -1.11736000000000E+01
 2.00445830000000E+03  -6.83720000000000E+00
 2.00454170000000E+03  -3.11660000000000E+00
 2.00462500000000E+03  -3.18900000000000E-01
 2.00470830000000E+03  -5.98300000000000E-01
 2.00479170000000E+03  -5.10870000000000E+00
 2.00487500000000E+03   1.99640000000000E+00
 2.00495830000000E+03   5.33210000000000E+00
 2.00504170000000E+03   1.17444000000000E+01
 2.00512500000000E+03   1.60800000000000E+01
 2.00520830000000E+03   1.75693000000000E+01
 2.00529170000000E+03   1.29044000000000E+01
 2.00537500000000E+03   7.93200000000000E+00
 2.00545830000000E+03   9.80560000000000E+00
 2.00554170000000E+03   1.06789000000000E+01
 2.00562500000000E+03   2.78310000000000E+00
 2.00570830000000E+03   2.71800000000000E-01
 2.00579170000000E+03   9.83710000000000E+00
 2.00587500000000E+03   1.90179000000000E+01
 2.00595830000000E+03   1.97371000000000E+01
 2.00604170000000E+03   2.64559000000000E+01
 2.00612500000000E+03   2.92518000000000E+01
 2.00620830000000E+03   3.04323000000000E+01
 2.00629170000000E+03   3.21508000000000E+01
 2.00637500000000E+03   3.05618000000000E+01
 2.00645830000000E+03   3.02035000000000E+01
 2.00654170000000E+03   2.27679000000000E+01
 2.00662500000000E+03   1.35632000000000E+01
 2.00670830000000E+03   3.05080000000000E+00
 2.00679170000000E+03  -1.15390000000000E+01
 2.00687500000000E+03  -3.08978000000000E+01
 2.00695830000000E+03  -4.08721000000000E+01
 2.00704170000000E+03  -4.23852000000000E+01
 2.00712500000000E+03  -4.62828000000000E+01
 2.00720830000000E+03  -5.23343000000000E+01
 2.00729170000000E+03  -6.21554000000000E+01
 2.00737500000000E+03  -7.21302000000000E+01
 2.00745830000000E+03  -7.89512000000000E+01
 2.00754170000000E+03  -7.60034000000000E+01
 2.00762500000000E+03  -7.40554000000000E+01
 2.00770830000000E+03  -8.21844000000000E+01
 2.00779170000000E+03  -8.44676000000000E+01
 2.00787500000000E+03  -8.04430000000000E+01
 2.00795830000000E+03  -7.56493000000000E+01
 2.00804170000000E+03  -6.63943000000000E+01
 2.00812500000000E+03  -5.96008000000000E+01
 2.00820830000000E+03  -5.45765000000000E+01
 2.00829170000000E+03  -5.65526000000000E+01
 2.00837500000000E+03  -5.46055000000000E+01
 2.00845830000000E+03  -5.22739000000000E+01
 2.00854170000000E+03  -5.17119000000000E+01
 2.00862500000000E+03  -5.25343000000000E+01
 2.00870830000000E+03  -5.49722000000000E+01
 2.00879170000000E+03  -5.31797000000000E+01
 2.00887500000000E+03  -4.56178000000000E+01
 2.00895830000000E+03  -3.65175000000000E+01
 2.00904170000000E+03  -3.18791000000000E+01
 2.00912500000000E+03  -3.23944000000000E+01
 2.00920830000000E+03  -3.45252000000000E+01
 2.00929170000000E+03  -3.58102000000000E+01
 2.00937500000000E+03  -3.60951000000000E+01
 2.00945830000000E+03  -2.87646000000000E+01
 2.00954170000000E+03  -1.58960000000000E+01
 2.00962500000000E+03  -7.19600000000000E-01
 2.00970830000000E+03  -3.62030000000000E+00
 2.00979170000000E+03   1.86340000000000E+00
 2.00987500000000E+03   3.73180000000000E+00
 2.00995830000000E+03   3.52320000000000E+00
 2.01004170000000E+03   1.08350000000000E+00
 2.01012500000000E+03   4.90100000000000E-01
 2.01020830000000E+03  -2.87270000000000E+00
 2.01029170000000E+03  -8.31270000000000E+00
 2.01037500000000E+03  -1.65218000000000E+01
 2.01045830000000E+03  -1.28848000000000E+01
 2.01054170000000E+03  -2.03251000000000E+01
 2.01062500000000E+03  -3.27653000000000E+01
 2.01070830000000E+03  -4.06671000000000E+01
 2.01079170000000E+03  -4.15692000000000E+01
 2.01087500000000E+03  -4.45482000000000E+01
 2.01095830000000E+03  -3.42964000000000E+01
 2.01104170000000E+03  -2.52758000000000E+01
 2.01112500000000E+03  -2.31780000000000E+01
 2.01120830000000E+03  -2.04650000000000E+01
 2.01129170000000E+03  -1.99062000000000E+01
 2.01137500000000E+03  -2.08088000000000E+01
 2.01145830000000E+03  -2.24038000000000E+01
 2.01154170000000E+03  -2.84607000000000E+01
 2.01162500000000E+03  -3.32866000000000E+01
 2.01170830000000E+03  -3.64973000000000E+01
 2.01179170000000E+03  -4.19391000000000E+01
 2.01187500000000E+03  -4.34576000000000E+01
 2.01195830000000E+03  -4.22071000000000E+01
 2.01204170000000E+03  -4.25722000000000E+01
 2.01212500000000E+03  -4.31680000000000E+01
 2.01220830000000E+03  -4.33023000000000E+01
 2.01229170000000E+03  -4.08986000000000E+01
 2.01237500000000E+03  -4.67254000000000E+01
 2.01245830000000E+03  -5.22446000000000E+01
 2.01254170000000E+03  -5.53796000000000E+01
 2.01279170000000E+03  -6.00923000000000E+01
 2.01287500000000E+03  -6.02274000000000E+01
 2.01295830000000E+03  -5.76703000000000E+01
 2.01304170000000E+03  -5.06521000000000E+01
 2.01312500000000E+03  -4.44798000000000E+01
 2.01320830000000E+03  -3.99230000000000E+01
 2.01329170000000E+03  -3.89819000000000E+01
 2.01337500000000E+03  -4.24253000000000E+01
 2.01345830000000E+03  -4.70227000000000E+01
 2.01354170000000E+03  -5.35435000000000E+01
 2.01362500000000E+03  -5.09871000000000E+01
 2.01370830000000E+03  -4.40463000000000E+01
 2.01379170000000E+03  -3.79520000000000E+01
 2.01387500000000E+03  -3.23191000000000E+01
 2.01395830000000E+03  -2.38401000000000E+01
 2.01404170000000E+03  -1.55153000000000E+01
 2.01412500000000E+03  -1.17288000000000E+01
 2.01420830000000E+03  -2.48090000000000E+00
 2.01429170000000E+03   4.45900000000000E+00
 2.01437500000000E+03   6.24520000000000E+00
 2.01445830000000E+03   1.78005000000000E+01
 2.01454170000000E+03   2.45863000000000E+01
 2.01462500000000E+03   2.99106000000000E+01
 2.01470830000000E+03   3.20041000000000E+01
 2.01479170000000E+03   2.92511000000000E+01
 2.01487500000000E+03   3.20367000000000E+01
 2.01495830000000E+03   3.80530000000000E+01
 2.01504170000000E+03   4.49920000000000E+01
 2.01512500000000E+03   4.57003000000000E+01
 2.01520830000000E+03   5.32548000000000E+01
 2.01529170000000E+03   5.58858000000000E+01
 2.01537500000000E+03   5.09785000000000E+01
 2.01545830000000E+03   5.43019000000000E+01
 2.01554170000000E+03   5.00864000000000E+01
 2.01562500000000E+03   4.72558000000000E+01
 2.01570830000000E+03   4.64250000000000E+01
 2.01579170000000E+03   4.06708000000000E+01
 2.01587500000000E+03   4.24552000000000E+01
 2.01595830000000E+03   4.10088000000000E+01
 2.01604170000000E+03   3.92543000000000E+01
 2.01612500000000E+03   3.60384000000000E+01
 2.01620830000000E+03   3.47455000000000E+01
 2.01629170000000E+03   2.49138000000000E+01
 2.01637500000000E+03   1.49284000000000E+01
 2.01645830000000E+03   8.63520000000000E+00
 2.01654170000000E+03   1.27263000000000E+01
 2.01662500000000E+03   1.99714000000000E+01
 2.01670830000000E+03   2.12933000000000E+01
 2.01679170000000E+03   1.67687000000000E+01
 2.01687500000000E+03   2.26288000000000E+01
 2.01695830000000E+03   2.60274000000000E+01
 2.01704170000000E+03   2.95794000000000E+01
 2.01712500000000E+03   3.45162000000000E+01
 2.01720830000000E+03   3.66837000000000E+01
 2.01729170000000E+03   3.30046000000000E+01
 2.01737500000000E+03   3.12488000000000E+01
 2.01745830000000E+03   2.71852000000000E+01
 2.01754170000000E+03   2.79674000000000E+01
 2.01762500000000E+03   1.35959000000000E+01
 2.01770830000000E+03  -1.08330000000000E+00
 2.01779170000000E+03  -8.68600000000000E+00
 2.01787500000000E+03  -1.05963000000000E+01
 2.01795830000000E+03  -1.08143000000000E+01
 2.01804170000000E+03  -9.87890000000000E+00
 2.01812500000000E+03  -8.32790000000000E+00
 2.01820830000000E+03  -1.04693000000000E+01
 2.01829170000000E+03  -1.09187000000000E+01
 2.01837500000000E+03  -6.59880000000000E+00
 2.01845830000000E+03  -5.27890000000000E+00
 2.01854170000000E+03   3.57900000000000E+00
 2.01862500000000E+03   1.34371000000000E+01
 2.01870830000000E+03   2.40644000000000E+01
 2.01879170000000E+03   2.57682000000000E+01
 2.01887500000000E+03   3.37798000000000E+01
 2.01895830000000E+03   4.00991000000000E+01
 2.01904170000000E+03   4.30333000000000E+01
 2.01912500000000E+03   4.38909000000000E+01
 2.01920830000000E+03   4.49790000000000E+01
 2.01929170000000E+03   4.09130000000000E+01
 2.01937500000000E+03   3.96164000000000E+01
 2.01945830000000E+03   4.21658000000000E+01
 2.01954170000000E+03   3.75611000000000E+01
 2.01962500000000E+03   2.81872000000000E+01
 2.01970830000000E+03   1.99671000000000E+01
 2.01979170000000E+03   8.05440000000000E+00
 2.01987500000000E+03   3.98790000000000E+00
 2.01995830000000E+03  -1.55500000000000E-01
 2.02004170000000E+03  -5.30100000000000E-01
 2.02012500000000E+03   1.24930000000000E+00
 2.02020830000000E+03   1.95170000000000E+00
 2.02029170000000E+03  -2.69400000000000E-01
 2.02037500000000E+03  -4.02870000000000E+00
 2.02045830000000E+03  -1.41728000000000E+01
 2.02054170000000E+03  -2.38556000000000E+01
 2.02062500000000E+03  -3.02307000000000E+01
 2.02070830000000E+03  -3.70673000000000E+01
 2.02079170000000E+03  -4.42890000000000E+01
 2.02087500000000E+03  -4.45104000000000E+01
 2.02095830000000E+03  -4.20397000000000E+01
 2.02104170000000E+03  -3.75693000000000E+01
 2.02112500000000E+03  -3.47141000000000E+01
 2.02120830000000E+03  -3.50129000000000E+01
 2.02129170000000E+03  -3.61582000000000E+01
 2.02137500000000E+03  -4.13803000000000E+01
 2.02145830000000E+03  -3.36794000000000E+01
 2.02154170000000E+03  -2.92865000000000E+01
 2.02162500000000E+03  -3.31242000000000E+01
 2.02170830000000E+03  -3.15775000000000E+01
 2.02179170000000E+03  -3.30310000000000E+01
 2.02187500000000E+03  -3.62537000000000E+01
 2.02195830000000E+03  -3.37841000000000E+01
 2.02204170000000E+03  -3.38534000000000E+01
 2.02212500000000E+03  -3.43071000000000E+01
 2.02220830000000E+03  -3.46840000000000E+01
 2.02229170000000E+03  -3.69843000000000E+01
 2.02237500000000E+03  -4.21306000000000E+01
 2.02245830000000E+03  -3.72770000000000E+01
 2.02254170000000E+03  -3.03469000000000E+01
 2.02262500000000E+03  -3.18781000000000E+01
 2.02270830000000E+03  -2.39479000000000E+01
 2.02279170000000E+03  -2.18642000000000E+01
 2.02287500000000E+03  -6.78030000000000E+00
 2.02295830000000E+03   7.53420000000000E+00
 2.02304170000000E+03   1.50792000000000E+01
 2.02312500000000E+03   2.37781000000000E+01
 2.02320830000000E+03   2.88616000000000E+01
 2.02329170000000E+03   3.20216000000000E+01
 2.02337500000000E+03   3.84126000000000E+01
 2.02345830000000E+03   4.94958000000000E+01
 2.02354170000000E+03   4.65017000000000E+01
 2.02362500000000E+03   3.72770000000000E+01
 2.02370830000000E+03   4.02060000000000E+01
 2.02379170000000E+03   3.42116000000000E+01
 2.02387500000000E+03   3.86789000000000E+01
 2.02395830000000E+03   3.78897000000000E+01
 2.02462500000000E+03   3.55997000000000E+01
 2.02470830000000E+03   3.45919000000000E+01
 2.02479170000000E+03   2.85211000000000E+01
 2.02487500000000E+03   2.17394000000000E+01
 2.02495830000000E+03   1.13702000000000E+01
