 1.89404170000000E+03  -3.01902000000000E+01
 1.89412500000000E+03  -1.33205000000000E+01
 1.89420830000000E+03  -1.23198000000000E+01
 1.89429170000000E+03  -1.26275000000000E+01
 1.89437500000000E+03  -5.23000000000000E-01
 1.89445830000000E+03   1.20574000000000E+01
 1.89454170000000E+03   5.42200000000000E-01
 1.89462500000000E+03  -9.57550000000000E+00
 1.89470830000000E+03  -2.54624000000000E+01
 1.89479170000000E+03  -2.57339000000000E+01
 1.89487500000000E+03  -2.43129000000000E+01
 1.89495830000000E+03  -1.72766000000000E+01
 1.89504170000000E+03  -6.70180000000000E+00
 1.89512500000000E+03  -9.73000000000000E-01
 1.89520830000000E+03  -3.55190000000000E+00
 1.89529170000000E+03   6.40770000000000E+00
 1.89537500000000E+03   1.10596000000000E+01
 1.89545830000000E+03   8.78860000000000E+00
 1.89554170000000E+03  -4.05600000000000E-01
 1.89562500000000E+03   4.01580000000000E+00
 1.89570830000000E+03   9.89870000000000E+00
 1.89579170000000E+03   8.55090000000000E+00
 1.89587500000000E+03   8.20320000000000E+00
 1.89595830000000E+03   2.30093000000000E+01
 1.89604170000000E+03   2.95847000000000E+01
 1.89612500000000E+03   2.43140000000000E+01
 1.89620830000000E+03   2.12742000000000E+01
 1.89629170000000E+03   1.55420000000000E+01
 1.89637500000000E+03   5.11760000000000E+00
 1.89645830000000E+03  -4.15290000000000E+00
 1.89654170000000E+03  -2.16541000000000E+01
 1.89662500000000E+03  -2.49245000000000E+01
 1.89670830000000E+03  -2.70410000000000E+01
 1.89679170000000E+03  -3.64652000000000E+01
 1.89687500000000E+03  -3.55816000000000E+01
 1.89695830000000E+03  -3.29287000000000E+01
 1.89704170000000E+03  -3.14297000000000E+01
 1.89712500000000E+03  -3.02382000000000E+01
 1.89720830000000E+03  -2.32006000000000E+01
 1.89729170000000E+03  -2.87014000000000E+01
 1.89737500000000E+03  -2.66637000000000E+01
 1.89745830000000E+03  -2.63182000000000E+01
 1.89754170000000E+03  -1.05112000000000E+01
 1.89762500000000E+03   2.60360000000000E+00
 1.89770830000000E+03  -5.20470000000000E+00
 1.89779170000000E+03  -6.32060000000000E+00
 1.89787500000000E+03   2.17900000000000E+00
 1.89795830000000E+03   6.52470000000000E+00
 1.89804170000000E+03   1.75628000000000E+01
 1.89812500000000E+03   1.52163000000000E+01
 1.89820830000000E+03   1.72545000000000E+01
 1.89829170000000E+03   6.60050000000000E+00
 1.89837500000000E+03   1.19464000000000E+01
 1.89845830000000E+03   3.16002000000000E+01
 1.89854170000000E+03   3.76385000000000E+01
 1.89862500000000E+03   2.73693000000000E+01
 1.89870830000000E+03   2.29462000000000E+01
 1.89879170000000E+03   2.97540000000000E+01
 1.89887500000000E+03   3.08695000000000E+01
 1.89895830000000E+03   3.05235000000000E+01
 1.89904170000000E+03   3.35621000000000E+01
 1.89912500000000E+03   2.71393000000000E+01
 1.89920830000000E+03   3.77935000000000E+01
 1.89929170000000E+03   4.42169000000000E+01
 1.89937500000000E+03   6.43327000000000E+01
 1.89945830000000E+03   5.56024000000000E+01
 1.89954170000000E+03   3.07182000000000E+01
 1.89962500000000E+03   1.72957000000000E+01
 1.89970830000000E+03   6.41170000000000E+00
 1.89979170000000E+03   3.73800000000000E-01
 1.89987500000000E+03  -1.81780000000000E+00
 1.89995830000000E+03   3.06760000000000E+00
 1.90004170000000E+03   8.87600000000000E+00
 1.90012500000000E+03   9.45380000000000E+00
 1.90020830000000E+03   1.44931000000000E+01
 1.90029170000000E+03   1.40709000000000E+01
 1.90037500000000E+03  -1.50500000000000E+00
 1.90045830000000E+03  -5.77320000000000E+00
 1.90054170000000E+03  -1.81060000000000E+00
 1.90062500000000E+03  -7.00180000000000E+00
 1.90070830000000E+03  -1.31930000000000E+01
 1.90079170000000E+03  -9.76870000000000E+00
 1.90087500000000E+03  -1.61905000000000E+01
 1.90095830000000E+03  -1.25354000000000E+01
 1.90104170000000E+03  -1.41879000000000E+01
 1.90112500000000E+03  -1.36095000000000E+01
 1.90120830000000E+03  -1.98004000000000E+01
 1.90129170000000E+03  -2.22220000000000E+01
 1.90137500000000E+03  -2.81820000000000E+01
 1.90145830000000E+03  -2.39881000000000E+01
 1.90154170000000E+03  -2.49480000000000E+01
 1.90162500000000E+03  -3.53694000000000E+01
 1.90170830000000E+03  -2.99446000000000E+01
 1.90179170000000E+03  -3.12890000000000E+01
 1.90187500000000E+03  -2.83256000000000E+01
 1.90195830000000E+03  -2.17468000000000E+01
 1.90204170000000E+03  -1.65526000000000E+01
 1.90212500000000E+03  -8.12750000000000E+00
 1.90220830000000E+03  -1.19332000000000E+01
 1.90229170000000E+03  -5.81580000000000E+00
 1.90237500000000E+03  -1.31598000000000E+01
 1.90245830000000E+03  -1.48115000000000E+01
 1.90254170000000E+03  -1.16170000000000E+01
 1.90262500000000E+03  -8.65320000000000E+00
 1.90270830000000E+03   5.69530000000000E+00
 1.90279170000000E+03   9.73600000000000E+00
 1.90287500000000E+03   1.87000000000000E+01
 1.90295830000000E+03   1.75101000000000E+01
 1.90304170000000E+03   3.31664000000000E+01
 1.90312500000000E+03   4.49767000000000E+01
 1.90320830000000E+03   4.20177000000000E+01
 1.90329170000000E+03   4.86742000000000E+01
 1.90337500000000E+03   5.87154000000000E+01
 1.90345830000000E+03   5.63719000000000E+01
 1.90354170000000E+03   5.23362000000000E+01
 1.90362500000000E+03   4.51468000000000E+01
 1.90370830000000E+03   1.24189000000000E+01
 1.90379170000000E+03   5.07560000000000E+00
 1.90387500000000E+03  -3.19060000000000E+00
 1.90395830000000E+03   3.54320000000000E+00
 1.90404170000000E+03   1.13539000000000E+01
 1.90412500000000E+03   1.07801000000000E+01
 1.90420830000000E+03  -1.15629000000000E+01
 1.90429170000000E+03  -6.13670000000000E+00
 1.90437500000000E+03  -3.78720000000000E+00
 1.90445830000000E+03  -7.97620000000000E+00
 1.90454170000000E+03   8.34800000000000E-01
 1.90462500000000E+03  -2.04640000000000E+00
 1.90470830000000E+03  -1.08507000000000E+01
 1.90479170000000E+03   5.75900000000000E-01
 1.90487500000000E+03  -4.68980000000000E+00
 1.90495830000000E+03  -5.70800000000000E-01
 1.90504170000000E+03   6.00970000000000E+00
 1.90512500000000E+03   1.01288000000000E+01
 1.90520830000000E+03   9.24790000000000E+00
 1.90529170000000E+03   2.10594000000000E+01
 1.90537500000000E+03   1.43324000000000E+01
 1.90545830000000E+03   1.24517000000000E+01
 1.90554170000000E+03   1.17248000000000E+01
 1.90562500000000E+03   4.15190000000000E+00
 1.90570830000000E+03   9.04050000000000E+00
 1.90579170000000E+03   9.08300000000000E+00
 1.90587500000000E+03   3.04870000000000E+00
 1.90595830000000E+03   1.23221000000000E+01
 1.90604170000000E+03   1.99032000000000E+01
 1.90612500000000E+03   2.20997000000000E+01
 1.90620830000000E+03   1.52194000000000E+01
 1.90629170000000E+03   1.20314000000000E+01
 1.90637500000000E+03   1.24589000000000E+01
 1.90645830000000E+03   1.96557000000000E+01
 1.90654170000000E+03   1.13140000000000E+01
 1.90662500000000E+03   4.28010000000000E+00
 1.90670830000000E+03   5.93850000000000E+00
 1.90679170000000E+03  -2.78760000000000E+00
 1.90687500000000E+03   4.64010000000000E+00
 1.90695830000000E+03   1.27603000000000E+01
 1.90704170000000E+03   1.57265000000000E+01
 1.90712500000000E+03   2.34621000000000E+01
 1.90720830000000E+03   1.71978000000000E+01
 1.90729170000000E+03   1.94719000000000E+01
 1.90737500000000E+03   1.45923000000000E+01
 1.90745830000000E+03   7.63580000000000E+00
 1.90754170000000E+03   7.29460000000000E+00
 1.90762500000000E+03   1.11844000000000E+01
 1.90770830000000E+03  -1.04643000000000E+01
 1.90779170000000E+03  -2.04207000000000E+01
 1.90787500000000E+03  -2.24539000000000E+01
 1.90795830000000E+03  -2.21793000000000E+01
 1.90804170000000E+03  -2.11355000000000E+01
 1.90812500000000E+03  -1.68609000000000E+01
 1.90820830000000E+03  -2.73554000000000E+01
 1.90829170000000E+03  -3.55423000000000E+01
 1.90837500000000E+03  -2.99598000000000E+01
 1.90845830000000E+03  -2.81465000000000E+01
 1.90854170000000E+03  -2.45640000000000E+01
 1.90862500000000E+03  -3.69814000000000E+01
 1.90870830000000E+03  -5.09372000000000E+01
 1.90879170000000E+03  -3.72007000000000E+01
 1.90887500000000E+03  -3.43102000000000E+01
 1.90895830000000E+03  -3.02659000000000E+01
 1.90904170000000E+03  -1.59908000000000E+01
 1.90912500000000E+03  -7.71550000000000E+00
 1.90920830000000E+03  -1.65172000000000E+01
 1.90929170000000E+03  -6.24190000000000E+00
 1.90937500000000E+03   8.41800000000000E+00
 1.90945830000000E+03   9.46260000000000E+00
 1.90954170000000E+03   2.18919000000000E+01
 1.90962500000000E+03   2.27059000000000E+01
 1.90970830000000E+03   2.08275000000000E+01
 1.90979170000000E+03   2.87954000000000E+01
 1.90987500000000E+03   3.04557000000000E+01
 1.90995830000000E+03   3.81929000000000E+01
 1.91004170000000E+03   4.63916000000000E+01
 1.91012500000000E+03   3.78982000000000E+01
 1.91020830000000E+03   3.14048000000000E+01
 1.91029170000000E+03   2.93729000000000E+01
 1.91037500000000E+03   2.38796000000000E+01
 1.91045830000000E+03   1.86941000000000E+01
 1.91054170000000E+03   9.73930000000000E+00
 1.91062500000000E+03   5.01530000000000E+00
 1.91070830000000E+03  -8.93930000000000E+00
 1.91079170000000E+03   4.90600000000000E-01
 1.91087500000000E+03  -3.23320000000000E+00
 1.91095830000000E+03  -4.95400000000000E-01
 1.91104170000000E+03   2.16550000000000E+00
 1.91112500000000E+03   1.21110000000000E+00
 1.91120830000000E+03   9.48750000000000E+00
 1.91129170000000E+03   8.30240000000000E+00
 1.91137500000000E+03   2.30404000000000E+01
 1.91145830000000E+03   1.92400000000000E+01
 1.91154170000000E+03   9.74730000000000E+00
 1.91162500000000E+03   1.23317000000000E+01
 1.91170830000000E+03   3.53140000000000E+00
 1.91179170000000E+03   5.19270000000000E+00
 1.91187500000000E+03   3.54640000000000E+00
 1.91195830000000E+03   1.26694000000000E+01
 1.91204170000000E+03   1.24847000000000E+01
 1.91212500000000E+03   2.06078000000000E+01
 1.91220830000000E+03   1.92694000000000E+01
 1.91229170000000E+03   1.15463000000000E+01
 1.91237500000000E+03   2.21311000000000E+01
 1.91245830000000E+03   3.07928000000000E+01
 1.91254170000000E+03   2.21469000000000E+01
 1.91262500000000E+03   3.03471000000000E+01
 1.91270830000000E+03   3.55475000000000E+01
 1.91279170000000E+03   3.09017000000000E+01
 1.91287500000000E+03   3.16405000000000E+01
 1.91295830000000E+03   3.49179000000000E+01
 1.91304170000000E+03   3.63492000000000E+01
 1.91312500000000E+03   4.22421000000000E+01
 1.91320830000000E+03   2.94427000000000E+01
 1.91329170000000E+03   3.35664000000000E+01
 1.91337500000000E+03   5.63825000000000E+01
 1.91345830000000E+03   6.15832000000000E+01
 1.91354170000000E+03   4.55532000000000E+01
 1.91362500000000E+03   5.96002000000000E+01
 1.91370830000000E+03   5.65704000000000E+01
 1.91379170000000E+03   4.76944000000000E+01
 1.91387500000000E+03   5.05107000000000E+01
 1.91395830000000E+03   5.49426000000000E+01
 1.91404170000000E+03   5.52975000000000E+01
 1.91412500000000E+03   5.48063000000000E+01
 1.91420830000000E+03   6.32382000000000E+01
 1.91429170000000E+03   6.15164000000000E+01
 1.91437500000000E+03   6.53330000000000E+01
 1.91445830000000E+03   5.49959000000000E+01
 1.91454170000000E+03   4.11203000000000E+01
 1.91462500000000E+03   3.23217000000000E+01
 1.91470830000000E+03   1.95232000000000E+01
 1.91479170000000E+03   1.79555000000000E+01
 1.91487500000000E+03   1.33109000000000E+01
 1.91495830000000E+03   1.15894000000000E+01
 1.91504170000000E+03   2.06372000000000E+01
 1.91512500000000E+03   2.23774000000000E+01
 1.91520830000000E+03   1.93484000000000E+01
 1.91529170000000E+03  -2.44990000000000E+00
 1.91537500000000E+03   7.44430000000000E+00
 1.91545830000000E+03  -2.89230000000000E+00
 1.91554170000000E+03   1.23270000000000E+00
 1.91562500000000E+03  -2.33450000000000E+00
 1.91570830000000E+03  -6.51710000000000E+00
 1.91579170000000E+03  -8.54580000000000E+00
 1.91587500000000E+03  -1.33437000000000E+01
 1.91595830000000E+03  -7.44920000000000E+00
 1.91604170000000E+03  -2.40080000000000E+00
 1.91612500000000E+03  -3.50620000000000E+00
 1.91620830000000E+03  -7.45780000000000E+00
 1.91629170000000E+03   3.60000000000000E-01
 1.91637500000000E+03   1.90239000000000E+01
 1.91645830000000E+03   1.80726000000000E+01
 1.91654170000000E+03   1.08904000000000E+01
 1.91662500000000E+03  -1.47532000000000E+01
 1.91670830000000E+03  -2.14736000000000E+01
 1.91679170000000E+03  -1.87325000000000E+01
 1.91687500000000E+03  -2.65298000000000E+01
 1.91695830000000E+03  -2.60194000000000E+01
 1.91704170000000E+03  -2.56628000000000E+01
 1.91712500000000E+03  -2.51522000000000E+01
 1.91720830000000E+03  -1.77186000000000E+01
 1.91729170000000E+03  -9.51560000000000E+00
 1.91737500000000E+03  -3.92800000000000E+00
 1.91745830000000E+03  -1.29558000000000E+01
 1.91754170000000E+03  -1.49066000000000E+01
 1.91762500000000E+03  -9.85730000000000E+00
 1.91770830000000E+03  -2.01925000000000E+01
 1.91779170000000E+03  -2.68355000000000E+01
 1.91787500000000E+03  -3.40938000000000E+01
 1.91795830000000E+03  -1.77366000000000E+01
 1.91804170000000E+03  -1.15332000000000E+01
 1.91812500000000E+03  -7.02210000000000E+00
 1.91820830000000E+03   4.64290000000000E+00
 1.91829170000000E+03  -5.69210000000000E+00
 1.91837500000000E+03  -1.54116000000000E+01
 1.91845830000000E+03  -2.32080000000000E+01
 1.91854170000000E+03  -3.30044000000000E+01
 1.91862500000000E+03  -4.08776000000000E+01
 1.91870830000000E+03  -4.69815000000000E+01
 1.91879170000000E+03  -3.79316000000000E+01
 1.91887500000000E+03  -3.81893000000000E+01
 1.91895830000000E+03  -2.22931000000000E+01
 1.91904170000000E+03  -2.30892000000000E+01
 1.91912500000000E+03  -1.31159000000000E+01
 1.91920830000000E+03  -9.21960000000000E+00
 1.91929170000000E+03  -2.44002000000000E+01
 1.91937500000000E+03  -2.95037000000000E+01
 1.91945830000000E+03  -2.76841000000000E+01
 1.91954170000000E+03  -2.52492000000000E+01
 1.91962500000000E+03  -9.42950000000000E+00
 1.91970830000000E+03  -5.76370000000000E+00
 1.91979170000000E+03  -4.82400000000000E-01
 1.91987500000000E+03   4.56820000000000E+00
 1.91995830000000E+03   1.84650000000000E+01
 1.92004170000000E+03   2.20541000000000E+01
 1.92012500000000E+03   2.43355000000000E+01
 1.92020830000000E+03   1.46940000000000E+01
 1.92029170000000E+03  -8.70600000000000E-01
 1.92037500000000E+03   2.33410000000000E+00
 1.92045830000000E+03   6.92700000000000E-01
 1.92054170000000E+03   1.11282000000000E+01
 1.92062500000000E+03  -9.51310000000000E+00
 1.92070830000000E+03  -1.45389000000000E+01
 1.92079170000000E+03  -2.51802000000000E+01
 1.92087500000000E+03  -3.12829000000000E+01
 1.92095830000000E+03  -2.80009000000000E+01
 1.92104170000000E+03  -2.56420000000000E+01
 1.92112500000000E+03  -3.02830000000000E+01
 1.92120830000000E+03  -3.20009000000000E+01
 1.92129170000000E+03  -2.87957000000000E+01
 1.92137500000000E+03  -3.35904000000000E+01
 1.92145830000000E+03  -2.06159000000000E+01
 1.92154170000000E+03  -2.72567000000000E+01
 1.92162500000000E+03  -4.38974000000000E+01
 1.92170830000000E+03  -3.67689000000000E+01
 1.92179170000000E+03  -5.00249000000000E+01
 1.92187500000000E+03  -3.98963000000000E+01
 1.92195830000000E+03  -3.17676000000000E+01
 1.92204170000000E+03  -2.91005000000000E+01
 1.92212500000000E+03  -2.65101000000000E+01
 1.92220830000000E+03  -2.76121000000000E+01
 1.92229170000000E+03  -3.34832000000000E+01
 1.92237500000000E+03  -2.38158000000000E+01
 1.92245830000000E+03  -5.91760000000000E+00
 1.92254170000000E+03  -1.28656000000000E+01
 1.92262500000000E+03  -9.81340000000000E+00
 1.92270830000000E+03  -2.13766000000000E+01
 1.92279170000000E+03  -2.60936000000000E+01
 1.92287500000000E+03  -1.68875000000000E+01
 1.92295830000000E+03  -1.02967000000000E+01
 1.92304170000000E+03  -7.70590000000000E+00
 1.92312500000000E+03  -3.88420000000000E+00
 1.92320830000000E+03  -5.24100000000000E-01
 1.92329170000000E+03   1.70669000000000E+01
 1.92337500000000E+03   2.89656000000000E+01
 1.92345830000000E+03   1.39413000000000E+01
 1.92354170000000E+03  -6.10000000000000E-03
 1.92362500000000E+03  -1.14918000000000E+01
 1.92370830000000E+03  -1.17467000000000E+01
 1.92379170000000E+03  -5.23240000000000E+00
 1.92387500000000E+03  -4.64110000000000E+00
 1.92395830000000E+03  -4.20360000000000E+00
 1.92404170000000E+03  -4.76600000000000E+00
 1.92412500000000E+03  -3.86690000000000E+00
 1.92420830000000E+03  -4.29200000000000E-01
 1.92429170000000E+03  -5.14540000000000E+00
 1.92437500000000E+03  -2.34768000000000E+01
 1.92445830000000E+03  -2.45006000000000E+01
 1.92454170000000E+03  -1.40628000000000E+01
 1.92462500000000E+03  -5.31720000000000E+00
 1.92470830000000E+03  -1.23407000000000E+01
 1.92479170000000E+03  -1.24412000000000E+01
 1.92487500000000E+03  -1.23878000000000E+01
 1.92495830000000E+03  -1.79590000000000E+00
 1.92504170000000E+03  -3.81930000000000E+00
 1.92512500000000E+03  -1.53500000000000E+00
 1.92520830000000E+03   3.21100000000000E+00
 1.92529170000000E+03  -1.35080000000000E+00
 1.92537500000000E+03  -7.58600000000000E-01
 1.92545830000000E+03   1.06798000000000E+01
 1.92554170000000E+03  -4.97200000000000E-01
 1.92562500000000E+03  -1.58280000000000E+01
 1.92570830000000E+03  -1.74664000000000E+01
 1.92579170000000E+03  -1.51048000000000E+01
 1.92587500000000E+03  -1.38969000000000E+01
 1.92595830000000E+03  -3.91980000000000E+00
 1.92604170000000E+03  -3.48110000000000E+00
 1.92612500000000E+03   8.72690000000000E+00
 1.92620830000000E+03   8.08880000000000E+00
 1.92629170000000E+03   7.14300000000000E+00
 1.92637500000000E+03   6.27420000000000E+00
 1.92645830000000E+03   6.40540000000000E+00
 1.92654170000000E+03  -1.00180000000000E+00
 1.92662500000000E+03  -3.10120000000000E+00
 1.92670830000000E+03  -1.89290000000000E+00
 1.92679170000000E+03   3.85400000000000E+00
 1.92687500000000E+03   6.67780000000000E+00
 1.92695830000000E+03   1.58862000000000E+01
 1.92704170000000E+03   1.61716000000000E+01
 1.92712500000000E+03   2.29956000000000E+01
 1.92720830000000E+03   2.34349000000000E+01
 1.92729170000000E+03   2.84128000000000E+01
 1.92737500000000E+03   2.30061000000000E+01
 1.92745830000000E+03   9.59950000000000E+00
 1.92754170000000E+03   1.00390000000000E+01
 1.92762500000000E+03   6.17090000000000E+00
 1.92770830000000E+03  -6.38940000000000E+00
 1.92779170000000E+03  -1.05651000000000E+01
 1.92787500000000E+03  -2.64330000000000E+01
 1.92795830000000E+03  -1.51471000000000E+01
 1.92804170000000E+03  -8.93800000000000E+00
 1.92812500000000E+03  -3.72890000000000E+00
 1.92820830000000E+03  -9.75050000000000E+00
 1.92829170000000E+03  -1.06182000000000E+01
 1.92837500000000E+03  -9.10120000000000E+00
 1.92845830000000E+03  -9.73810000000000E+00
 1.92854170000000E+03  -1.46826000000000E+01
 1.92862500000000E+03  -4.19347000000000E+01
 1.92870830000000E+03  -4.76483000000000E+01
 1.92879170000000E+03  -3.57465000000000E+01
 1.92887500000000E+03  -3.66908000000000E+01
 1.92895830000000E+03  -2.46351000000000E+01
 1.92904170000000E+03  -2.61177000000000E+01
 1.92912500000000E+03  -2.99850000000000E+01
 1.92920830000000E+03  -3.00060000000000E+01
 1.92929170000000E+03  -1.87962000000000E+01
 1.92937500000000E+03  -1.80479000000000E+01
 1.92945830000000E+03  -1.80688000000000E+01
 1.92954170000000E+03  -1.13973000000000E+01
 1.92962500000000E+03  -1.18027000000000E+01
 1.92970830000000E+03   4.63810000000000E+00
 1.92979170000000E+03  -5.61340000000000E+00
 1.92987500000000E+03  -7.55710000000000E+00
 1.92995830000000E+03  -3.73160000000000E+00
 1.93004170000000E+03  -1.29060000000000E+00
 1.93012500000000E+03  -1.92650000000000E+00
 1.93020830000000E+03  -1.11777000000000E+01
 1.93029170000000E+03  -6.58270000000000E+00
 1.93037500000000E+03  -6.06460000000000E+00
 1.93045830000000E+03  -1.83157000000000E+01
 1.93054170000000E+03  -2.67975000000000E+01
 1.93062500000000E+03  -4.46639000000000E+01
 1.93070830000000E+03  -4.17610000000000E+01
 1.93079170000000E+03  -4.53965000000000E+01
 1.93087500000000E+03  -3.90320000000000E+01
 1.93095830000000E+03  -3.06674000000000E+01
 1.93104170000000E+03  -1.89181000000000E+01
 1.93112500000000E+03  -2.07073000000000E+01
 1.93120830000000E+03  -2.52656000000000E+01
 1.93129170000000E+03  -9.51630000000000E+00
 1.93137500000000E+03  -2.07668000000000E+01
 1.93145830000000E+03  -2.33250000000000E+01
 1.93154170000000E+03  -8.65240000000000E+00
 1.93162500000000E+03  -2.17490000000000E+01
 1.93170830000000E+03  -2.09224000000000E+01
 1.93179170000000E+03  -1.59420000000000E+01
 1.93187500000000E+03  -1.25000000000000E+01
 1.93195830000000E+03  -5.28860000000000E+00
 1.93204170000000E+03  -6.15800000000000E-01
 1.93212500000000E+03  -4.71200000000000E+00
 1.93220830000000E+03   5.34560000000000E+00
 1.93229170000000E+03   1.63263000000000E+01
 1.93237500000000E+03   8.69170000000000E+00
 1.93245830000000E+03   1.25956000000000E+01
 1.93254170000000E+03  -4.73120000000000E+00
 1.93262500000000E+03  -1.82118000000000E+01
 1.93270830000000E+03  -1.70001000000000E+01
 1.93279170000000E+03  -1.35576000000000E+01
 1.93287500000000E+03  -1.67303000000000E+01
 1.93295830000000E+03  -1.28261000000000E+01
 1.93304170000000E+03  -7.30650000000000E+00
 1.93312500000000E+03  -5.32530000000000E+00
 1.93320830000000E+03  -1.10364000000000E+01
 1.93329170000000E+03  -2.57474000000000E+01
 1.93337500000000E+03  -3.96891000000000E+01
 1.93345830000000E+03  -4.75538000000000E+01
 1.93354170000000E+03  -4.77263000000000E+01
 1.93362500000000E+03  -4.13601000000000E+01
 1.93370830000000E+03  -4.77632000000000E+01
 1.93379170000000E+03  -5.37816000000000E+01
 1.93387500000000E+03  -5.02615000000000E+01
 1.93395830000000E+03  -4.74337000000000E+01
 1.93404170000000E+03  -4.29135000000000E+01
 1.93412500000000E+03  -4.11625000000000E+01
 1.93420830000000E+03  -4.44884000000000E+01
 1.93429170000000E+03  -2.69680000000000E+01
 1.93437500000000E+03  -2.31400000000000E+01
 1.93445830000000E+03  -2.10041000000000E+01
 1.93454170000000E+03  -1.98683000000000E+01
 1.93462500000000E+03  -1.15785000000000E+01
 1.93470830000000E+03  -2.61349000000000E+01
 1.93479170000000E+03  -2.42296000000000E+01
 1.93487500000000E+03  -2.39397000000000E+01
 1.93495830000000E+03  -2.31882000000000E+01
 1.93504170000000E+03  -9.51360000000000E+00
 1.93512500000000E+03  -1.14544000000000E+01
 1.93520830000000E+03  -2.93350000000000E+00
 1.93529170000000E+03   1.33566000000000E+01
 1.93537500000000E+03   3.26220000000000E+00
 1.93545830000000E+03   3.86010000000000E+00
 1.93554170000000E+03   9.61190000000000E+00
 1.93562500000000E+03   5.90230000000000E+00
 1.93570830000000E+03  -1.98074000000000E+01
 1.93579170000000E+03  -1.08246000000000E+01
 1.93587500000000E+03  -1.86111000000000E+01
 1.93595830000000E+03  -8.78210000000000E+00
 1.93604170000000E+03  -1.87620000000000E+00
 1.93612500000000E+03  -6.27790000000000E+00
 1.93620830000000E+03  -9.60260000000000E+00
 1.93629170000000E+03  -1.03119000000000E+01
 1.93637500000000E+03  -2.70980000000000E+01
 1.93645830000000E+03  -1.59611000000000E+01
 1.93654170000000E+03   5.71440000000000E+00
 1.93662500000000E+03   3.46680000000000E+00
 1.93670830000000E+03  -1.93450000000000E+00
 1.93679170000000E+03   1.51030000000000E+00
 1.93687500000000E+03  -6.73710000000000E+00
 1.93695830000000E+03   6.47700000000000E+00
 1.93704170000000E+03   1.38451000000000E+01
 1.93712500000000E+03   7.52090000000000E+00
 1.93720830000000E+03   1.29660000000000E+01
 1.93729170000000E+03   1.41034000000000E+01
 1.93737500000000E+03   5.39470000000000E+00
 1.93745830000000E+03  -4.92930000000000E+00
 1.93754170000000E+03  -7.71480000000000E+00
 1.93762500000000E+03  -3.91156000000000E+01
 1.93770830000000E+03  -3.22087000000000E+01
 1.93779170000000E+03  -2.43787000000000E+01
 1.93787500000000E+03  -2.03948000000000E+01
 1.93795830000000E+03   3.51230000000000E+00
 1.93804170000000E+03   4.80400000000000E+00
 1.93812500000000E+03   3.17270000000000E+00
 1.93820830000000E+03   5.77220000000000E+00
 1.93829170000000E+03   1.12178000000000E+01
 1.93837500000000E+03   3.08944000000000E+01
 1.93845830000000E+03   2.28786000000000E+01
 1.93854170000000E+03   2.92475000000000E+01
 1.93862500000000E+03   2.18473000000000E+01
 1.93870830000000E+03   1.89855000000000E+01
 1.93879170000000E+03   5.20070000000000E+00
 1.93887500000000E+03  -3.50710000000000E+00
 1.93895830000000E+03   2.01590000000000E+00
 1.93904170000000E+03  -5.61490000000000E+00
 1.93912500000000E+03  -7.47640000000000E+00
 1.93920830000000E+03  -1.11840000000000E+01
 1.93929170000000E+03  -2.07378000000000E+01
 1.93937500000000E+03  -3.10607000000000E+01
 1.93945830000000E+03  -5.01528000000000E+01
 1.93954170000000E+03  -5.80910000000000E+01
 1.93962500000000E+03  -7.07984000000000E+01
 1.93970830000000E+03  -8.05057000000000E+01
 1.93979170000000E+03  -8.18284000000000E+01
 1.93987500000000E+03  -8.68433000000000E+01
 1.93995830000000E+03  -7.96275000000000E+01
 1.94004170000000E+03  -7.46423000000000E+01
 1.94012500000000E+03  -7.15802000000000E+01
 1.94020830000000E+03  -5.82103000000000E+01
 1.94029170000000E+03  -6.00712000000000E+01
 1.94037500000000E+03  -3.90858000000000E+01
 1.94045830000000E+03  -4.42543000000000E+01
 1.94054170000000E+03  -5.52688000000000E+01
 1.94062500000000E+03  -5.18987000000000E+01
 1.94070830000000E+03  -4.92978000000000E+01
 1.94079170000000E+03  -6.13122000000000E+01
 1.94087500000000E+03  -6.01727000000000E+01
 1.94095830000000E+03  -5.27255000000000E+01
 1.94104170000000E+03  -4.65090000000000E+01
 1.94112500000000E+03  -4.13694000000000E+01
 1.94120830000000E+03  -5.18451000000000E+01
 1.94129170000000E+03  -5.90131000000000E+01
 1.94137500000000E+03  -6.34887000000000E+01
 1.94145830000000E+03  -6.52720000000000E+01
 1.94154170000000E+03  -8.08244000000000E+01
 1.94162500000000E+03  -8.27614000000000E+01
 1.94170830000000E+03  -8.50061000000000E+01
 1.94179170000000E+03  -8.83277000000000E+01
 1.94187500000000E+03  -7.72645000000000E+01
 1.94195830000000E+03  -6.78167000000000E+01
 1.94204170000000E+03  -6.15997000000000E+01
 1.94212500000000E+03  -6.31518000000000E+01
 1.94220830000000E+03  -6.37038000000000E+01
 1.94229170000000E+03  -4.37174000000000E+01
 1.94237500000000E+03  -3.81925000000000E+01
 1.94245830000000E+03  -2.08982000000000E+01
 1.94254170000000E+03  -3.07578000000000E+01
 1.94262500000000E+03  -1.84810000000000E+00
 1.94270830000000E+03   7.67710000000000E+00
 1.94279170000000E+03   2.82022000000000E+01
 1.94287500000000E+03   3.92659000000000E+01
 1.94295830000000E+03   4.53297000000000E+01
 1.94304170000000E+03   5.22396000000000E+01
 1.94312500000000E+03   5.91496000000000E+01
 1.94320830000000E+03   6.63674000000000E+01
 1.94329170000000E+03   6.48159000000000E+01
 1.94337500000000E+03   5.37261000000000E+01
 1.94345830000000E+03   4.59439000000000E+01
 1.94354170000000E+03   5.21618000000000E+01
 1.94362500000000E+03   4.37644000000000E+01
 1.94370830000000E+03   2.75978000000000E+01
 1.94379170000000E+03   2.59698000000000E+01
 1.94387500000000E+03   1.21109000000000E+01
 1.94395830000000E+03   1.61753000000000E+01
 1.94404170000000E+03   1.86242000000000E+01
 1.94412500000000E+03   1.73810000000000E+01
 1.94420830000000E+03   1.38300000000000E+01
 1.94429170000000E+03   8.12530000000000E+00
 1.94437500000000E+03   1.02668000000000E+01
 1.94445830000000E+03   7.86990000000000E+00
 1.94454170000000E+03   2.78070000000000E+00
 1.94462500000000E+03  -9.38540000000000E+00
 1.94470830000000E+03  -3.01300000000000E+00
 1.94479170000000E+03   1.20570000000000E+00
 1.94487500000000E+03   6.19360000000000E+00
 1.94495830000000E+03   1.70277000000000E+01
 1.94504170000000E+03   2.24003000000000E+01
 1.94512500000000E+03   2.63884000000000E+01
 1.94520830000000E+03   2.35303000000000E+01
 1.94529170000000E+03   2.75954000000000E+01
 1.94537500000000E+03   3.07375000000000E+01
 1.94545830000000E+03   3.04180000000000E+01
 1.94554170000000E+03   3.22525000000000E+01
 1.94562500000000E+03   4.57793000000000E+01
 1.94570830000000E+03   3.56138000000000E+01
 1.94579170000000E+03   3.85253000000000E+01
 1.94587500000000E+03   3.09754000000000E+01
 1.94595830000000E+03   4.32716000000000E+01
 1.94604170000000E+03   4.34140000000000E+01
 1.94612500000000E+03   4.46334000000000E+01
 1.94620830000000E+03   5.18529000000000E+01
 1.94629170000000E+03   4.98416000000000E+01
 1.94637500000000E+03   4.20611000000000E+01
 1.94645830000000E+03   3.38961000000000E+01
 1.94654170000000E+03   1.25004000000000E+01
 1.94662500000000E+03  -1.13569000000000E+01
 1.94670830000000E+03  -2.56756000000000E+01
 1.94679170000000E+03  -1.76866000000000E+01
 1.94687500000000E+03  -3.72360000000000E+01
 1.94695830000000E+03  -3.21700000000000E+01
 1.94704170000000E+03  -3.93347000000000E+01
 1.94712500000000E+03  -5.08070000000000E+01
 1.94720830000000E+03  -4.74331000000000E+01
 1.94729170000000E+03  -6.25208000000000E+01
 1.94737500000000E+03  -5.16853000000000E+01
 1.94745830000000E+03  -5.03882000000000E+01
 1.94754170000000E+03  -4.10141000000000E+01
 1.94762500000000E+03  -3.44092000000000E+01
 1.94770830000000E+03  -1.58812000000000E+01
 1.94779170000000E+03  -1.51994000000000E+01
 1.94787500000000E+03  -2.16713000000000E+01
 1.94795830000000E+03  -9.89300000000000E-01
 1.94804170000000E+03   6.30810000000000E+00
 1.94812500000000E+03   1.38364000000000E+01
 1.94820830000000E+03   3.31339000000000E+01
 1.94829170000000E+03   3.42776000000000E+01
 1.94837500000000E+03   4.51137000000000E+01
 1.94845830000000E+03   4.41806000000000E+01
 1.94854170000000E+03   5.34782000000000E+01
 1.94862500000000E+03   5.69298000000000E+01
 1.94870830000000E+03   4.99969000000000E+01
 1.94879170000000E+03   5.51409000000000E+01
 1.94887500000000E+03   5.52849000000000E+01
 1.94895830000000E+03   6.28906000000000E+01
 1.94904170000000E+03   6.36501000000000E+01
 1.94912500000000E+03   6.59481000000000E+01
 1.94920830000000E+03   5.63231000000000E+01
 1.94929170000000E+03   5.49289000000000E+01
 1.94937500000000E+03   4.96887000000000E+01
 1.94945830000000E+03   5.92177000000000E+01
 1.94954170000000E+03   4.57467000000000E+01
 1.94962500000000E+03   3.95066000000000E+01
 1.94970830000000E+03   2.89588000000000E+01
 1.94979170000000E+03   4.30264000000000E+01
 1.94987500000000E+03   3.18634000000000E+01
 1.94995830000000E+03   4.16234000000000E+01
 1.95004170000000E+03   4.46912000000000E+01
 1.95012500000000E+03   4.41436000000000E+01
 1.95020830000000E+03   5.45192000000000E+01
 1.95029170000000E+03   6.42025000000000E+01
 1.95037500000000E+03   5.84244000000000E+01
 1.95045830000000E+03   5.41847000000000E+01
 1.95054170000000E+03   3.51759000000000E+01
 1.95062500000000E+03   3.15517000000000E+01
 1.95070830000000E+03   2.04660000000000E+01
 1.95079170000000E+03   2.05342000000000E+01
 1.95087500000000E+03   8.14090000000000E+00
 1.95095830000000E+03   1.27477000000000E+01
 1.95104170000000E+03   1.19699000000000E+01
 1.95112500000000E+03   1.09614000000000E+01
 1.95120830000000E+03   1.28760000000000E+01
 1.95129170000000E+03  -9.74780000000000E+00
 1.95137500000000E+03  -1.10638000000000E+01
 1.95145830000000E+03   3.77400000000000E+00
 1.95154170000000E+03   1.05349000000000E+01
 1.95162500000000E+03   1.58344000000000E+01
 1.95170830000000E+03   1.45185000000000E+01
 1.95179170000000E+03   1.18950000000000E+01
 1.95187500000000E+03   1.19638000000000E+01
 1.95195830000000E+03   3.03404000000000E+01
 1.95204170000000E+03   3.46401000000000E+01
 1.95212500000000E+03   3.65553000000000E+01
 1.95220830000000E+03   4.27781000000000E+01
 1.95229170000000E+03   4.40010000000000E+01
 1.95237500000000E+03   5.29933000000000E+01
 1.95245830000000E+03   4.62163000000000E+01
 1.95254170000000E+03   2.71316000000000E+01
 1.95262500000000E+03   1.48932000000000E+01
 1.95270830000000E+03   3.96250000000000E+00
 1.95279170000000E+03   8.03190000000000E+00
 1.95287500000000E+03   1.17936000000000E+01
 1.95295830000000E+03   1.24015000000000E+01
 1.95304170000000E+03   1.38556000000000E+01
 1.95312500000000E+03   2.43867000000000E+01
 1.95320830000000E+03   2.63025000000000E+01
 1.95329170000000E+03   2.19106000000000E+01
 1.95337500000000E+03   2.79803000000000E+01
 1.95345830000000E+03   2.86654000000000E+01
 1.95354170000000E+03   2.66583000000000E+01
 1.95362500000000E+03   7.80500000000000E+00
 1.95370830000000E+03   3.49030000000000E+00
 1.95379170000000E+03   1.32950000000000E+00
 1.95387500000000E+03  -4.44670000000000E+00
 1.95395830000000E+03  -7.61300000000000E-01
 1.95404170000000E+03   1.03857000000000E+01
 1.95412500000000E+03   8.76350000000000E+00
 1.95420830000000E+03   1.16029000000000E+01
 1.95429170000000E+03   1.69039000000000E+01
 1.95437500000000E+03   1.62049000000000E+01
 1.95445830000000E+03   1.91214000000000E+01
 1.95454170000000E+03   1.58071000000000E+01
 1.95462500000000E+03   1.31083000000000E+01
 1.95470830000000E+03   2.07942000000000E+01
 1.95479170000000E+03   2.14031000000000E+01
 1.95487500000000E+03   3.03967000000000E+01
 1.95495830000000E+03   3.96981000000000E+01
 1.95504170000000E+03   4.04611000000000E+01
 1.95512500000000E+03   2.96087000000000E+01
 1.95520830000000E+03   3.41410000000000E+01
 1.95529170000000E+03   3.12887000000000E+01
 1.95537500000000E+03   2.53595000000000E+01
 1.95545830000000E+03   3.71996000000000E+01
 1.95554170000000E+03   2.51936000000000E+01
 1.95562500000000E+03   7.95690000000000E+00
 1.95570830000000E+03   5.79720000000000E+00
 1.95579170000000E+03   1.36375000000000E+01
 1.95587500000000E+03   2.21701000000000E+01
 1.95595830000000E+03   2.50875000000000E+01
 1.95604170000000E+03   3.70817000000000E+01
 1.95620830000000E+03   3.73782000000000E+01
 1.95629170000000E+03   5.00649000000000E+01
 1.95637500000000E+03   4.33671000000000E+01
 1.95645830000000E+03   3.64385000000000E+01
 1.95654170000000E+03   3.55100000000000E+01
 1.95662500000000E+03   2.36585000000000E+01
 1.95670830000000E+03   1.33455000000000E+01
 1.95679170000000E+03   1.81864000000000E+01
 1.95687500000000E+03   1.51042000000000E+01
 1.95695830000000E+03   1.45606000000000E+01
 1.95704170000000E+03   1.61708000000000E+01
 1.95712500000000E+03   1.88580000000000E+01
 1.95720830000000E+03   2.09299000000000E+01
 1.95729170000000E+03   3.40019000000000E+01
 1.95737500000000E+03   2.69200000000000E+01
 1.95745830000000E+03   1.29151000000000E+01
 1.95754170000000E+03   9.29490000000000E+00
 1.95762500000000E+03   4.98240000000000E+00
 1.95770830000000E+03   3.51610000000000E+00
 1.95779170000000E+03   1.33575000000000E+01
 1.95787500000000E+03   2.98144000000000E+01
 1.95937500000000E+03   3.52771000000000E+01
 1.95945830000000E+03   3.50426000000000E+01
 1.95954170000000E+03   3.09620000000000E+01
 1.95962500000000E+03   1.54968000000000E+01
 1.95970830000000E+03  -1.28915000000000E+01
 1.95979170000000E+03  -3.75873000000000E+01
 1.95987500000000E+03  -5.05139000000000E+01
 1.95995830000000E+03  -4.08251000000000E+01
 1.96004170000000E+03  -3.99054000000000E+01
 1.96012500000000E+03  -3.62934000000000E+01
 1.96020830000000E+03  -3.76814000000000E+01
 1.96029170000000E+03  -4.19924000000000E+01
 1.96037500000000E+03  -3.81494000000000E+01
 1.96045830000000E+03  -3.13065000000000E+01
 1.96054170000000E+03  -3.34634000000000E+01
 1.96062500000000E+03  -2.86204000000000E+01
 1.96070830000000E+03  -9.16190000000000E+00
 1.96079170000000E+03   4.50500000000000E-01
 1.96087500000000E+03   1.18322000000000E+01
 1.96095830000000E+03   3.09062000000000E+01
 1.96104170000000E+03   3.99033000000000E+01
 1.96112500000000E+03   4.92082000000000E+01
 1.96120830000000E+03   5.08209000000000E+01
 1.96129170000000E+03   5.94335000000000E+01
 1.96137500000000E+03   7.22001000000000E+01
 1.96145830000000E+03   6.98898000000000E+01
 1.96154170000000E+03   7.84257000000000E+01
 1.96162500000000E+03   8.20386000000000E+01
 1.96170830000000E+03   6.94976000000000E+01
 1.96179170000000E+03   5.04183000000000E+01
 1.96187500000000E+03   5.19544000000000E+01
 1.96195830000000E+03   5.20290000000000E+01
 1.96204170000000E+03   4.43344000000000E+01
 1.96212500000000E+03   4.77168000000000E+01
 1.96220830000000E+03   4.18684000000000E+01
 1.96229170000000E+03   4.11740000000000E+01
 1.96237500000000E+03   2.77873000000000E+01
 1.96245830000000E+03   1.90160000000000E+01
 1.96254170000000E+03   2.47550000000000E+00
 1.96262500000000E+03  -2.03726000000000E+01
 1.96270830000000E+03  -3.32975000000000E+01
 1.96279170000000E+03  -3.76071000000000E+01
 1.96287500000000E+03  -3.93012000000000E+01
 1.96295830000000E+03  -3.77645000000000E+01
 1.96304170000000E+03  -3.86893000000000E+01
 1.96312500000000E+03  -3.87679000000000E+01
 1.96320830000000E+03  -4.63079000000000E+01
 1.96329170000000E+03  -4.26172000000000E+01
 1.96337500000000E+03  -3.63110000000000E+01
 1.96345830000000E+03  -2.72356000000000E+01
 1.96354170000000E+03  -2.89293000000000E+01
 1.96362500000000E+03  -2.29307000000000E+01
 1.96370830000000E+03  -2.83936000000000E+01
 1.96379170000000E+03  -2.28564000000000E+01
 1.96387500000000E+03  -1.17038000000000E+01
 1.96395830000000E+03  -2.43400000000000E-01
 1.96404170000000E+03   8.14010000000000E+00
 1.96412500000000E+03   1.02159000000000E+01
 1.96420830000000E+03   1.50610000000000E+01
 1.96429170000000E+03   9.90620000000000E+00
 1.96437500000000E+03   1.30591000000000E+01
 1.96445830000000E+03   3.98120000000000E+00
 1.96454170000000E+03   1.28810000000000E+00
 1.96462500000000E+03  -4.71270000000000E+00
 1.96470830000000E+03  -9.09810000000000E+00
 1.96479170000000E+03  -2.71420000000000E+00
 1.96487500000000E+03  -1.86870000000000E+00
 1.96495830000000E+03   2.59220000000000E+00
 1.96504170000000E+03   7.66860000000000E+00
 1.96512500000000E+03   4.59110000000000E+00
 1.96520830000000E+03   8.89840000000000E+00
 1.96529170000000E+03   8.20560000000000E+00
 1.96537500000000E+03   1.32052000000000E+01
 1.96545830000000E+03   7.97410000000000E+00
 1.96554170000000E+03  -6.33380000000000E+00
 1.96562500000000E+03  -9.41100000000000E+00
 1.96570830000000E+03  -2.02660000000000E+00
 1.96579170000000E+03  -5.64210000000000E+00
 1.96587500000000E+03  -2.56520000000000E+00
 1.96595830000000E+03   5.20390000000000E+00
 1.96604170000000E+03   1.23578000000000E+01
 1.96612500000000E+03   1.15117000000000E+01
 1.96620830000000E+03   2.44349000000000E+01
 1.96629170000000E+03   2.12812000000000E+01
 1.96637500000000E+03   1.55121000000000E+01
 1.96645830000000E+03   2.02047000000000E+01
 1.96654170000000E+03   8.97420000000000E+00
 1.96662500000000E+03   2.43591000000000E+01
 1.96670830000000E+03   4.18211000000000E+01
 1.96679170000000E+03   3.54369000000000E+01
 1.96687500000000E+03   4.24374000000000E+01
 1.96695830000000E+03   5.08994000000000E+01
 1.96704170000000E+03   5.29000000000000E+01
 1.96712500000000E+03   5.11314000000000E+01
 1.96720830000000E+03   5.33628000000000E+01
 1.96729170000000E+03   6.45943000000000E+01
 1.96737500000000E+03   6.91335000000000E+01
 1.96745830000000E+03   8.05959000000000E+01
 1.96754170000000E+03   7.47506000000000E+01
 1.96762500000000E+03   7.38284000000000E+01
 1.96770830000000E+03   7.52909000000000E+01
 1.96779170000000E+03   5.14458000000000E+01
 1.96787500000000E+03   4.92161000000000E+01
 1.96795830000000E+03   5.32941000000000E+01
 1.96804170000000E+03   4.88337000000000E+01
 1.96812500000000E+03   4.52964000000000E+01
 1.96820830000000E+03   3.83746000000000E+01
 1.96829170000000E+03   4.26836000000000E+01
 1.96837500000000E+03   1.62234000000000E+01
 1.96845830000000E+03   7.37860000000000E+00
 1.96854170000000E+03  -9.85070000000000E+00
 1.96862500000000E+03  -2.33108000000000E+01
 1.96870830000000E+03  -3.27708000000000E+01
 1.96879170000000E+03  -4.69231000000000E+01
 1.96887500000000E+03  -4.92292000000000E+01
 1.96895830000000E+03  -4.61506000000000E+01
 1.96904170000000E+03  -4.22258000000000E+01
 1.96912500000000E+03  -3.89163000000000E+01
 1.96920830000000E+03  -3.36837000000000E+01
 1.96929170000000E+03  -2.39896000000000E+01
 1.96937500000000E+03  -1.64492000000000E+01
 1.96945830000000E+03  -2.63703000000000E+01
 1.96954170000000E+03  -3.45222000000000E+01
 1.96962500000000E+03  -3.38278000000000E+01
 1.96970830000000E+03  -3.14411000000000E+01
 1.96979170000000E+03  -2.09005000000000E+01
 1.96987500000000E+03  -2.22060000000000E+01
 1.96995830000000E+03  -1.64345000000000E+01
 1.97004170000000E+03  -1.89380000000000E+00
 1.97012500000000E+03  -5.89140000000000E+00
 1.97020830000000E+03   4.95600000000000E-01
 1.97029170000000E+03   6.49800000000000E+00
 1.97037500000000E+03   4.50050000000000E+00
 1.97045830000000E+03  -1.13432000000000E+01
 1.97054170000000E+03   1.27480000000000E+00
 1.97062500000000E+03   1.09697000000000E+01
 1.97070830000000E+03   6.35700000000000E+00
 1.97079170000000E+03   4.97510000000000E+00
 1.97087500000000E+03   3.62500000000000E-01
 1.97095830000000E+03   4.36530000000000E+00
 1.97104170000000E+03   8.52200000000000E+00
 1.97112500000000E+03   6.34000000000000E-02
 1.97120830000000E+03   1.60480000000000E+00
 1.97129170000000E+03   5.37700000000000E+00
 1.97137500000000E+03   4.99550000000000E+00
 1.97145830000000E+03   5.53700000000000E+00
 1.97154170000000E+03  -1.50752000000000E+01
 1.97162500000000E+03  -3.02259000000000E+01
 1.97170830000000E+03  -4.77611000000000E+01
 1.97179170000000E+03  -4.66809000000000E+01
 1.97187500000000E+03  -4.58314000000000E+01
 1.97195830000000E+03  -3.72896000000000E+01
 1.97204170000000E+03  -3.65169000000000E+01
 1.97212500000000E+03  -3.92827000000000E+01
 1.97220830000000E+03  -4.23561000000000E+01
 1.97229170000000E+03  -4.04294000000000E+01
 1.97237500000000E+03  -3.55027000000000E+01
 1.97245830000000E+03  -4.01144000000000E+01
 1.97254170000000E+03  -5.34184000000000E+01
 1.97262500000000E+03  -3.06454000000000E+01
 1.97270830000000E+03  -2.18724000000000E+01
 1.97279170000000E+03  -9.56080000000000E+00
 1.97287500000000E+03  -1.04031000000000E+01
 1.97295830000000E+03  -4.76000000000000E-01
 1.97304170000000E+03  -2.08740000000000E+00
 1.97312500000000E+03   2.76280000000000E+00
 1.97320830000000E+03   2.07669000000000E+01
 1.97329170000000E+03   2.83864000000000E+01
 1.97337500000000E+03   2.81598000000000E+01
 1.97362500000000E+03   8.78810000000000E+00
 1.97370830000000E+03  -1.66691000000000E+01
 1.97379170000000E+03  -2.78185000000000E+01
 1.97387500000000E+03  -4.24294000000000E+01
 1.97395830000000E+03  -3.61172000000000E+01
 1.97404170000000E+03  -2.04203000000000E+01
 1.97412500000000E+03  -1.16465000000000E+01
 1.97420830000000E+03  -4.25720000000000E+00
 1.97429170000000E+03  -1.56020000000000E+00
 1.97437500000000E+03  -7.09200000000000E-01
 1.97445830000000E+03   2.37250000000000E+00
 1.97454170000000E+03   1.14543000000000E+01
 1.97462500000000E+03   4.59200000000000E-01
 1.97470830000000E+03  -4.15130000000000E+00
 1.97479170000000E+03   1.77680000000000E+00
 1.97487500000000E+03   6.47420000000000E+00
 1.97495830000000E+03   1.01716000000000E+01
 1.97504170000000E+03   8.86900000000000E+00
 1.97512500000000E+03  -3.81810000000000E+00
 1.97520830000000E+03   4.64870000000000E+00
 1.97529170000000E+03  -4.03830000000000E+00
 1.97537500000000E+03  -6.41760000000000E+00
 1.97545830000000E+03   3.97240000000000E+00
 1.97554170000000E+03  -9.32990000000000E+00
 1.97562500000000E+03  -3.98629000000000E+01
 1.97570830000000E+03  -4.20881000000000E+01
 1.97579170000000E+03  -4.54672000000000E+01
 1.97587500000000E+03  -4.37692000000000E+01
 1.97595830000000E+03  -3.25328000000000E+01
 1.97604170000000E+03  -2.61425000000000E+01
 1.97612500000000E+03  -3.38290000000000E+01
 1.97620830000000E+03  -3.83617000000000E+01
 1.97629170000000E+03  -4.98943000000000E+01
 1.97637500000000E+03  -6.05807000000000E+01
 1.97645830000000E+03  -7.48824000000000E+01
 1.97654170000000E+03  -9.40303000000000E+01
 1.97662500000000E+03  -1.08178100000000E+02
 1.97670830000000E+03  -1.00172000000000E+02
 1.97679170000000E+03  -9.27043000000000E+01
 1.97687500000000E+03  -9.58519000000000E+01
 1.97695830000000E+03  -8.64611000000000E+01
 1.97704170000000E+03  -8.48394000000000E+01
 1.97712500000000E+03  -9.23716000000000E+01
 1.97720830000000E+03  -8.57498000000000E+01
 1.97729170000000E+03  -7.88972000000000E+01
 1.97737500000000E+03  -7.88138000000000E+01
 1.97745830000000E+03  -8.40381000000000E+01
 1.97754170000000E+03  -8.41084000000000E+01
 1.97762500000000E+03  -7.77941000000000E+01
 1.97795830000000E+03  -7.05364000000000E+01
 1.97804170000000E+03  -6.26064000000000E+01
 1.97820830000000E+03  -4.89003000000000E+01
 1.97829170000000E+03  -2.92779000000000E+01
 1.97837500000000E+03  -1.33478000000000E+01
 1.97845830000000E+03  -2.21868000000000E+01
 1.97854170000000E+03  -1.62566000000000E+01
 1.97862500000000E+03  -2.00187000000000E+01
 1.97870830000000E+03  -3.03191000000000E+01
 1.97879170000000E+03  -2.05426000000000E+01
 1.97887500000000E+03  -1.07370000000000E+00
 1.97895830000000E+03   2.49336000000000E+01
 1.97912500000000E+03   1.75639000000000E+01
 1.97920830000000E+03   2.84176000000000E+01
 1.97937500000000E+03   3.32789000000000E+01
 1.97954170000000E+03   1.19866000000000E+01
 1.97962500000000E+03  -1.00056000000000E+01
 1.97970830000000E+03  -4.11517000000000E+01
 1.97979170000000E+03  -4.17592000000000E+01
 1.97987500000000E+03  -5.40590000000000E+01
 1.97995830000000E+03  -5.35126000000000E+01
 1.98004170000000E+03  -4.65046000000000E+01
 1.98012500000000E+03  -5.01888000000000E+01
 1.98020830000000E+03  -4.97192000000000E+01
 1.98029170000000E+03  -5.01726000000000E+01
 1.98037500000000E+03  -3.88567000000000E+01
 1.98045830000000E+03  -4.30023000000000E+01
 1.98054170000000E+03  -5.29171000000000E+01
 1.98062500000000E+03  -5.62934000000000E+01
 1.98070830000000E+03  -4.93619000000000E+01
 1.98079170000000E+03  -2.79689000000000E+01
 1.98087500000000E+03  -1.74220000000000E+01
 1.98112500000000E+03  -2.42400000000000E-01
 1.98120830000000E+03   6.84320000000000E+00
 1.98129170000000E+03   2.22365000000000E+01
 1.98137500000000E+03   3.85530000000000E+01
 1.98145830000000E+03   4.17156000000000E+01
 1.98154170000000E+03   2.42629000000000E+01
 1.98162500000000E+03   1.47334000000000E+01
 1.98170830000000E+03   8.35770000000000E+00
 1.98179170000000E+03   7.44360000000000E+00
 1.98187500000000E+03   2.03757000000000E+01
 1.98195830000000E+03   3.92310000000000E+01
 1.98212500000000E+03   4.48647000000000E+01
 1.98220830000000E+03   4.11816000000000E+01
 1.98229170000000E+03   5.28063000000000E+01
 1.98245830000000E+03   6.42096000000000E+01
 1.98254170000000E+03   4.73729000000000E+01
 1.98262500000000E+03   1.42285000000000E+01
 1.98270830000000E+03   6.08420000000000E+00
 1.98279170000000E+03   2.37861000000000E+01
 1.98287500000000E+03   5.18726000000000E+01
 1.98295830000000E+03   6.08053000000000E+01
 1.98320830000000E+03   7.19885000000000E+01
 1.98329170000000E+03   8.23829000000000E+01
 1.98354170000000E+03   5.92589000000000E+01
 1.98370830000000E+03   3.40483000000000E+01
 1.98379170000000E+03   2.57508000000000E+01
 1.98387500000000E+03  -2.00830000000000E+00
 1.98395830000000E+03  -1.73827000000000E+01
 1.98404170000000E+03  -1.43724000000000E+01
 1.98412500000000E+03  -3.66980000000000E+00
 1.98420830000000E+03   1.80220000000000E+00
 1.98429170000000E+03   7.27410000000000E+00
 1.98437500000000E+03  -1.34077000000000E+01
 1.98445830000000E+03  -2.40126000000000E+01
 1.98454170000000E+03  -3.98482000000000E+01
 1.98462500000000E+03  -4.59145000000000E+01
 1.98470830000000E+03  -2.77500000000000E+01
 1.98479170000000E+03  -3.89310000000000E+00
 1.98495830000000E+03   1.18977000000000E+01
 1.98529170000000E+03   2.29414000000000E+01
 1.98537500000000E+03   2.47217000000000E+01
 1.98545830000000E+03   3.23481000000000E+01
 1.98554170000000E+03   3.66670000000000E+01
 1.98562500000000E+03   8.98590000000000E+00
 1.98570830000000E+03  -1.66183000000000E+01
 1.98579170000000E+03  -3.42224000000000E+01
 1.98587500000000E+03  -3.95188000000000E+01
 1.98595830000000E+03  -3.45843000000000E+01
 1.98604170000000E+03  -3.00344000000000E+01
 1.98612500000000E+03  -3.58691000000000E+01
 1.98620830000000E+03  -3.87807000000000E+01
 1.98629170000000E+03  -3.36922000000000E+01
 1.98637500000000E+03  -1.57575000000000E+01
 1.98645830000000E+03  -1.74580000000000E+00
 1.98654170000000E+03  -1.66572000000000E+01
 1.98662500000000E+03  -1.92608000000000E+01
 1.98670830000000E+03  -7.47980000000000E+00
 1.98679170000000E+03  -5.62180000000000E+00
 1.98687500000000E+03   7.31320000000000E+00
 1.98695830000000E+03   1.74021000000000E+01
 1.98704170000000E+03   1.44141000000000E+01
 1.98712500000000E+03   1.11184000000000E+01
 1.98720830000000E+03   2.56690000000000E+01
 1.98729170000000E+03   2.28350000000000E+01
 1.98737500000000E+03   1.75395000000000E+01
 1.98745830000000E+03   1.00901000000000E+01
 1.98754170000000E+03   2.64090000000000E+00
 1.98762500000000E+03   1.59609000000000E+01
 1.98770830000000E+03   1.33579000000000E+01
 1.98779170000000E+03   1.43703000000000E+01
 1.98787500000000E+03   1.08443000000000E+01
 1.98795830000000E+03   1.28568000000000E+01
 1.98804170000000E+03   1.43310000000000E+01
 1.98812500000000E+03   3.05743000000000E+01
 1.98820830000000E+03   3.85101000000000E+01
 1.98829170000000E+03   2.82151000000000E+01
 1.98837500000000E+03   3.70740000000000E+01
 1.98845830000000E+03   4.41637000000000E+01
 1.98854170000000E+03   4.84074000000000E+01
 1.98862500000000E+03   5.66510000000000E+01
 1.98870830000000E+03   5.72793000000000E+01
 1.98879170000000E+03   5.06000000000000E+01
 1.98887500000000E+03   5.83823000000000E+01
 1.98895830000000E+03   6.83954000000000E+01
 1.98904170000000E+03   6.95624000000000E+01
 1.98912500000000E+03   7.65756000000000E+01
 1.98920830000000E+03   7.12811000000000E+01
 1.98929170000000E+03   7.02175000000000E+01
 1.98937500000000E+03   7.63077000000000E+01
 1.98945830000000E+03   7.72442000000000E+01
 1.98954170000000E+03   8.10268000000000E+01
 1.98962500000000E+03   9.16557000000000E+01
 1.98970830000000E+03   8.63615000000000E+01
 1.98979170000000E+03   7.42981000000000E+01
 1.98987500000000E+03   7.60810000000000E+01
 1.98995830000000E+03   7.71716000000000E+01
 1.99004170000000E+03   8.04930000000000E+01
 1.99012500000000E+03   8.45067000000000E+01
 1.99020830000000E+03   7.99821000000000E+01
 1.99029170000000E+03   8.09959000000000E+01
 1.99037500000000E+03   7.33944000000000E+01
 1.99045830000000E+03   6.59468000000000E+01
 1.99054170000000E+03   3.89608000000000E+01
 1.99062500000000E+03   5.05180000000000E+00
 1.99070830000000E+03  -2.99341000000000E+01
 1.99079170000000E+03  -4.94584000000000E+01
 1.99087500000000E+03  -4.32135000000000E+01
 1.99104170000000E+03  -3.80311000000000E+01
 1.99112500000000E+03  -3.44014000000000E+01
 1.99120830000000E+03  -2.99255000000000E+01
 1.99129170000000E+03  -3.46803000000000E+01
 1.99137500000000E+03  -3.25120000000000E+01
 1.99145830000000E+03  -3.63436000000000E+01
 1.99154170000000E+03  -3.77137000000000E+01
 1.99162500000000E+03  -4.10837000000000E+01
 1.99170830000000E+03  -3.22998000000000E+01
 1.99179170000000E+03  -2.60543000000000E+01
 1.99195830000000E+03  -2.36401000000000E+01
 1.99204170000000E+03  -1.26253000000000E+01
 1.99212500000000E+03  -5.53350000000000E+00
 1.99220830000000E+03  -2.28780000000000E+00
 1.99229170000000E+03  -7.50350000000000E+00
 1.99237500000000E+03  -3.41160000000000E+00
 1.99245830000000E+03   1.42000000000000E-01
 1.99254170000000E+03   1.03879000000000E+01
 1.99262500000000E+03   2.55690000000000E+00
 1.99270830000000E+03  -9.35090000000000E+00
 1.99279170000000E+03  -2.16433000000000E+01
 1.99287500000000E+03  -2.78588000000000E+01
 1.99295830000000E+03  -1.72280000000000E+01
 1.99304170000000E+03  -5.28950000000000E+00
 1.99312500000000E+03  -5.35100000000000E+00
 1.99320830000000E+03  -1.86432000000000E+01
 1.99329170000000E+03  -2.53968000000000E+01
 1.99337500000000E+03  -3.26889000000000E+01
 1.99345830000000E+03  -3.41348000000000E+01
 1.99354170000000E+03  -2.88883000000000E+01
 1.99362500000000E+03  -6.79495000000000E+01
 1.99370830000000E+03  -5.89337000000000E+01
 1.99379170000000E+03  -6.03024000000000E+01
 1.99387500000000E+03  -5.48250000000000E+01
 1.99395830000000E+03  -3.77321000000000E+01
 1.99404170000000E+03  -4.49469000000000E+01
 1.99412500000000E+03  -4.77001000000000E+01
 1.99420830000000E+03  -4.62994000000000E+01
 1.99429170000000E+03  -3.85140000000000E+01
 1.99437500000000E+03  -2.34209000000000E+01
 1.99445830000000E+03   1.21070000000000E+00
 1.99454170000000E+03  -3.23460000000000E+00
 1.99462500000000E+03   5.01250000000000E+00
 1.99470830000000E+03   2.84135000000000E+01
 1.99479170000000E+03   2.03530000000000E+01
 1.99487500000000E+03   2.53695000000000E+01
 1.99495830000000E+03   3.16167000000000E+01
 1.99504170000000E+03   2.90179000000000E+01
 1.99512500000000E+03   3.62653000000000E+01
 1.99520830000000E+03   5.03589000000000E+01
 1.99529170000000E+03   5.03756000000000E+01
 1.99537500000000E+03   4.18539000000000E+01
 1.99545830000000E+03   1.64091000000000E+01
 1.99554170000000E+03  -9.49710000000000E+00
 1.99562500000000E+03  -3.36340000000000E+01
 1.99579170000000E+03  -6.14462000000000E+01
 1.99587500000000E+03  -7.26600000000000E+01
 1.99595830000000E+03  -6.87967000000000E+01
 1.99604170000000E+03  -6.17027000000000E+01
 1.99612500000000E+03  -6.46855000000000E+01
 1.99620830000000E+03  -7.14375000000000E+01
 1.99629170000000E+03  -6.55741000000000E+01
 1.99637500000000E+03  -7.09414000000000E+01
 1.99645830000000E+03  -7.73855000000000E+01
 1.99654170000000E+03  -7.46758000000000E+01
 1.99662500000000E+03  -4.44276000000000E+01
 1.99670830000000E+03  -3.50254000000000E+01
 1.99679170000000E+03  -1.86232000000000E+01
 1.99687500000000E+03  -1.46826000000000E+01
 1.99695830000000E+03  -1.13572000000000E+01
 1.99704170000000E+03  -1.51087000000000E+01
 1.99712500000000E+03  -1.78602000000000E+01
 1.99720830000000E+03   3.70000000000000E-03
 1.99729170000000E+03   1.55601000000000E+01
 1.99737500000000E+03   7.96260000000000E+00
 1.99745830000000E+03   2.05740000000000E+00
 1.99754170000000E+03   1.28447000000000E+01
 1.99762500000000E+03   3.15550000000000E+01
 1.99770830000000E+03   1.51115000000000E+01
 1.99779170000000E+03   1.05912000000000E+01
 1.99787500000000E+03   1.00709000000000E+01
 1.99795830000000E+03   2.13199000000000E+01
 1.99804170000000E+03   3.81844000000000E+01
 1.99812500000000E+03   5.42796000000000E+01
 1.99820830000000E+03   5.73749000000000E+01
 1.99829170000000E+03   6.36241000000000E+01
 1.99837500000000E+03   5.44887000000000E+01
 1.99845830000000E+03   6.57380000000000E+01
 1.99854170000000E+03   7.11412000000000E+01
 1.99862500000000E+03   7.06213000000000E+01
 1.99870830000000E+03   4.84092000000000E+01
 1.99879170000000E+03   4.75048000000000E+01
 1.99887500000000E+03   4.60621000000000E+01
 1.99895830000000E+03   4.70808000000000E+01
 1.99904170000000E+03   4.57920000000000E+01
 1.99912500000000E+03   3.53494000000000E+01
 1.99920830000000E+03   2.98298000000000E+01
 1.99929170000000E+03   3.59258000000000E+01
 1.99937500000000E+03   2.54063000000000E+01
 1.99945830000000E+03   3.85793000000000E+01
 1.99954170000000E+03   3.65984000000000E+01
 1.99962500000000E+03   3.74637000000000E+01
 1.99970830000000E+03   2.84060000000000E+01
 1.99979170000000E+03   2.59638000000000E+01
 1.99987500000000E+03   2.70600000000000E+01
 1.99995830000000E+03   3.71563000000000E+01
 2.00004170000000E+03   4.30988000000000E+01
 2.00012500000000E+03   4.36567000000000E+01
 2.00020830000000E+03   3.86762000000000E+01
 2.00029170000000E+03   3.95420000000000E+01
 2.00037500000000E+03   3.52539000000000E+01
 2.00045830000000E+03   3.72735000000000E+01
 2.00054170000000E+03   2.05240000000000E+01
 2.00062500000000E+03   6.08220000000000E+00
 2.00070830000000E+03  -1.22826000000000E+01
 2.00079170000000E+03  -1.91089000000000E+01
 2.00087500000000E+03  -1.83198000000000E+01
 2.00095830000000E+03  -1.62229000000000E+01
 2.00104170000000E+03  -1.95106000000000E+01
 2.00112500000000E+03  -1.87983000000000E+01
 2.00120830000000E+03  -1.78551000000000E+01
 2.00129170000000E+03  -1.06570000000000E+00
 2.00137500000000E+03   4.95440000000000E+00
 2.00145830000000E+03   1.82080000000000E+00
 2.00154170000000E+03   5.30260000000000E+00
 2.00162500000000E+03   2.51691000000000E+01
 2.00170830000000E+03   3.19587000000000E+01
 2.00179170000000E+03   3.25176000000000E+01
 2.00187500000000E+03   3.51534000000000E+01
 2.00195830000000E+03   4.71740000000000E+01
 2.00204170000000E+03   5.05022000000000E+01
 2.00212500000000E+03   4.95997000000000E+01
 2.00220830000000E+03   4.75435000000000E+01
 2.00229170000000E+03   4.51796000000000E+01
 2.00237500000000E+03   2.78926000000000E+01
 2.00245830000000E+03   5.45190000000000E+00
 2.00254170000000E+03   1.48574000000000E+01
 2.00262500000000E+03  -1.15064000000000E+01
 2.00270830000000E+03  -3.90239000000000E+01
 2.00279170000000E+03  -5.00798000000000E+01
 2.00287500000000E+03  -4.68280000000000E+01
 2.00295830000000E+03  -3.82685000000000E+01
 2.00304170000000E+03  -4.08627000000000E+01
 2.00312500000000E+03  -3.73800000000000E+01
 2.00320830000000E+03  -3.26665000000000E+01
 2.00329170000000E+03  -3.05683000000000E+01
 2.00337500000000E+03  -3.43162000000000E+01
 2.00345830000000E+03  -2.62948000000000E+01
 2.00354170000000E+03  -1.68888000000000E+01
 2.00362500000000E+03  -2.66366000000000E+01
 2.00370830000000E+03  -2.19997000000000E+01
 2.00379170000000E+03  -2.44396000000000E+01
 2.00387500000000E+03  -1.71103000000000E+01
 2.00395830000000E+03  -1.27041000000000E+01
 2.00404170000000E+03  -1.52977000000000E+01
 2.00412500000000E+03  -1.38145000000000E+01
 2.00420830000000E+03  -4.79270000000000E+00
 2.00429170000000E+03  -3.69390000000000E+00
 2.00437500000000E+03   4.81800000000000E-01
 2.00445830000000E+03   1.46576000000000E+01
 2.00454170000000E+03   2.42950000000000E+01
 2.00462500000000E+03   1.34709000000000E+01
 2.00470830000000E+03   1.03140000000000E+00
 2.00479170000000E+03  -6.38700000000000E-01
 2.00487500000000E+03   8.76800000000000E+00
 2.00495830000000E+03   1.23287000000000E+01
 2.00504170000000E+03   1.76587000000000E+01
 2.00512500000000E+03   2.59118000000000E+01
 2.00520830000000E+03   3.00880000000000E+01
 2.00529170000000E+03   1.81874000000000E+01
 2.00537500000000E+03   2.59790000000000E+01
 2.00545830000000E+03   2.08477000000000E+01
 2.00554170000000E+03  -2.51430000000000E+00
 2.00562500000000E+03  -2.44917000000000E+01
 2.00570830000000E+03  -2.44691000000000E+01
 2.00579170000000E+03  -1.56771000000000E+01
 2.00587500000000E+03  -1.09621000000000E+01
 2.00595830000000E+03  -1.24778000000000E+01
 2.00604170000000E+03  -1.53780000000000E+01
 2.00612500000000E+03  -1.65089000000000E+01
 2.00620830000000E+03  -1.90245000000000E+01
 2.00629170000000E+03  -1.38476000000000E+01
 2.00637500000000E+03   5.32920000000000E+00
 2.00645830000000E+03   9.12150000000000E+00
 2.00654170000000E+03   2.72216000000000E+01
 2.00662500000000E+03   3.32448000000000E+01
 2.00670830000000E+03   4.14988000000000E+01
 2.00679170000000E+03   4.80605000000000E+01
 2.00687500000000E+03   5.58531000000000E+01
 2.00695830000000E+03   6.33380000000000E+01
 2.00704170000000E+03   8.03614000000000E+01
 2.00712500000000E+03   8.95387000000000E+01
 2.00720830000000E+03   9.94084000000000E+01
 2.00729170000000E+03   9.85858000000000E+01
 2.00737500000000E+03   9.79171000000000E+01
 2.00745830000000E+03   8.50176000000000E+01
 2.00754170000000E+03   8.03490000000000E+01
 2.00762500000000E+03   6.93728000000000E+01
 2.00770830000000E+03   8.18581000000000E+01
 2.00779170000000E+03   7.27281000000000E+01
 2.00787500000000E+03   6.71366000000000E+01
 2.00795830000000E+03   6.57759000000000E+01
 2.00804170000000E+03   6.56461000000000E+01
 2.00812500000000E+03   5.93624000000000E+01
 2.00820830000000E+03   5.03096000000000E+01
 2.00829170000000E+03   5.51030000000000E+01
 2.00837500000000E+03   5.92810000000000E+01
 2.00845830000000E+03   4.56129000000000E+01
 2.00854170000000E+03   3.48679000000000E+01
 2.00862500000000E+03   1.43538000000000E+01
 2.00870830000000E+03  -4.39110000000000E+00
 2.00879170000000E+03  -2.74436000000000E+01
 2.00887500000000E+03  -2.69576000000000E+01
 2.00895830000000E+03  -2.17023000000000E+01
 2.00904170000000E+03  -1.98316000000000E+01
 2.00912500000000E+03  -1.98839000000000E+01
 2.00920830000000E+03  -2.16285000000000E+01
 2.00929170000000E+03  -2.06038000000000E+01
 2.00937500000000E+03  -3.28098000000000E+01
 2.00945830000000E+03  -4.42466000000000E+01
 2.00954170000000E+03  -5.52986000000000E+01
 2.00962500000000E+03  -6.49660000000000E+01
 2.00970830000000E+03  -5.84796000000000E+01
 2.00979170000000E+03  -5.89930000000000E+01
 2.00987500000000E+03  -4.82757000000000E+01
 2.00995830000000E+03  -4.07891000000000E+01
 2.01004170000000E+03  -3.14562000000000E+01
 2.01012500000000E+03  -2.91234000000000E+01
 2.01020830000000E+03  -2.83289000000000E+01
 2.01029170000000E+03  -2.75344000000000E+01
 2.01037500000000E+03  -2.16630000000000E+01
 2.01045830000000E+03  -2.99453000000000E+01
 2.01054170000000E+03  -2.70737000000000E+01
 2.01062500000000E+03  -2.21252000000000E+01
 2.01070830000000E+03  -2.29458000000000E+01
 2.01079170000000E+03  -2.87664000000000E+01
 2.01087500000000E+03  -2.60485000000000E+01
 2.01095830000000E+03  -2.12536000000000E+01
 2.01104170000000E+03  -2.36895000000000E+01
 2.01112500000000E+03  -2.64329000000000E+01
 2.01120830000000E+03  -2.50995000000000E+01
 2.01129170000000E+03  -2.29967000000000E+01
 2.01137500000000E+03  -2.67400000000000E+01
 2.01145830000000E+03  -1.21756000000000E+01
 2.01154170000000E+03  -1.26112000000000E+01
 2.01162500000000E+03  -2.58159000000000E+01
 2.01170830000000E+03  -2.56360000000000E+01
 2.01179170000000E+03  -2.24560000000000E+01
 2.01187500000000E+03  -2.28914000000000E+01
 2.01195830000000E+03  -1.87882000000000E+01
 2.01204170000000E+03  -1.85312000000000E+01
 2.01212500000000E+03  -1.54280000000000E+01
 2.01220830000000E+03  -5.24780000000000E+00
 2.01229170000000E+03  -9.22130000000000E+00
 2.01237500000000E+03  -7.27180000000000E+00
 2.01245830000000E+03  -1.58607000000000E+01
 2.01254170000000E+03  -3.88341000000000E+01
 2.01262500000000E+03  -5.21921000000000E+01
 2.01270830000000E+03  -6.07809000000000E+01
 2.01279170000000E+03  -6.20618000000000E+01
 2.01287500000000E+03  -6.41120000000000E+01
 2.01295830000000E+03  -6.27006000000000E+01
 2.01304170000000E+03  -6.50584000000000E+01
 2.01312500000000E+03  -6.44930000000000E+01
 2.01320830000000E+03  -6.49277000000000E+01
 2.01329170000000E+03  -7.59006000000000E+01
 2.01337500000000E+03  -7.21813000000000E+01
 2.01345830000000E+03  -6.38466000000000E+01
 2.01354170000000E+03  -6.83579000000000E+01
 2.01362500000000E+03  -6.52538000000000E+01
 2.01370830000000E+03  -5.49189000000000E+01
 2.01379170000000E+03  -4.14300000000000E+01
 2.01387500000000E+03  -4.00950000000000E+01
 2.01395830000000E+03  -3.32215000000000E+01
 2.01404170000000E+03  -2.71941000000000E+01
 2.01412500000000E+03  -1.71667000000000E+01
 2.01420830000000E+03  -1.89853000000000E+01
 2.01429170000000E+03  -1.28039000000000E+01
 2.01437500000000E+03  -1.81609000000000E+01
 2.01445830000000E+03  -1.63640000000000E+01
 2.01454170000000E+03  -1.98748000000000E+01
 2.01462500000000E+03  -1.61547000000000E+01
 2.01470830000000E+03  -2.28962000000000E+01
 2.01479170000000E+03  -2.26376000000000E+01
 2.01487500000000E+03  -1.55328000000000E+01
 2.01495830000000E+03  -8.04330000000000E+00
 2.01504170000000E+03   1.29240000000000E+00
 2.01512500000000E+03  -1.41100000000000E-01
 2.01520830000000E+03  -5.03610000000000E+00
 2.01529170000000E+03  -7.00800000000000E+00
 2.01537500000000E+03   4.48170000000000E+00
 2.01545830000000E+03   2.01253000000000E+01
 2.01554170000000E+03   9.07670000000000E+00
 2.01562500000000E+03   1.79730000000000E+00
 2.01570830000000E+03  -3.71280000000000E+00
 2.01579170000000E+03  -1.45360000000000E+00
 2.01587500000000E+03  -4.27130000000000E+00
 2.01595830000000E+03  -9.85820000000000E+00
 2.01604170000000E+03  -3.52190000000000E+00
 2.01612500000000E+03  -2.87790000000000E+00
 2.01620830000000E+03   6.07380000000000E+00
 2.01629170000000E+03  -2.28210000000000E+00
 2.01637500000000E+03   3.59280000000000E+00
 2.01645830000000E+03  -2.53230000000000E+00
 2.01654170000000E+03  -1.33496000000000E+01
 2.01662500000000E+03  -1.77053000000000E+01
 2.01670830000000E+03  -2.65226000000000E+01
 2.01679170000000E+03  -1.57243000000000E+01
 2.01687500000000E+03  -1.68491000000000E+01
 2.01695830000000E+03  -2.74320000000000E+00
 2.01704170000000E+03   6.13210000000000E+00
 2.01712500000000E+03   7.54590000000000E+00
 2.01720830000000E+03   5.49820000000000E+00
 2.01729170000000E+03   1.45275000000000E+01
 2.01737500000000E+03   3.51722000000000E+01
 2.01745830000000E+03   4.42015000000000E+01
 2.01754170000000E+03   3.62117000000000E+01
 2.01762500000000E+03   4.07639000000000E+01
 2.01770830000000E+03   5.28207000000000E+01
 2.01779170000000E+03   6.58836000000000E+01
 2.01787500000000E+03   7.79549000000000E+01
 2.01795830000000E+03   1.02323800000000E+02
