1880	-0.62175
1880.083333	-0.531
1880.166667	-0.47325
1880.25	-0.5525
1880.333333	-0.663
1880.416667	-0.61575
1880.5	-0.3655
1880.583333	-0.18075
1880.666667	-0.19525
1880.75	-0.22175
1880.833333	-0.24625
1880.916667	-0.39275
1881	-0.483
1881.083333	-0.33375
1881.166667	-0.13125
1881.25	-0.058
1881.333333	-0.191
1881.416667	-0.33425
1881.5	-0.27
1881.583333	-0.20225
1881.666667	-0.2035
1881.75	-0.23975
1881.833333	-0.292
1881.916667	-0.22875
1882	-0.07725
1882.083333	-0.07675
1882.166667	-0.25225
1882.25	-0.37675
1882.333333	-0.496
1882.416667	-0.59425
1882.5	-0.4985
1882.583333	-0.307
1882.666667	-0.22225
1882.75	-0.334
1882.833333	-0.5275
1882.916667	-0.4675
1883	-0.24175
1883.083333	-0.28325
1883.166667	-0.47525
1883.25	-0.5645
1883.333333	-0.49475
1883.416667	-0.3345
1883.5	-0.348
1883.583333	-0.481
1883.666667	-0.533
1883.75	-0.57775
1883.833333	-0.65125
1883.916667	-0.71225
1884	-0.705
1884.083333	-0.61125
1884.166667	-0.54225
1884.25	-0.577
1884.333333	-0.61975
1884.416667	-0.5765
1884.5	-0.43225
1884.583333	-0.2295
1884.666667	-0.15475
1884.75	-0.25175
1884.833333	-0.332
1884.916667	-0.31875
1885	-0.38075
1885.083333	-0.53775
1885.166667	-0.576
1885.25	-0.5445
1885.333333	-0.62525
1885.416667	-0.7605
1885.5	-0.773
1885.583333	-0.6345
1885.666667	-0.52025
1885.75	-0.47225
1885.833333	-0.38075
1885.916667	-0.2525
1886	-0.126
1886.083333	-0.05325
1886.166667	-0.04875
1886.25	-0.10775
1886.333333	-0.26725
1886.416667	-0.403
1886.5	-0.3255
1886.583333	-0.164
1886.666667	-0.172
1886.75	-0.31075
1886.833333	-0.47825
1886.916667	-0.58675
1887	-0.5555
1887.083333	-0.51975
1887.166667	-0.5835
1887.25	-0.68175
1887.333333	-0.75425
1887.416667	-0.7475
1887.5	-0.6895
1887.583333	-0.7295
1887.666667	-0.75125
1887.75	-0.64825
1887.833333	-0.6385
1887.916667	-0.72975
1888	-0.6825
1888.083333	-0.4595
1888.166667	-0.267
1888.25	-0.18975
1888.333333	-0.24775
1888.416667	-0.38375
1888.5	-0.39925
1888.583333	-0.325
1888.666667	-0.2705
1888.75	-0.20275
1888.833333	-0.16625
1888.916667	-0.132
1889	-0.08275
1889.083333	-0.05375
1889.166667	0.02
1889.25	0.05975
1889.333333	-0.028
1889.416667	-0.1665
1889.5	-0.2065
1889.583333	-0.14025
1889.666667	-0.0995
1889.75	-0.18525
1889.833333	-0.3965
1889.916667	-0.65375
1890	-0.83025
1890.083333	-0.7865
1890.166667	-0.65775
1890.25	-0.67825
1890.333333	-0.7175
1890.416667	-0.64675
1890.5	-0.638
1890.583333	-0.6695
1890.666667	-0.5665
1890.75	-0.49725
1890.833333	-0.5725
1890.916667	-0.636
1891	-0.5855
1891.083333	-0.42625
1891.166667	-0.34675
1891.25	-0.42725
1891.333333	-0.545
1891.416667	-0.65475
1891.5	-0.7695
1891.583333	-0.84175
1891.666667	-0.82225
1891.75	-0.77075
1891.833333	-0.73775
1891.916667	-0.64925
1892	-0.434
1892.083333	-0.30275
1892.166667	-0.37125
1892.25	-0.39025
1892.333333	-0.28325
1892.416667	-0.24975
1892.5	-0.298
1892.583333	-0.19975
1892.666667	-0.174
1892.75	-0.47375
1892.833333	-0.7595
1892.916667	-0.83125
1893	-0.80325
1893.083333	-0.68575
1893.166667	-0.519
1893.25	-0.4685
1893.333333	-0.52125
1893.416667	-0.5095
1893.5	-0.4065
1893.583333	-0.33225
1893.666667	-0.33125
1893.75	-0.4105
1893.833333	-0.555
1893.916667	-0.683
1894	-0.7145
1894.083333	-0.63975
1894.166667	-0.572
1894.25	-0.5945
1894.333333	-0.72675
1894.416667	-0.84125
1894.5	-0.90425
1894.583333	-0.93675
1894.666667	-0.8535
1894.75	-0.788
1894.833333	-0.76925
1894.916667	-0.725
1895	-0.70625
1895.083333	-0.688
1895.166667	-0.6575
1895.25	-0.65375
1895.333333	-0.6715
1895.416667	-0.64925
1895.5	-0.59175
1895.583333	-0.53675
1895.666667	-0.50375
1895.75	-0.46275
1895.833333	-0.38975
1895.916667	-0.341
1896	-0.249
1896.083333	-0.1535
1896.166667	-0.17325
1896.25	-0.2415
1896.333333	-0.29975
1896.416667	-0.375
1896.5	-0.46925
1896.583333	-0.54875
1896.666667	-0.6625
1896.75	-0.775
1896.833333	-0.70675
1896.916667	-0.4775
1897	-0.24475
1897.083333	-0.10375
1897.166667	-0.1235
1897.25	-0.2575
1897.333333	-0.3565
1897.416667	-0.3135
1897.5	-0.179
1897.583333	-0.08575
1897.666667	0.0235
1897.75	0.07775
1897.833333	-0.0635
1897.916667	-0.22
1898	-0.33025
1898.083333	-0.479
1898.166667	-0.57275
1898.25	-0.5065
1898.333333	-0.449
1898.416667	-0.4
1898.5	-0.256
1898.583333	-0.183
1898.666667	-0.17125
1898.75	-0.23275
1898.833333	-0.426
1898.916667	-0.6165
1899	-0.7465
1899.083333	-0.82725
1899.166667	-0.847
1899.25	-0.8045
1899.333333	-0.736
1899.416667	-0.63675
1899.5	-0.53775
1899.583333	-0.4975
1899.666667	-0.45825
1899.75	-0.438
1899.833333	-0.38825
1899.916667	-0.26375
1900	-0.18275
1900.083333	-0.14975
1900.166667	-0.132
1900.25	-0.16525
1900.333333	-0.2865
1900.416667	-0.36775
1900.5	-0.31575
1900.583333	-0.242
1900.666667	-0.2525
1900.75	-0.36175
1900.833333	-0.344
1900.916667	-0.14025
1901	-0.04225
1901.083333	-0.1115
1901.166667	-0.19875
1901.25	-0.2395
1901.333333	-0.285
1901.416667	-0.38525
1901.5	-0.42725
1901.583333	-0.37275
1901.666667	-0.34725
1901.75	-0.36575
1901.833333	-0.37225
1901.916667	-0.35775
1902	-0.3335
1902.083333	-0.365
1902.166667	-0.4965
1902.25	-0.6165
1902.333333	-0.62575
1902.416667	-0.6125
1902.5	-0.71125
1902.583333	-0.85625
1902.666667	-0.81125
1902.75	-0.67425
1902.833333	-0.6345
1902.916667	-0.51175
1903	-0.32575
1903.083333	-0.283
1903.166667	-0.31875
1903.25	-0.3575
1903.333333	-0.41
1903.416667	-0.384
1903.5	-0.32625
1903.583333	-0.313
1903.666667	-0.294
1903.75	-0.36775
1903.833333	-0.54575
1903.916667	-0.72
1904	-0.80225
1904.083333	-0.7555
1904.166667	-0.7775
1904.25	-0.83225
1904.333333	-0.74625
1904.416667	-0.6335
1904.5	-0.57125
1904.583333	-0.50875
1904.666667	-0.485
1904.75	-0.54875
1904.833333	-0.532
1904.916667	-0.414
1905	-0.35
1905.083333	-0.312
1905.166667	-0.34175
1905.25	-0.49225
1905.333333	-0.49875
1905.416667	-0.3765
1905.5	-0.43875
1905.583333	-0.57575
1905.666667	-0.56375
1905.75	-0.43375
1905.833333	-0.277
1905.916667	-0.147
1906	-0.05625
1906.083333	-0.0405
1906.166667	-0.09575
1906.25	-0.15175
1906.333333	-0.22825
1906.416667	-0.2445
1906.5	-0.12875
1906.583333	0.05
1906.666667	0.1175
1906.75	-0.08625
1906.833333	-0.407
1906.916667	-0.5435
1907	-0.47575
1907.083333	-0.5045
1907.166667	-0.545
1907.25	-0.48325
1907.333333	-0.559
1907.416667	-0.6335
1907.5	-0.55
1907.583333	-0.45525
1907.666667	-0.43725
1907.75	-0.47425
1907.833333	-0.498
1907.916667	-0.46275
1908	-0.391
1908.083333	-0.44475
1908.166667	-0.5055
1908.25	-0.43175
1908.333333	-0.47625
1908.416667	-0.53275
1908.5	-0.4225
1908.583333	-0.39125
1908.666667	-0.458
1908.75	-0.43775
1908.833333	-0.43625
1908.916667	-0.447
1909	-0.39525
1909.083333	-0.38625
1909.166667	-0.372
1909.25	-0.31925
1909.333333	-0.28725
1909.416667	-0.2595
1909.5	-0.21925
1909.583333	-0.18775
1909.666667	-0.20375
1909.75	-0.31675
1909.833333	-0.44675
1909.916667	-0.44175
1910	-0.44925
1910.083333	-0.56575
1910.166667	-0.63875
1910.25	-0.659
1910.333333	-0.5985
1910.416667	-0.422
1910.5	-0.28
1910.583333	-0.27225
1910.666667	-0.25775
1910.75	-0.30625
1910.833333	-0.5165
1910.916667	-0.61425
1911	-0.5395
1911.083333	-0.38775
1911.166667	-0.24
1911.25	-0.276
1911.333333	-0.374
1911.416667	-0.3885
1911.5	-0.3765
1911.583333	-0.38125
1911.666667	-0.41
1911.75	-0.4565
1911.833333	-0.536
1911.916667	-0.54125
1912	-0.443
1912.083333	-0.44425
1912.166667	-0.4845
1912.25	-0.44825
1912.333333	-0.494
1912.416667	-0.4645
1912.5	-0.25975
1912.583333	-0.1165
1912.666667	-0.13125
1912.75	-0.23075
1912.833333	-0.3435
1912.916667	-0.475
1913	-0.50375
1913.083333	-0.504
1913.166667	-0.636
1913.25	-0.694
1913.333333	-0.7085
1913.416667	-0.77
1913.5	-0.742
1913.583333	-0.64
1913.666667	-0.59125
1913.75	-0.60125
1913.833333	-0.525
1913.916667	-0.415
1914	-0.34275
1914.083333	-0.28675
1914.166667	-0.30475
1914.25	-0.38725
1914.333333	-0.501
1914.416667	-0.5315
1914.5	-0.44025
1914.583333	-0.44975
1914.666667	-0.5255
1914.75	-0.4035
1914.833333	-0.1875
1914.916667	-0.13825
1915	-0.17175
1915.083333	-0.175
1915.166667	-0.174
1915.25	-0.12225
1915.333333	-0.06175
1915.416667	-0.017
1915.5	-0.0325
1915.583333	-0.11425
1915.666667	-0.17025
1915.75	-0.2595
1915.833333	-0.38575
1915.916667	-0.52725
1916	-0.65125
1916.083333	-0.697
1916.166667	-0.6805
1916.25	-0.616
1916.333333	-0.50275
1916.416667	-0.357
1916.5	-0.217
1916.583333	-0.04125
1916.666667	0.0365
1916.75	-0.2055
1916.833333	-0.54625
1916.916667	-0.74275
1917	-0.83475
1917.083333	-0.89125
1917.166667	-0.88475
1917.25	-0.7575
1917.333333	-0.62925
1917.416667	-0.48125
1917.5	-0.28325
1917.583333	-0.11
1917.666667	-0.005
1917.75	-0.11675
1917.833333	-0.3875
1917.916667	-0.70575
1918	-1.0345
1918.083333	-1.1855
1918.166667	-1.06775
1918.25	-0.8305
1918.333333	-0.68525
1918.416667	-0.65125
1918.5	-0.65225
1918.583333	-0.658
1918.666667	-0.6125
1918.75	-0.53375
1918.833333	-0.4935
1918.916667	-0.441
1919	-0.31375
1919.083333	-0.245
1919.166667	-0.24325
1919.25	-0.17675
1919.333333	-0.113
1919.416667	-0.18325
1919.5	-0.30825
1919.583333	-0.33075
1919.666667	-0.34375
1919.75	-0.50925
1919.833333	-0.6615
1919.916667	-0.62375
1920	-0.581
1920.083333	-0.61475
1920.166667	-0.6275
1920.25	-0.6385
1920.333333	-0.67575
1920.416667	-0.67375
1920.5	-0.52925
1920.583333	-0.32575
1920.666667	-0.3175
1920.75	-0.4295
1920.833333	-0.4725
1920.916667	-0.5325
1921	-0.60975
1921.083333	-0.6765
1921.166667	-0.67425
1921.25	-0.63375
1921.333333	-0.68375
1921.416667	-0.6435
1921.5	-0.4505
1921.583333	-0.343
1921.666667	-0.35325
1921.75	-0.3665
1921.833333	-0.369
1921.916667	-0.35875
1922	-0.38375
1922.083333	-0.50225
1922.166667	-0.61925
1922.25	-0.60075
1922.333333	-0.549
1922.416667	-0.5105
1922.5	-0.423
1922.583333	-0.40125
1922.666667	-0.416
1922.75	-0.3575
1922.833333	-0.4055
1922.916667	-0.6095
1923	-0.68375
1923.083333	-0.5955
1923.166667	-0.51375
1923.25	-0.4445
1923.333333	-0.44175
1923.416667	-0.514
1923.5	-0.60375
1923.583333	-0.77975
1923.666667	-0.901
1923.75	-0.85175
1923.833333	-0.70775
1923.916667	-0.46475
1924	-0.1995
1924.083333	-0.0565
1924.166667	-0.095
1924.25	-0.2245
1924.333333	-0.29725
1924.416667	-0.3015
1924.5	-0.337
1924.583333	-0.333
1924.666667	-0.3265
1924.75	-0.486
1924.833333	-0.61
1924.916667	-0.63675
1925	-0.7545
1925.083333	-0.8635
1925.166667	-0.90825
1925.25	-0.90875
1925.333333	-0.8235
1925.416667	-0.7155
1925.5	-0.628
1925.583333	-0.68
1925.666667	-0.7685
1925.75	-0.6875
1925.833333	-0.5415
1925.916667	-0.44575
1926	-0.37125
1926.083333	-0.30275
1926.166667	-0.28275
1926.25	-0.29625
1926.333333	-0.381
1926.416667	-0.40325
1926.5	-0.3365
1926.583333	-0.35175
1926.666667	-0.35275
1926.75	-0.345
1926.833333	-0.35625
1926.916667	-0.42075
1927	-0.49
1927.083333	-0.46775
1927.166667	-0.47125
1927.25	-0.506
1927.333333	-0.56075
1927.416667	-0.50125
1927.5	-0.3295
1927.583333	-0.26025
1927.666667	-0.24575
1927.75	-0.303
1927.833333	-0.4155
1927.916667	-0.373
1928	-0.21725
1928.083333	-0.18725
1928.166667	-0.3325
1928.25	-0.458
1928.333333	-0.4205
1928.416667	-0.31625
1928.5	-0.2035
1928.583333	-0.043
1928.666667	-0.0035
1928.75	-0.163
1928.833333	-0.2985
1928.916667	-0.35075
1929	-0.4185
1929.083333	-0.48575
1929.166667	-0.48175
1929.25	-0.46
1929.333333	-0.53775
1929.416667	-0.61825
1929.5	-0.58675
1929.583333	-0.50075
1929.666667	-0.43625
1929.75	-0.413
1929.833333	-0.399
1929.916667	-0.3385
1930	-0.24225
1930.083333	-0.19275
1930.166667	-0.176
1930.25	-0.19775
1930.333333	-0.365
1930.416667	-0.5215
1930.5	-0.4895
1930.583333	-0.3405
1930.666667	-0.199
1930.75	-0.23925
1930.833333	-0.35775
1930.916667	-0.3135
1931	-0.087
1931.083333	0.15525
1931.166667	0.2235
1931.25	0.1555
1931.333333	0.063
1931.416667	0.03575
1931.5	0.03175
1931.583333	0.021
1931.666667	0.01625
1931.75	-0.1065
1931.833333	-0.2085
1931.916667	-0.2215
1932	-0.29225
1932.083333	-0.32775
1932.166667	-0.35775
1932.25	-0.402
1932.333333	-0.346
1932.416667	-0.33375
1932.5	-0.3395
1932.583333	-0.2985
1932.666667	-0.28575
1932.75	-0.307
1932.833333	-0.46225
1932.916667	-0.527
1933	-0.39
1933.083333	-0.408
1933.166667	-0.57825
1933.25	-0.56375
1933.333333	-0.3935
1933.416667	-0.30075
1933.5	-0.22425
1933.583333	-0.0145
1933.666667	0.1485
1933.75	-0.033
1933.833333	-0.31525
1933.916667	-0.448
1934	-0.61625
1934.083333	-0.85275
1934.166667	-0.92775
1934.25	-0.8375
1934.333333	-0.761
1934.416667	-0.63975
1934.5	-0.525
1934.583333	-0.44675
1934.666667	-0.369
1934.75	-0.41675
1934.833333	-0.42775
1934.916667	-0.385
1935	-0.39875
1935.083333	-0.45525
1935.166667	-0.51475
1935.25	-0.49075
1935.333333	-0.5585
1935.416667	-0.696
1935.5	-0.74675
1935.583333	-0.68125
1935.666667	-0.55925
1935.75	-0.5605
1935.833333	-0.6165
1935.916667	-0.56725
1936	-0.3885
1936.083333	-0.2155
1936.166667	-0.26225
1936.25	-0.4085
1936.333333	-0.4935
1936.416667	-0.52775
1936.5	-0.3895
1936.583333	-0.112
1936.666667	0.0305
1936.75	-0.1005
1936.833333	-0.24075
1936.916667	-0.2255
1937	-0.17075
1937.083333	-0.083
1937.166667	-0.06625
1937.25	-0.19075
1937.333333	-0.29775
1937.416667	-0.226
1937.5	-0.15325
1937.583333	-0.2155
1937.666667	-0.24225
1937.75	-0.2225
1937.833333	-0.2865
1937.916667	-0.37375
1938	-0.317
1938.083333	-0.25025
1938.166667	-0.27
1938.25	-0.295
1938.333333	-0.26625
1938.416667	-0.1325
1938.5	-0.119
1938.583333	-0.231
1938.666667	-0.19775
1938.75	-0.12025
1938.833333	-0.136
1938.916667	-0.2945
1939	-0.5475
1939.083333	-0.68775
1939.166667	-0.6485
1939.25	-0.527
1939.333333	-0.4655
1939.416667	-0.40925
1939.5	-0.31775
1939.583333	-0.33475
1939.666667	-0.452
1939.75	-0.44225
1939.833333	-0.31275
1939.916667	-0.348
1940	-0.424
1940.083333	-0.30325
1940.166667	-0.15975
1940.25	-0.1595
1940.333333	-0.25775
1940.416667	-0.2885
1940.5	-0.26225
1940.583333	-0.283
1940.666667	-0.1825
1940.75	-0.02825
1940.833333	0.00575
1940.916667	0.03775
1941	0.16925
1941.083333	0.25525
1941.166667	0.20125
1941.25	0.12525
1941.333333	0.07075
1941.416667	0.115
1941.5	0.21925
1941.583333	0.1815
1941.666667	0.02725
1941.75	-0.099
1941.833333	-0.08325
1941.916667	0.015
1942	-0.0155
1942.083333	-0.0445
1942.166667	0.01625
1942.25	0.03375
1942.333333	0.081
1942.416667	0.08125
1942.5	0.07025
1942.583333	0.19525
1942.666667	0.115
1942.75	-0.161
1942.833333	-0.291
1942.916667	-0.36075
1943	-0.443
1943.083333	-0.49125
1943.166667	-0.5295
1943.25	-0.502
1943.333333	-0.49225
1943.416667	-0.61025
1943.5	-0.64975
1943.583333	-0.429
1943.666667	-0.13525
1943.75	-0.05825
1943.833333	-0.11625
1943.916667	-0.1915
1944	-0.36325
1944.083333	-0.48275
1944.166667	-0.40575
1944.25	-0.40825
1944.333333	-0.474
1944.416667	-0.393
1944.5	-0.3565
1944.583333	-0.34625
1944.666667	-0.222
1944.75	-0.155
1944.833333	-0.21125
1944.916667	-0.16025
1945	-0.01575
1945.083333	-0.152
1945.166667	-0.45825
1945.25	-0.48725
1945.333333	-0.3275
1945.416667	-0.13025
1945.5	0.077
1945.583333	0.07675
1945.666667	-0.1235
1945.75	-0.29675
1945.833333	-0.3225
1945.916667	-0.33825
1946	-0.446
1946.083333	-0.43725
1946.166667	-0.2525
1946.25	-0.238
1946.333333	-0.456
1946.416667	-0.541
1946.5	-0.61775
1946.583333	-0.744
1946.666667	-0.6445
1946.75	-0.53975
1946.833333	-0.612
1946.916667	-0.57225
1947	-0.4645
1947.083333	-0.5435
1947.166667	-0.67625
1947.25	-0.74225
1947.333333	-0.71025
1947.416667	-0.571
1947.5	-0.386
1947.583333	-0.23375
1947.666667	-0.23525
1947.75	-0.4275
1947.833333	-0.659
1947.916667	-0.748
1948	-0.67625
1948.083333	-0.5785
1948.166667	-0.53275
1948.25	-0.5375
1948.333333	-0.58525
1948.416667	-0.56
1948.5	-0.418
1948.583333	-0.32475
1948.666667	-0.3605
1948.75	-0.44825
1948.833333	-0.425
1948.916667	-0.4045
1949	-0.608
1949.083333	-0.739
1949.166667	-0.72725
1949.25	-0.754
1949.333333	-0.738
1949.416667	-0.672
1949.5	-0.642
1949.583333	-0.646
1949.666667	-0.60575
1949.75	-0.523
1949.833333	-0.452
1949.916667	-0.4915
1950	-0.5235
1950.083333	-0.35475
1950.166667	-0.25125
1950.25	-0.3785
1950.333333	-0.466
1950.416667	-0.4685
1950.5	-0.55525
1950.583333	-0.59275
1950.666667	-0.46825
1950.75	-0.4795
1950.833333	-0.71125
1950.916667	-0.9315
1951	-1.04675
1951.083333	-1.026
1951.166667	-0.8495
1951.25	-0.655
1951.333333	-0.56125
1951.416667	-0.48175
1951.5	-0.48875
1951.583333	-0.52175
1951.666667	-0.41175
1951.75	-0.372
1951.833333	-0.404
1951.916667	-0.37025
1952	-0.387
1952.083333	-0.46275
1952.166667	-0.5065
1952.25	-0.46375
1952.333333	-0.42125
1952.416667	-0.4155
1952.5	-0.361
1952.583333	-0.2845
1952.666667	-0.2555
1952.75	-0.3545
1952.833333	-0.49175
1952.916667	-0.584
1953	-0.689
1953.083333	-0.69475
1953.166667	-0.54725
1953.25	-0.47325
1953.333333	-0.48175
1953.416667	-0.445
1953.5	-0.48225
1953.583333	-0.5515
1953.666667	-0.517
1953.75	-0.41525
1953.833333	-0.28525
1953.916667	-0.18075
1954	-0.16425
1954.083333	-0.2255
1954.166667	-0.341
1954.25	-0.34375
1954.333333	-0.22925
1954.416667	-0.25
1954.5	-0.36025
1954.583333	-0.4165
1954.666667	-0.43375
1954.75	-0.4695
1954.833333	-0.60375
1954.916667	-0.69975
1955	-0.64625
1955.083333	-0.66175
1955.166667	-0.728
1955.25	-0.60775
1955.333333	-0.474
1955.416667	-0.5295
1955.5	-0.5095
1955.583333	-0.3125
1955.666667	-0.18725
1955.75	-0.30475
1955.833333	-0.47775
1955.916667	-0.515
1956	-0.5795
1956.083333	-0.673
1956.166667	-0.605
1956.25	-0.445
1956.333333	-0.33925
1956.416667	-0.21325
1956.5	-0.11725
1956.583333	-0.1405
1956.666667	-0.1745
1956.75	-0.22275
1956.833333	-0.352
1956.916667	-0.4005
1957	-0.2585
1957.083333	-0.1895
1957.166667	-0.25825
1957.25	-0.18975
1957.333333	-0.07525
1957.416667	-0.1145
1957.5	-0.19375
1957.583333	-0.266
1957.666667	-0.3065
1957.75	-0.213
1957.833333	-0.13675
1957.916667	-0.1085
1958	0.00275
1958.083333	0.02075
1958.166667	-0.05875
1958.25	-0.07925
1958.333333	-0.02725
1958.416667	0.1485
1958.5	0.41175
1958.583333	0.571
1958.666667	0.504
1958.75	0.286
1958.833333	0.1445
1958.916667	0.083
1959	0.06025
1959.083333	0.1425
1959.166667	0.0965
1959.25	0.00925
1959.333333	0.05
1959.416667	-0.0165
1959.5	-0.10575
1959.583333	-0.06775
1959.666667	-0.0515
1959.75	-0.06625
1959.833333	-0.0575
1959.916667	-0.11875
1960	-0.26775
1960.083333	-0.2955
1960.166667	-0.06775
1960.25	0.1735
1960.333333	0.186
1960.416667	0.063
1960.5	-0.0645
1960.583333	-0.137
1960.666667	-0.0785
1960.75	-0.0135
1960.833333	-0.021
1960.916667	-0.12975
1961	-0.36025
1961.083333	-0.46875
1961.166667	-0.29825
1961.25	-0.10625
1961.333333	-0.2395
1961.416667	-0.597
1961.5	-0.92625
1961.583333	-1.05975
1961.666667	-0.97075
1961.75	-0.85225
1961.833333	-0.763
1961.916667	-0.744
1962	-0.87075
1962.083333	-0.911
1962.166667	-0.7025
1962.25	-0.44625
1962.333333	-0.31875
1962.416667	-0.29675
1962.5	-0.2745
1962.583333	-0.27575
1962.666667	-0.3155
1962.75	-0.317
1962.833333	-0.3135
1962.916667	-0.43875
1963	-0.69075
1963.083333	-0.82825
1963.166667	-0.74
1963.25	-0.5555
1963.333333	-0.44125
1963.416667	-0.4995
1963.5	-0.70775
1963.583333	-0.833
1963.666667	-0.7775
1963.75	-0.69425
1963.833333	-0.533
1963.916667	-0.19875
1964	0.17375
1964.083333	0.2715
1964.166667	0.0765
1964.25	-0.114
1964.333333	-0.229
1964.416667	-0.2705
1964.5	-0.28825
1964.583333	-0.29175
1964.666667	-0.16825
1964.75	-0.221
1964.833333	-0.5445
1964.916667	-0.675
1965	-0.531
1965.083333	-0.46525
1965.166667	-0.54825
1965.25	-0.5245
1965.333333	-0.45275
1965.416667	-0.45675
1965.5	-0.46975
1965.583333	-0.462
1965.666667	-0.47625
1965.75	-0.50075
1965.833333	-0.40775
1965.916667	-0.28925
1966	-0.1895
1966.083333	-0.0775
1966.166667	-0.07975
1966.25	-0.18
1966.333333	-0.30625
1966.416667	-0.429
1966.5	-0.5495
1966.583333	-0.61525
1966.666667	-0.51225
1966.75	-0.34325
1966.833333	-0.31025
1966.916667	-0.46475
1967	-0.68275
1967.083333	-0.80875
1967.166667	-0.713
1967.25	-0.46325
1967.333333	-0.3925
1967.416667	-0.6085
1967.5	-0.8395
1967.583333	-0.87925
1967.666667	-0.783
1967.75	-0.627
1967.833333	-0.52675
1967.916667	-0.60025
1968	-0.74075
1968.083333	-0.776
1968.166667	-0.6885
1968.25	-0.53475
1968.333333	-0.3985
1968.416667	-0.28925
1968.5	-0.1595
1968.583333	-0.01725
1968.666667	0.06175
1968.75	-0.0045
1968.833333	-0.0955
1968.916667	-0.0765
1969	0.0145
1969.083333	0.0535
1969.166667	0.033
1969.25	0.033
1969.333333	0.034
1969.416667	-0.014
1969.5	-0.1145
1969.583333	-0.18325
1969.666667	-0.15075
1969.75	-0.127
1969.833333	-0.1505
1969.916667	-0.1335
1970	-0.18875
1970.083333	-0.257
1970.166667	-0.2375
1970.25	-0.29175
1970.333333	-0.30075
1970.416667	-0.15075
1970.5	-0.08275
1970.583333	-0.09775
1970.666667	-0.0595
1970.75	-0.124
1970.833333	-0.313
1970.916667	-0.55525
1971	-0.8295
1971.083333	-1.023
1971.166667	-1.02475
1971.25	-0.81325
1971.333333	-0.58525
1971.416667	-0.4605
1971.5	-0.3455
1971.583333	-0.2025
1971.666667	-0.13875
1971.75	-0.2765
1971.833333	-0.5345
1971.916667	-0.64875
1972	-0.52975
1972.083333	-0.48
1972.166667	-0.5785
1972.25	-0.53725
1972.333333	-0.4775
1972.416667	-0.56475
1972.5	-0.58775
1972.583333	-0.46025
1972.666667	-0.304
1972.75	-0.2825
1972.833333	-0.345
1972.916667	-0.20475
1973	0.0255
1973.083333	0.031
1973.166667	0.002
1973.25	0.0495
1973.333333	0.021
1973.416667	0.0665
1973.5	0.21425
1973.583333	0.313
1973.666667	0.2975
1973.75	0.05825
1973.833333	-0.31525
1973.916667	-0.65825
1974	-0.86675
1974.083333	-0.90775
1974.166667	-0.838
1974.25	-0.66725
1974.333333	-0.5055
1974.416667	-0.369
1974.5	-0.19275
1974.583333	-0.05875
1974.666667	0.0065
1974.75	-0.07025
1974.833333	-0.23575
1974.916667	-0.293
1975	-0.33675
1975.083333	-0.432
1975.166667	-0.531
1975.25	-0.58125
1975.333333	-0.505
1975.416667	-0.34875
1975.5	-0.1925
1975.583333	-0.029
1975.666667	0.078
1975.75	-0.1165
1975.833333	-0.5035
1975.916667	-0.745
1976	-0.787
1976.083333	-0.748
1976.166667	-0.74375
1976.25	-0.71725
1976.333333	-0.66425
1976.416667	-0.73775
1976.5	-0.8045
1976.583333	-0.6565
1976.666667	-0.47975
1976.75	-0.43525
1976.833333	-0.46525
1976.916667	-0.48425
1977	-0.449
1977.083333	-0.4975
1977.166667	-0.5375
1977.25	-0.341
1977.333333	-0.1295
1977.416667	-0.1275
1977.5	-0.2105
1977.583333	-0.235
1977.666667	-0.2895
1977.75	-0.3035
1977.833333	-0.1525
1977.916667	0.0485
1978	0.22625
1978.083333	0.267
1978.166667	0.10275
1978.25	-0.1595
1978.333333	-0.3725
1978.416667	-0.4745
1978.5	-0.42125
1978.583333	-0.32825
1978.666667	-0.28675
1978.75	-0.2015
1978.833333	-0.16675
1978.916667	-0.24125
1979	-0.20125
1979.083333	-0.0715
1979.166667	-0.08375
1979.25	-0.0685
1979.333333	-0.04125
1979.416667	-0.166
1979.5	-0.28825
1979.583333	-0.32625
1979.666667	-0.265
1979.75	-0.20425
1979.833333	-0.21625
1979.916667	-0.227
1980	-0.21625
1980.083333	-0.1915
1980.166667	-0.192
1980.25	-0.1755
1980.333333	-0.126
1980.416667	-0.051
1980.5	0.142
1980.583333	0.315
1980.666667	0.33925
1980.75	0.27175
1980.833333	0.17925
1980.916667	0.06825
1981	-0.11275
1981.083333	-0.21125
1981.166667	-0.2395
1981.25	-0.33275
1981.333333	-0.36025
1981.416667	-0.22875
1981.5	-0.0345
1981.583333	0.08175
1981.666667	0.124
1981.75	0.041
1981.833333	-0.165
1981.916667	-0.3315
1982	-0.45225
1982.083333	-0.49075
1982.166667	-0.4325
1982.25	-0.397
1982.333333	-0.4335
1982.416667	-0.49575
1982.5	-0.515
1982.583333	-0.51725
1982.666667	-0.5535
1982.75	-0.53025
1982.833333	-0.283
1982.916667	0.13175
1983	0.4825
1983.083333	0.68825
1983.166667	0.7755
1983.25	0.66475
1983.333333	0.398
1983.416667	0.1855
1983.5	0.05575
1983.583333	0.0155
1983.666667	0.05025
1983.75	0.108
1983.833333	0.123
1983.916667	-0.0265
1984	-0.2755
1984.083333	-0.45
1984.166667	-0.4695
1984.25	-0.4285
1984.333333	-0.392
1984.416667	-0.3245
1984.5	-0.22225
1984.583333	-0.09375
1984.666667	0.00225
1984.75	-0.01175
1984.833333	-0.10825
1984.916667	-0.1405
1985	-0.05725
1985.083333	-0.0165
1985.166667	-0.0755
1985.25	-0.163
1985.333333	-0.235
1985.416667	-0.2165
1985.5	-0.14575
1985.583333	-0.137
1985.666667	-0.1375
1985.75	-0.17925
1985.833333	-0.202
1985.916667	-0.13175
1986	-0.1675
1986.083333	-0.2225
1986.166667	-0.19925
1986.25	-0.1315
1986.333333	-0.0325
1986.416667	0.0585
1986.5	0.098
1986.583333	0.01775
1986.666667	-0.0935
1986.75	-0.069
1986.833333	0.0835
1986.916667	0.1435
1987	0.05825
1987.083333	0.03625
1987.166667	0.1335
1987.25	0.206
1987.333333	0.17775
1987.416667	0.0815
1987.5	0.0225
1987.583333	0.00675
1987.666667	-0.023
1987.75	0.02825
1987.833333	0.11475
1987.916667	0.09675
1988	0.174
1988.083333	0.40025
1988.166667	0.4435
1988.25	0.31725
1988.333333	0.2335
1988.416667	0.16125
1988.5	0.1655
1988.583333	0.26
1988.666667	0.306
1988.75	0.225
1988.833333	0.00775
1988.916667	-0.1475
1989	-0.19
1989.083333	-0.241
1989.166667	-0.22325
1989.25	-0.1015
1989.333333	0.04375
1989.416667	0.12725
1989.5	0.11225
1989.583333	0.07775
1989.666667	0.115
1989.75	0.19725
1989.833333	0.19575
1989.916667	0.10875
1990	0.17775
1990.083333	0.319
1990.166667	0.282
1990.25	0.2225
1990.333333	0.19175
1990.416667	0.14725
1990.5	0.16925
1990.583333	0.16775
1990.666667	0.1095
1990.75	0.0885
1990.833333	0.089
1990.916667	0.104
1991	0.10025
1991.083333	0.068
1991.166667	0.02325
1991.25	-0.04475
1991.333333	-0.08475
1991.416667	-0.12675
1991.5	-0.22425
1991.583333	-0.27525
1991.666667	-0.21925
1991.75	-0.17925
1991.833333	-0.18825
1991.916667	-0.07925
1992	0.13275
1992.083333	0.268
1992.166667	0.31825
1992.25	0.3525
1992.333333	0.4775
1992.416667	0.595
1992.5	0.5375
1992.583333	0.459
1992.666667	0.3825
1992.75	0.223
1992.833333	0.107
1992.916667	0.0805
1993	0.026
1993.083333	-0.05875
1993.166667	-0.079
1993.25	-0.04925
1993.333333	-0.00625
1993.416667	0.008
1993.5	0.00825
1993.583333	0.01425
1993.666667	-0.061
1993.75	-0.1145
1993.833333	-0.05225
1993.916667	-0.02775
1994	-0.072
1994.083333	-0.19825
1994.166667	-0.397
1994.25	-0.5055
1994.333333	-0.573
1994.416667	-0.68475
1994.5	-0.81725
1994.583333	-0.9235
1994.666667	-0.8815
1994.75	-0.6795
1994.833333	-0.442
1994.916667	-0.2865
1995	-0.19725
1995.083333	-0.13275
1995.166667	-0.05775
1995.25	0.0845
1995.333333	0.1685
1995.416667	0.16125
1995.5	0.161
1995.583333	0.1135
1995.666667	0.0915
1995.75	0.155
1995.833333	0.0995
1995.916667	-0.02925
1996	-0.02075
1996.083333	0.0055
1996.166667	0.011
1996.25	0.03
1996.333333	0.008
1996.416667	0.079
1996.5	0.20475
1996.583333	0.22325
1996.666667	0.248
1996.75	0.3155
1996.833333	0.24475
1996.916667	0.01325
1997	-0.26075
1997.083333	-0.38175
1997.166667	-0.2745
1997.25	-0.1735
1997.333333	-0.1565
1997.416667	-0.219
1997.5	-0.3905
1997.583333	-0.51775
1997.666667	-0.576
1997.75	-0.67325
1997.833333	-0.666
1997.916667	-0.33675
1998	0.1125
1998.083333	0.43425
1998.166667	0.6
1998.25	0.5775
1998.333333	0.48775
1998.416667	0.5075
1998.5	0.6385
1998.583333	0.68875
1998.666667	0.62525
1998.75	0.56525
1998.833333	0.41225
1998.916667	0.1615
1999	-0.04175
1999.083333	-0.14175
1999.166667	-0.15625
1999.25	-0.1565
1999.333333	-0.14525
1999.416667	-0.1345
1999.5	-0.169
1999.583333	-0.1555
1999.666667	-0.11175
1999.75	-0.11775
1999.833333	-0.1085
1999.916667	-0.0975
2000	-0.164
2000.083333	-0.28425
2000.166667	-0.34275
2000.25	-0.3215
2000.333333	-0.3225
2000.416667	-0.3565
2000.5	-0.32975
2000.583333	-0.19425
2000.666667	-0.04025
2000.75	0.05375
2000.833333	0.0805
2000.916667	0.0355
2001	-0.06825
2001.083333	-0.15175
2001.166667	-0.1425
2001.25	-0.10775
2001.333333	-0.05675
2001.416667	0.008
2001.5	0.05875
2001.583333	0.1115
2001.666667	0.151
2001.75	0.186
2001.833333	0.21025
2001.916667	0.24025
2002	0.2115
2002.083333	0.117
2002.166667	0.1645
2002.25	0.24575
2002.333333	0.171
2002.416667	0.117
2002.5	0.135
2002.583333	0.10175
2002.666667	-0.0035
2002.75	-0.08925
2002.833333	0.02325
2002.916667	0.23125
2003	0.28425
2003.083333	0.24625
2003.166667	0.22925
2003.25	0.21825
2003.333333	0.1685
2003.416667	0.07725
2003.5	-0.006
2003.583333	-0.001
2003.666667	0.10175
2003.75	0.153
2003.833333	0.0505
2003.916667	-0.0265
2004	0.0105
2004.083333	-0.03975
2004.166667	-0.085
2004.25	0.0155
2004.333333	0.06325
2004.416667	-0.013
2004.5	-0.04825
2004.583333	0.00025
2004.666667	0.008
2004.75	0.00925
2004.833333	0.106
2004.916667	0.1865
2005	0.2775
2005.083333	0.4395
2005.166667	0.4045
2005.25	0.213
2005.333333	0.1705
2005.416667	0.241
2005.5	0.28975
2005.583333	0.333
2005.666667	0.36525
2005.75	0.26825
2005.833333	0.08475
2005.916667	-0.0675
2006	-0.10075
2006.083333	-0.01175
2006.166667	0.00125
2006.25	0.0005
2006.333333	0.0615
2006.416667	0.01775
2006.5	-0.07975
2006.583333	-0.1925
2006.666667	-0.3665
2006.75	-0.4135
2006.833333	-0.203
2006.916667	0.033
2007	0.114
2007.083333	0.09375
2007.166667	0.026
2007.25	-0.0125
2007.333333	0.049
2007.416667	0.10425
2007.5	0.0175
2007.583333	-0.09775
2007.666667	-0.15675
2007.75	-0.18025
2007.833333	-0.1245
2007.916667	-0.0575
2008	-0.11425
2008.083333	-0.2965
2008.166667	-0.416
2008.25	-0.39425
2008.333333	-0.38425
2008.416667	-0.391
2008.5	-0.3275
2008.583333	-0.159
2008.666667	0.005
2008.75	0.044
2008.833333	0.01675
2008.916667	-0.032
2009	-0.09075
2009.083333	-0.11525
2009.166667	-0.098
2009.25	-0.10325
2009.333333	-0.04325
2009.416667	0.162
2009.5	0.341
2009.583333	0.35425
2009.666667	0.30025
2009.75	0.28075
2009.833333	0.2615
2009.916667	0.22425
2010	0.26525
2010.083333	0.3305
2010.166667	0.2765
2010.25	0.27575
2010.333333	0.3565
2010.416667	0.3525
2010.5	0.29425
2010.583333	0.23675
2010.666667	0.23825
2010.75	0.29675
2010.833333	0.234
2010.916667	-0.0215
2011	-0.27625
2011.083333	-0.39075
2011.166667	-0.42775
2011.25	-0.35225
2011.333333	-0.18
2011.416667	-0.1315
2011.5	-0.195
2011.583333	-0.203
2011.666667	-0.1755
2011.75	-0.156
2011.833333	-0.0625
2011.916667	0.0215
2012	-0.04275
2012.083333	-0.15
2012.166667	-0.1395
2012.25	0.065
2012.333333	0.19725
2012.416667	-0.01475
2012.5	-0.28525
2012.583333	-0.28025
2012.666667	-0.0785
2012.75	0.09125
2012.833333	0.11075
2012.916667	0.08125
2013	0.10625
2013.083333	0.098
2013.166667	0.10275
2013.25	0.19275
2013.333333	0.2685
2013.416667	0.2345
2013.5	0.13575
2013.583333	0.10725
2013.666667	0.142
2013.75	0.13825
2013.833333	0.0485
2013.916667	-0.01525
2014	0.023
2014.083333	0.05425
2014.166667	0.07725
2014.25	0.166
2014.333333	0.25075
2014.416667	0.294
2014.5	0.34225
2014.583333	0.305
2014.666667	0.1675
2014.75	0.12775
2014.833333	0.2
2014.916667	0.18225
2015	0.13775
2015.083333	0.192
2015.166667	0.227
2015.25	0.22725
2015.333333	0.2355
2015.416667	0.2445
2015.5	0.2175
2015.583333	0.183
2015.666667	0.203
2015.75	0.2135
2015.833333	0.31125
2015.916667	0.492
2016	0.57825
2016.083333	0.66025
2016.166667	0.737
2016.25	0.6785
2016.333333	0.612
2016.416667	0.61675
2016.5	0.628
2016.583333	0.6025
2016.666667	0.51175
2016.75	0.425
2016.833333	0.423
2016.916667	0.38975
2017	0.21025
2017.083333	-0.03575
2017.166667	-0.23725
2017.25	-0.2785
2017.333333	-0.2035
2017.416667	-0.143
2017.5	-0.052
2017.583333	0.07575
2017.666667	0.1715
2017.75	0.12875
2017.833333	-0.0745
2017.916667	-0.1915
2018	-0.15425
2018.083333	-0.061
2018.166667	0.07775
2018.25	0.12425
2018.333333	0.0165
2018.416667	-0.1055
2018.5	-0.1455
2018.583333	-0.16125
2018.666667	-0.224
2018.75	-0.22725
2018.833333	-0.1025
2018.916667	0.0225
2019	0.027
2019.083333	-0.01225
2019.166667	0.0475
2019.25	0.09975
2019.333333	0.03525
2019.416667	-0.0795
2019.5	-0.1705
2019.583333	-0.29325
2019.666667	-0.40425
2019.75	-0.301
2019.833333	-0.05125
2019.916667	0.25025
2020	0.48975
2020.083333	0.5135
2020.166667	0.4765
2020.25	0.4375
2020.333333	0.2775
2020.416667	0.14675
2020.5	0.1805
2020.583333	0.24725
2020.666667	0.21025
2020.75	0.1325
2020.833333	0.098
2020.916667	0.0395
2021	-0.059
2021.083333	-0.12125
2021.166667	-0.135
2021.25	-0.08425
2021.333333	0.0205
2021.416667	0.133
2021.5	0.2255
2021.583333	0.2105
2021.666667	0.13075
2021.75	0.05925
2021.833333	0.08475
2021.916667	0.236
2022	0.353
