 1.87212500000000E+03  -3.28130000000000E+01
 1.87220830000000E+03   5.87560000000000E+00
 1.87229170000000E+03   2.89928000000000E+01
 1.87237500000000E+03   1.91100000000000E+01
 1.87245830000000E+03   4.28635000000000E+01
 1.87254170000000E+03   2.80945000000000E+01
 1.87262500000000E+03   2.30790000000000E+00
 1.87270830000000E+03  -8.88260000000000E+00
 1.87279170000000E+03  -3.42267000000000E+01
 1.87295830000000E+03  -4.52999000000000E+01
 1.87304170000000E+03  -5.72593000000000E+01
 1.87312500000000E+03  -5.32958000000000E+01
 1.87320830000000E+03  -4.21015000000000E+01
 1.87329170000000E+03  -2.45225000000000E+01
 1.87337500000000E+03  -3.57897000000000E+01
 1.87345830000000E+03  -3.46722000000000E+01
 1.87354170000000E+03  -4.24008000000000E+01
 1.87362500000000E+03  -1.13129500000000E+02
 1.87370830000000E+03  -1.53627400000000E+02
 1.87379170000000E+03  -1.32663600000000E+02
 1.87387500000000E+03  -1.12238400000000E+02
 1.87395830000000E+03  -7.33516000000000E+01
 1.87404170000000E+03  -4.86185000000000E+01
 1.87412500000000E+03  -2.72701000000000E+01
 1.87420830000000E+03  -2.62294000000000E+01
 1.87429170000000E+03  -3.48039000000000E+01
 1.87437500000000E+03  -4.53017000000000E+01
 1.87445830000000E+03  -6.03378000000000E+01
 1.87537500000000E+03  -8.56567000000000E+01
 1.87545830000000E+03  -6.57695000000000E+01
 1.87554170000000E+03  -1.94207000000000E+01
 1.87562500000000E+03   1.70819000000000E+01
 1.87570830000000E+03   1.94307000000000E+01
 1.87579170000000E+03   1.13950000000000E+01
 1.87587500000000E+03  -8.64080000000000E+00
 1.87595830000000E+03  -8.44580000000000E+00
 1.87604170000000E+03  -6.25070000000000E+00
 1.87612500000000E+03   9.44400000000000E-01
 1.87620830000000E+03  -7.83600000000000E-01
 1.87629170000000E+03  -1.30500000000000E+01
 1.87637500000000E+03  -2.73933000000000E+01
 1.87645830000000E+03  -4.20444000000000E+01
 1.87654170000000E+03  -5.67722000000000E+01
 1.87662500000000E+03  -6.06539000000000E+01
 1.87670830000000E+03  -5.21511000000000E+01
 1.87679170000000E+03  -4.06480000000000E+01
 1.87687500000000E+03  -1.38374000000000E+01
 1.87695830000000E+03   1.17424000000000E+01
 1.87704170000000E+03   1.83225000000000E+01
 1.87712500000000E+03   2.32101000000000E+01
 1.87737500000000E+03   4.11808000000000E+01
 1.87745830000000E+03   3.81454000000000E+01
 1.87754170000000E+03   3.06486000000000E+01
 1.87762500000000E+03   5.11517000000000E+01
 1.87770830000000E+03   7.20395000000000E+01
 1.87779170000000E+03   6.51582000000000E+01
 1.87787500000000E+03   8.07383000000000E+01
 1.87795830000000E+03   9.40876000000000E+01
 1.87804170000000E+03   8.77448000000000E+01
 1.87812500000000E+03   7.67865000000000E+01
 1.87820830000000E+03   8.85205000000000E+01
 1.87829170000000E+03   9.47932000000000E+01
 1.87837500000000E+03   7.34503000000000E+01
 1.87845830000000E+03   3.92613000000000E+01
 1.87854170000000E+03   1.70725000000000E+01
 1.87862500000000E+03   1.15759000000000E+01
 1.87870830000000E+03   2.30000000000000E-03
 1.87879170000000E+03  -9.49410000000000E+00
 1.87887500000000E+03  -1.99070000000000E+00
 1.87895830000000E+03   6.97430000000000E+00
 1.87904170000000E+03   9.47790000000000E+00
 1.87912500000000E+03   1.67506000000000E+01
 1.87920830000000E+03   2.98695000000000E+01
 1.87929170000000E+03   1.98347000000000E+01
 1.87937500000000E+03  -1.50790000000000E+00
 1.87945830000000E+03   7.45720000000000E+00
 1.87954170000000E+03   4.65330000000000E+00
 1.87962500000000E+03   1.76184000000000E+01
 1.87970830000000E+03   2.55067000000000E+01
 1.87979170000000E+03   3.13182000000000E+01
 1.87987500000000E+03   3.42834000000000E+01
 1.87995830000000E+03   4.12487000000000E+01
 1.88004170000000E+03   3.95217000000000E+01
 1.88012500000000E+03   3.83332000000000E+01
 1.88020830000000E+03   3.61446000000000E+01
 1.88029170000000E+03   1.24178000000000E+01
 1.88037500000000E+03   2.17678000000000E+01
 1.88045830000000E+03   4.81947000000000E+01
 1.88054170000000E+03   2.70833000000000E+01
 1.88062500000000E+03   1.02795000000000E+01
 1.88070830000000E+03   1.19372000000000E+01
 1.88079170000000E+03  -4.04900000000000E-01
 1.88087500000000E+03  -7.90100000000000E+00
 1.88095830000000E+03  -2.47390000000000E+00
 1.88104170000000E+03   5.72250000000000E+00
 1.88112500000000E+03   8.61110000000000E+00
 1.88120830000000E+03  -1.15002000000000E+01
 1.88129170000000E+03  -3.31499000000000E+01
 1.88137500000000E+03  -1.18766000000000E+01
 1.88145830000000E+03  -1.95264000000000E+01
 1.88154170000000E+03  -2.72529000000000E+01
 1.88162500000000E+03  -9.05640000000000E+00
 1.88170830000000E+03   8.37080000000000E+00
 1.88179170000000E+03  -3.66340000000000E+00
 1.88187500000000E+03   6.45620000000000E+00
 1.88195830000000E+03   1.74989000000000E+01
 1.88204170000000E+03   2.96186000000000E+01
 1.88212500000000E+03   3.75844000000000E+01
 1.88220830000000E+03   2.46272000000000E+01
 1.88229170000000E+03   3.59778000000000E+01
 1.88237500000000E+03   4.88667000000000E+01
 1.88245830000000E+03   1.26787000000000E+01
 1.88254170000000E+03   4.95250000000000E+00
 1.88262500000000E+03  -1.29278000000000E+01
 1.88270830000000E+03  -2.11926000000000E+01
 1.88279170000000E+03  -2.07260000000000E+00
 1.88287500000000E+03   9.66260000000000E+00
 1.88295830000000E+03  -1.29450000000000E+00
 1.95354170000000E+03   8.02880000000000E+01
 1.95370830000000E+03   5.14869000000000E+01
 1.95379170000000E+03   1.35480000000000E+01
 1.95387500000000E+03  -2.16986000000000E+01
 1.95395830000000E+03  -3.00222000000000E+01
 1.95404170000000E+03  -3.55763000000000E+01
 1.95412500000000E+03  -1.96691000000000E+01
 1.95420830000000E+03  -1.46849000000000E+01
 1.95429170000000E+03  -1.85440000000000E+00
 1.95437500000000E+03   3.60700000000000E-01
 1.95445830000000E+03  -6.34740000000000E+00
 1.95454170000000E+03  -2.85937000000000E+01
 1.95462500000000E+03  -3.93017000000000E+01
 1.95470830000000E+03  -3.87789000000000E+01
 1.95479170000000E+03  -2.73329000000000E+01
 1.95487500000000E+03  -1.79639000000000E+01
 1.95495830000000E+03   1.48200000000000E+00
 1.95512500000000E+03  -4.16440000000000E+00
 1.95520830000000E+03  -3.79530000000000E+00
 1.95529170000000E+03  -2.42610000000000E+00
 1.95537500000000E+03  -1.85954000000000E+01
 1.95545830000000E+03  -2.57648000000000E+01
 1.95554170000000E+03  -3.21647000000000E+01
 1.95562500000000E+03  -7.23340000000000E+01
 1.95570830000000E+03  -7.39648000000000E+01
 1.95579170000000E+03  -6.92877000000000E+01
 1.95587500000000E+03  -5.21492000000000E+01
 1.95595830000000E+03  -5.23954000000000E+01
 1.95604170000000E+03  -5.01029000000000E+01
 1.95612500000000E+03  -4.28105000000000E+01
 1.95620830000000E+03  -4.03642000000000E+01
 1.95629170000000E+03  -3.93793000000000E+01
 1.95637500000000E+03  -4.92408000000000E+01
 1.95645830000000E+03  -4.73329000000000E+01
 1.95654170000000E+03  -7.42710000000000E+01
 1.95662500000000E+03  -8.32093000000000E+01
 1.95670830000000E+03  -5.55322000000000E+01
 1.95679170000000E+03  -4.01625000000000E+01
 1.95687500000000E+03  -1.84084000000000E+01
 1.95754170000000E+03  -4.83590000000000E+00
 1.95820830000000E+03  -1.41600000000000E+00
 1.95829170000000E+03  -6.96900000000000E+00
 1.95837500000000E+03  -1.00607000000000E+01
 1.95845830000000E+03  -2.22920000000000E+00
 1.95854170000000E+03  -3.70530000000000E+00
 1.95862500000000E+03   1.04920000000000E+00
 1.95870830000000E+03   3.49610000000000E+00
 1.95937500000000E+03   2.29955000000000E+01
 1.95945830000000E+03   3.21349000000000E+01
 1.95954170000000E+03   1.95821000000000E+01
 1.95962500000000E+03   1.00293000000000E+01
 1.95970830000000E+03  -8.06210000000000E+00
 1.95979170000000E+03  -1.29224000000000E+01
 1.95987500000000E+03  -1.07830000000000E+01
 1.95995830000000E+03   4.33500000000000E-01
 1.96012500000000E+03  -9.79600000000000E-01
 1.96029170000000E+03  -2.07772000000000E+01
 1.96037500000000E+03  -2.34068000000000E+01
 1.96045830000000E+03  -2.84210000000000E+01
 1.96054170000000E+03  -2.17427000000000E+01
 1.96062500000000E+03  -3.91070000000000E+00
 1.96070830000000E+03   1.06136000000000E+01
 1.96079170000000E+03   3.50611000000000E+01
 1.96087500000000E+03   6.02009000000000E+01
 1.96095830000000E+03   6.68022000000000E+01
 1.96170830000000E+03   4.93692000000000E+01
 1.96179170000000E+03   3.89709000000000E+01
 1.96187500000000E+03   3.29570000000000E+01
 1.96195830000000E+03   3.93278000000000E+01
 1.96204170000000E+03   6.00834000000000E+01
 1.96212500000000E+03   7.93004000000000E+01
 1.96220830000000E+03   9.49020000000000E+01
 1.96229170000000E+03   9.90423000000000E+01
 1.96237500000000E+03   8.24901000000000E+01
 1.96245830000000E+03   7.23995000000000E+01
 1.96254170000000E+03   4.06937000000000E+01
 1.96262500000000E+03   8.75690000000000E+00
 1.96270830000000E+03   2.20480000000000E+00
 1.96279170000000E+03   1.62683000000000E+01
 1.96287500000000E+03   2.76393000000000E+01
 1.96295830000000E+03   4.03950000000000E+01
 1.96304170000000E+03   4.04585000000000E+01
 1.96312500000000E+03   4.88296000000000E+01
 1.96329170000000E+03   4.41105000000000E+01
 1.96337500000000E+03   4.80970000000000E+01
 1.96345830000000E+03   3.90066000000000E+01
 1.96354170000000E+03   4.23780000000000E+01
 1.96362500000000E+03   3.95184000000000E+01
 1.96370830000000E+03   4.25820000000000E+01
 1.96379170000000E+03   6.43380000000000E+01
 1.96387500000000E+03   8.60939000000000E+01
 1.96395830000000E+03   8.94652000000000E+01
 1.96404170000000E+03   9.50674000000000E+01
 1.96412500000000E+03   9.17465000000000E+01
 1.96420830000000E+03   8.55025000000000E+01
 1.96462500000000E+03   5.72061000000000E+01
 1.96470830000000E+03   2.15006000000000E+01
 1.96479170000000E+03  -1.58920000000000E+00
 1.96487500000000E+03  -1.39100000000000E+01
 1.96495830000000E+03   1.23080000000000E+00
 1.96504170000000E+03   8.44870000000000E+00
 1.96512500000000E+03   3.23587000000000E+01
 1.96520830000000E+03   3.94227000000000E+01
 1.96529170000000E+03   3.81791000000000E+01
 1.96537500000000E+03   3.54738000000000E+01
 1.96545830000000E+03   2.30763000000000E+01
 1.96554170000000E+03  -8.59600000000000E-01
 1.96562500000000E+03  -1.48780000000000E+00
 1.96570830000000E+03  -1.11610000000000E+00
 1.96579170000000E+03   1.21789000000000E+01
 1.96587500000000E+03   2.10122000000000E+01
 1.96595830000000E+03   3.58456000000000E+01
 1.96604170000000E+03   2.39868000000000E+01
 1.96620830000000E+03   3.29613000000000E+01
 1.96629170000000E+03   2.88718000000000E+01
 1.96637500000000E+03   2.00899000000000E+01
 1.96645830000000E+03   2.03849000000000E+01
 1.96654170000000E+03   3.86032000000000E+01
 1.96662500000000E+03   4.95906000000000E+01
 1.96670830000000E+03   8.04241000000000E+01
 1.96679170000000E+03   7.41040000000000E+01
 1.96687500000000E+03   9.60145000000000E+01
 1.96695830000000E+03   1.01309600000000E+02
 1.96720830000000E+03   1.07118400000000E+02
 1.96745830000000E+03   9.40043000000000E+01
 1.96754170000000E+03   8.09921000000000E+01
 1.96812500000000E+03   5.07523000000000E+01
 1.96820830000000E+03   3.48170000000000E+01
 1.96837500000000E+03   2.40236000000000E+01
 1.96845830000000E+03   1.54990000000000E+00
 1.96895830000000E+03  -2.37531000000000E+01
 1.96904170000000E+03  -2.69188000000000E+01
 1.96912500000000E+03  -3.76231000000000E+01
 1.96920830000000E+03  -2.27890000000000E+01
 1.96929170000000E+03  -1.62623000000000E+01
 1.96937500000000E+03   4.57190000000000E+00
 1.96945830000000E+03  -1.12861000000000E+01
 1.96954170000000E+03  -3.37480000000000E+00
 1.96962500000000E+03   1.99800000000000E+00
 1.96970830000000E+03   2.21690000000000E+00
 1.96979170000000E+03   6.58980000000000E+00
 1.96987500000000E+03   9.19340000000000E+00
 1.96995830000000E+03   2.09508000000000E+01
 1.97104170000000E+03   2.47235000000000E+01
 1.97112500000000E+03   2.47120000000000E+01
 1.97120830000000E+03   2.24698000000000E+01
 1.97129170000000E+03   2.64585000000000E+01
 1.97137500000000E+03   2.10624000000000E+01
 1.97145830000000E+03   1.13587000000000E+01
 1.97154170000000E+03   6.55200000000000E-01
 1.97162500000000E+03  -2.29715000000000E+01
 1.97170830000000E+03  -3.65213000000000E+01
 1.97179170000000E+03  -2.76094000000000E+01
 1.97187500000000E+03  -2.81592000000000E+01
 1.97195830000000E+03  -1.34781000000000E+01
 1.97204170000000E+03  -1.28738000000000E+01
 1.97212500000000E+03  -8.03890000000000E+00
 1.97220830000000E+03  -1.62040000000000E+01
 1.97229170000000E+03  -1.86765000000000E+01
 1.97237500000000E+03  -2.03800000000000E+01
 1.97245830000000E+03  -3.23912000000000E+01
 1.97254170000000E+03  -4.56329000000000E+01
 1.97262500000000E+03  -2.62594000000000E+01
 1.97270830000000E+03  -1.21166000000000E+01
 1.97279170000000E+03  -3.20440000000000E+00
 1.97287500000000E+03  -1.90780000000000E+00
 1.97295830000000E+03   7.69660000000000E+00
 1.97304170000000E+03   2.99340000000000E+00
 1.97312500000000E+03   5.90550000000000E+00
 1.97320830000000E+03   4.04840000000000E+00
 1.97329170000000E+03   2.42230000000000E+00
 1.97337500000000E+03   1.68729000000000E+01
 1.97345830000000E+03   1.04774000000000E+01
 1.97354170000000E+03   2.19282000000000E+01
 1.97362500000000E+03   2.65328000000000E+01
 1.97370830000000E+03   4.52190000000000E+00
 1.97379170000000E+03  -1.41041000000000E+01
 1.97387500000000E+03  -2.34226000000000E+01
 1.97395830000000E+03  -2.03564000000000E+01
 1.97404170000000E+03  -1.24439000000000E+01
 1.97412500000000E+03  -1.39931000000000E+01
 1.97420830000000E+03  -1.54220000000000E+00
 1.97429170000000E+03  -1.03989000000000E+01
 1.97437500000000E+03  -6.56340000000000E+00
 1.97445830000000E+03   3.19520000000000E+00
 1.97454170000000E+03   1.98001000000000E+01
 1.97462500000000E+03   5.94340000000000E+00
 1.97470830000000E+03  -5.60570000000000E+00
 1.97479170000000E+03  -2.31400000000000E-01
 1.97487500000000E+03   1.29119000000000E+01
 1.97495830000000E+03   2.54398000000000E+01
 1.97504170000000E+03   3.11218000000000E+01
 1.97512500000000E+03   2.34960000000000E+01
 1.97520830000000E+03   3.65624000000000E+01
 1.97529170000000E+03   2.13214000000000E+01
 1.97537500000000E+03   3.26956000000000E+01
 1.97545830000000E+03   4.62237000000000E+01
 1.97554170000000E+03   2.77520000000000E+01
 1.97562500000000E+03  -4.95070000000000E+00
 1.97570830000000E+03  -1.25764000000000E+01
 1.97579170000000E+03  -1.26634000000000E+01
 1.97587500000000E+03  -7.36600000000000E+00
 1.97595830000000E+03  -9.91600000000000E-01
 1.97604170000000E+03  -3.07860000000000E+00
 1.97612500000000E+03  -1.17042000000000E+01
 1.97620830000000E+03  -1.49452000000000E+01
 1.97629170000000E+03  -3.93398000000000E+01
 1.97637500000000E+03  -4.01961000000000E+01
 1.97645830000000E+03  -3.55139000000000E+01
 1.97654170000000E+03  -3.23700000000000E+01
 1.97745830000000E+03  -4.03254000000000E+01
 1.97754170000000E+03  -3.25659000000000E+01
 1.97762500000000E+03  -4.54218000000000E+01
 1.97770830000000E+03  -4.26624000000000E+01
 1.97779170000000E+03  -5.47490000000000E+01
 1.97787500000000E+03  -6.91433000000000E+01
 1.97795830000000E+03  -6.63069000000000E+01
 1.97804170000000E+03  -6.16242000000000E+01
 1.97812500000000E+03  -6.07108000000000E+01
 1.97820830000000E+03  -4.84897000000000E+01
 1.97829170000000E+03  -4.51915000000000E+01
 1.97837500000000E+03  -3.81242000000000E+01
 1.97845830000000E+03  -7.25185000000000E+01
 1.97854170000000E+03  -8.65279000000000E+01
 1.97862500000000E+03  -1.04845100000000E+02
 1.97870830000000E+03  -8.93162000000000E+01
 1.97879170000000E+03  -1.04941000000000E+02
 1.97887500000000E+03  -8.76428000000000E+01
 1.97895830000000E+03  -7.17292000000000E+01
 1.97904170000000E+03  -6.80462000000000E+01
 1.97912500000000E+03  -6.45941000000000E+01
 1.97920830000000E+03  -5.18343000000000E+01
 1.97929170000000E+03  -6.49205000000000E+01
 1.97937500000000E+03  -6.10837000000000E+01
 1.97945830000000E+03  -8.99392000000000E+01
 1.97954170000000E+03  -9.13330000000000E+01
 1.97962500000000E+03  -9.40346000000000E+01
 1.97970830000000E+03  -8.61978000000000E+01
 1.97979170000000E+03  -8.95146000000000E+01
 1.97987500000000E+03  -6.72930000000000E+01
 1.98004170000000E+03  -6.33113000000000E+01
 1.98012500000000E+03  -5.84744000000000E+01
 1.98020830000000E+03  -5.37143000000000E+01
 1.98029170000000E+03  -4.77233000000000E+01
 1.98037500000000E+03  -5.94247000000000E+01
 1.98045830000000E+03  -3.90492000000000E+01
 1.98054170000000E+03  -4.52889000000000E+01
 1.98062500000000E+03  -3.69133000000000E+01
 1.98070830000000E+03  -2.21531000000000E+01
 1.98079170000000E+03  -1.77774000000000E+01
 1.98087500000000E+03  -1.59402000000000E+01
 1.98095830000000E+03   9.73900000000000E-01
 1.98104170000000E+03   6.42660000000000E+00
 1.98112500000000E+03   1.04946000000000E+01
 1.98120830000000E+03   1.45626000000000E+01
 1.98129170000000E+03   2.89385000000000E+01
 1.98137500000000E+03   3.94681000000000E+01
 1.98145830000000E+03   3.83054000000000E+01
 1.98154170000000E+03   2.26814000000000E+01
 1.98162500000000E+03   2.60572000000000E+01
 1.98170830000000E+03   3.90484000000000E+01
 1.98179170000000E+03   3.96552000000000E+01
 1.98187500000000E+03   5.63387000000000E+01
 1.98195830000000E+03   6.48685000000000E+01
 1.98204170000000E+03   6.27061000000000E+01
 1.98212500000000E+03   7.04667000000000E+01
 1.98220830000000E+03   8.33042000000000E+01
 1.98229170000000E+03   7.52957000000000E+01
 1.98237500000000E+03   7.49025000000000E+01
 1.98245830000000E+03   6.72785000000000E+01
 1.98254170000000E+03   9.15778000000000E+01
 1.98262500000000E+03   7.44154000000000E+01
 1.98270830000000E+03   6.63299000000000E+01
 1.98279170000000E+03   4.94754000000000E+01
 1.98287500000000E+03   4.78515000000000E+01
 1.98295830000000E+03   5.20738000000000E+01
 1.98304170000000E+03   5.87579000000000E+01
 1.98312500000000E+03   5.89033000000000E+01
 1.98320830000000E+03   6.02795000000000E+01
 1.98329170000000E+03   7.28867000000000E+01
 1.98337500000000E+03   8.43399000000000E+01
 1.98345830000000E+03   7.01777000000000E+01
 1.98354170000000E+03   5.87849000000000E+01
 1.98362500000000E+03   1.94689000000000E+01
 1.98370830000000E+03   1.77683000000000E+01
 1.98379170000000E+03   5.45260000000000E+00
 1.98387500000000E+03  -9.41000000000000E-02
 1.98395830000000E+03  -2.25620000000000E+00
 1.98404170000000E+03  -9.41810000000000E+00
 1.98412500000000E+03  -1.75801000000000E+01
 1.98420830000000E+03  -1.95882000000000E+01
 1.98429170000000E+03  -1.72116000000000E+01
 1.98437500000000E+03  -4.32197000000000E+01
 1.98445830000000E+03  -5.24585000000000E+01
 1.98454170000000E+03  -7.73126000000000E+01
 1.98462500000000E+03  -9.75514000000000E+01
 1.98470830000000E+03  -1.02482500000000E+02
 1.98479170000000E+03  -8.84903000000000E+01
 1.98487500000000E+03  -8.51137000000000E+01
 1.98495830000000E+03  -6.84293000000000E+01
 1.98504170000000E+03  -5.36679000000000E+01
 1.98512500000000E+03  -3.44450000000000E+01
 1.98520830000000E+03  -2.31452000000000E+01
 1.98529170000000E+03  -1.57683000000000E+01
 1.98537500000000E+03  -3.39300000000000E+01
 1.98545830000000E+03  -3.32455000000000E+01
 1.98554170000000E+03  -4.09454000000000E+01
 1.98562500000000E+03  -5.81071000000000E+01
 1.98570830000000E+03  -4.46533000000000E+01
 1.98579170000000E+03  -4.78147000000000E+01
 1.98587500000000E+03  -3.78994000000000E+01
 1.98595830000000E+03  -3.06763000000000E+01
 1.98604170000000E+03  -2.86069000000000E+01
 1.98612500000000E+03  -4.06915000000000E+01
 1.98620830000000E+03  -5.52376000000000E+01
 1.98629170000000E+03  -5.00142000000000E+01
 1.98637500000000E+03  -3.85603000000000E+01
 1.98645830000000E+03  -2.49525000000000E+01
 1.98654170000000E+03  -4.98060000000000E+01
 1.98662500000000E+03  -5.38905000000000E+01
 1.98670830000000E+03  -3.65134000000000E+01
 1.98679170000000E+03  -4.81361000000000E+01
 1.98687500000000E+03  -3.86051000000000E+01
 1.98695830000000E+03  -4.37664000000000E+01
 1.98704170000000E+03  -4.28506000000000E+01
 1.98712500000000E+03  -4.16272000000000E+01
 1.98720830000000E+03  -2.31730000000000E+01
 1.98729170000000E+03  -1.59495000000000E+01
 1.98737500000000E+03  -2.24183000000000E+01
 1.98745830000000E+03  -3.38872000000000E+01
 1.98754170000000E+03  -3.40482000000000E+01
 1.98762500000000E+03  -6.36310000000000E+00
 1.98770830000000E+03  -5.44730000000000E+00
 1.98779170000000E+03  -7.62100000000000E-01
 1.98787500000000E+03   4.69230000000000E+00
 1.98795830000000E+03   1.93005000000000E+01
 1.98804170000000E+03   3.82165000000000E+01
 1.98812500000000E+03   6.02863000000000E+01
 1.98820830000000E+03   7.56638000000000E+01
 1.98829170000000E+03   6.96569000000000E+01
 1.98837500000000E+03   7.17267000000000E+01
 1.98845830000000E+03   7.73350000000000E+01
 1.98854170000000E+03   9.17128000000000E+01
 1.98862500000000E+03   1.02859600000000E+02
 1.98870830000000E+03   1.09237200000000E+02
 1.98879170000000E+03   1.07999600000000E+02
 1.98887500000000E+03   1.19300400000000E+02
 1.98895830000000E+03   1.31755000000000E+02
 1.98904170000000E+03   1.30132800000000E+02
 1.98912500000000E+03   1.26972100000000E+02
 1.98920830000000E+03   1.14349900000000E+02
 1.98929170000000E+03   1.04035500000000E+02
 1.98937500000000E+03   1.06874800000000E+02
 1.98945830000000E+03   1.08021800000000E+02
 1.98954170000000E+03   1.19938300000000E+02
 1.98962500000000E+03   1.34008500000000E+02
 1.98970830000000E+03   1.30155600000000E+02
 1.98979170000000E+03   1.20225900000000E+02
 1.98987500000000E+03   1.32603900000000E+02
 1.98995830000000E+03   1.39289500000000E+02
 1.99004170000000E+03   1.35975300000000E+02
 1.99012500000000E+03   1.39122500000000E+02
 1.99020830000000E+03   1.32654300000000E+02
 1.99029170000000E+03   1.05647900000000E+02
 1.99070830000000E+03   8.13077000000000E+01
 1.99079170000000E+03   6.06091000000000E+01
 1.99087500000000E+03   3.30642000000000E+01
 1.99095830000000E+03   9.82700000000000E+00
 1.99104170000000E+03  -2.69484000000000E+01
 1.99112500000000E+03  -4.31086000000000E+01
 1.99120830000000E+03  -3.85765000000000E+01
 1.99129170000000E+03  -4.56596000000000E+01
 1.99137500000000E+03  -3.93583000000000E+01
 1.99145830000000E+03  -3.04415000000000E+01
 1.99154170000000E+03  -3.09860000000000E+01
 1.99162500000000E+03  -3.47615000000000E+01
 1.99170830000000E+03  -1.56139000000000E+01
 1.99179170000000E+03  -8.77380000000000E+00
 1.99187500000000E+03  -3.24150000000000E+00
 1.99195830000000E+03   3.82920000000000E+00
 1.99204170000000E+03   4.05400000000000E+00
 1.99212500000000E+03   1.55094000000000E+01
 1.99220830000000E+03   1.51187000000000E+01
 1.99229170000000E+03  -2.65640000000000E+00
 1.99237500000000E+03   1.36452000000000E+01
 1.99245830000000E+03   1.04084000000000E+01
 1.99254170000000E+03   2.91718000000000E+01
 1.99262500000000E+03   2.08581000000000E+01
 1.99270830000000E+03   1.06982000000000E+01
 1.99279170000000E+03  -1.46140000000000E+00
 1.99287500000000E+03  -5.00580000000000E+00
 1.99295830000000E+03  -3.85790000000000E+00
 1.99304170000000E+03   8.29030000000000E+00
 1.99312500000000E+03   1.15921000000000E+01
 1.99320830000000E+03  -1.16445000000000E+01
 1.99329170000000E+03  -2.41887000000000E+01
 1.99337500000000E+03  -2.66560000000000E+01
 1.99345830000000E+03  -3.05079000000000E+01
 1.99354170000000E+03  -3.47443000000000E+01
 1.99362500000000E+03  -8.72116000000000E+01
 1.99370830000000E+03  -7.53712000000000E+01
 1.99379170000000E+03  -7.50690000000000E+01
 1.99387500000000E+03  -7.01516000000000E+01
 1.99395830000000E+03  -5.20803000000000E+01
 1.99404170000000E+03  -5.27012000000000E+01
 1.99412500000000E+03  -5.97068000000000E+01
 1.99420830000000E+03  -6.52509000000000E+01
 1.99429170000000E+03  -5.21024000000000E+01
 1.99437500000000E+03  -3.74926000000000E+01
 1.99445830000000E+03  -8.42120000000000E+00
 1.99454170000000E+03  -1.21958000000000E+01
 1.99462500000000E+03  -4.74000000000000E-02
 1.99470830000000E+03   2.84087000000000E+01
 1.99479170000000E+03   1.06342000000000E+01
 1.99487500000000E+03   9.78260000000000E+00
 1.99495830000000E+03   1.67772000000000E+01
 1.99504170000000E+03   1.13104000000000E+01
 1.99512500000000E+03   1.03051000000000E+01
 1.99520830000000E+03   6.91510000000000E+00
 1.99529170000000E+03   2.18331000000000E+01
 1.99537500000000E+03   1.79816000000000E+01
 1.99545830000000E+03  -1.56210000000000E+00
 1.99554170000000E+03  -3.81057000000000E+01
 1.99562500000000E+03  -6.29571000000000E+01
 1.99570830000000E+03  -1.07116100000000E+02
 1.99579170000000E+03  -1.28659600000000E+02
 1.99587500000000E+03  -1.31818600000000E+02
 1.99595830000000E+03  -1.25593000000000E+02
 1.99604170000000E+03  -1.22905600000000E+02
 1.99612500000000E+03  -1.30987700000000E+02
 1.99620830000000E+03  -1.39992800000000E+02
 1.99629170000000E+03  -1.28074600000000E+02
 1.99637500000000E+03  -1.35156500000000E+02
 1.99645830000000E+03  -1.39392300000000E+02
 1.99654170000000E+03  -1.31627900000000E+02
 1.99662500000000E+03  -9.71714000000000E+01
 1.99670830000000E+03  -7.65609000000000E+01
 1.99679170000000E+03  -5.87965000000000E+01
 1.99687500000000E+03  -4.89552000000000E+01
 1.99695830000000E+03  -4.13447000000000E+01
 1.99704170000000E+03  -4.74264000000000E+01
 1.99712500000000E+03  -4.98928000000000E+01
 1.99720830000000E+03  -3.12053000000000E+01
 1.99729170000000E+03  -1.29791000000000E+01
 1.99737500000000E+03  -2.70609000000000E+01
 1.99745830000000E+03  -3.91425000000000E+01
 1.99754170000000E+03  -2.85317000000000E+01
 1.99762500000000E+03  -1.09211000000000E+01
 1.99770830000000E+03  -3.30796000000000E+01
 1.99779170000000E+03  -4.59303000000000E+01
 1.99787500000000E+03  -4.69349000000000E+01
 1.99795830000000E+03  -3.77857000000000E+01
 1.99804170000000E+03  -2.14056000000000E+01
 1.99812500000000E+03  -4.48710000000000E+00
 1.99820830000000E+03  -6.45500000000000E-01
 1.99829170000000E+03   1.58886000000000E+01
 1.99837500000000E+03   9.26870000000000E+00
 1.99845830000000E+03   2.31872000000000E+01
 1.99854170000000E+03   3.55675000000000E+01
 1.99862500000000E+03   3.81015000000000E+01
 1.99870830000000E+03   1.91740000000000E+01
 1.99879170000000E+03   2.10928000000000E+01
 1.99887500000000E+03   2.78577000000000E+01
 1.99895830000000E+03   4.06225000000000E+01
 1.99904170000000E+03   4.51568000000000E+01
 1.99912500000000E+03   3.49986000000000E+01
 1.99920830000000E+03   3.23020000000000E+01
 1.99929170000000E+03   3.49902000000000E+01
 1.99937500000000E+03   1.56013000000000E+01
 1.99945830000000E+03   2.91355000000000E+01
 1.99954170000000E+03   3.02083000000000E+01
 1.99962500000000E+03   3.51272000000000E+01
 1.99970830000000E+03   2.48922000000000E+01
 1.99979170000000E+03   1.91959000000000E+01
 1.99987500000000E+03   2.40379000000000E+01
 1.99995830000000E+03   3.29569000000000E+01
 2.00004170000000E+03   3.01068000000000E+01
 2.00012500000000E+03   2.81796000000000E+01
 2.00020830000000E+03   2.57140000000000E+01
 2.00029170000000E+03   2.95563000000000E+01
 2.00037500000000E+03   3.67061000000000E+01
 2.00045830000000E+03   4.27791000000000E+01
 2.00054170000000E+03   2.93906000000000E+01
 2.00062500000000E+03   9.07900000000000E+00
 2.00070830000000E+03  -1.40019000000000E+01
 2.00079170000000E+03  -2.03133000000000E+01
 2.00087500000000E+03  -1.81633000000000E+01
 2.00095830000000E+03  -1.70134000000000E+01
 2.00104170000000E+03  -1.63247000000000E+01
 2.00112500000000E+03  -9.71320000000000E+00
 2.00120830000000E+03  -1.62555000000000E+01
 2.00129170000000E+03   4.43320000000000E+00
 2.00137500000000E+03   4.66020000000000E+00
 2.00145830000000E+03  -1.38050000000000E+01
 2.00154170000000E+03  -1.77317000000000E+01
 2.00162500000000E+03   3.03390000000000E+00
 2.00170830000000E+03   1.75686000000000E+01
 2.00179170000000E+03   2.17190000000000E+01
 2.00187500000000E+03   2.89461000000000E+01
 2.00195830000000E+03   4.47887000000000E+01
 2.00204170000000E+03   4.89391000000000E+01
 2.00212500000000E+03   4.29355000000000E+01
 2.00220830000000E+03   3.59320000000000E+01
 2.00229170000000E+03   3.13902000000000E+01
 2.00237500000000E+03   2.07890000000000E+00
 2.00245830000000E+03  -2.92322000000000E+01
 2.00254170000000E+03  -1.84663000000000E+01
 2.00262500000000E+03  -3.98544000000000E+01
 2.00270830000000E+03  -6.72424000000000E+01
 2.00279170000000E+03  -8.37841000000000E+01
 2.00287500000000E+03  -7.63259000000000E+01
 2.00295830000000E+03  -6.77908000000000E+01
 2.00304170000000E+03  -7.24094000000000E+01
 2.00312500000000E+03  -7.39512000000000E+01
 2.00320830000000E+03  -6.84929000000000E+01
 2.00329170000000E+03  -6.64960000000000E+01
 2.00337500000000E+03  -5.93454000000000E+01
 2.00345830000000E+03  -4.28102000000000E+01
 2.00354170000000E+03  -2.15825000000000E+01
 2.00362500000000E+03  -2.78934000000000E+01
 2.00370830000000E+03  -2.63581000000000E+01
 2.00379170000000E+03  -2.88995000000000E+01
 2.00387500000000E+03  -1.89796000000000E+01
 2.00395830000000E+03  -1.73673000000000E+01
 2.00404170000000E+03  -1.98317000000000E+01
 2.00412500000000E+03  -1.68348000000000E+01
 2.00420830000000E+03  -3.22250000000000E+00
 2.00429170000000E+03  -3.07140000000000E+00
 2.00437500000000E+03   1.23320000000000E+00
 2.00445830000000E+03   1.63072000000000E+01
 2.00454170000000E+03   2.79967000000000E+01
 2.00462500000000E+03   9.60920000000000E+00
 2.00470830000000E+03  -5.39380000000000E+00
 2.00479170000000E+03  -4.47340000000000E+00
 2.00487500000000E+03   3.13910000000000E+00
 2.00495830000000E+03   5.36700000000000E+00
 2.00504170000000E+03   4.59510000000000E+00
 2.00512500000000E+03   1.04385000000000E+01
 2.00520830000000E+03   1.70511000000000E+01
 2.00529170000000E+03   5.04850000000000E+00
 2.00537500000000E+03   1.88150000000000E+01
 2.00545830000000E+03   8.58150000000000E+00
 2.00554170000000E+03  -1.72672000000000E+01
 2.00562500000000E+03  -4.83468000000000E+01
 2.00570830000000E+03  -5.05033000000000E+01
 2.00579170000000E+03  -3.61981000000000E+01
 2.00587500000000E+03  -3.41238000000000E+01
 2.00595830000000E+03  -3.53571000000000E+01
 2.00604170000000E+03  -3.38980000000000E+01
 2.00612500000000E+03  -3.71313000000000E+01
 2.00620830000000E+03  -3.95954000000000E+01
 2.00629170000000E+03  -3.93669000000000E+01
 2.00637500000000E+03  -2.01387000000000E+01
 2.00645830000000E+03  -1.29104000000000E+01
 2.00654170000000E+03   1.52412000000000E+01
 2.00662500000000E+03   1.80080000000000E+01
 2.00670830000000E+03   3.24671000000000E+01
 2.00679170000000E+03   4.34649000000000E+01
 2.00687500000000E+03   4.91549000000000E+01
 2.00695830000000E+03   5.25372000000000E+01
 2.00704170000000E+03   6.86119000000000E+01
 2.00712500000000E+03   7.56096000000000E+01
 2.00720830000000E+03   8.39920000000000E+01
 2.00729170000000E+03   7.99899000000000E+01
 2.00737500000000E+03   7.26800000000000E+01
 2.00745830000000E+03   5.67547000000000E+01
 2.00754170000000E+03   4.54450000000000E+01
 2.00762500000000E+03   3.43659000000000E+01
 2.00770830000000E+03   4.69791000000000E+01
 2.00779170000000E+03   3.92849000000000E+01
 2.00787500000000E+03   3.67443000000000E+01
 2.00795830000000E+03   3.87422000000000E+01
 2.00804170000000E+03   4.57403000000000E+01
 2.00812500000000E+03   4.12767000000000E+01
 2.00820830000000E+03   3.25824000000000E+01
 2.00829170000000E+03   4.81960000000000E+01
 2.00837500000000E+03   5.40401000000000E+01
 2.00845830000000E+03   4.64997000000000E+01
 2.00854170000000E+03   4.11133000000000E+01
 2.00862500000000E+03   1.78037000000000E+01
 2.00870830000000E+03  -1.81350000000000E+00
 2.00879170000000E+03  -1.81229000000000E+01
 2.00887500000000E+03  -1.37402000000000E+01
 2.00895830000000E+03  -9.97280000000000E+00
 2.00904170000000E+03  -8.28210000000000E+00
 2.00912500000000E+03  -3.28390000000000E+00
 2.00920830000000E+03   1.75900000000000E-01
 2.00929170000000E+03  -2.10300000000000E-01
 2.00937500000000E+03  -1.32889000000000E+01
 2.00945830000000E+03  -2.59830000000000E+01
 2.00954170000000E+03  -4.35229000000000E+01
 2.00962500000000E+03  -6.78323000000000E+01
 2.00970830000000E+03  -6.73724000000000E+01
 2.00979170000000E+03  -7.16046000000000E+01
 2.00987500000000E+03  -7.08369000000000E+01
 2.00995830000000E+03  -6.99154000000000E+01
 2.01004170000000E+03  -5.77630000000000E+01
 2.01012500000000E+03  -5.81491000000000E+01
 2.01020830000000E+03  -6.74583000000000E+01
 2.01029170000000E+03  -7.48443000000000E+01
 2.01037500000000E+03  -7.86150000000000E+01
 2.01045830000000E+03  -1.02847200000000E+02
 2.01054170000000E+03  -1.01617600000000E+02
 2.01062500000000E+03  -8.56191000000000E+01
 2.01070830000000E+03  -7.26204000000000E+01
 2.01079170000000E+03  -6.82370000000000E+01
 2.01087500000000E+03  -5.46999000000000E+01
 2.01095830000000E+03  -3.80858000000000E+01
 2.01104170000000E+03  -3.50869000000000E+01
 2.01112500000000E+03  -3.32421000000000E+01
 2.01120830000000E+03  -2.06279000000000E+01
 2.01129170000000E+03  -6.78280000000000E+00
 2.01137500000000E+03  -1.78410000000000E+00
 2.01145830000000E+03   3.34455000000000E+01
 2.01154170000000E+03   4.82138000000000E+01
 2.01162500000000E+03   4.38280000000000E+01
 2.01170830000000E+03   4.56730000000000E+01
 2.01179170000000E+03   4.68259000000000E+01
 2.01187500000000E+03   4.77479000000000E+01
 2.01195830000000E+03   4.67469000000000E+01
 2.01204170000000E+03   4.82845000000000E+01
 2.01212500000000E+03   5.38988000000000E+01
 2.01220830000000E+03   6.38209000000000E+01
 2.01229170000000E+03   5.12816000000000E+01
 2.01237500000000E+03   5.06653000000000E+01
 2.01245830000000E+03   3.12797000000000E+01
 2.01254170000000E+03  -1.02870000000000E+00
 2.01262500000000E+03  -1.89527000000000E+01
 2.01270830000000E+03  -3.62612000000000E+01
 2.01279170000000E+03  -4.05696000000000E+01
 2.01287500000000E+03  -4.00320000000000E+01
 2.01295830000000E+03  -4.04174000000000E+01
 2.01304170000000E+03  -4.41103000000000E+01
 2.01312500000000E+03  -4.77265000000000E+01
 2.01320830000000E+03  -5.25734000000000E+01
 2.01329170000000E+03  -6.51124000000000E+01
 2.01337500000000E+03  -5.99592000000000E+01
 2.01345830000000E+03  -5.13445000000000E+01
 2.01354170000000E+03  -5.01142000000000E+01
 2.01362500000000E+03  -3.69610000000000E+01
 2.01370830000000E+03  -1.81155000000000E+01
 2.01379170000000E+03  -9.62100000000000E-01
 2.01387500000000E+03  -2.80880000000000E+00
 2.01395830000000E+03  -3.96320000000000E+00
 2.01404170000000E+03  -4.11740000000000E+00
 2.01412500000000E+03   5.34360000000000E+00
 2.01420830000000E+03  -2.19530000000000E+00
 2.01429170000000E+03   5.88130000000000E+00
 2.01437500000000E+03  -5.03800000000000E-01
 2.01445830000000E+03   4.03430000000000E+00
 2.01454170000000E+03   2.64800000000000E-01
 2.01462500000000E+03   4.49520000000000E+00
 2.01470830000000E+03  -9.81280000000000E+00
 2.01479170000000E+03  -1.77361000000000E+01
 2.01487500000000E+03  -6.04410000000000E+00
 2.01495830000000E+03   7.64790000000000E+00
 2.01504170000000E+03   2.22632000000000E+01
 2.01512500000000E+03   2.79553000000000E+01
 2.01520830000000E+03   2.24166000000000E+01
 2.01529170000000E+03   2.30319000000000E+01
 2.01537500000000E+03   3.33394000000000E+01
 2.01545830000000E+03   5.62623000000000E+01
 2.01554170000000E+03   3.73393000000000E+01
 2.01562500000000E+03   2.66468000000000E+01
 2.01570830000000E+03   2.21083000000000E+01
 2.01579170000000E+03   2.27237000000000E+01
 2.01587500000000E+03   1.89544000000000E+01
 2.01595830000000E+03   9.56980000000000E+00
 2.01604170000000E+03   1.52622000000000E+01
 2.01612500000000E+03   1.71853000000000E+01
 2.01620830000000E+03   2.58776000000000E+01
 2.01629170000000E+03   6.57020000000000E+00
 2.01637500000000E+03   4.03180000000000E+00
 2.01645830000000E+03  -5.04510000000000E+00
 2.01654170000000E+03  -2.48140000000000E+01
 2.01662500000000E+03  -3.05831000000000E+01
 2.01670830000000E+03  -4.14291000000000E+01
 2.01679170000000E+03  -3.41980000000000E+01
 2.01687500000000E+03  -3.76594000000000E+01
 2.01695830000000E+03  -1.94284000000000E+01
 2.01704170000000E+03  -9.58180000000000E+00
 2.01712500000000E+03  -9.12000000000000E+00
 2.01720830000000E+03  -1.53505000000000E+01
 2.01729170000000E+03  -1.11193000000000E+01
 2.01737500000000E+03   1.98811000000000E+01
 2.01745830000000E+03   3.73429000000000E+01
 2.01754170000000E+03   3.21896000000000E+01
 2.01762500000000E+03   2.01131000000000E+01
 2.01770830000000E+03   8.65190000000000E+00
 2.01779170000000E+03   3.72000000000000E-02
 2.01787500000000E+03  -8.50080000000000E+00
 2.01795830000000E+03  -8.85000000000000E-01
 2.01804170000000E+03  -1.37305000000000E+01
 2.01812500000000E+03  -1.29607000000000E+01
 2.01820830000000E+03  -7.49870000000000E+00
 2.01829170000000E+03  -1.65180000000000E+00
 2.01837500000000E+03  -2.17281000000000E+01
 2.01845830000000E+03  -3.68045000000000E+01
 2.01854170000000E+03  -5.51883000000000E+01
 2.01862500000000E+03  -6.41107000000000E+01
 2.01870830000000E+03  -4.61870000000000E+01
 2.01879170000000E+03  -4.54938000000000E+01
 2.01887500000000E+03  -3.96470000000000E+01
 2.01895830000000E+03  -3.10309000000000E+01
 2.01904170000000E+03  -2.86453000000000E+01
 2.01912500000000E+03  -1.51830000000000E+01
 2.01920830000000E+03  -1.14130000000000E+01
 2.01929170000000E+03  -1.90274000000000E+01
 2.01937500000000E+03  -3.62573000000000E+01
 2.01945830000000E+03  -1.46411000000000E+01
 2.01954170000000E+03   1.09753000000000E+01
 2.01962500000000E+03   4.05147000000000E+01
 2.01970830000000E+03   4.58233000000000E+01
 2.01979170000000E+03   3.30552000000000E+01
 2.01987500000000E+03   4.49023000000000E+01
 2.01995830000000E+03   4.79033000000000E+01
 2.02004170000000E+03   6.19814000000000E+01
 2.02012500000000E+03   6.55978000000000E+01
 2.02020830000000E+03   6.35219000000000E+01
 2.02029170000000E+03   5.78308000000000E+01
 2.02037500000000E+03   7.02165000000000E+01
 2.02045830000000E+03   8.67561000000000E+01
 2.02054170000000E+03   6.53728000000000E+01
 2.02062500000000E+03   2.72201000000000E+01
 2.02070830000000E+03  -7.78800000000000E-01
 2.02079170000000E+03  -1.26235000000000E+01
 2.02087500000000E+03  -1.33146000000000E+01
 2.02095830000000E+03  -5.92880000000000E+00
 2.02104170000000E+03  -5.31200000000000E+00
 2.02112500000000E+03  -1.70799000000000E+01
 2.02120830000000E+03  -2.63094000000000E+01
 2.02129170000000E+03  -1.76156000000000E+01
 2.02137500000000E+03  -1.12296000000000E+01
 2.02145830000000E+03  -3.59206000000000E+01
 2.02154170000000E+03  -3.43806000000000E+01
 2.02162500000000E+03  -1.36099000000000E+01
 2.02170830000000E+03  -1.29931000000000E+01
 2.02179170000000E+03  -2.08376000000000E+01
 2.02187500000000E+03  -1.19131000000000E+01
 2.02195830000000E+03   2.42200000000000E-01
 2.02204170000000E+03   3.32080000000000E+00
 2.02212500000000E+03   6.01470000000000E+00
 2.02220830000000E+03   2.93930000000000E+00
 2.02229170000000E+03   1.98641000000000E+01
 2.02237500000000E+03   1.30965000000000E+01
 2.02245830000000E+03   4.55970000000000E+00
 2.02254170000000E+03   1.88692000000000E+01
 2.02262500000000E+03   1.14093000000000E+01
 2.02270830000000E+03  -6.43520000000000E+00
 2.02279170000000E+03  -6.27950000000000E+00
 2.02287500000000E+03  -5.73930000000000E+00
 2.02295830000000E+03  -9.73750000000000E+00
 2.02304170000000E+03   1.41830000000000E+00
 2.02312500000000E+03   7.42000000000000E+00
 2.02320830000000E+03   2.01142000000000E+01
 2.02329170000000E+03   3.20393000000000E+01
 2.02337500000000E+03   2.00411000000000E+01
 2.02345830000000E+03   1.54276000000000E+01
 2.02354170000000E+03   1.80450000000000E+01
 2.02362500000000E+03   1.66623000000000E+01
 2.02370830000000E+03   9.81810000000000E+00
 2.02379170000000E+03   1.40510000000000E+01
 2.02387500000000E+03   2.02069000000000E+01
 2.02395830000000E+03   4.33627000000000E+01
 2.02404170000000E+03   5.95957000000000E+01
 2.02412500000000E+03   6.15977000000000E+01
 2.02420830000000E+03   5.65998000000000E+01
 2.02429170000000E+03   5.45251000000000E+01
 2.02437500000000E+03   5.41426000000000E+01
 2.02445830000000E+03   5.97601000000000E+01
 2.02454170000000E+03   6.20253000000000E+01
 2.02462500000000E+03   6.48555000000000E+01
 2.02470830000000E+03   6.26206000000000E+01
 2.02479170000000E+03   7.88547000000000E+01
 2.02487500000000E+03   8.87330000000000E+01
 2.02495830000000E+03   1.17246200000000E+02
