1880	-0.435211
1880.083333	0.258923
1880.166667	-0.356297
1880.25	-0.444117
1880.333333	-0.426441
1880.416667	-0.582121
1880.5	5.64E-03
1880.583333	0.229349
1880.666667	0.627993
1880.75	0.596123
1880.833333	0.608889
1880.916667	-1.94E-02
1881	-2.62E-02
1881.083333	-0.148638
1881.166667	-0.359577
1881.25	-0.243835
1881.333333	-0.168941
1881.416667	-3.32E-02
1881.5	-0.269581
1881.583333	-0.542431
1881.666667	-0.530886
1881.75	-7.47E-02
1881.833333	-0.17503
1881.916667	-0.452148
1882	-0.71825
1882.083333	-0.737749
1882.166667	-0.640568
1882.25	-0.248747
1882.333333	-0.449081
1882.416667	-1.02276
1882.5	-1.1582
1882.583333	-1.27059
1882.666667	-0.723867
1882.75	-0.560507
1882.833333	-0.911291
1882.916667	-1.05323
1883	-1.22822
1883.083333	-1.01093
1883.166667	-1.08403
1883.25	-0.610746
1883.333333	-0.294571
1883.416667	-0.161842
1883.5	-0.60066
1883.583333	-0.855961
1883.666667	-0.413916
1883.75	0.347372
1883.833333	0.32415
1883.916667	-0.362478
1884	-0.152571
1884.083333	-0.134979
1884.166667	0.546114
1884.25	0.643064
1884.333333	0.557289
1884.416667	0.249319
1884.5	-0.315222
1884.583333	-0.107552
1884.666667	5.34E-03
1884.75	8.93E-02
1884.833333	0.45998
1884.916667	0.660172
1885	0.239408
1885.083333	0.128401
1885.166667	-0.465427
1885.25	-0.370956
1885.333333	-0.601791
1885.416667	-0.793682
1885.5	-0.696602
1885.583333	-0.226332
1885.666667	0.143604
1885.75	0.142723
1885.833333	0.2813
1885.916667	-8.52E-03
1886	-1.08612
1886.083333	-1.21932
1886.166667	-1.16902
1886.25	-0.921326
1886.333333	-1.25361
1886.416667	-1.45356
1886.5	-1.31588
1886.583333	-1.41057
1886.666667	-0.651817
1886.75	-0.653967
1886.833333	-0.568871
1886.916667	-0.93923
1887	-0.879902
1887.083333	-0.850029
1887.166667	-1.25153
1887.25	-1.03336
1887.333333	-0.92909
1887.416667	-0.416302
1887.5	-0.282261
1887.583333	-0.35853
1887.666667	-0.132856
1887.75	-0.201147
1887.833333	2.54E-02
1887.916667	-1.38E-02
1888	7.44E-02
1888.083333	0.149862
1888.166667	0.328533
1888.25	0.801653
1888.333333	0.76993
1888.416667	1.37065
1888.5	0.36031
1888.583333	0.472328
1888.666667	1.96688
1888.75	2.18562
1888.833333	2.25636
1888.916667	1.43534
1889	1.65451
1889.083333	1.25463
1889.166667	0.847532
1889.25	0.581614
1889.333333	5.98E-02
1889.416667	-0.352821
1889.5	-0.643042
1889.583333	-0.914701
1889.666667	-0.937807
1889.75	-1.1364
1889.833333	-0.735731
1889.916667	-0.183969
1890	-0.242401
1890.083333	-0.380198
1890.166667	-0.585096
1890.25	-0.874786
1890.333333	-0.8813
1890.416667	-1.11234
1890.5	-1.20408
1890.583333	-0.913502
1890.666667	-0.762506
1890.75	-0.810488
1890.833333	-0.992611
1890.916667	-0.864519
1891	-0.327431
1891.083333	4.47E-02
1891.166667	0.263542
1891.25	0.577614
1891.333333	0.91053
1891.416667	0.845737
1891.5	0.633678
1891.583333	0.219719
1891.666667	-0.251987
1891.75	-0.371708
1891.833333	-0.202051
1891.916667	-0.18684
1892	-0.211052
1892.083333	-0.451448
1892.166667	-0.833456
1892.25	-0.920107
1892.333333	-1.04008
1892.416667	-1.0379
1892.5	-1.06634
1892.583333	-1.27439
1892.666667	-1.4195
1892.75	-1.47638
1892.833333	-1.33795
1892.916667	-1.33136
1893	-1.40579
1893.083333	-0.958838
1893.166667	-0.740686
1893.25	-0.879446
1893.333333	-0.941551
1893.416667	-1.13599
1893.5	-1.15439
1893.583333	-1.04525
1893.666667	-0.697426
1893.75	-0.502277
1893.833333	-7.10E-02
1893.916667	-0.389399
1894	-0.195002
1894.083333	-0.305288
1894.166667	-0.464188
1894.25	-0.526707
1894.333333	-0.553961
1894.416667	-0.328442
1894.5	-0.255602
1894.583333	-0.2649
1894.666667	-0.437927
1894.75	-0.367786
1894.833333	-0.62055
1894.916667	-0.387159
1895	-0.54524
1895.083333	-0.606058
1895.166667	-0.953917
1895.25	-0.531786
1895.333333	-0.41634
1895.416667	-0.595522
1895.5	-0.440321
1895.583333	0.118979
1895.666667	0.314064
1895.75	0.684803
1895.833333	0.56176
1895.916667	0.554041
1896	0.545038
1896.083333	0.313072
1896.166667	0.135464
1896.25	0.124575
1896.333333	0.456308
1896.416667	0.649858
1896.5	0.57494
1896.583333	1.36107
1896.666667	1.43608
1896.75	0.859743
1896.833333	1.68429
1896.916667	1.57725
1897	1.09258
1897.083333	0.960541
1897.166667	0.949873
1897.25	0.338465
1897.333333	0.170679
1897.416667	0.107458
1897.5	-6.80E-02
1897.583333	-3.36E-02
1897.666667	-0.324776
1897.75	-5.28E-02
1897.833333	-0.231731
1897.916667	-0.533419
1898	-0.45841
1898.083333	-0.484438
1898.166667	-0.536137
1898.25	-0.712786
1898.333333	-1.07991
1898.416667	-0.893812
1898.5	-7.39E-02
1898.583333	8.58E-04
1898.666667	-0.873896
1898.75	-9.51E-02
1898.833333	2.91E-03
1898.916667	3.36E-02
1899	0.153769
1899.083333	-8.70E-02
1899.166667	0.137943
1899.25	5.13E-02
1899.333333	7.09E-03
1899.416667	0.446039
1899.5	-0.203571
1899.583333	1.23693
1899.666667	1.48561
1899.75	1.2221
1899.833333	1.08714
1899.916667	0.638041
1900	1.17146
1900.083333	1.38767
1900.166667	1.41031
1900.25	0.957563
1900.333333	0.64164
1900.416667	0.779879
1900.5	0.229139
1900.583333	-2.77E-02
1900.666667	-6.54E-02
1900.75	-0.281406
1900.833333	-0.135262
1900.916667	-0.26322
1901	-0.338282
1901.083333	-0.198919
1901.166667	-0.628067
1901.25	-0.673716
1901.333333	-1.24802
1901.416667	-1.20749
1901.5	-1.05039
1901.583333	-0.783352
1901.666667	-0.569216
1901.75	-9.45E-02
1901.833333	0.569439
1901.916667	0.521971
1902	0.539389
1902.083333	0.487831
1902.166667	0.834864
1902.25	0.402905
1902.333333	0.719639
1902.416667	1.24837
1902.5	1.44562
1902.583333	0.905378
1902.666667	1.37866
1902.75	1.90519
1902.833333	1.55122
1902.916667	0.4876
1903	0.182049
1903.083333	-0.890209
1903.166667	-0.726406
1903.25	-0.826635
1903.333333	-0.64678
1903.416667	-1.78E-02
1903.5	-0.941662
1903.583333	-1.02272
1903.666667	-1.24462
1903.75	-0.924337
1903.833333	-0.5249
1903.916667	-0.891499
1904	0.239889
1904.083333	-0.526819
1904.166667	-0.982807
1904.25	-0.975937
1904.333333	-6.74E-02
1904.416667	-0.273672
1904.5	0.322809
1904.583333	1.10165
1904.666667	0.654703
1904.75	0.923323
1904.833333	0.8118
1904.916667	0.221762
1905	0.246099
1905.083333	-0.161579
1905.166667	0.459932
1905.25	-0.193756
1905.333333	1.70213
1905.416667	1.52383
1905.5	0.933508
1905.583333	1.24613
1905.666667	0.714903
1905.75	0.653873
1905.833333	1.36594
1905.916667	2.46E-03
1906	4.75E-02
1906.083333	0.214441
1906.166667	-0.390278
1906.25	-0.698536
1906.333333	-0.2411
1906.416667	-0.291142
1906.5	-1.36162
1906.583333	-1.57546
1906.666667	-1.40585
1906.75	-1.23941
1906.833333	-0.70191
1906.916667	-0.6057
1907	-0.36886
1907.083333	0.101612
1907.166667	-0.478947
1907.25	-0.706476
1907.333333	-1.20426
1907.416667	-0.681643
1907.5	-1.46921
1907.583333	-1.66967
1907.666667	-0.175217
1907.75	-1.03254
1907.833333	-0.738071
1907.916667	-0.90498
1908	-0.3591
1908.083333	-0.107319
1908.166667	-9.41E-02
1908.25	-1.32218
1908.333333	-1.14697
1908.416667	-5.18E-02
1908.5	-1.14655
1908.583333	-0.737211
1908.666667	-1.19969
1908.75	-0.536827
1908.833333	-1.10923
1908.916667	-1.04094
1909	8.89E-02
1909.083333	-0.914839
1909.166667	-0.248028
1909.25	-0.867706
1909.333333	-1.14698
1909.416667	-1.58445
1909.5	-1.49497
1909.583333	-1.61235
1909.666667	-1.54685
1909.75	-1.19562
1909.833333	-1.16398
1909.916667	-1.00177
1910	-1.35104
1910.083333	-0.847969
1910.166667	-1.01877
1910.25	-0.878675
1910.333333	-1.23461
1910.416667	-1.30068
1910.5	-1.18018
1910.583333	-1.01218
1910.666667	-0.896826
1910.75	-1.09503
1910.833333	-0.973541
1910.916667	-1.29934
1911	-0.728182
1911.083333	-0.418379
1911.166667	-0.882147
1911.25	-1.39974
1911.333333	-1.13137
1911.416667	-0.546591
1911.5	-0.217352
1911.583333	0.867458
1911.666667	1.39421
1911.75	1.06401
1911.833333	1.38335
1911.916667	1.28487
1912	1.09407
1912.083333	0.884262
1912.166667	0.502064
1912.25	0.535423
1912.333333	-1.67E-02
1912.416667	-0.293871
1912.5	-1.04745
1912.583333	-0.403641
1912.666667	2.49E-02
1912.75	-0.384367
1912.833333	-0.593512
1912.916667	-0.582958
1913	0.222439
1913.083333	0.292112
1913.166667	-0.540808
1913.25	-1.72328
1913.333333	-0.98287
1913.416667	-0.354282
1913.5	-0.342751
1913.583333	0.48049
1913.666667	0.639313
1913.75	1.10102
1913.833333	0.988859
1913.916667	1.24475
1914	0.692268
1914.083333	0.252771
1914.166667	0.480824
1914.25	-0.595047
1914.333333	-0.376371
1914.416667	-9.68E-02
1914.5	0.542999
1914.583333	0.698849
1914.666667	1.21351
1914.75	1.25691
1914.833333	0.96632
1914.916667	1.09423
1915	0.785429
1915.083333	0.557531
1915.166667	0.447783
1915.25	0.866304
1915.333333	1.27138
1915.416667	1.76693
1915.5	0.159639
1915.583333	-0.213781
1915.666667	-0.273027
1915.75	-0.407686
1915.833333	-0.587271
1915.916667	-0.849739
1916	-0.620392
1916.083333	-1.30669
1916.166667	-1.14172
1916.25	-1.17332
1916.333333	-1.49235
1916.416667	-1.57456
1916.5	-2.10904
1916.583333	-2.11911
1916.666667	-1.9553
1916.75	-1.91139
1916.833333	-1.99647
1916.916667	-1.1187
1917	-0.980782
1917.083333	-1.07006
1917.166667	-0.946157
1917.25	-0.135937
1917.333333	-0.16732
1917.416667	-0.225243
1917.5	0.553089
1917.583333	0.28093
1917.666667	-0.120506
1917.75	-0.348497
1917.833333	-0.48398
1917.916667	-1.15031
1918	-0.909142
1918.083333	-0.512209
1918.166667	-0.218887
1918.25	0.617273
1918.333333	1.22051
1918.416667	1.83772
1918.5	1.74945
1918.583333	1.62124
1918.666667	1.67634
1918.75	1.74645
1918.833333	1.63339
1918.916667	1.36168
1919	1.12004
1919.083333	0.646631
1919.166667	0.239622
1919.25	0.486803
1919.333333	0.744579
1919.416667	0.696228
1919.5	0.124849
1919.583333	-9.93E-02
1919.666667	0.404984
1919.75	0.153824
1919.833333	-0.427092
1919.916667	0.10321
1920	0.879509
1920.083333	0.736122
1920.166667	0.192713
1920.25	5.06E-02
1920.333333	4.79E-02
1920.416667	-0.527092
1920.5	-1.73752
1920.583333	-0.732891
1920.666667	-0.678816
1920.75	-1.13528
1920.833333	-0.22949
1920.916667	-0.13497
1921	-0.442331
1921.083333	-0.510229
1921.166667	-0.558847
1921.25	-0.939306
1921.333333	-0.750792
1921.416667	-0.804811
1921.5	-0.82933
1921.583333	-1.13954
1921.666667	-1.24645
1921.75	-0.413607
1921.833333	-0.41213
1921.916667	-0.61792
1922	-0.817862
1922.083333	0.440241
1922.166667	-0.338238
1922.25	-0.322937
1922.333333	-0.493101
1922.416667	-1.17721
1922.5	-1.33212
1922.583333	-1.28188
1922.666667	-1.26026
1922.75	-0.883356
1922.833333	-1.4269
1922.916667	-1.17113
1923	-7.87E-02
1923.083333	1.81E-02
1923.166667	-0.597187
1923.25	0.419113
1923.333333	-0.25205
1923.416667	0.597048
1923.5	0.556829
1923.583333	-0.245411
1923.666667	9.23E-02
1923.75	-0.196157
1923.833333	-5.94E-02
1923.916667	-8.06E-03
1924	-0.636002
1924.083333	-0.520479
1924.166667	-1.2617
1924.25	-0.986546
1924.333333	-1.71562
1924.416667	-1.21038
1924.5	-1.19218
1924.583333	-1.0572
1924.666667	-1.07593
1924.75	-0.730976
1924.833333	-0.854401
1924.916667	-0.971119
1925	-0.706261
1925.083333	0.723001
1925.166667	0.732273
1925.25	0.822094
1925.333333	0.22271
1925.416667	1.05417
1925.5	0.746769
1925.583333	0.94772
1925.666667	0.910383
1925.75	0.926304
1925.833333	0.896669
1925.916667	1.22685
1926	1.42773
1926.083333	0.767191
1926.166667	0.694292
1926.25	0.732193
1926.333333	0.17651
1926.416667	-9.36E-02
1926.5	0.305429
1926.583333	-0.46887
1926.666667	-0.333138
1926.75	-0.163458
1926.833333	-0.385321
1926.916667	-0.195688
1927	5.44E-02
1927.083333	0.152042
1927.166667	-0.197277
1927.25	-0.456646
1927.333333	-0.490841
1927.416667	-0.575222
1927.5	-0.79952
1927.583333	-0.335072
1927.666667	-0.256857
1927.75	-0.501118
1927.833333	-7.29E-02
1927.916667	-0.409199
1928	-0.445242
1928.083333	-0.154549
1928.166667	2.85E-02
1928.25	-0.280617
1928.333333	-0.459181
1928.416667	-0.852722
1928.5	-1.0633
1928.583333	-0.620041
1928.666667	-0.802067
1928.75	-0.840797
1928.833333	-0.902861
1928.916667	-1.01647
1929	-0.774071
1929.083333	-0.238379
1929.166667	-8.31E-02
1929.25	0.507565
1929.333333	0.12319
1929.416667	0.295189
1929.5	-0.25246
1929.583333	-0.171331
1929.666667	0.304934
1929.75	-0.191227
1929.833333	-0.251921
1929.916667	-0.41494
1930	-0.833641
1930.083333	-0.224968
1930.166667	-9.07E-02
1930.25	0.597313
1930.333333	0.143888
1930.416667	0.389217
1930.5	0.566328
1930.583333	0.867699
1930.666667	1.13248
1930.75	1.70553
1930.833333	1.42954
1930.916667	1.35018
1931	1.18779
1931.083333	0.775341
1931.166667	0.567333
1931.25	0.532293
1931.333333	-0.29031
1931.416667	-0.373741
1931.5	1.23E-02
1931.583333	-0.37689
1931.666667	-0.314457
1931.75	1.71E-02
1931.833333	-0.36878
1931.916667	-0.305578
1932	0.605789
1932.083333	1.00527
1932.166667	0.795652
1932.25	0.469463
1932.333333	1.26719
1932.416667	1.21555
1932.5	0.651819
1932.583333	0.39259
1932.666667	-0.113297
1932.75	0.168093
1932.833333	-0.42551
1932.916667	-0.37319
1933	-0.675081
1933.083333	0.230522
1933.166667	6.09E-02
1933.25	-0.198847
1933.333333	-0.849442
1933.416667	-0.504881
1933.5	-1.20085
1933.583333	-0.708241
1933.666667	-0.602697
1933.75	-0.673437
1933.833333	-0.34292
1933.916667	-0.627338
1934	-0.361252
1934.083333	-0.660698
1934.166667	3.59E-02
1934.25	0.149353
1934.333333	-3.82E-02
1934.416667	0.465378
1934.5	-0.815771
1934.583333	0.355549
1934.666667	0.221893
1934.75	-0.579447
1934.833333	-0.784491
1934.916667	-1.14406
1935	-1.0541
1935.083333	-1.72926
1935.166667	-0.499956
1935.25	0.428015
1935.333333	-7.27E-02
1935.416667	-0.541481
1935.5	-0.992371
1935.583333	-0.253801
1935.666667	0.332024
1935.75	-0.174236
1935.833333	8.04E-02
1935.916667	0.12487
1936	-0.451872
1936.083333	0.281292
1936.166667	-0.129507
1936.25	0.149494
1936.333333	2.63E-02
1936.416667	-0.505562
1936.5	-0.316141
1936.583333	-0.447361
1936.666667	0.228924
1936.75	0.435034
1936.833333	-6.64E-02
1936.916667	-0.608929
1937	5.68E-02
1937.083333	8.49E-02
1937.166667	-0.659647
1937.25	-1.55E-02
1937.333333	-1.0298
1937.416667	-0.885902
1937.5	-0.448191
1937.583333	-0.499632
1937.666667	-0.246517
1937.75	-0.622257
1937.833333	-1.09404
1937.916667	-0.902519
1938	-1.09463
1938.083333	-0.862528
1938.166667	-0.648426
1938.25	-1.55946
1938.333333	-0.220551
1938.416667	-1.57687
1938.5	-2.52951
1938.583333	-1.29977
1938.666667	-0.530367
1938.75	-0.193256
1938.833333	-0.493191
1938.916667	-1.28545
1939	-0.29038
1939.083333	-0.163118
1939.166667	-0.371737
1939.25	-0.265806
1939.333333	0.30633
1939.416667	0.230049
1939.5	-0.174091
1939.583333	0.1537
1939.666667	-0.534487
1939.75	0.134033
1939.833333	-0.119301
1939.916667	-8.49E-02
1940	0.499529
1940.083333	0.413332
1940.166667	0.229362
1940.25	0.256704
1940.333333	8.85E-02
1940.416667	0.348299
1940.5	-7.35E-02
1940.583333	0.339918
1940.666667	0.191034
1940.75	0.316874
1940.833333	6.23E-02
1940.916667	7.55E-02
1941	0.295309
1941.083333	1.02354
1941.166667	1.39165
1941.25	1.33174
1941.333333	1.11228
1941.416667	0.106588
1941.5	-5.08E-02
1941.583333	0.742979
1941.666667	0.830883
1941.75	0.803444
1941.833333	1.32334
1941.916667	1.40391
1942	0.733009
1942.083333	0.160801
1942.166667	-0.517958
1942.25	-0.847546
1942.333333	-0.48616
1942.416667	-1.14812
1942.5	-1.47194
1942.583333	-1.58752
1942.666667	-1.12131
1942.75	-1.10431
1942.833333	-1.025
1942.916667	-0.60076
1943	0.224489
1943.083333	9.00E-03
1943.166667	-0.454857
1943.25	0.128704
1943.333333	0.294439
1943.416667	0.250238
1943.5	0.421719
1943.583333	0.36129
1943.666667	-0.202286
1943.75	0.364264
1943.833333	-0.49641
1943.916667	-0.278358
1944	-0.687922
1944.083333	-1.39E-02
1944.166667	0.198282
1944.25	0.166433
1944.333333	-0.145901
1944.416667	0.305729
1944.5	-6.75E-02
1944.583333	0.232729
1944.666667	0.288263
1944.75	-0.235508
1944.833333	-0.531631
1944.916667	-0.914188
1945	-0.792391
1945.083333	0.382153
1945.166667	-0.415077
1945.25	-9.82E-02
1945.333333	0.41449
1945.416667	6.01E-03
1945.5	2.72E-02
1945.583333	0.439468
1945.666667	1.0641
1945.75	1.01242
1945.833333	0.88818
1945.916667	0.274721
1946	-0.489471
1946.083333	-1.10915
1946.166667	-0.964888
1946.25	-0.425386
1946.333333	-0.297171
1946.416667	-1.12558
1946.5	-0.611082
1946.583333	-0.784431
1946.666667	0.111032
1946.75	-0.305117
1946.833333	-0.57971
1946.916667	-0.36323
1947	-2.65E-02
1947.083333	-0.488888
1947.166667	-0.120876
1947.25	-0.220257
1947.333333	-0.67658
1947.416667	-0.953062
1947.5	-1.08552
1947.583333	-0.597691
1947.666667	-6.57E-02
1947.75	-0.118397
1947.833333	9.12E-02
1947.916667	-0.155489
1948	-0.26354
1948.083333	0.503511
1948.166667	0.545763
1948.25	2.70E-02
1948.333333	4.56E-02
1948.416667	-0.594603
1948.5	-0.900581
1948.583333	-0.289862
1948.666667	-0.479937
1948.75	-0.271267
1948.833333	-6.41E-02
1948.916667	-0.850279
1949	-0.65163
1949.083333	0.213982
1949.166667	0.763023
1949.25	0.356413
1949.333333	-6.33E-02
1949.416667	0.168198
1949.5	-1.08972
1949.583333	-0.875921
1949.666667	-0.927286
1949.75	-1.6047
1949.833333	-1.36056
1949.916667	-0.737478
1950	-1.20486
1950.083333	-1.18252
1950.166667	-0.704786
1950.25	-1.2954
1950.333333	-0.73419
1950.416667	-1.09135
1950.5	-1.29433
1950.583333	-0.25382
1950.666667	-0.894547
1950.75	-0.926798
1950.833333	-1.65981
1950.916667	-0.889
1951	0.135109
1951.083333	-0.475588
1951.166667	-0.245096
1951.25	0.226894
1951.333333	0.625629
1951.416667	1.31428
1951.5	2.01011
1951.583333	1.50479
1951.666667	1.2649
1951.75	1.22553
1951.833333	1.25357
1951.916667	0.527351
1952	0.189739
1952.083333	6.64E-02
1952.166667	0.299652
1952.25	-0.583956
1952.333333	-0.169851
1952.416667	-0.400732
1952.5	-1.13784
1952.583333	-0.424292
1952.666667	-0.489176
1952.75	-0.274496
1952.833333	-0.68321
1952.916667	-0.324139
1953	-0.223101
1953.083333	0.471231
1953.166667	0.771994
1953.25	1.05739
1953.333333	1.16584
1953.416667	0.706287
1953.5	0.6255
1953.583333	1.00088
1953.666667	0.848053
1953.75	0.200983
1953.833333	0.26198
1953.916667	-7.75E-02
1954	-1.10077
1954.083333	-0.388849
1954.166667	-0.293707
1954.25	-2.25187
1954.333333	-2.04514
1954.416667	-1.55142
1954.5	-1.76672
1954.583333	-1.08629
1954.666667	-1.477
1954.75	-1.58823
1954.833333	-1.08817
1954.916667	-1.39355
1955	-0.292791
1955.083333	-1.09968
1955.166667	-0.628918
1955.25	-0.540257
1955.333333	-1.32761
1955.416667	-1.21251
1955.5	-0.858332
1955.583333	-0.924141
1955.666667	-1.12962
1955.75	-1.77275
1955.833333	-1.58878
1955.916667	-1.26807
1956	-1.0499
1956.083333	-0.603199
1956.166667	0.100573
1956.25	-0.311077
1956.333333	-0.68955
1956.416667	-0.603552
1956.5	-5.97E-02
1956.583333	-0.45055
1956.666667	-0.645077
1956.75	-0.726677
1956.833333	-0.905581
1956.916667	-1.01141
1957	-1.31662
1957.083333	0.241121
1957.166667	1.3107
1957.25	1.30129
1957.333333	2.03308
1957.416667	2.06982
1957.5	1.94805
1957.583333	1.37794
1957.666667	1.66049
1957.75	1.38491
1957.833333	1.26953
1957.916667	1.12693
1958	0.72436
1958.083333	1.07426
1958.166667	0.833683
1958.25	1.39705
1958.333333	0.949169
1958.416667	0.875439
1958.5	0.608309
1958.583333	-0.163622
1958.666667	7.38E-02
1958.75	0.234062
1958.833333	0.116499
1958.916667	-0.136219
1959	-0.125721
1959.083333	0.155792
1959.166667	0.908672
1959.25	0.643013
1959.333333	0.300869
1959.416667	5.20E-02
1959.5	-0.425211
1959.583333	-0.563431
1959.666667	2.96E-02
1959.75	-0.104227
1959.833333	5.29E-02
1959.916667	-0.187979
1960	-0.354671
1960.083333	-0.312717
1960.166667	-0.207947
1960.25	-0.899437
1960.333333	-0.447971
1960.416667	-0.873322
1960.5	-0.772671
1960.583333	-0.366732
1960.666667	-0.149237
1960.75	-0.779987
1960.833333	-0.92103
1960.916667	-0.469059
1961	0.12661
1961.083333	0.722202
1961.166667	-6.17E-02
1961.25	-0.377966
1961.333333	-0.379501
1961.416667	-0.440691
1961.5	-1.0518
1961.583333	-0.589771
1961.666667	-0.831207
1961.75	-0.498068
1961.833333	-0.371101
1961.916667	-0.354279
1962	-0.341671
1962.083333	-0.352118
1962.166667	-1.42353
1962.25	-1.73379
1962.333333	-0.66493
1962.416667	-0.816242
1962.5	-0.955561
1962.583333	-0.420792
1962.666667	-0.403906
1962.75	-0.930946
1962.833333	-0.879211
1962.916667	-1.20528
1963	-0.316061
1963.083333	-0.421158
1963.166667	-5.04E-02
1963.25	-0.618937
1963.333333	-2.42E-02
1963.416667	-0.147552
1963.5	4.95E-02
1963.583333	0.43384
1963.666667	0.537533
1963.75	0.274633
1963.833333	-2.46E-02
1963.916667	-0.100168
1964	-0.635891
1964.083333	-0.941538
1964.166667	-1.02491
1964.25	-0.935467
1964.333333	-2.17842
1964.416667	-1.41604
1964.5	-1.31226
1964.583333	-1.19279
1964.666667	-0.463917
1964.75	-1.28932
1964.833333	-0.76321
1964.916667	-0.93812
1965	-0.434792
1965.083333	0.154781
1965.166667	0.586542
1965.25	1.6147
1965.333333	2.03665
1965.416667	1.79667
1965.5	1.53524
1965.583333	1.44176
1965.666667	0.946243
1965.75	0.751753
1965.833333	0.81876
1965.916667	0.952862
1966	0.763168
1966.083333	5.24E-02
1966.166667	-1.08353
1966.25	-1.1614
1966.333333	-0.878641
1966.416667	-0.944202
1966.5	-0.54104
1966.583333	-0.45368
1966.666667	-0.564167
1966.75	-0.477358
1966.833333	-0.60116
1966.916667	-0.81012
1967	-0.828121
1967.083333	-0.314959
1967.166667	-0.682907
1967.25	-0.341967
1967.333333	-0.807531
1967.416667	-0.623121
1967.5	-0.891232
1967.583333	-1.24198
1967.666667	-1.30004
1967.75	-1.57221
1967.833333	-1.423
1967.916667	-1.52433
1968	-1.16636
1968.083333	-0.883709
1968.166667	-1.20074
1968.25	-1.39869
1968.333333	-1.5669
1968.416667	-1.1784
1968.5	-0.424631
1968.583333	0.135059
1968.666667	0.684723
1968.75	3.84E-02
1968.833333	-2.73E-02
1968.916667	0.31587
1969	-8.56E-02
1969.083333	-0.124668
1969.166667	0.761164
1969.25	1.14432
1969.333333	1.78973
1969.416667	1.52468
1969.5	0.425549
1969.583333	9.82E-03
1969.666667	0.292593
1969.75	0.940332
1969.833333	0.757069
1969.916667	0.759451
1970	0.446379
1970.083333	-0.354788
1970.166667	-0.901386
1970.25	-0.792606
1970.333333	-0.999441
1970.416667	-1.25169
1970.5	-2.01469
1970.583333	-1.40297
1970.666667	-1.00807
1970.75	-0.685146
1970.833333	-1.014
1970.916667	-0.997929
1971	-1.09165
1971.083333	-1.35979
1971.166667	-0.996637
1971.25	-0.305696
1971.333333	-1.07219
1971.416667	-1.03775
1971.5	-0.712502
1971.583333	-1.08069
1971.666667	-0.813837
1971.75	-0.845137
1971.833333	-0.816
1971.916667	-0.713219
1972	-0.152691
1972.083333	0.490381
1972.166667	0.756582
1972.25	1.05911
1972.333333	1.19534
1972.416667	2.0629
1972.5	2.4701
1972.583333	2.77008
1972.666667	1.83339
1972.75	1.68037
1972.833333	1.66855
1972.916667	1.94849
1973	1.32257
1973.083333	0.142361
1973.166667	-0.393368
1973.25	-0.892546
1973.333333	-1.16651
1973.416667	-1.09067
1973.5	-1.26618
1973.583333	-1.40088
1973.666667	-1.2576
1973.75	-1.02563
1973.833333	-0.945381
1973.916667	-1.00745
1974	-0.830252
1974.083333	-0.721178
1974.166667	-0.189247
1974.25	-5.78E-02
1974.333333	0.213678
1974.416667	4.80E-02
1974.5	-2.96E-02
1974.583333	-2.73E-02
1974.666667	-0.564137
1974.75	-1.21309
1974.833333	-0.76416
1974.916667	-1.09411
1975	-0.88483
1975.083333	-0.652008
1975.166667	0.190634
1975.25	0.206394
1975.333333	-0.59576
1975.416667	-0.767172
1975.5	-0.50613
1975.583333	-0.74901
1975.666667	-1.15554
1975.75	-1.27649
1975.833333	-1.61544
1975.916667	-1.45151
1976	-0.885431
1976.083333	-0.266138
1976.166667	0.141253
1976.25	0.513544
1976.333333	0.69038
1976.416667	1.37559
1976.5	1.82615
1976.583333	1.70693
1976.666667	1.11213
1976.75	0.719772
1976.833333	0.421949
1976.916667	0.28895
1977	0.287619
1977.083333	-5.80E-02
1977.166667	-0.405968
1977.25	-0.755167
1977.333333	-0.578371
1977.416667	-0.103182
1977.5	-0.157341
1977.583333	-0.627741
1977.666667	-0.623667
1977.75	-0.236237
1977.833333	-0.312481
1977.916667	-0.520029
1978	-8.13E-02
1978.083333	-0.271038
1978.166667	-0.796677
1978.25	-0.449547
1978.333333	-0.66103
1978.416667	-1.04483
1978.5	-0.585032
1978.583333	-0.744341
1978.666667	-0.416777
1978.75	-0.475138
1978.833333	1.58E-02
1978.916667	0.270262
1979	0.227749
1979.083333	-0.498869
1979.166667	-0.272278
1979.25	0.431004
1979.333333	0.143799
1979.416667	0.571928
1979.5	0.255428
1979.583333	0.391199
1979.666667	0.895714
1979.75	0.629482
1979.833333	9.78E-02
1979.916667	-0.306688
1980	-0.102541
1980.083333	-0.168709
1980.166667	-3.73E-03
1980.25	-8.14E-02
1980.333333	0.12492
1980.416667	2.29E-02
1980.5	-0.626911
1980.583333	-0.549891
1980.666667	-0.227606
1980.75	-0.560757
1980.833333	-0.70076
1980.916667	-1.08753
1981	-1.29431
1981.083333	-0.747328
1981.166667	-0.216448
1981.25	-0.385506
1981.333333	-0.339441
1981.416667	-0.247763
1981.5	-0.747171
1981.583333	-0.654751
1981.666667	-0.364307
1981.75	-0.567507
1981.833333	-0.568991
1981.916667	-0.134539
1982	-0.125702
1982.083333	-0.265268
1982.166667	-0.745737
1982.25	-0.589106
1982.333333	-3.99E-02
1982.416667	8.69E-02
1982.5	0.40642
1982.583333	0.98131
1982.666667	1.89226
1982.75	2.23993
1982.833333	3.05463
1982.916667	3.2381
1983	2.72553
1983.083333	2.11075
1983.166667	2.31812
1983.25	3.27895
1983.333333	3.97627
1983.416667	4.37902
1983.5	3.74365
1983.583333	3.00453
1983.666667	1.95017
1983.75	0.976763
1983.833333	0.541719
1983.916667	0.25835
1984	-0.297932
1984.083333	-0.687239
1984.166667	-0.432907
1984.25	-0.323677
1984.333333	-1.22884
1984.416667	-1.10138
1984.5	-0.73023
1984.583333	-0.621801
1984.666667	-0.482227
1984.75	-0.652357
1984.833333	-0.1968
1984.916667	-0.465158
1985	-0.77692
1985.083333	-1.04138
1985.166667	-0.617188
1985.25	-1.4532
1985.333333	-1.53733
1985.416667	-1.43139
1985.5	-1.23075
1985.583333	-1.12346
1985.666667	-0.947027
1985.75	-0.859837
1985.833333	-0.942621
1985.916667	-0.71019
1986	-0.593102
1986.083333	-0.270178
1986.166667	-0.862556
1986.25	-0.934826
1986.333333	-0.94195
1986.416667	-1.08839
1986.5	-0.327652
1986.583333	6.72E-02
1986.666667	-0.252966
1986.75	9.18E-02
1986.833333	0.257029
1986.916667	0.569422
1987	0.76207
1987.083333	1.10009
1987.166667	1.12105
1987.25	1.43194
1987.333333	1.23136
1987.416667	0.879368
1987.5	1.00324
1987.583333	0.800049
1987.666667	1.1901
1987.75	1.46014
1987.833333	0.88117
1987.916667	0.932072
1988	8.35E-02
1988.083333	-0.184509
1988.166667	-0.546288
1988.25	-0.973516
1988.333333	-1.20826
1988.416667	-2.14456
1988.5	-1.73211
1988.583333	-1.69842
1988.666667	-1.55051
1988.75	-1.30371
1988.833333	-0.66905
1988.916667	-0.932089
1989	-0.289591
1989.083333	0.134861
1989.166667	-0.473158
1989.25	-0.565796
1989.333333	-1.28213
1989.416667	-0.912401
1989.5	-0.634151
1989.583333	-0.56464
1989.666667	-0.592426
1989.75	-0.335527
1989.833333	-0.406321
1989.916667	-0.393049
1990	-0.335251
1990.083333	-0.187258
1990.166667	-0.435537
1990.25	-0.410376
1990.333333	-0.34927
1990.416667	-0.234001
1990.5	-1.0627
1990.583333	-0.712872
1990.666667	-0.404226
1990.75	-0.779297
1990.833333	-0.573221
1990.916667	-0.401789
1991	-9.56E-02
1991.083333	-1.17E-02
1991.166667	-2.37E-02
1991.25	-0.761637
1991.333333	-0.137291
1991.416667	5.68E-02
1991.5	0.413528
1991.583333	-0.105742
1991.666667	4.10E-02
1991.75	0.380404
1991.833333	0.613409
1991.916667	0.487782
1992	0.35261
1992.083333	0.525841
1992.166667	0.888754
1992.25	1.63868
1992.333333	1.7109
1992.416667	0.525068
1992.5	-0.239172
1992.583333	-0.3505
1992.666667	-0.619827
1992.75	-0.308847
1992.833333	-0.26804
1992.916667	-0.274929
1993	1.99E-02
1993.083333	0.288271
1993.166667	0.505363
1993.25	0.751703
1993.333333	1.0022
1993.416667	0.693468
1993.5	0.13081
1993.583333	9.95E-02
1993.666667	-5.76E-04
1993.75	0.278942
1993.833333	-0.25058
1993.916667	-0.248419
1994	-7.46E-02
1994.083333	-0.250938
1994.166667	-1.15644
1994.25	-1.29881
1994.333333	-1.03395
1994.416667	-0.770611
1994.5	-1.00683
1994.583333	-1.00321
1994.666667	-0.168297
1994.75	0.605293
1994.833333	0.565729
1994.916667	0.716311
1995	0.907419
1995.083333	0.324432
1995.166667	-0.593767
1995.25	-1.06741
1995.333333	-1.133
1995.416667	-0.710382
1995.5	-0.442951
1995.583333	-0.62977
1995.666667	-0.401157
1995.75	-0.458197
1995.833333	-0.286531
1995.916667	-0.647429
1996	-0.61532
1996.083333	-0.238749
1996.166667	-9.24E-02
1996.25	-1.35245
1996.333333	-0.938002
1996.416667	-1.25387
1996.5	-1.16786
1996.583333	-0.56344
1996.666667	-0.648487
1996.75	-0.846457
1996.833333	-0.815741
1996.916667	-0.98745
1997	-0.56871
1997.083333	5.32E-02
1997.166667	0.796173
1997.25	0.899374
1997.333333	2.03933
1997.416667	2.98594
1997.5	3.43839
1997.583333	3.87109
1997.666667	3.9318
1997.75	3.95114
1997.833333	4.09441
1997.916667	4.30307
1998	3.54018
1998.083333	2.96292
1998.166667	2.85297
1998.25	2.92474
1998.333333	2.88336
1998.416667	1.81945
1998.5	1.11537
1998.583333	0.832338
1998.666667	0.191954
1998.75	7.68E-02
1998.833333	-0.232491
1998.916667	-1.00E-01
1999	-0.238901
1999.083333	0.131241
1999.166667	0.269342
1999.25	-0.856297
1999.333333	-0.54981
1999.416667	-0.733232
1999.5	-0.837811
1999.583333	-0.6189
1999.666667	-1.09208
1999.75	-0.807478
1999.833333	-1.12945
1999.916667	-1.02499
2000	-0.89451
2000.083333	-0.384008
2000.166667	-0.586267
2000.25	0.379324
2000.333333	-0.41848
2000.416667	-0.835661
2000.5	-0.759941
2000.583333	-0.696911
2000.666667	-0.455217
2000.75	-0.539238
2000.833333	-0.71817
2000.916667	-0.51231
2001	-0.769812
2001.083333	-0.247078
2001.166667	0.323572
2001.25	0.338284
2001.333333	-0.766851
2001.416667	-1.04796
2001.5	-0.888941
2001.583333	-0.87396
2001.666667	-1.31791
2001.75	-1.18109
2001.833333	-0.961761
2001.916667	-1.08043
2002	-0.949862
2002.083333	-0.212568
2002.166667	0.590714
2002.25	0.256973
2002.333333	5.48E-02
2002.416667	-0.586391
2002.5	-0.63228
2002.583333	-0.36697
2002.666667	-8.27E-02
2002.75	0.527912
2002.833333	0.76232
2002.916667	0.72591
2003	9.33E-02
2003.083333	-0.125248
2003.166667	-0.518867
2003.25	-0.980036
2003.333333	-1.47631
2003.416667	-1.09865
2003.5	-0.767731
2003.583333	-2.44E-02
2003.666667	-0.550856
2003.75	-0.115168
2003.833333	0.266769
2003.916667	0.35
2004	-3.51E-02
2004.083333	-0.116879
2004.166667	-0.364798
2004.25	-0.524326
2004.333333	-1.08472
2004.416667	-0.870293
2004.5	-0.891262
2004.583333	-0.550072
2004.666667	-0.215456
2004.75	6.79E-02
2004.833333	0.367599
2004.916667	0.312012
2005	2.53E-02
2005.083333	-0.526218
2005.166667	-1.17384
2005.25	-0.434866
2005.333333	0.101028
2005.416667	-0.331581
2005.5	-0.254601
2005.583333	-0.40723
2005.666667	-0.728617
2005.75	-1.09454
2005.833333	-1.43181
2005.916667	-1.15555
2006	-0.695251
2006.083333	0.410332
2006.166667	-0.298397
2006.25	-0.962866
2006.333333	-0.51494
2006.416667	-0.377121
2006.5	-7.28E-03
2006.583333	0.406618
2006.666667	0.662233
2006.75	1.15878
2006.833333	0.889399
2006.916667	0.65522
2007	0.56543
2007.083333	0.140282
2007.166667	-0.678257
2007.25	-1.12416
2007.333333	-1.59338
2007.416667	-1.58495
2007.5	-1.1327
2007.583333	-1.46619
2007.666667	-1.46002
2007.75	-1.69543
2007.833333	-1.97453
2007.916667	-1.59142
2008	-0.803051
2008.083333	-7.79E-02
2008.166667	0.305292
2008.25	0.420753
2008.333333	-0.444971
2008.416667	7.84E-02
2008.5	0.276909
2008.583333	0.566219
2008.666667	0.199244
2008.75	-0.212646
2008.833333	-0.22917
2008.916667	-0.296169
2009	-0.176302
2009.083333	-0.222149
2009.166667	-0.875847
2009.25	-7.36E-02
2009.333333	5.14E-02
2009.416667	0.354149
2009.5	0.513958
2009.583333	0.557878
2009.666667	9.81E-02
2009.75	0.179373
2009.833333	0.11833
2009.916667	0.530022
2010	0.34956
2010.083333	0.123302
2010.166667	-6.75E-02
2010.25	0.432293
2010.333333	0.263229
2010.416667	-4.47E-02
2010.5	-1.23886
2010.583333	-1.33206
2010.666667	-1.40516
2010.75	-1.57565
2010.833333	-1.40708
2010.916667	-0.99123
2011	-0.612791
2011.083333	0.151642
2011.166667	-0.452976
2011.25	-0.129986
2011.333333	0.13015
2011.416667	0.180079
2011.5	8.44E-02
2011.583333	-0.303862
2011.666667	-1.1252
2011.75	-0.758007
2011.833333	-0.82258
2011.916667	-0.645578
2012	-0.401402
2012.083333	0.483252
2012.166667	-4.67E-02
2012.25	0.399624
2012.333333	0.304869
2012.416667	0.805958
2012.5	0.633478
2012.583333	0.166578
2012.666667	-7.98E-02
2012.75	-0.437647
2012.833333	-0.484781
2012.916667	-0.571178
2013	-0.70841
2013.083333	-0.239058
2013.166667	-0.402227
2013.25	-1.40086
2013.333333	-1.56254
2013.416667	-1.62945
2013.5	-1.55087
2013.583333	-0.864321
2013.666667	-0.891157
2013.75	-0.202887
2013.833333	-0.525801
2013.916667	-0.212959
2014	0.360168
2014.083333	-0.591038
2014.166667	-0.535446
2014.25	-0.327955
2014.333333	0.617599
2014.416667	0.985018
2014.5	0.855028
2014.583333	0.563438
2014.666667	2.89E-02
2014.75	0.298153
2014.833333	0.55085
2014.916667	0.177811
2015	-0.162991
2015.083333	-0.532598
2015.166667	-3.75E-02
2015.25	0.557743
2015.333333	1.47093
2015.416667	2.00393
2015.5	2.13156
2015.583333	1.97777
2015.666667	2.36307
2015.75	2.3304
2015.833333	2.19195
2015.916667	2.128
2016	1.81481
2016.083333	1.1717
2016.166667	1.07586
2016.25	0.215525
2016.333333	0.322948
2016.416667	0.336468
2016.5	-0.25452
2016.583333	8.04E-02
2016.666667	0.128853
2016.75	-7.65E-02
2016.833333	-0.10619
2016.916667	5.95E-02
2017	0.324089
2017.083333	1.00866
2017.166667	1.53361
2017.25	0.416924
2017.333333	0.127258
2017.416667	1.87E-02
2017.5	-0.649021
2017.583333	-0.86594
2017.666667	-1.39807
2017.75	-1.36374
2017.833333	-1.46563
2017.916667	-1.50017
2018	-1.25821
2018.083333	-0.349478
2018.166667	-1.32609
2018.25	-0.890347
2018.333333	-0.587172
2018.416667	-0.653482
2018.5	-0.26753
2018.583333	-0.649811
2018.666667	-1.63E-03
2018.75	0.257473
2018.833333	0.665609
2018.916667	0.83037
2019	0.658838
2019.083333	0.744261
2019.166667	-0.208958
2019.25	0.280643
2019.333333	0.11726
2019.416667	-0.296381
2019.5	-0.550522
2019.583333	-0.394361
2019.666667	-0.803577
2019.75	-0.751667
2019.833333	1.49E-04
2019.916667	-0.150839
2020	-0.129181
2020.083333	5.82E-02
2020.166667	-0.461327
2020.25	-4.96E-02
2020.333333	-0.359631
2020.416667	-0.614243
2020.5	-1.27976
2020.583333	-0.53639
2020.666667	-0.970106
2020.75	-1.03768
2020.833333	-0.89073
2020.916667	-0.719519
2021	-0.58897
2021.083333	-0.652788
2021.166667	-0.524307
2021.25	-1.03331
2021.333333	-0.850651
2021.416667	-0.107002
2021.5	-0.326221
2021.583333	-0.271252
2021.666667	-0.404707
2021.75	-0.640278
2021.833333	-1.00465
2021.916667	-1.25231
2022	-0.909691
2022.083333	-1.05722
2022.166667	-0.611628
2022.25	-1.1138
2022.333333	-1.16609
2022.416667	-1.00499
2022.5	-0.728512
2022.583333	-0.331661
2022.666667	-0.888746
2022.75	-1.41408
2022.833333	-0.93676
2022.916667	-0.63064
2023	-0.355431
2023.083333	-5.85E-02
2023.166667	0.971184
2023.25	2.42313
2023.333333	1.56276
2023.416667	2.20655
2023.5	2.25916
2023.583333	2.44659
2023.666667	1.92317
2023.75	1.75565
2023.833333	1.92195
2023.916667	1.41246
2024	1.13761
2024.083333	1.16721
2024.166667	-8.90E-02
