 1.92995830000000E+03  -8.89233000000000E+01
 1.93004170000000E+03  -7.29688000000000E+01
 1.93012500000000E+03  -5.27685000000000E+01
 1.93020830000000E+03  -5.05962000000000E+01
 1.93029170000000E+03  -4.60806000000000E+01
 1.93037500000000E+03  -2.23077000000000E+01
 1.93045830000000E+03  -1.91060000000000E+01
 1.93054170000000E+03  -2.13531000000000E+01
 1.93062500000000E+03  -3.74467000000000E+01
 1.93070830000000E+03  -3.58481000000000E+01
 1.93079170000000E+03  -3.11728000000000E+01
 1.93087500000000E+03  -2.72669000000000E+01
 1.93095830000000E+03  -1.79766000000000E+01
 1.93104170000000E+03   5.44400000000000E-01
 1.93112500000000E+03   3.68050000000000E+00
 1.93120830000000E+03   2.97030000000000E+00
 1.93129170000000E+03   1.22600000000000E+01
 1.93137500000000E+03   1.61648000000000E+01
 1.93145830000000E+03  -4.54600000000000E+00
 1.93154170000000E+03   8.97000000000000E-01
 1.93162500000000E+03   1.01858000000000E+01
 1.93170830000000E+03   1.63976000000000E+01
 1.93179170000000E+03   1.95323000000000E+01
 1.93187500000000E+03   2.26668000000000E+01
 1.93195830000000E+03   2.58011000000000E+01
 1.93204170000000E+03   3.27814000000000E+01
 1.93212500000000E+03   2.66845000000000E+01
 1.93220830000000E+03   2.59721000000000E+01
 1.93229170000000E+03   3.29519000000000E+01
 1.93237500000000E+03   2.37776000000000E+01
 1.93245830000000E+03   1.92185000000000E+01
 1.93254170000000E+03   1.54285000000000E+01
 1.93262500000000E+03   1.00998000000000E+01
 1.93270830000000E+03  -1.52291000000000E+01
 1.93279170000000E+03  -2.86580000000000E+00
 1.93287500000000E+03  -3.57970000000000E+00
 1.93295830000000E+03  -5.83220000000000E+00
 1.93304170000000E+03  -1.16170000000000E+00
 1.93312500000000E+03   7.35460000000000E+00
 1.93320830000000E+03   6.64000000000000E+00
 1.93329170000000E+03  -4.07470000000000E+00
 1.93337500000000E+03  -2.01743000000000E+01
 1.93345830000000E+03  -2.93509000000000E+01
 1.93354170000000E+03  -3.77585000000000E+01
 1.93362500000000E+03  -2.84740000000000E+01
 1.93370830000000E+03  -2.84205000000000E+01
 1.93379170000000E+03  -3.29824000000000E+01
 1.93387500000000E+03  -4.44677000000000E+01
 1.93395830000000E+03  -3.74916000000000E+01
 1.93404170000000E+03  -2.89772000000000E+01
 1.93412500000000E+03  -2.27708000000000E+01
 1.93420830000000E+03  -3.57952000000000E+01
 1.93429170000000E+03  -3.34352000000000E+01
 1.93437500000000E+03  -2.03062000000000E+01
 1.93445830000000E+03  -1.87158000000000E+01
 1.93454170000000E+03  -1.94333000000000E+01
 1.93462500000000E+03  -6.30480000000000E+00
 1.93470830000000E+03  -7.02270000000000E+00
 1.93479170000000E+03   3.79780000000000E+00
 1.93487500000000E+03   1.84641000000000E+01
 1.93495830000000E+03   2.23611000000000E+01
 1.93504170000000E+03   2.70272000000000E+01
 1.93512500000000E+03   3.63084000000000E+01
 1.93520830000000E+03   3.09740000000000E+01
 1.93529170000000E+03   4.33319000000000E+01
 1.93537500000000E+03   4.26125000000000E+01
 1.93545830000000E+03   4.03546000000000E+01
 1.93554170000000E+03   4.34811000000000E+01
 1.93562500000000E+03   5.89150000000000E+01
 1.93570830000000E+03   4.20411000000000E+01
 1.93579170000000E+03   3.43979000000000E+01
 1.93587500000000E+03   1.44467000000000E+01
 1.93595830000000E+03   1.60338000000000E+01
 1.93604170000000E+03   1.91592000000000E+01
 1.93612500000000E+03   1.61305000000000E+01
 1.93620830000000E+03   8.48630000000000E+00
 1.93629170000000E+03   1.00727000000000E+01
 1.93637500000000E+03   4.73580000000000E+00
 1.93645830000000E+03   1.70640000000000E+00
 1.93654170000000E+03  -2.09230000000000E+00
 1.93662500000000E+03  -2.81990000000000E+01
 1.93670830000000E+03  -4.12290000000000E+01
 1.93679170000000E+03  -3.81052000000000E+01
 1.93687500000000E+03  -4.42124000000000E+01
 1.93695830000000E+03  -4.18583000000000E+01
 1.93704170000000E+03  -3.33504000000000E+01
 1.93712500000000E+03  -2.79197000000000E+01
 1.93720830000000E+03  -2.86431000000000E+01
 1.93729170000000E+03  -3.32127000000000E+01
 1.93737500000000E+03  -3.70133000000000E+01
 1.93745830000000E+03  -4.46603000000000E+01
 1.93754170000000E+03  -5.15382000000000E+01
 1.93762500000000E+03  -4.45701000000000E+01
 1.93770830000000E+03  -1.68330000000000E+01
 1.93779170000000E+03   7.05780000000000E+00
 1.93787500000000E+03   1.63330000000000E+01
 1.93795830000000E+03   2.79157000000000E+01
 1.93804170000000E+03   4.41137000000000E+01
 1.93812500000000E+03   4.18499000000000E+01
 1.93820830000000E+03   3.72782000000000E+01
 1.93829170000000E+03   2.88603000000000E+01
 1.93837500000000E+03   2.89036000000000E+01
 1.93845830000000E+03   2.12545000000000E+01
 1.93854170000000E+03   1.51436000000000E+01
 1.93862500000000E+03   1.74941000000000E+01
 1.93870830000000E+03   5.22900000000000E+00
 1.93879170000000E+03  -9.34390000000000E+00
 1.93887500000000E+03  -3.23785000000000E+01
 1.93895830000000E+03  -3.23365000000000E+01
 1.93904170000000E+03  -2.99868000000000E+01
 1.93912500000000E+03  -4.14836000000000E+01
 1.93920830000000E+03  -4.91344000000000E+01
 1.93929170000000E+03  -5.83238000000000E+01
 1.93937500000000E+03  -7.21288000000000E+01
 1.93945830000000E+03  -7.36263000000000E+01
 1.93954170000000E+03  -6.28162000000000E+01
 1.93962500000000E+03  -7.43140000000000E+01
 1.93970830000000E+03  -7.88890000000000E+01
 1.93979170000000E+03  -8.42333000000000E+01
 1.93987500000000E+03  -8.65010000000000E+01
 1.93995830000000E+03  -8.49226000000000E+01
 1.94004170000000E+03  -8.79598000000000E+01
 1.94012500000000E+03  -8.17664000000000E+01
 1.94020830000000E+03  -6.63425000000000E+01
 1.94029170000000E+03  -5.70725000000000E+01
 1.94037500000000E+03  -5.31874000000000E+01
 1.94045830000000E+03  -2.93024000000000E+01
 1.94054170000000E+03  -3.38792000000000E+01
 1.94062500000000E+03  -5.46100000000000E+01
 1.94070830000000E+03  -4.61102000000000E+01
 1.94079170000000E+03  -5.14567000000000E+01
 1.94087500000000E+03  -5.44958000000000E+01
 1.94095830000000E+03  -4.98427000000000E+01
 1.94104170000000E+03  -3.82667000000000E+01
 1.94112500000000E+03  -3.28447000000000E+01
 1.94120830000000E+03  -3.35768000000000E+01
 1.94129170000000E+03  -4.73860000000000E+01
 1.94137500000000E+03  -5.88876000000000E+01
 1.94145830000000E+03  -5.34664000000000E+01
 1.94154170000000E+03  -5.88146000000000E+01
 1.94162500000000E+03  -6.87783000000000E+01
 1.94170830000000E+03  -7.18192000000000E+01
 1.94179170000000E+03  -7.10141000000000E+01
 1.94187500000000E+03  -6.71322000000000E+01
 1.94195830000000E+03  -5.40198000000000E+01
 1.94204170000000E+03  -3.93690000000000E+01
 1.94212500000000E+03  -4.16416000000000E+01
 1.94220830000000E+03  -4.08374000000000E+01
 1.94229170000000E+03  -3.54179000000000E+01
 1.94237500000000E+03  -2.69218000000000E+01
 1.94245830000000E+03  -4.57970000000000E+00
 1.94254170000000E+03  -4.54540000000000E+00
 1.94262500000000E+03  -2.20370000000000E+00
 1.94270830000000E+03   2.32148000000000E+01
 1.94279170000000E+03   5.17101000000000E+01
 1.94287500000000E+03   6.63590000000000E+01
 1.94295830000000E+03   7.79307000000000E+01
 1.94304170000000E+03   8.56562000000000E+01
 1.94312500000000E+03   8.87661000000000E+01
 1.94320830000000E+03   9.11066000000000E+01
 1.94329170000000E+03   9.57546000000000E+01
 1.94337500000000E+03   7.80947000000000E+01
 1.94345830000000E+03   6.58192000000000E+01
 1.94354170000000E+03   6.04667000000000E+01
 1.94362500000000E+03   7.28063000000000E+01
 1.94370830000000E+03   7.05303000000000E+01
 1.94379170000000E+03   5.51772000000000E+01
 1.94387500000000E+03   5.29008000000000E+01
 1.94395830000000E+03   5.21627000000000E+01
 1.94404170000000E+03   5.21937000000000E+01
 1.94412500000000E+03   4.14552000000000E+01
 1.94420830000000E+03   3.22551000000000E+01
 1.94429170000000E+03   3.22855000000000E+01
 1.94437500000000E+03   2.53927000000000E+01
 1.94445830000000E+03   2.77304000000000E+01
 1.94454170000000E+03   3.23757000000000E+01
 1.94462500000000E+03   1.70207000000000E+01
 1.94470830000000E+03   7.05020000000000E+00
 1.94479170000000E+03   1.40027000000000E+01
 1.94487500000000E+03   2.24933000000000E+01
 1.94495830000000E+03   2.17531000000000E+01
 1.94504170000000E+03   2.63973000000000E+01
 1.94512500000000E+03   3.25797000000000E+01
 1.94520830000000E+03   3.79927000000000E+01
 1.94529170000000E+03   4.49440000000000E+01
 1.94537500000000E+03   4.34336000000000E+01
 1.94545830000000E+03   5.03846000000000E+01
 1.94554170000000E+03   5.27200000000000E+01
 1.94562500000000E+03   6.35167000000000E+01
 1.94570830000000E+03   6.73901000000000E+01
 1.94579170000000E+03   6.97250000000000E+01
 1.94587500000000E+03   6.35981000000000E+01
 1.94595830000000E+03   6.43941000000000E+01
 1.94604170000000E+03   6.21130000000000E+01
 1.94612500000000E+03   6.36779000000000E+01
 1.94620830000000E+03   6.21656000000000E+01
 1.94629170000000E+03   6.60379000000000E+01
 1.94637500000000E+03   4.99099000000000E+01
 1.94645830000000E+03   3.60894000000000E+01
 1.94654170000000E+03   9.96110000000000E+00
 1.94662500000000E+03  -1.15521000000000E+01
 1.94670830000000E+03  -3.84500000000000E+01
 1.94679170000000E+03  -4.07328000000000E+01
 1.94687500000000E+03  -5.37849000000000E+01
 1.94695830000000E+03  -5.83757000000000E+01
 1.94704170000000E+03  -5.98898000000000E+01
 1.94712500000000E+03  -6.14040000000000E+01
 1.94720830000000E+03  -7.75338000000000E+01
 1.94729170000000E+03  -8.28946000000000E+01
 1.94737500000000E+03  -8.51786000000000E+01
 1.94745830000000E+03  -6.90013000000000E+01
 1.94754170000000E+03  -4.97471000000000E+01
 1.94762500000000E+03  -3.04933000000000E+01
 1.94770830000000E+03  -1.81626000000000E+01
 1.94779170000000E+03  -6.60140000000000E+00
 1.94787500000000E+03  -5.80960000000000E+00
 1.94795830000000E+03   4.21280000000000E+00
 1.94804170000000E+03   1.50043000000000E+01
 1.94812500000000E+03   2.11802000000000E+01
 1.94820830000000E+03   2.81251000000000E+01
 1.94829170000000E+03   5.04545000000000E+01
 1.94837500000000E+03   5.89375000000000E+01
 1.94845830000000E+03   5.97280000000000E+01
 1.94854170000000E+03   5.74415000000000E+01
 1.94862500000000E+03   5.97701000000000E+01
 1.94870830000000E+03   6.51755000000000E+01
 1.94879170000000E+03   7.13499000000000E+01
 1.94887500000000E+03   7.59857000000000E+01
 1.94895830000000E+03   8.60059000000000E+01
 1.94904170000000E+03   8.91029000000000E+01
 1.94912500000000E+03   9.52766000000000E+01
 1.94920830000000E+03   8.60655000000000E+01
 1.94929170000000E+03   7.53157000000000E+01
 1.94937500000000E+03   6.37966000000000E+01
 1.94945830000000E+03   6.22772000000000E+01
 1.94954170000000E+03   6.38346000000000E+01
 1.94962500000000E+03   4.84688000000000E+01
 1.94970830000000E+03   3.69489000000000E+01
 1.94979170000000E+03   3.15827000000000E+01
 1.94987500000000E+03   2.69855000000000E+01
 1.94995830000000E+03   2.62343000000000E+01
 1.95004170000000E+03   2.54829000000000E+01
 1.95012500000000E+03   2.16544000000000E+01
 1.95020830000000E+03   1.39796000000000E+01
 1.95029170000000E+03   3.39969000000000E+01
 1.95037500000000E+03   4.09371000000000E+01
 1.95045830000000E+03   4.17232000000000E+01
 1.95054170000000E+03   2.78939000000000E+01
 1.95062500000000E+03   2.52580000000000E+00
 1.95070830000000E+03  -2.84240000000000E+00
 1.95079170000000E+03  -8.98010000000000E+00
 1.95087500000000E+03  -1.74256000000000E+01
 1.95095830000000E+03  -1.89482000000000E+01
 1.95104170000000E+03  -2.04710000000000E+01
 1.95112500000000E+03  -2.35324000000000E+01
 1.95120830000000E+03  -2.42864000000000E+01
 1.95129170000000E+03  -3.73482000000000E+01
 1.95137500000000E+03  -6.88717000000000E+01
 1.95145830000000E+03  -6.34724000000000E+01
 1.95154170000000E+03  -5.65347000000000E+01
 1.95162500000000E+03  -4.88280000000000E+01
 1.95170830000000E+03  -3.80446000000000E+01
 1.95179170000000E+03  -3.64921000000000E+01
 1.95187500000000E+03  -3.64783000000000E+01
 1.95195830000000E+03  -2.26185000000000E+01
 1.95204170000000E+03  -1.18357000000000E+01
 1.95212500000000E+03  -1.02840000000000E+01
 1.95220830000000E+03  -3.34780000000000E+00
 1.95229170000000E+03   8.20360000000000E+00
 1.95237500000000E+03   2.36009000000000E+01
 1.95245830000000E+03   3.89981000000000E+01
 1.95254170000000E+03   2.59336000000000E+01
 1.95262500000000E+03   1.67150000000000E+01
 1.95270830000000E+03   7.49630000000000E+00
 1.95279170000000E+03   1.28927000000000E+01
 1.95287500000000E+03   1.90582000000000E+01
 1.95295830000000E+03   2.36851000000000E+01
 1.95304170000000E+03   1.52348000000000E+01
 1.95312500000000E+03   2.13998000000000E+01
 1.95320830000000E+03   3.21799000000000E+01
 1.95329170000000E+03   2.75753000000000E+01
 1.95337500000000E+03   9.89350000000000E+00
 1.95345830000000E+03   5.28850000000000E+00
 1.95354170000000E+03   9.14490000000000E+00
 1.95362500000000E+03  -6.99900000000000E+00
 1.95370830000000E+03  -3.46815000000000E+01
 1.95379170000000E+03  -4.00564000000000E+01
 1.95387500000000E+03  -5.31239000000000E+01
 1.95395830000000E+03  -5.77300000000000E+01
 1.95404170000000E+03  -4.84901000000000E+01
 1.95412500000000E+03  -3.77120000000000E+01
 1.95420830000000E+03  -4.07802000000000E+01
 1.95429170000000E+03  -4.15408000000000E+01
 1.95437500000000E+03  -3.53786000000000E+01
 1.95445830000000E+03  -2.61397000000000E+01
 1.95454170000000E+03  -2.53624000000000E+01
 1.95462500000000E+03  -2.76623000000000E+01
 1.95470830000000E+03  -2.15008000000000E+01
 1.95479170000000E+03   4.51000000000000E-02
 1.95487500000000E+03   1.31293000000000E+01
 1.95495830000000E+03   2.85210000000000E+01
 1.95504170000000E+03   4.31433000000000E+01
 1.95512500000000E+03   3.77655000000000E+01
 1.95520830000000E+03   2.93105000000000E+01
 1.95529170000000E+03   3.47015000000000E+01
 1.95537500000000E+03   3.54769000000000E+01
 1.95545830000000E+03   4.00982000000000E+01
 1.95554170000000E+03   5.24118000000000E+01
 1.95562500000000E+03   4.54943000000000E+01
 1.95570830000000E+03   3.31921000000000E+01
 1.95579170000000E+03   4.01204000000000E+01
 1.95587500000000E+03   4.24332000000000E+01
 1.95595830000000E+03   3.93612000000000E+01
 1.95604170000000E+03   4.39813000000000E+01
 1.95612500000000E+03   4.93705000000000E+01
 1.95620830000000E+03   4.93748000000000E+01
 1.95629170000000E+03   6.16867000000000E+01
 1.95637500000000E+03   5.39984000000000E+01
 1.95645830000000E+03   5.16945000000000E+01
 1.95654170000000E+03   2.93905000000000E+01
 1.95662500000000E+03   2.17016000000000E+01
 1.95670830000000E+03   1.70895000000000E+01
 1.95679170000000E+03   1.47849000000000E+01
 1.95687500000000E+03   1.32493000000000E+01
 1.95695830000000E+03   7.09820000000000E+00
 1.95704170000000E+03   7.87000000000000E+00
 1.95712500000000E+03   7.10310000000000E+00
 1.95720830000000E+03   8.64380000000000E+00
 1.95729170000000E+03   1.94150000000000E+01
 1.95737500000000E+03   1.71091000000000E+01
 1.95745830000000E+03   2.40338000000000E+01
 1.95754170000000E+03   2.17276000000000E+01
 1.95762500000000E+03   3.78827000000000E+01
 1.95770830000000E+03   2.71145000000000E+01
 1.95779170000000E+03   1.63462000000000E+01
 1.95787500000000E+03   2.86546000000000E+01
 1.95795830000000E+03   3.40398000000000E+01
 1.95804170000000E+03   4.48093000000000E+01
 1.95812500000000E+03   5.32710000000000E+01
 1.95820830000000E+03   4.63480000000000E+01
 1.95829170000000E+03   4.17324000000000E+01
 1.95837500000000E+03   3.01935000000000E+01
 1.95845830000000E+03   3.17314000000000E+01
 1.95854170000000E+03   1.63461000000000E+01
 1.95862500000000E+03   4.80670000000000E+00
 1.95870830000000E+03  -6.73290000000000E+00
 1.95879170000000E+03  -1.67341000000000E+01
 1.95887500000000E+03   3.26440000000000E+00
 1.95904170000000E+03   6.33780000000000E+00
 1.95912500000000E+03   1.17204000000000E+01
 1.95920830000000E+03   1.01798000000000E+01
 1.95929170000000E+03  -5.91800000000000E-01
 1.95937500000000E+03  -4.44060000000000E+00
 1.95945830000000E+03  -2.90587000000000E+01
 1.95954170000000E+03  -3.06001000000000E+01
 1.95962500000000E+03  -5.52186000000000E+01
 1.95970830000000E+03  -6.75295000000000E+01
 1.95979170000000E+03  -8.21484000000000E+01
 1.95987500000000E+03  -8.75367000000000E+01
 1.95995830000000E+03  -7.83097000000000E+01
 1.96004170000000E+03  -7.44676000000000E+01
 1.96012500000000E+03  -7.13949000000000E+01
 1.96020830000000E+03  -6.52454000000000E+01
 1.96029170000000E+03  -7.06346000000000E+01
 1.96037500000000E+03  -7.60240000000000E+01
 1.96045830000000E+03  -6.29520000000000E+01
 1.96054170000000E+03  -5.37263000000000E+01
 1.96062500000000E+03  -5.52701000000000E+01
 1.96070830000000E+03  -3.52756000000000E+01
 1.96079170000000E+03  -1.45120000000000E+01
 1.96087500000000E+03   5.48220000000000E+00
 1.96095830000000E+03   1.93223000000000E+01
 1.96104170000000E+03   3.77776000000000E+01
 1.96112500000000E+03   4.85405000000000E+01
 1.96120830000000E+03   5.23801000000000E+01
 1.96129170000000E+03   3.85271000000000E+01
 1.96137500000000E+03   4.54433000000000E+01
 1.96145830000000E+03   6.00516000000000E+01
 1.96154170000000E+03   6.15827000000000E+01
 1.96162500000000E+03   8.46522000000000E+01
 1.96170830000000E+03   8.07983000000000E+01
 1.96179170000000E+03   6.69443000000000E+01
 1.96187500000000E+03   5.92440000000000E+01
 1.96195830000000E+03   5.76973000000000E+01
 1.96204170000000E+03   6.07659000000000E+01
 1.96212500000000E+03   4.99881000000000E+01
 1.96220830000000E+03   5.07485000000000E+01
 1.96229170000000E+03   4.07396000000000E+01
 1.96237500000000E+03   4.14997000000000E+01
 1.96245830000000E+03   3.84135000000000E+01
 1.96254170000000E+03   2.53271000000000E+01
 1.96262500000000E+03   8.39430000000000E+00
 1.96270830000000E+03  -1.93078000000000E+01
 1.96279170000000E+03  -3.23948000000000E+01
 1.96287500000000E+03  -3.62512000000000E+01
 1.96295830000000E+03  -4.08769000000000E+01
 1.96304170000000E+03  -4.01183000000000E+01
 1.96312500000000E+03  -4.85906000000000E+01
 1.96320830000000E+03  -5.70631000000000E+01
 1.96329170000000E+03  -6.24588000000000E+01
 1.96337500000000E+03  -5.55470000000000E+01
 1.96345830000000E+03  -5.17124000000000E+01
 1.96354170000000E+03  -5.17241000000000E+01
 1.96362500000000E+03  -3.40436000000000E+01
 1.96370830000000E+03  -4.17479000000000E+01
 1.96379170000000E+03  -4.71448000000000E+01
 1.96387500000000E+03  -3.17726000000000E+01
 1.96395830000000E+03  -2.56313000000000E+01
 1.96404170000000E+03  -1.25672000000000E+01
 1.96412500000000E+03  -9.50320000000000E+00
 1.96420830000000E+03  -2.59320000000000E+00
 1.96429170000000E+03   5.08580000000000E+00
 1.96437500000000E+03  -4.92770000000000E+00
 1.96445830000000E+03  -2.63370000000000E+00
 1.96454170000000E+03  -3.39900000000000E-01
 1.96462500000000E+03   1.18450000000000E+00
 1.96470830000000E+03  -1.88297000000000E+01
 1.96479170000000E+03  -8.84410000000000E+00
 1.96487500000000E+03   1.91060000000000E+00
 1.96495830000000E+03  -4.11900000000000E-01
 1.96504170000000E+03   1.34193000000000E+01
 1.96512500000000E+03   1.57118000000000E+01
 1.96520830000000E+03   1.56965000000000E+01
 1.96529170000000E+03   6.45030000000000E+00
 1.96537500000000E+03   1.18192000000000E+01
 1.96545830000000E+03   1.10341000000000E+01
 1.96554170000000E+03  -2.05890000000000E+00
 1.96562500000000E+03  -1.05366000000000E+01
 1.96570830000000E+03  -1.13223000000000E+01
 1.96579170000000E+03  -1.33890000000000E+00
 1.96587500000000E+03  -2.12490000000000E+00
 1.96595830000000E+03   7.85820000000000E+00
 1.96604170000000E+03   2.16872000000000E+01
 1.96612500000000E+03   2.01314000000000E+01
 1.96620830000000E+03   2.31908000000000E+01
 1.96629170000000E+03   2.70193000000000E+01
 1.96637500000000E+03   2.23860000000000E+01
 1.96645830000000E+03   1.54449000000000E+01
 1.96654170000000E+03   2.08113000000000E+01
 1.96662500000000E+03   1.84852000000000E+01
 1.96670830000000E+03   3.69281000000000E+01
 1.96679170000000E+03   4.22939000000000E+01
 1.96687500000000E+03   4.53519000000000E+01
 1.96695830000000E+03   5.37943000000000E+01
 1.96704170000000E+03   5.83904000000000E+01
 1.96712500000000E+03   5.83709000000000E+01
 1.96720830000000E+03   5.60435000000000E+01
 1.96729170000000E+03   5.83313000000000E+01
 1.96737500000000E+03   6.21574000000000E+01
 1.96745830000000E+03   8.52141000000000E+01
 1.96754170000000E+03   8.98860000000000E+01
 1.96762500000000E+03   9.06346000000000E+01
 1.96770830000000E+03   9.73831000000000E+01
 1.96779170000000E+03   8.79005000000000E+01
 1.96787500000000E+03   7.79563000000000E+01
 1.96795830000000E+03   6.39350000000000E+01
 1.96804170000000E+03   6.54519000000000E+01
 1.96812500000000E+03   5.77379000000000E+01
 1.96820830000000E+03   4.58699000000000E+01
 1.96829170000000E+03   3.93863000000000E+01
 1.96837500000000E+03   3.02871000000000E+01
 1.96845830000000E+03   1.22647000000000E+01
 1.96854170000000E+03  -1.85271000000000E+01
 1.96862500000000E+03  -2.97038000000000E+01
 1.96870830000000E+03  -5.71113000000000E+01
 1.96879170000000E+03  -6.75191000000000E+01
 1.96887500000000E+03  -7.70809000000000E+01
 1.96895830000000E+03  -7.87198000000000E+01
 1.96904170000000E+03  -6.51281000000000E+01
 1.96912500000000E+03  -7.29982000000000E+01
 1.96920830000000E+03  -6.92530000000000E+01
 1.96929170000000E+03  -6.09696000000000E+01
 1.96937500000000E+03  -4.16094000000000E+01
 1.96945830000000E+03  -4.19417000000000E+01
 1.96954170000000E+03  -4.94280000000000E+01
 1.96962500000000E+03  -4.46068000000000E+01
 1.96970830000000E+03  -5.27858000000000E+01
 1.96979170000000E+03  -3.18112000000000E+01
 1.96987500000000E+03  -2.49136000000000E+01
 1.96995830000000E+03  -1.97085000000000E+01
 1.97004170000000E+03  -1.21191000000000E+01
 1.97012500000000E+03  -1.33759000000000E+01
 1.97020830000000E+03  -2.78670000000000E+00
 1.97029170000000E+03  -1.73630000000000E+00
 1.97037500000000E+03   1.00833000000000E+01
 1.97045830000000E+03  -6.35800000000000E-01
 1.97054170000000E+03  -4.97050000000000E+00
 1.97062500000000E+03   1.34639000000000E+01
 1.97070830000000E+03   1.92827000000000E+01
 1.97079170000000E+03   2.48705000000000E+01
 1.97087500000000E+03   1.75352000000000E+01
 1.97095830000000E+03   1.47380000000000E+01
 1.97104170000000E+03   2.15561000000000E+01
 1.97112500000000E+03   1.66048000000000E+01
 1.97120830000000E+03   1.60379000000000E+01
 1.97129170000000E+03   1.23169000000000E+01
 1.97137500000000E+03   2.25189000000000E+01
 1.97145830000000E+03   1.90284000000000E+01
 1.97154170000000E+03   3.23000000000000E+00
 1.97162500000000E+03  -1.66455000000000E+01
 1.97170830000000E+03  -4.52904000000000E+01
 1.97179170000000E+03  -4.41663000000000E+01
 1.97187500000000E+03  -4.68116000000000E+01
 1.97195830000000E+03  -4.05339000000000E+01
 1.97204170000000E+03  -3.60258000000000E+01
 1.97212500000000E+03  -4.13639000000000E+01
 1.97220830000000E+03  -3.84714000000000E+01
 1.97229170000000E+03  -4.05792000000000E+01
 1.97237500000000E+03  -3.13025000000000E+01
 1.97245830000000E+03  -3.70259000000000E+01
 1.97254170000000E+03  -5.93650000000000E+01
 1.97262500000000E+03  -4.78580000000000E+01
 1.97270830000000E+03  -2.60436000000000E+01
 1.97279170000000E+03   2.84760000000000E+00
 1.97287500000000E+03   5.84700000000000E-01
 1.97295830000000E+03   6.78320000000000E+00
 1.97304170000000E+03   9.36610000000000E+00
 1.97312500000000E+03   1.02566000000000E+01
 1.97320830000000E+03   1.39161000000000E+01
 1.97329170000000E+03   9.80620000000000E+00
 1.97337500000000E+03   1.84653000000000E+01
 1.97345830000000E+03   2.25858000000000E+01
 1.97354170000000E+03   1.56292000000000E+01
 1.97362500000000E+03   2.65185000000000E+01
 1.97370830000000E+03   4.33080000000000E+00
 1.97379170000000E+03  -1.26264000000000E+01
 1.97387500000000E+03  -3.35837000000000E+01
 1.97395830000000E+03  -2.71566000000000E+01
 1.97404170000000E+03  -1.17297000000000E+01
 1.97412500000000E+03  -4.53380000000000E+00
 1.97420830000000E+03  -7.18410000000000E+00
 1.97429170000000E+03  -1.98860000000000E+00
 1.97437500000000E+03   4.82220000000000E+00
 1.97445830000000E+03   1.31713000000000E+01
 1.97454170000000E+03   2.07510000000000E+01
 1.97462500000000E+03   2.25612000000000E+01
 1.97470830000000E+03   1.69098000000000E+01
 1.97479170000000E+03   2.67965000000000E+01
 1.97487500000000E+03   3.47601000000000E+01
 1.97495830000000E+03   4.88773000000000E+01
 1.97504170000000E+03   4.47635000000000E+01
 1.97512500000000E+03   3.28035000000000E+01
 1.97520830000000E+03   2.23817000000000E+01
 1.97529170000000E+03   2.91904000000000E+01
 1.97537500000000E+03   1.29221000000000E+01
 1.97545830000000E+03   8.42290000000000E+00
 1.97554170000000E+03   1.56926000000000E+01
 1.97562500000000E+03  -1.66531000000000E+01
 1.97570830000000E+03  -3.14606000000000E+01
 1.97579170000000E+03  -3.15760000000000E+01
 1.97587500000000E+03  -2.97685000000000E+01
 1.97595830000000E+03  -2.53458000000000E+01
 1.97604170000000E+03  -2.50002000000000E+01
 1.97612500000000E+03  -2.08086000000000E+01
 1.97620830000000E+03  -2.31557000000000E+01
 1.97629170000000E+03  -3.88875000000000E+01
 1.97637500000000E+03  -5.63119000000000E+01
 1.97645830000000E+03  -4.11979000000000E+01
 1.97654170000000E+03  -4.85458000000000E+01
 1.97662500000000E+03  -8.08937000000000E+01
 1.97670830000000E+03  -7.74726000000000E+01
 1.97679170000000E+03  -6.87441000000000E+01
 1.97687500000000E+03  -6.79387000000000E+01
 1.97695830000000E+03  -6.61336000000000E+01
 1.97704170000000E+03  -5.44825000000000E+01
 1.97712500000000E+03  -5.42931000000000E+01
 1.97720830000000E+03  -5.45654000000000E+01
 1.97729170000000E+03  -5.15302000000000E+01
 1.97737500000000E+03  -2.13414000000000E+01
 1.97745830000000E+03  -9.30650000000000E+00
 1.97754170000000E+03  -1.26566000000000E+01
 1.97762500000000E+03  -1.86990000000000E+01
 1.97770830000000E+03  -1.66647000000000E+01
 1.97779170000000E+03  -1.85537000000000E+01
 1.97787500000000E+03  -3.20583000000000E+01
 1.97795830000000E+03  -3.55630000000000E+01
 1.97804170000000E+03  -2.80679000000000E+01
 1.97812500000000E+03  -3.49576000000000E+01
 1.97820830000000E+03  -1.37706000000000E+01
 1.97829170000000E+03  -7.12230000000000E+00
 1.97837500000000E+03   4.98750000000000E+00
 1.97845830000000E+03  -7.49100000000000E-01
 1.97854170000000E+03  -1.08705000000000E+01
 1.97862500000000E+03  -1.99151000000000E+01
 1.97870830000000E+03  -1.41907000000000E+01
 1.97879170000000E+03  -2.28512000000000E+01
 1.97887500000000E+03  -2.20502000000000E+01
 1.97895830000000E+03  -1.28648000000000E+01
 1.97904170000000E+03   4.85880000000000E+00
 1.97912500000000E+03   8.58230000000000E+00
 1.97920830000000E+03   1.71518000000000E+01
 1.97929170000000E+03   4.13300000000000E-01
 1.97937500000000E+03  -1.67868000000000E+01
 1.97945830000000E+03  -2.06025000000000E+01
 1.97954170000000E+03  -3.51876000000000E+01
 1.97962500000000E+03  -3.86960000000000E+01
 1.97970830000000E+03  -5.31276000000000E+01
 1.97979170000000E+03  -5.56364000000000E+01
 1.97987500000000E+03  -5.09145000000000E+01
 1.97995830000000E+03  -4.71928000000000E+01
 1.98004170000000E+03  -3.47791000000000E+01
 1.98012500000000E+03  -4.55962000000000E+01
 1.98020830000000E+03  -4.81059000000000E+01
 1.98029170000000E+03  -4.62311000000000E+01
 1.98037500000000E+03  -4.19719000000000E+01
 1.98045830000000E+03  -2.11744000000000E+01
 1.98054170000000E+03  -1.60694000000000E+01
 1.98062500000000E+03   7.95850000000000E+00
 1.98070830000000E+03   1.55247000000000E+01
 1.98079170000000E+03   2.42445000000000E+01
 1.98087500000000E+03   2.70411000000000E+01
 1.98095830000000E+03   3.86836000000000E+01
 1.98104170000000E+03   4.68644000000000E+01
 1.98112500000000E+03   5.25835000000000E+01
 1.98120830000000E+03   5.54563000000000E+01
 1.98129170000000E+03   5.83289000000000E+01
 1.98137500000000E+03   6.78167000000000E+01
 1.98145830000000E+03   8.60736000000000E+01
 1.98154170000000E+03   7.27148000000000E+01
 1.98162500000000E+03   5.47405000000000E+01
 1.98170830000000E+03   3.30738000000000E+01
 1.98179170000000E+03   4.07914000000000E+01
 1.98187500000000E+03   5.46627000000000E+01
 1.98195830000000E+03   5.99185000000000E+01
 1.98204170000000E+03   5.70202000000000E+01
 1.98212500000000E+03   5.21986000000000E+01
 1.98220830000000E+03   5.25308000000000E+01
 1.98229170000000E+03   4.54012000000000E+01
 1.98237500000000E+03   3.80406000000000E+01
 1.98245830000000E+03   2.71415000000000E+01
 1.98254170000000E+03   2.33959000000000E+01
 1.98262500000000E+03   4.23425000000000E+01
 1.98270830000000E+03   4.38274000000000E+01
 1.98279170000000E+03   4.81582000000000E+01
 1.98287500000000E+03   4.15658000000000E+01
 1.98295830000000E+03   3.41271000000000E+01
 1.98304170000000E+03   3.76112000000000E+01
 1.98312500000000E+03   4.09413000000000E+01
 1.98320830000000E+03   4.45021000000000E+01
 1.98329170000000E+03   4.62933000000000E+01
 1.98337500000000E+03   7.44691000000000E+01
 1.98345830000000E+03   8.04908000000000E+01
 1.98354170000000E+03   8.91277000000000E+01
 1.98362500000000E+03   6.05336000000000E+01
 1.98370830000000E+03   2.36317000000000E+01
 1.98379170000000E+03   1.38834000000000E+01
 1.98387500000000E+03   7.36580000000000E+00
 1.98395830000000E+03   8.00180000000000E+00
 1.98404170000000E+03   1.91760000000000E+01
 1.98412500000000E+03   1.81963000000000E+01
 1.98420830000000E+03   2.32164000000000E+01
 1.98429170000000E+03   2.76977000000000E+01
 1.98437500000000E+03   1.60251000000000E+01
 1.98445830000000E+03  -1.12630000000000E+01
 1.98454170000000E+03  -2.32437000000000E+01
 1.98462500000000E+03  -4.27630000000000E+01
 1.98470830000000E+03  -5.11287000000000E+01
 1.98479170000000E+03  -3.73407000000000E+01
 1.98487500000000E+03  -2.99374000000000E+01
 1.98495830000000E+03  -2.42267000000000E+01
 1.98504170000000E+03  -1.54393000000000E+01
 1.98512500000000E+03  -1.77289000000000E+01
 1.98520830000000E+03  -5.78790000000000E+00
 1.98529170000000E+03  -4.92410000000000E+00
 1.98537500000000E+03  -4.90660000000000E+00
 1.98545830000000E+03   3.38000000000000E-02
 1.98554170000000E+03   1.50509000000000E+01
 1.98562500000000E+03   1.07602000000000E+01
 1.98570830000000E+03  -7.29990000000000E+00
 1.98579170000000E+03  -9.75700000000000E-01
 1.98587500000000E+03  -6.34380000000000E+00
 1.98595830000000E+03  -5.40450000000000E+00
 1.98604170000000E+03  -1.57700000000000E-01
 1.98612500000000E+03  -2.91110000000000E+00
 1.98620830000000E+03   3.35400000000000E-01
 1.98629170000000E+03  -2.03370000000000E+00
 1.98637500000000E+03   8.27800000000000E-01
 1.98645830000000E+03   9.76600000000000E+00
 1.98654170000000E+03   3.85780000000000E+00
 1.98662500000000E+03  -7.89660000000000E+00
 1.98670830000000E+03  -1.24974000000000E+01
 1.98679170000000E+03  -4.02150000000000E+00
 1.98687500000000E+03   3.76200000000000E+00
 1.98695830000000E+03   1.14684000000000E+01
 1.98704170000000E+03   1.83284000000000E+01
 1.98712500000000E+03   2.53421000000000E+01
 1.98720830000000E+03   3.56633000000000E+01
 1.98729170000000E+03   3.00612000000000E+01
 1.98737500000000E+03   2.36128000000000E+01
 1.98745830000000E+03  -3.74200000000000E-01
 1.98754170000000E+03  -4.97690000000000E+00
 1.98762500000000E+03  -3.11810000000000E+00
 1.98770830000000E+03   1.89430000000000E+00
 1.98779170000000E+03   1.40603000000000E+01
 1.98787500000000E+03   1.73032000000000E+01
 1.98795830000000E+03   1.87766000000000E+01
 1.98804170000000E+03   1.87882000000000E+01
 1.98812500000000E+03   2.61843000000000E+01
 1.98820830000000E+03   2.34264000000000E+01
 1.98829170000000E+03   2.09760000000000E+01
 1.98837500000000E+03   2.58331000000000E+01
 1.98845830000000E+03   3.72285000000000E+01
 1.98854170000000E+03   6.75467000000000E+01
 1.98862500000000E+03   7.59418000000000E+01
 1.98870830000000E+03   8.61828000000000E+01
 1.98879170000000E+03   8.37312000000000E+01
 1.98887500000000E+03   8.82027000000000E+01
 1.98895830000000E+03   9.65201000000000E+01
 1.98904170000000E+03   9.92218000000000E+01
 1.98912500000000E+03   1.14923400000000E+02
 1.98920830000000E+03   1.09778800000000E+02
 1.98929170000000E+03   1.11556900000000E+02
 1.98937500000000E+03   1.11181000000000E+02
 1.98945830000000E+03   1.15189700000000E+02
 1.98954170000000E+03   1.08198000000000E+02
 1.98962500000000E+03   1.06590900000000E+02
 1.98970830000000E+03   1.11752800000000E+02
 1.98979170000000E+03   1.08068200000000E+02
 1.98987500000000E+03   1.00614400000000E+02
 1.98995830000000E+03   1.00160400000000E+02
 1.99004170000000E+03   1.08321500000000E+02
 1.99012500000000E+03   1.10559400000000E+02
 1.99020830000000E+03   1.05489400000000E+02
 1.99029170000000E+03   9.27269000000000E+01
 1.99037500000000E+03   7.10412000000000E+01
 1.99045830000000E+03   4.26630000000000E+01
 1.99054170000000E+03   1.72076000000000E+01
 1.99062500000000E+03  -1.53248000000000E+01
 1.99070830000000E+03  -6.53189000000000E+01
 1.99079170000000E+03  -1.16082500000000E+02
 1.99087500000000E+03  -1.48077000000000E+02
 1.99095830000000E+03  -1.57764000000000E+02
 1.99104170000000E+03  -1.70758900000000E+02
 1.99112500000000E+03  -1.91677100000000E+02
 1.99120830000000E+03  -2.08672300000000E+02
 1.99129170000000E+03  -2.26437000000000E+02
 1.99137500000000E+03  -2.40663300000000E+02
 1.99145830000000E+03  -2.44274500000000E+02
 1.99154170000000E+03  -2.28962800000000E+02
 1.99162500000000E+03  -2.26420500000000E+02
 1.99170830000000E+03  -1.98109100000000E+02
 1.99179170000000E+03  -1.66721100000000E+02
 1.99187500000000E+03  -1.44794700000000E+02
 1.99195830000000E+03  -1.31022300000000E+02
 1.99204170000000E+03  -1.18250200000000E+02
 1.99212500000000E+03  -9.77090000000000E+01
 1.99220830000000E+03  -7.66295000000000E+01
 1.99229170000000E+03  -6.93964000000000E+01
 1.99237500000000E+03  -5.70095000000000E+01
 1.99245830000000E+03  -3.03152000000000E+01
 1.99254170000000E+03  -1.51595000000000E+01
 1.99262500000000E+03   2.07290000000000E+00
 1.99270830000000E+03   1.03821000000000E+01
 1.99279170000000E+03  -8.47400000000000E-01
 1.99287500000000E+03  -1.03078000000000E+01
 1.99295830000000E+03  -7.07610000000000E+00
 1.99304170000000E+03   1.33092000000000E+01
 1.99312500000000E+03   2.50021000000000E+01
 1.99320830000000E+03   2.20025000000000E+01
 1.99329170000000E+03   1.92570000000000E+00
 1.99337500000000E+03  -5.99730000000000E+00
 1.99345830000000E+03  -1.39205000000000E+01
 1.99354170000000E+03  -1.72286000000000E+01
 1.99362500000000E+03  -1.49984000000000E+01
 1.99370830000000E+03  -3.36914000000000E+01
 1.99379170000000E+03  -3.12308000000000E+01
 1.99387500000000E+03  -3.16164000000000E+01
 1.99395830000000E+03  -1.33869000000000E+01
 1.99404170000000E+03  -1.27730000000000E+01
 1.99412500000000E+03  -2.43900000000000E+01
 1.99420830000000E+03  -3.25456000000000E+01
 1.99429170000000E+03  -3.38554000000000E+01
 1.99437500000000E+03  -2.22421000000000E+01
 1.99445830000000E+03  -5.52100000000000E-01
 1.99454170000000E+03   1.55991000000000E+01
 1.99462500000000E+03   2.62118000000000E+01
 1.99470830000000E+03   3.19012000000000E+01
 1.99479170000000E+03   5.30519000000000E+01
 1.99487500000000E+03   5.34333000000000E+01
 1.99495830000000E+03   6.08145000000000E+01
 1.99504170000000E+03   5.78878000000000E+01
 1.99512500000000E+03   5.64224000000000E+01
 1.99520830000000E+03   5.43416000000000E+01
 1.99529170000000E+03   5.78758000000000E+01
 1.99537500000000E+03   6.62561000000000E+01
 1.99545830000000E+03   5.87131000000000E+01
 1.99554170000000E+03   3.67083000000000E+01
 1.99562500000000E+03   6.01110000000000E+00
 1.99570830000000E+03  -2.79939000000000E+01
 1.99579170000000E+03  -4.99223000000000E+01
 1.99587500000000E+03  -6.91585000000000E+01
 1.99595830000000E+03  -7.04718000000000E+01
 1.99604170000000E+03  -6.25546000000000E+01
 1.99612500000000E+03  -6.80221000000000E+01
 1.99620830000000E+03  -7.52590000000000E+01
 1.99629170000000E+03  -7.64962000000000E+01
 1.99637500000000E+03  -7.27335000000000E+01
 1.99645830000000E+03  -8.47402000000000E+01
 1.99654170000000E+03  -8.65934000000000E+01
 1.99662500000000E+03  -7.22927000000000E+01
 1.99670830000000E+03  -4.82230000000000E+01
 1.99679170000000E+03  -1.89229000000000E+01
 1.99687500000000E+03  -4.62280000000000E+00
 1.99695830000000E+03  -3.09210000000000E+00
 1.99704170000000E+03  -6.63860000000000E+00
 1.99712500000000E+03  -1.84160000000000E+01
 1.99720830000000E+03  -9.80900000000000E+00
 1.99729170000000E+03   1.45670000000000E+01
 1.99737500000000E+03   2.17122000000000E+01
 1.99745830000000E+03   5.93410000000000E+00
 1.99754170000000E+03   1.03864000000000E+01
 1.99762500000000E+03   2.38387000000000E+01
 1.99770830000000E+03   3.35985000000000E+01
 1.99779170000000E+03   2.21273000000000E+01
 1.99787500000000E+03   9.42520000000000E+00
 1.99795830000000E+03   9.10750000000000E+00
 1.99804170000000E+03   2.29434000000000E+01
 1.99812500000000E+03   4.08562000000000E+01
 1.99820830000000E+03   5.47687000000000E+01
 1.99829170000000E+03   4.20656000000000E+01
 1.99837500000000E+03   4.02855000000000E+01
 1.99845830000000E+03   3.81206000000000E+01
 1.99854170000000E+03   5.42631000000000E+01
 1.99862500000000E+03   6.01747000000000E+01
 1.99870830000000E+03   5.66246000000000E+01
 1.99879170000000E+03   4.41512000000000E+01
 1.99887500000000E+03   4.59854000000000E+01
 1.99895830000000E+03   4.64348000000000E+01
 1.99904170000000E+03   4.50377000000000E+01
 1.99912500000000E+03   3.53329000000000E+01
 1.99920830000000E+03   1.96279000000000E+01
 1.99929170000000E+03   1.41533000000000E+01
 1.99937500000000E+03   2.10633000000000E+01
 1.99945830000000E+03   1.61270000000000E+01
 1.99954170000000E+03   2.14981000000000E+01
 1.99962500000000E+03   2.47922000000000E+01
 1.99970830000000E+03   2.43937000000000E+01
 1.99979170000000E+03   1.55335000000000E+01
 1.99987500000000E+03   2.82700000000000E+00
 1.99995830000000E+03   7.65880000000000E+00
 2.00004170000000E+03   1.97980000000000E+01
 2.00012500000000E+03   2.29372000000000E+01
 2.00020830000000E+03   1.68454000000000E+01
 2.00029170000000E+03   5.52250000000000E+00
 2.00037500000000E+03  -5.64660000000000E+00
 2.00045830000000E+03  -5.43130000000000E+00
 2.00054170000000E+03  -2.07547000000000E+01
 2.00062500000000E+03  -3.30782000000000E+01
 2.00070830000000E+03  -5.14788000000000E+01
 2.00079170000000E+03  -7.27258000000000E+01
 2.00087500000000E+03  -7.34345000000000E+01
 2.00095830000000E+03  -5.68356000000000E+01
 2.00104170000000E+03  -5.90832000000000E+01
 2.00112500000000E+03  -6.48694000000000E+01
 2.00120830000000E+03  -5.57326000000000E+01
 2.00129170000000E+03  -5.39807000000000E+01
 2.00137500000000E+03  -2.42289000000000E+01
 2.00145830000000E+03  -1.50158000000000E+01
 2.00154170000000E+03  -1.20337000000000E+01
 2.00162500000000E+03   1.22560000000000E+01
 2.00170830000000E+03   3.74686000000000E+01
 2.00179170000000E+03   3.77578000000000E+01
 2.00187500000000E+03   4.25085000000000E+01
 2.00195830000000E+03   4.50283000000000E+01
 2.00204170000000E+03   4.78554000000000E+01
 2.00212500000000E+03   4.76825000000000E+01
 2.00220830000000E+03   4.19709000000000E+01
 2.00229170000000E+03   2.62590000000000E+01
 2.00237500000000E+03   2.77010000000000E+01
 2.00245830000000E+03  -8.47270000000000E+00
 2.00254170000000E+03  -1.54928000000000E+01
 2.00262500000000E+03  -2.76668000000000E+01
 2.00270830000000E+03  -6.69179000000000E+01
 2.00279170000000E+03  -9.06309000000000E+01
 2.00287500000000E+03  -9.32670000000000E+01
 2.00295830000000E+03  -8.59033000000000E+01
 2.00304170000000E+03  -7.50014000000000E+01
 2.00312500000000E+03  -7.87150000000000E+01
 2.00320830000000E+03  -7.38134000000000E+01
 2.00329170000000E+03  -6.29890000000000E+01
 2.00337500000000E+03  -6.20108000000000E+01
 2.00345830000000E+03  -6.00328000000000E+01
 2.00354170000000E+03  -3.78243000000000E+01
 2.00362500000000E+03  -3.10774000000000E+01
 2.00370830000000E+03  -2.84846000000000E+01
 2.00379170000000E+03  -1.70459000000000E+01
 2.00387500000000E+03  -1.77611000000000E+01
 2.00395830000000E+03  -7.55340000000000E+00
 2.00404170000000E+03   1.03860000000000E+00
 2.00412500000000E+03  -4.52330000000000E+00
 2.00420830000000E+03  -3.16240000000000E+00
 2.00429170000000E+03   2.42910000000000E+00
 2.00437500000000E+03  -1.36410000000000E+00
 2.00445830000000E+03   1.03040000000000E+01
 2.00454170000000E+03   2.87410000000000E+01
 2.00462500000000E+03   3.27934000000000E+01
 2.00470830000000E+03   1.93072000000000E+01
 2.00479170000000E+03   9.97440000000000E+00
 2.00487500000000E+03   8.48780000000000E+00
 2.00495830000000E+03   1.52318000000000E+01
 2.00504170000000E+03   1.66677000000000E+01
 2.00512500000000E+03   1.59498000000000E+01
 2.00520830000000E+03   1.90009000000000E+01
 2.00529170000000E+03   1.08978000000000E+01
 2.00537500000000E+03   3.94860000000000E+00
 2.00545830000000E+03   2.38370000000000E+00
 2.00554170000000E+03  -1.98737000000000E+01
 2.00562500000000E+03  -4.81312000000000E+01
 2.00570830000000E+03  -7.10043000000000E+01
 2.00579170000000E+03  -6.49546000000000E+01
 2.00587500000000E+03  -5.98280000000000E+01
 2.00595830000000E+03  -5.10093000000000E+01
 2.00604170000000E+03  -5.70371000000000E+01
 2.00612500000000E+03  -5.93726000000000E+01
 2.00620830000000E+03  -6.26313000000000E+01
 2.00629170000000E+03  -6.14289000000000E+01
 2.00637500000000E+03  -3.82265000000000E+01
 2.00645830000000E+03  -2.74089000000000E+01
 2.00654170000000E+03  -6.59160000000000E+00
 2.00662500000000E+03   2.07641000000000E+01
 2.00670830000000E+03   3.01965000000000E+01
 2.00679170000000E+03   4.38594000000000E+01
 2.00687500000000E+03   5.00607000000000E+01
 2.00695830000000E+03   5.75696000000000E+01
 2.00704170000000E+03   6.83088000000000E+01
 2.00712500000000E+03   8.20481000000000E+01
 2.00720830000000E+03   9.59409000000000E+01
 2.00729170000000E+03   9.33720000000000E+01
 2.00737500000000E+03   9.84184000000000E+01
 2.00745830000000E+03   8.45415000000000E+01
 2.00754170000000E+03   7.28950000000000E+01
 2.00762500000000E+03   5.63255000000000E+01
 2.00770830000000E+03   6.25249000000000E+01
 2.00779170000000E+03   5.83395000000000E+01
 2.00787500000000E+03   5.11540000000000E+01
 2.00795830000000E+03   4.04299000000000E+01
 2.00804170000000E+03   4.77823000000000E+01
 2.00812500000000E+03   4.09040000000000E+01
 2.00820830000000E+03   2.77178000000000E+01
 2.00829170000000E+03   1.59159000000000E+01
 2.00837500000000E+03   2.42677000000000E+01
 2.00845830000000E+03   2.27733000000000E+01
 2.00854170000000E+03   1.47400000000000E+01
 2.00862500000000E+03   6.09140000000000E+00
 2.00870830000000E+03  -5.40370000000000E+00
 2.00879170000000E+03  -3.63605000000000E+01
 2.00887500000000E+03  -4.27790000000000E+01
 2.00895830000000E+03  -2.98130000000000E+01
 2.00904170000000E+03  -1.85396000000000E+01
 2.00912500000000E+03  -2.24971000000000E+01
 2.00920830000000E+03  -2.43009000000000E+01
 2.00929170000000E+03  -6.56650000000000E+00
 2.00937500000000E+03  -1.94476000000000E+01
 2.00945830000000E+03  -2.88673000000000E+01
 2.00954170000000E+03  -4.93643000000000E+01
 2.00962500000000E+03  -6.06305000000000E+01
 2.00970830000000E+03  -5.81277000000000E+01
 2.00979170000000E+03  -6.01637000000000E+01
 2.00987500000000E+03  -4.71997000000000E+01
 2.00995830000000E+03  -3.62359000000000E+01
 2.01004170000000E+03  -3.90417000000000E+01
 2.01012500000000E+03  -3.63090000000000E+01
 2.01020830000000E+03  -3.31150000000000E+01
 2.01029170000000E+03  -4.16905000000000E+01
 2.01037500000000E+03  -3.88046000000000E+01
 2.01045830000000E+03  -2.96880000000000E+01
 2.01054170000000E+03  -3.58795000000000E+01
 2.01062500000000E+03  -2.24556000000000E+01
 2.01070830000000E+03  -2.33396000000000E+01
 2.01079170000000E+03  -1.57624000000000E+01
 2.01087500000000E+03  -1.78775000000000E+01
 2.01095830000000E+03  -1.61466000000000E+01
 2.01104170000000E+03  -1.31853000000000E+01
 2.01112500000000E+03  -1.09933000000000E+01
 2.01120830000000E+03  -8.95530000000000E+00
 2.01129170000000E+03  -4.07150000000000E+00
 2.01137500000000E+03  -3.72620000000000E+00
 2.01145830000000E+03  -6.76570000000000E+00
 2.01154170000000E+03   1.71945000000000E+01
 2.01162500000000E+03   8.53930000000000E+00
 2.01170830000000E+03   6.80690000000000E+00
 2.01179170000000E+03   2.57666000000000E+01
 2.01187500000000E+03   1.88801000000000E+01
 2.01195830000000E+03   2.73010000000000E+01
 2.01204170000000E+03   2.54909000000000E+01
 2.01212500000000E+03   2.26038000000000E+01
 2.01220830000000E+03   3.04088000000000E+01
 2.01229170000000E+03   3.56751000000000E+01
 2.01237500000000E+03   3.38644000000000E+01
 2.01245830000000E+03   3.62073000000000E+01
 2.01254170000000E+03   2.10884000000000E+01
 2.01262500000000E+03  -5.10750000000000E+00
 2.01270830000000E+03  -8.68820000000000E+00
 2.01279170000000E+03  -2.40384000000000E+01
 2.01287500000000E+03  -3.21579000000000E+01
 2.01295830000000E+03  -3.36622000000000E+01
 2.01304170000000E+03  -3.27822000000000E+01
 2.01312500000000E+03  -3.38253000000000E+01
 2.01320830000000E+03  -3.28686000000000E+01
 2.01329170000000E+03  -5.26046000000000E+01
 2.01337500000000E+03  -5.47252000000000E+01
 2.01345830000000E+03  -5.09229000000000E+01
 2.01354170000000E+03  -4.06593000000000E+01
 2.01362500000000E+03  -5.71651000000000E+01
 2.01370830000000E+03  -5.92095000000000E+01
 2.01379170000000E+03  -4.66388000000000E+01
 2.01387500000000E+03  -3.56836000000000E+01
 2.01395830000000E+03  -3.74978000000000E+01
 2.01404170000000E+03  -3.17738000000000E+01
 2.01412500000000E+03  -3.38191000000000E+01
 2.01420830000000E+03  -3.63262000000000E+01
 2.01429170000000E+03  -4.26027000000000E+01
 2.01437500000000E+03  -3.59563000000000E+01
 2.01445830000000E+03  -5.36946000000000E+01
 2.01454170000000E+03  -5.22025000000000E+01
 2.01462500000000E+03  -5.59413000000000E+01
 2.01470830000000E+03  -4.24494000000000E+01
 2.01479170000000E+03  -3.84963000000000E+01
 2.01487500000000E+03  -3.35432000000000E+01
 2.01495830000000E+03  -2.39750000000000E+01
 2.01504170000000E+03  -1.27148000000000E+01
 2.01512500000000E+03  -1.06853000000000E+01
 2.01520830000000E+03  -1.21946000000000E+01
 2.01529170000000E+03  -1.74733000000000E+01
 2.01537500000000E+03  -1.19829000000000E+01
 2.01545830000000E+03   6.12270000000000E+00
 2.01554170000000E+03   9.22800000000000E+00
 2.01562500000000E+03   4.56400000000000E+00
 2.01570830000000E+03  -5.71550000000000E+00
 2.01579170000000E+03  -4.61080000000000E+00
 2.01587500000000E+03  -6.19840000000000E+00
 2.01595830000000E+03  -1.64784000000000E+01
 2.01604170000000E+03  -1.76819000000000E+01
 2.01612500000000E+03  -1.73470000000000E+01
 2.01620830000000E+03  -1.62430000000000E+01
 2.01629170000000E+03  -1.85240000000000E+01
 2.01637500000000E+03  -1.70358000000000E+01
 2.01645830000000E+03  -1.46246000000000E+01
 2.01654170000000E+03  -2.07523000000000E+01
 2.01662500000000E+03  -2.65723000000000E+01
 2.01670830000000E+03  -3.67002000000000E+01
 2.01679170000000E+03  -2.55976000000000E+01
 2.01687500000000E+03  -2.56490000000000E+01
 2.01695830000000E+03  -1.74697000000000E+01
 2.01704170000000E+03   3.24600000000000E-01
 2.01712500000000E+03   8.11200000000000E-01
 2.01720830000000E+03   3.22070000000000E+00
 2.01729170000000E+03   7.47600000000000E+00
 2.01737500000000E+03   2.92698000000000E+01
 2.01745830000000E+03   5.15249000000000E+01
 2.01754170000000E+03   5.33950000000000E+01
 2.01762500000000E+03   4.38805000000000E+01
 2.01770830000000E+03   4.11351000000000E+01
 2.01779170000000E+03   3.00816000000000E+01
 2.01787500000000E+03   2.00281000000000E+01
 2.01795830000000E+03   1.48975000000000E+01
 2.01804170000000E+03   8.99730000000000E+00
 2.01812500000000E+03  -2.87500000000000E-01
 2.01820830000000E+03  -3.64950000000000E+00
 2.01829170000000E+03   2.98830000000000E+00
 2.01837500000000E+03  -7.37400000000000E+00
 2.01845830000000E+03  -3.02750000000000E+01
 2.01854170000000E+03  -3.88686000000000E+01
 2.01862500000000E+03  -5.01545000000000E+01
 2.01870830000000E+03  -4.47483000000000E+01
 2.01879170000000E+03  -3.62655000000000E+01
 2.01887500000000E+03  -2.76288000000000E+01
 2.01895830000000E+03  -2.31463000000000E+01
 2.01904170000000E+03  -7.58710000000000E+00
 2.01912500000000E+03  -1.01818000000000E+01
 2.01920830000000E+03  -4.16130000000000E+00
 2.01929170000000E+03   3.70500000000000E+00
 2.01937500000000E+03  -1.25825000000000E+01
 2.01945830000000E+03  -7.10100000000000E+00
 2.01954170000000E+03   1.12263000000000E+01
 2.01962500000000E+03   2.18612000000000E+01
 2.01970830000000E+03   3.84191000000000E+01
 2.01979170000000E+03   3.35920000000000E+01
 2.01987500000000E+03   4.12265000000000E+01
 2.01995830000000E+03   4.53222000000000E+01
 2.02004170000000E+03   5.19561000000000E+01
 2.02012500000000E+03   4.97439000000000E+01
 2.02020830000000E+03   5.73776000000000E+01
 2.02029170000000E+03   4.98571000000000E+01
 2.02037500000000E+03   4.63366000000000E+01
 2.02045830000000E+03   4.70467000000000E+01
 2.02054170000000E+03   4.36025000000000E+01
 2.02062500000000E+03   2.39276000000000E+01
 2.02070830000000E+03   7.91000000000000E-01
 2.02079170000000E+03  -5.80750000000000E+00
 2.02087500000000E+03  -6.94450000000000E+00
 2.02095830000000E+03  -1.38509000000000E+01
 2.02104170000000E+03  -1.58345000000000E+01
 2.02112500000000E+03  -1.35875000000000E+01
 2.02120830000000E+03  -1.90329000000000E+01
 2.02129170000000E+03  -2.19402000000000E+01
 2.02137500000000E+03  -5.77050000000000E+00
 2.02145830000000E+03  -5.29340000000000E+00
 2.02154170000000E+03   4.49100000000000E+00
 2.02162500000000E+03   2.71986000000000E+01
 2.02170830000000E+03   3.20598000000000E+01
 2.02179170000000E+03   3.28437000000000E+01
 2.02187500000000E+03   2.31660000000000E+01
 2.02195830000000E+03   2.97959000000000E+01
 2.02204170000000E+03   4.04254000000000E+01
 2.02212500000000E+03   4.65934000000000E+01
 2.02220830000000E+03   3.56074000000000E+01
 2.02229170000000E+03   3.93133000000000E+01
 2.02237500000000E+03   4.32499000000000E+01
 2.02245830000000E+03   2.08787000000000E+01
 2.02254170000000E+03   2.14302000000000E+01
 2.02262500000000E+03   1.95971000000000E+01
 2.02270830000000E+03   3.68690000000000E+00
 2.02279170000000E+03  -6.08300000000000E-01
 2.02287500000000E+03  -6.21120000000000E+00
 2.02295830000000E+03  -6.50660000000000E+00
 2.02304170000000E+03  -6.95620000000000E+00
 2.02312500000000E+03  -4.82700000000000E-01
 2.02320830000000E+03  -1.08630000000000E+00
 2.02329170000000E+03   1.95405000000000E+01
 2.02337500000000E+03   2.73211000000000E+01
 2.02345830000000E+03   2.53323000000000E+01
 2.02354170000000E+03   4.30355000000000E+01
 2.02362500000000E+03   5.66617000000000E+01
 2.02370830000000E+03   4.62108000000000E+01
 2.02379170000000E+03   4.66058000000000E+01
 2.02387500000000E+03   4.56161000000000E+01
 2.02395830000000E+03   5.40877000000000E+01
 2.02404170000000E+03   6.49436000000000E+01
 2.02412500000000E+03   6.74149000000000E+01
 2.02420830000000E+03   5.71168000000000E+01
 2.02429170000000E+03   5.36645000000000E+01
 2.02437500000000E+03   4.49814000000000E+01
 2.02445830000000E+03   3.92212000000000E+01
 2.02454170000000E+03   3.90119000000000E+01
 2.02462500000000E+03   3.22455000000000E+01
 2.02470830000000E+03   1.25547000000000E+01
 2.02479170000000E+03   2.02979000000000E+01
 2.02487500000000E+03   1.61382000000000E+01
 2.02495830000000E+03   3.56888000000000E+01
