 1.87137500000000E+03   8.76021000000000E+01
 1.87145830000000E+03   7.55249000000000E+01
 1.87154170000000E+03   5.94673000000000E+01
 1.87162500000000E+03   3.66235000000000E+01
 1.87170830000000E+03   2.61169000000000E+01
 1.87179170000000E+03   2.23632000000000E+01
 1.87187500000000E+03   1.84193000000000E+01
 1.87195830000000E+03   1.68919000000000E+01
 1.87204170000000E+03   6.13360000000000E+00
 1.87212500000000E+03   1.52890000000000E+00
 1.87220830000000E+03   1.46164000000000E+01
 1.87229170000000E+03   1.00115000000000E+01
 1.87237500000000E+03   1.92525000000000E+01
 1.87245830000000E+03   2.02625000000000E+01
 1.87254170000000E+03   3.25802000000000E+01
 1.87262500000000E+03   2.48976000000000E+01
 1.87270830000000E+03   2.64456000000000E+01
 1.87279170000000E+03   3.49166000000000E+01
 1.87287500000000E+03   4.33874000000000E+01
 1.87295830000000E+03   5.03195000000000E+01
 1.87304170000000E+03   5.72515000000000E+01
 1.87312500000000E+03   6.41834000000000E+01
 1.87320830000000E+03   7.18843000000000E+01
 1.87329170000000E+03   6.80465000000000E+01
 1.87337500000000E+03   7.11317000000000E+01
 1.87345830000000E+03   6.57552000000000E+01
 1.87354170000000E+03   7.42246000000000E+01
 1.87362500000000E+03   5.88478000000000E+01
 1.87370830000000E+03   7.57784000000000E+01
 1.87379170000000E+03   8.34782000000000E+01
 1.87387500000000E+03   7.65624000000000E+01
 1.87395830000000E+03   6.96464000000000E+01
 1.87404170000000E+03   6.42687000000000E+01
 1.87412500000000E+03   6.65831000000000E+01
 1.87420830000000E+03   6.81282000000000E+01
 1.87429170000000E+03   6.81346000000000E+01
 1.87437500000000E+03   6.35255000000000E+01
 1.87445830000000E+03   5.96854000000000E+01
 1.87454170000000E+03   5.50760000000000E+01
 1.87462500000000E+03   2.81587000000000E+01
 1.87470830000000E+03   2.20104000000000E+01
 1.87479170000000E+03   1.12466000000000E+01
 1.87487500000000E+03   1.12519000000000E+01
 1.87495830000000E+03   1.74109000000000E+01
 1.87504170000000E+03   2.20312000000000E+01
 1.87512500000000E+03   2.66513000000000E+01
 1.87520830000000E+03   2.05021000000000E+01
 1.87529170000000E+03   7.42960000000000E+00
 1.87537500000000E+03  -1.79690000000000E+00
 1.87545830000000E+03  -7.94660000000000E+00
 1.87554170000000E+03  -2.71735000000000E+01
 1.87562500000000E+03  -2.25543000000000E+01
 1.87570830000000E+03   1.12955000000000E+01
 1.87579170000000E+03   1.89912000000000E+01
 1.87587500000000E+03   1.59176000000000E+01
 1.87595830000000E+03   1.82284000000000E+01
 1.87604170000000E+03   1.74621000000000E+01
 1.87612500000000E+03   1.82341000000000E+01
 1.87620830000000E+03   3.20828000000000E+01
 1.87629170000000E+03   3.43930000000000E+01
 1.87637500000000E+03   4.36260000000000E+01
 1.87645830000000E+03   3.28589000000000E+01
 1.87654170000000E+03   4.36301000000000E+01
 1.87662500000000E+03   7.82473000000000E+01
 1.87670830000000E+03   7.82489000000000E+01
 1.87679170000000E+03   5.51734000000000E+01
 1.87687500000000E+03   5.90208000000000E+01
 1.87695830000000E+03   7.44066000000000E+01
 1.87704170000000E+03   8.74845000000000E+01
 1.87712500000000E+03   9.82545000000000E+01
 1.87720830000000E+03   1.01332000000000E+02
 1.87729170000000E+03   9.82555000000000E+01
 1.87737500000000E+03   1.09794300000000E+02
 1.87745830000000E+03   1.16717500000000E+02
 1.87754170000000E+03   1.25948200000000E+02
 1.87762500000000E+03   1.11332600000000E+02
 1.87770830000000E+03   1.05947600000000E+02
 1.87779170000000E+03   9.82548000000000E+01
 1.87787500000000E+03   1.10561800000000E+02
 1.87795830000000E+03   1.19022400000000E+02
 1.87804170000000E+03   1.26713700000000E+02
 1.87812500000000E+03   1.28251000000000E+02
 1.87820830000000E+03   1.32865000000000E+02
 1.87829170000000E+03   1.35171100000000E+02
 1.87837500000000E+03   1.31323300000000E+02
 1.87845830000000E+03   1.25167600000000E+02
 1.87854170000000E+03   1.02857800000000E+02
 1.87862500000000E+03   9.82403000000000E+01
 1.87870830000000E+03   9.51610000000000E+01
 1.87879170000000E+03   8.28507000000000E+01
 1.87887500000000E+03   8.28480000000000E+01
 1.87895830000000E+03   8.28452000000000E+01
 1.87904170000000E+03   8.43806000000000E+01
 1.87912500000000E+03   7.89928000000000E+01
 1.87920830000000E+03   7.43741000000000E+01
 1.87929170000000E+03   6.66782000000000E+01
 1.87937500000000E+03   6.51361000000000E+01
 1.87945830000000E+03   5.20553000000000E+01
 1.87954170000000E+03   3.97436000000000E+01
 1.87962500000000E+03   5.20471000000000E+01
 1.87970830000000E+03   4.28119000000000E+01
 1.87979170000000E+03   4.66536000000000E+01
 1.87987500000000E+03   4.20335000000000E+01
 1.87995830000000E+03   4.81825000000000E+01
 1.88004170000000E+03   4.51005000000000E+01
 1.88012500000000E+03   3.74031000000000E+01
 1.88020830000000E+03   3.66285000000000E+01
 1.88029170000000E+03   4.12383000000000E+01
 1.88037500000000E+03   4.81557000000000E+01
 1.88045830000000E+03   5.81499000000000E+01
 1.88054170000000E+03   5.62208000000000E+01
 1.88062500000000E+03   4.89069000000000E+01
 1.88070830000000E+03   4.27467000000000E+01
 1.88079170000000E+03   4.35094000000000E+01
 1.88087500000000E+03   3.58104000000000E+01
 1.88095830000000E+03   3.92651000000000E+01
 1.88104170000000E+03   3.81043000000000E+01
 1.88112500000000E+03   4.69432000000000E+01
 1.88120830000000E+03   4.46282000000000E+01
 1.88129170000000E+03   3.57745000000000E+01
 1.88137500000000E+03   2.49976000000000E+01
 1.88145830000000E+03   1.49898000000000E+01
 1.88154170000000E+03  -2.71050000000000E+00
 1.88162500000000E+03   6.12750000000000E+00
 1.88170830000000E+03   2.65037000000000E+01
 1.88179170000000E+03   2.88029000000000E+01
 1.88187500000000E+03   3.76404000000000E+01
 1.88195830000000E+03   5.76316000000000E+01
 1.88204170000000E+03   6.72379000000000E+01
 1.88212500000000E+03   8.45365000000000E+01
 1.88220830000000E+03   8.26041000000000E+01
 1.88229170000000E+03   8.56715000000000E+01
 1.88237500000000E+03   1.02200300000000E+02
 1.88245830000000E+03   9.91135000000000E+01
 1.88254170000000E+03   9.02574000000000E+01
 1.88262500000000E+03   8.06318000000000E+01
 1.88270830000000E+03   7.10061000000000E+01
 1.88279170000000E+03   5.44571000000000E+01
 1.88287500000000E+03   6.09849000000000E+01
 1.88295830000000E+03   5.71280000000000E+01
 1.88304170000000E+03   5.44246000000000E+01
 1.88312500000000E+03   5.36443000000000E+01
 1.88320830000000E+03   3.90176000000000E+01
 1.88329170000000E+03   3.97753000000000E+01
 1.88337500000000E+03   5.24559000000000E+01
 1.88345830000000E+03   5.32133000000000E+01
 1.88354170000000E+03   7.01244000000000E+01
 1.88362500000000E+03   6.74200000000000E+01
 1.88370830000000E+03   6.47153000000000E+01
 1.88379170000000E+03   6.04721000000000E+01
 1.88387500000000E+03   6.31517000000000E+01
 1.88395830000000E+03   5.50620000000000E+01
 1.88404170000000E+03   5.69721000000000E+01
 1.88412500000000E+03   4.50358000000000E+01
 1.88420830000000E+03   3.73302000000000E+01
 1.88429170000000E+03   4.11629000000000E+01
 1.88437500000000E+03   2.80723000000000E+01
 1.88445830000000E+03   2.30585000000000E+01
 1.88454170000000E+03   6.59900000000000E-01
 1.88462500000000E+03  -1.39696000000000E+01
 1.88470830000000E+03  -1.68301000000000E+01
 1.88479170000000E+03  -1.50754000000000E+01
 1.88487500000000E+03  -4.24380000000000E+00
 1.88495830000000E+03  -5.41250000000000E+00
 1.88504170000000E+03  -1.05813000000000E+01
 1.88512500000000E+03  -9.28880000000000E+00
 1.88520830000000E+03  -9.96400000000000E-01
 1.88529170000000E+03   1.36804000000000E+01
 1.88537500000000E+03  -1.33520000000000E+00
 1.88545830000000E+03   8.49520000000000E+00
 1.88554170000000E+03   1.78690000000000E+00
 1.88562500000000E+03  -7.07540000000000E+00
 1.88570830000000E+03  -2.00917000000000E+01
 1.88579170000000E+03  -2.01851000000000E+01
 1.88587500000000E+03  -1.82018000000000E+01
 1.88595830000000E+03  -1.88339000000000E+01
 1.88604170000000E+03  -1.06202000000000E+01
 1.88612500000000E+03  -2.19000000000000E-02
 1.88620830000000E+03   1.57620000000000E+00
 1.88629170000000E+03  -4.74900000000000E+00
 1.88637500000000E+03  -1.28435000000000E+01
 1.88645830000000E+03   9.21560000000000E+00
 1.88654170000000E+03  -7.49470000000000E+00
 1.88662500000000E+03  -2.68974000000000E+01
 1.88670830000000E+03  -2.36080000000000E+01
 1.88679170000000E+03  -2.74727000000000E+01
 1.88687500000000E+03  -2.85682000000000E+01
 1.88695830000000E+03  -3.21254000000000E+01
 1.88704170000000E+03  -4.00675000000000E+01
 1.88712500000000E+03  -4.45482000000000E+01
 1.88720830000000E+03  -4.64136000000000E+01
 1.88729170000000E+03  -4.14331000000000E+01
 1.88737500000000E+03  -4.59142000000000E+01
 1.88745830000000E+03  -4.93186000000000E+01
 1.88754170000000E+03  -7.74924000000000E+01
 1.88762500000000E+03  -8.95126000000000E+01
 1.88770830000000E+03  -8.51482000000000E+01
 1.88779170000000E+03  -8.77841000000000E+01
 1.88787500000000E+03  -8.42662000000000E+01
 1.88795830000000E+03  -8.42101000000000E+01
 1.88804170000000E+03  -7.16926000000000E+01
 1.88812500000000E+03  -6.71752000000000E+01
 1.88820830000000E+03  -7.65042000000000E+01
 1.88829170000000E+03  -7.67564000000000E+01
 1.88837500000000E+03  -8.77011000000000E+01
 1.88845830000000E+03  -8.61075000000000E+01
 1.88854170000000E+03  -9.95141000000000E+01
 1.88862500000000E+03  -8.39977000000000E+01
 1.88870830000000E+03  -7.18662000000000E+01
 1.88879170000000E+03  -7.27348000000000E+01
 1.88887500000000E+03  -6.62189000000000E+01
 1.88895830000000E+03  -6.28571000000000E+01
 1.88904170000000E+03  -5.14185000000000E+01
 1.88912500000000E+03  -4.85185000000000E+01
 1.88920830000000E+03  -4.31572000000000E+01
 1.88929170000000E+03  -3.81037000000000E+01
 1.88937500000000E+03  -3.88196000000000E+01
 1.88945830000000E+03  -4.34587000000000E+01
 1.88954170000000E+03  -3.84827000000000E+01
 1.88962500000000E+03  -5.51222000000000E+01
 1.88970830000000E+03  -6.60695000000000E+01
 1.88979170000000E+03  -6.80171000000000E+01
 1.88987500000000E+03  -6.51186000000000E+01
 1.88995830000000E+03  -6.15279000000000E+01
 1.89004170000000E+03  -5.17837000000000E+01
 1.89012500000000E+03  -5.43472000000000E+01
 1.89020830000000E+03  -6.90648000000000E+01
 1.89029170000000E+03  -6.20133000000000E+01
 1.89037500000000E+03  -5.89620000000000E+01
 1.89045830000000E+03  -8.01416000000000E+01
 1.89054170000000E+03  -8.01675000000000E+01
 1.89062500000000E+03  -1.01962800000000E+02
 1.89070830000000E+03  -7.65276000000000E+01
 1.89079170000000E+03  -8.78617000000000E+01
 1.89087500000000E+03  -8.49652000000000E+01
 1.89095830000000E+03  -8.65304000000000E+01
 1.89104170000000E+03  -8.12497000000000E+01
 1.89112500000000E+03  -7.49691000000000E+01
 1.89120830000000E+03  -6.93040000000000E+01
 1.89129170000000E+03  -6.00237000000000E+01
 1.89137500000000E+03  -7.15129000000000E+01
 1.89145830000000E+03  -5.80021000000000E+01
 1.89154170000000E+03  -3.12609000000000E+01
 1.89162500000000E+03  -2.25197000000000E+01
 1.89170830000000E+03  -1.85479000000000E+01
 1.89179170000000E+03  -2.67302000000000E+01
 1.89187500000000E+03  -1.66819000000000E+01
 1.89195830000000E+03  -1.26337000000000E+01
 1.89204170000000E+03  -6.50880000000000E+00
 1.89212500000000E+03  -5.53790000000000E+00
 1.89220830000000E+03  -9.64400000000000E+00
 1.89229170000000E+03  -3.90420000000000E+00
 1.89237500000000E+03  -2.54920000000000E+00
 1.89245830000000E+03   7.42110000000000E+00
 1.89254170000000E+03  -6.37810000000000E+00
 1.89262500000000E+03  -3.94660000000000E+00
 1.89270830000000E+03  -5.15300000000000E-01
 1.89279170000000E+03   4.14660000000000E+00
 1.89287500000000E+03   5.65450000000000E+00
 1.89295830000000E+03   9.93140000000000E+00
 1.89304170000000E+03   1.38236000000000E+01
 1.89312500000000E+03   2.10233000000000E+01
 1.89320830000000E+03   3.19920000000000E+01
 1.89329170000000E+03   4.64222000000000E+01
 1.89337500000000E+03   4.45444000000000E+01
 1.89345830000000E+03   4.75896000000000E+01
 1.89354170000000E+03   3.70192000000000E+01
 1.89362500000000E+03   4.40641000000000E+01
 1.89370830000000E+03   3.18011000000000E+01
 1.89379170000000E+03   2.04610000000000E+01
 1.89387500000000E+03   2.51977000000000E+01
 1.89395830000000E+03   3.10111000000000E+01
 1.89404170000000E+03   3.91320000000000E+01
 1.89412500000000E+03   4.64836000000000E+01
 1.89420830000000E+03   4.37581000000000E+01
 1.89429170000000E+03   3.61862000000000E+01
 1.89437500000000E+03   2.79988000000000E+01
 1.89445830000000E+03   3.74266000000000E+01
 1.89454170000000E+03   2.20850000000000E+01
 1.89462500000000E+03   6.89710000000000E+00
 1.89470830000000E+03  -4.67560000000000E+00
 1.89479170000000E+03  -8.78690000000000E+00
 1.89487500000000E+03  -1.38984000000000E+01
 1.89495830000000E+03  -1.80869000000000E+01
 1.89504170000000E+03  -1.74296000000000E+01
 1.89512500000000E+03  -2.33877000000000E+01
 1.89520830000000E+03  -3.96536000000000E+01
 1.89529170000000E+03  -3.08429000000000E+01
 1.89537500000000E+03  -4.31861000000000E+01
 1.89545830000000E+03  -4.43757000000000E+01
 1.89554170000000E+03  -6.87193000000000E+01
 1.89562500000000E+03  -7.38323000000000E+01
 1.89570830000000E+03  -5.92531000000000E+01
 1.89579170000000E+03  -6.14433000000000E+01
 1.89587500000000E+03  -6.69414000000000E+01
 1.89595830000000E+03  -5.84397000000000E+01
 1.89604170000000E+03  -5.15535000000000E+01
 1.89612500000000E+03  -5.51290000000000E+01
 1.89620830000000E+03  -4.71662000000000E+01
 1.89629170000000E+03  -4.06651000000000E+01
 1.89637500000000E+03  -5.86257000000000E+01
 1.89645830000000E+03  -5.82019000000000E+01
 1.89654170000000E+03  -7.63937000000000E+01
 1.89662500000000E+03  -7.68163000000000E+01
 1.89670830000000E+03  -6.05468000000000E+01
 1.89679170000000E+03  -6.96621000000000E+01
 1.89687500000000E+03  -6.42391000000000E+01
 1.89695830000000E+03  -5.54317000000000E+01
 1.89704170000000E+03  -5.35475000000000E+01
 1.89712500000000E+03  -4.88173000000000E+01
 1.89720830000000E+03  -4.25488000000000E+01
 1.89729170000000E+03  -5.71266000000000E+01
 1.89737500000000E+03  -6.05508000000000E+01
 1.89745830000000E+03  -5.80520000000000E+01
 1.89754170000000E+03  -4.95534000000000E+01
 1.89762500000000E+03  -2.82858000000000E+01
 1.89770830000000E+03  -3.12490000000000E+01
 1.89779170000000E+03  -4.29817000000000E+01
 1.89787500000000E+03  -3.42530000000000E+01
 1.89795830000000E+03  -3.65245000000000E+01
 1.89804170000000E+03  -3.28731000000000E+01
 1.89812500000000E+03  -3.06064000000000E+01
 1.89820830000000E+03  -3.55706000000000E+01
 1.89829170000000E+03  -4.39197000000000E+01
 1.89837500000000E+03  -4.04997000000000E+01
 1.89845830000000E+03  -2.36183000000000E+01
 1.89854170000000E+03  -1.15063000000000E+01
 1.89862500000000E+03  -1.75484000000000E+01
 1.89870830000000E+03  -3.38213000000000E+01
 1.89879170000000E+03  -2.36329000000000E+01
 1.89887500000000E+03  -1.89831000000000E+01
 1.89895830000000E+03  -2.50258000000000E+01
 1.89904170000000E+03  -2.26841000000000E+01
 1.89912500000000E+03  -2.52655000000000E+01
 1.89920830000000E+03  -9.15490000000000E+00
 1.89929170000000E+03  -4.65980000000000E+00
 1.89937500000000E+03   9.68130000000000E+00
 1.89945830000000E+03   4.56070000000000E+00
 1.89954170000000E+03  -9.32930000000000E+00
 1.89962500000000E+03  -2.29118000000000E+01
 1.89970830000000E+03  -3.12636000000000E+01
 1.89979170000000E+03  -3.79234000000000E+01
 1.89987500000000E+03  -4.76602000000000E+01
 1.89995830000000E+03  -4.46279000000000E+01
 1.90004170000000E+03  -3.75959000000000E+01
 1.90012500000000E+03  -3.56409000000000E+01
 1.90020830000000E+03  -3.39938000000000E+01
 1.90029170000000E+03  -3.92699000000000E+01
 1.90037500000000E+03  -4.34692000000000E+01
 1.90045830000000E+03  -4.38995000000000E+01
 1.90054170000000E+03  -3.70223000000000E+01
 1.90062500000000E+03  -4.52991000000000E+01
 1.90070830000000E+03  -5.27298000000000E+01
 1.90079170000000E+03  -4.54685000000000E+01
 1.90087500000000E+03  -4.94381000000000E+01
 1.90095830000000E+03  -4.61771000000000E+01
 1.90104170000000E+03  -4.89162000000000E+01
 1.90112500000000E+03  -4.81940000000000E+01
 1.90120830000000E+03  -4.79335000000000E+01
 1.90129170000000E+03  -4.08270000000000E+01
 1.90137500000000E+03  -3.95668000000000E+01
 1.90145830000000E+03  -3.11529000000000E+01
 1.90154170000000E+03  -3.28931000000000E+01
 1.90162500000000E+03  -5.60949000000000E+01
 1.90170830000000E+03  -5.43738000000000E+01
 1.90179170000000E+03  -5.78837000000000E+01
 1.90187500000000E+03  -5.88553000000000E+01
 1.90195830000000E+03  -5.37501000000000E+01
 1.90204170000000E+03  -5.53374000000000E+01
 1.90212500000000E+03  -5.39248000000000E+01
 1.90220830000000E+03  -6.17432000000000E+01
 1.90229170000000E+03  -6.57926000000000E+01
 1.90237500000000E+03  -8.79190000000000E+01
 1.90245830000000E+03  -1.07276300000000E+02
 1.90254170000000E+03  -1.19095400000000E+02
 1.90262500000000E+03  -1.21453100000000E+02
 1.90270830000000E+03  -1.02118600000000E+02
 1.90279170000000E+03  -9.34767000000000E+01
 1.90287500000000E+03  -8.76810000000000E+01
 1.90295830000000E+03  -9.51162000000000E+01
 1.90304170000000E+03  -8.58594000000000E+01
 1.90312500000000E+03  -7.36796000000000E+01
 1.90320830000000E+03  -7.18076000000000E+01
 1.90329170000000E+03  -5.18590000000000E+01
 1.90337500000000E+03  -3.90643000000000E+01
 1.90345830000000E+03  -3.28082000000000E+01
 1.90354170000000E+03  -3.06293000000000E+01
 1.90362500000000E+03  -2.36044000000000E+01
 1.90370830000000E+03  -4.58103000000000E+01
 1.90379170000000E+03  -4.42473000000000E+01
 1.90387500000000E+03  -5.48382000000000E+01
 1.90395830000000E+03  -5.26601000000000E+01
 1.90404170000000E+03  -4.74053000000000E+01
 1.90412500000000E+03  -5.06890000000000E+01
 1.90420830000000E+03  -6.86652000000000E+01
 1.90429170000000E+03  -6.64108000000000E+01
 1.90437500000000E+03  -6.66951000000000E+01
 1.90445830000000E+03  -7.20564000000000E+01
 1.90454170000000E+03  -6.53410000000000E+01
 1.90462500000000E+03  -6.55488000000000E+01
 1.90470830000000E+03  -7.99875000000000E+01
 1.90479170000000E+03  -7.17342000000000E+01
 1.90487500000000E+03  -8.23271000000000E+01
 1.90495830000000E+03  -8.13817000000000E+01
 1.90504170000000E+03  -7.57443000000000E+01
 1.90512500000000E+03  -6.83377000000000E+01
 1.90520830000000E+03  -6.60851000000000E+01
 1.90529170000000E+03  -4.58327000000000E+01
 1.90537500000000E+03  -5.09651000000000E+01
 1.90545830000000E+03  -6.81746000000000E+01
 1.90554170000000E+03  -6.24612000000000E+01
 1.90562500000000E+03  -5.88248000000000E+01
 1.90570830000000E+03  -5.39579000000000E+01
 1.90579170000000E+03  -6.00911000000000E+01
 1.90587500000000E+03  -6.09168000000000E+01
 1.90595830000000E+03  -5.38196000000000E+01
 1.90604170000000E+03  -5.12610000000000E+01
 1.90612500000000E+03  -4.93949000000000E+01
 1.90620830000000E+03  -5.52981000000000E+01
 1.90629170000000E+03  -5.22016000000000E+01
 1.90637500000000E+03  -5.51052000000000E+01
 1.90645830000000E+03  -4.02397000000000E+01
 1.90654170000000E+03  -3.86822000000000E+01
 1.90662500000000E+03  -5.11247000000000E+01
 1.90670830000000E+03  -6.11059000000000E+01
 1.90679170000000E+03  -7.10104000000000E+01
 1.90687500000000E+03  -5.96073000000000E+01
 1.90695830000000E+03  -5.13582000000000E+01
 1.90704170000000E+03  -5.06478000000000E+01
 1.90712500000000E+03  -4.52452000000000E+01
 1.90720830000000E+03  -5.48427000000000E+01
 1.90729170000000E+03  -5.32098000000000E+01
 1.90737500000000E+03  -6.18077000000000E+01
 1.90745830000000E+03  -7.14826000000000E+01
 1.90754170000000E+03  -8.65425000000000E+01
 1.90762500000000E+03  -8.03716000000000E+01
 1.90770830000000E+03  -9.35856000000000E+01
 1.90779170000000E+03  -9.79536000000000E+01
 1.90787500000000E+03  -9.96294000000000E+01
 1.90795830000000E+03  -1.03536100000000E+02
 1.90804170000000E+03  -1.09135400000000E+02
 1.90812500000000E+03  -9.86579000000000E+01
 1.90820830000000E+03  -9.86420000000000E+01
 1.90829170000000E+03  -9.98572000000000E+01
 1.90837500000000E+03  -8.79955000000000E+01
 1.90845830000000E+03  -8.49033000000000E+01
 1.90854170000000E+03  -7.63497000000000E+01
 1.90862500000000E+03  -7.72578000000000E+01
 1.90870830000000E+03  -8.37814000000000E+01
 1.90879170000000E+03  -7.37668000000000E+01
 1.90887500000000E+03  -7.00600000000000E+01
 1.90895830000000E+03  -6.55841000000000E+01
 1.90904170000000E+03  -4.58777000000000E+01
 1.90912500000000E+03  -3.68637000000000E+01
 1.90920830000000E+03  -4.30037000000000E+01
 1.90929170000000E+03  -3.39131000000000E+01
 1.90937500000000E+03  -1.38996000000000E+01
 1.90945830000000E+03  -1.15786000000000E+01
 1.90954170000000E+03   6.97300000000000E+00
 1.90962500000000E+03   6.67830000000000E+00
 1.90970830000000E+03  -7.81000000000000E-02
 1.90979170000000E+03   6.26800000000000E-01
 1.90987500000000E+03   3.40860000000000E+00
 1.90995830000000E+03   1.50363000000000E+01
 1.91004170000000E+03   2.72792000000000E+01
 1.91012500000000E+03   1.88297000000000E+01
 1.91020830000000E+03   1.35339000000000E+01
 1.91029170000000E+03   1.04686000000000E+01
 1.91037500000000E+03   1.64032000000000E+01
 1.91045830000000E+03   1.40299000000000E+01
 1.91054170000000E+03  -9.59000000000000E-01
 1.91062500000000E+03  -7.79410000000000E+00
 1.91070830000000E+03  -2.01679000000000E+01
 1.91079170000000E+03  -1.10803000000000E+01
 1.91087500000000E+03  -1.39929000000000E+01
 1.91095830000000E+03  -1.31364000000000E+01
 1.91104170000000E+03  -1.97416000000000E+01
 1.91112500000000E+03  -2.49624000000000E+01
 1.91120830000000E+03  -2.01833000000000E+01
 1.91129170000000E+03  -1.30967000000000E+01
 1.91137500000000E+03   4.51300000000000E-01
 1.91145830000000E+03  -1.12317000000000E+01
 1.91154170000000E+03  -2.29918000000000E+01
 1.91162500000000E+03  -1.19058000000000E+01
 1.91170830000000E+03  -1.06662000000000E+01
 1.91179170000000E+03  -5.81140000000000E+00
 1.91187500000000E+03  -3.26440000000000E+00
 1.91195830000000E+03   5.51320000000000E+00
 1.91204170000000E+03   7.36750000000000E+00
 1.91212500000000E+03   2.24525000000000E+01
 1.91220830000000E+03   2.13065000000000E+01
 1.91229170000000E+03   2.23910000000000E+01
 1.91237500000000E+03   3.41678000000000E+01
 1.91245830000000E+03   4.14829000000000E+01
 1.91254170000000E+03   2.61054000000000E+01
 1.91262500000000E+03   2.38047000000000E+01
 1.91270830000000E+03   1.97347000000000E+01
 1.91279170000000E+03  -8.74000000000000E-01
 1.91287500000000E+03  -2.02130000000000E+00
 1.91295830000000E+03   3.36970000000000E+00
 1.91304170000000E+03   5.91420000000000E+00
 1.91312500000000E+03   1.09203000000000E+01
 1.91320830000000E+03   2.23390000000000E+00
 1.91329170000000E+03   1.10087000000000E+01
 1.91337500000000E+03   3.14758000000000E+01
 1.91345830000000E+03   3.34043000000000E+01
 1.91354170000000E+03   1.80248000000000E+01
 1.91362500000000E+03   3.59530000000000E+01
 1.91370830000000E+03   5.21117000000000E+01
 1.91379170000000E+03   4.77317000000000E+01
 1.91387500000000E+03   5.62747000000000E+01
 1.91395830000000E+03   6.10484000000000E+01
 1.91404170000000E+03   6.41294000000000E+01
 1.91412500000000E+03   5.79796000000000E+01
 1.91420830000000E+03   6.48297000000000E+01
 1.91429170000000E+03   6.32949000000000E+01
 1.91437500000000E+03   6.70677000000000E+01
 1.91445830000000E+03   5.83787000000000E+01
 1.91454170000000E+03   5.59203000000000E+01
 1.91462500000000E+03   5.32311000000000E+01
 1.91470830000000E+03   4.53109000000000E+01
 1.91479170000000E+03   3.05443000000000E+01
 1.91487500000000E+03   2.51623000000000E+01
 1.91495830000000E+03   2.33185000000000E+01
 1.91504170000000E+03   3.10130000000000E+01
 1.91512500000000E+03   3.10920000000000E+01
 1.91520830000000E+03   3.24016000000000E+01
 1.91529170000000E+03   1.25571000000000E+01
 1.91537500000000E+03   2.36356000000000E+01
 1.91545830000000E+03   2.37908000000000E+01
 1.91554170000000E+03   2.97920000000000E+01
 1.91562500000000E+03   2.08700000000000E+01
 1.91570830000000E+03   2.23324000000000E+01
 1.91579170000000E+03   2.59485000000000E+01
 1.91587500000000E+03   3.04875000000000E+01
 1.91595830000000E+03   4.49495000000000E+01
 1.91604170000000E+03   4.71035000000000E+01
 1.91612500000000E+03   4.44112000000000E+01
 1.91620830000000E+03   4.14881000000000E+01
 1.91629170000000E+03   5.07954000000000E+01
 1.91637500000000E+03   6.30258000000000E+01
 1.91645830000000E+03   6.34098000000000E+01
 1.91654170000000E+03   4.37936000000000E+01
 1.91662500000000E+03   9.71570000000000E+00
 1.91670830000000E+03  -5.05460000000000E+00
 1.91679170000000E+03  -6.74820000000000E+00
 1.91687500000000E+03  -1.90573000000000E+01
 1.91695830000000E+03  -2.20589000000000E+01
 1.91704170000000E+03  -2.92915000000000E+01
 1.91712500000000E+03  -1.87550000000000E+01
 1.91720830000000E+03  -1.49109000000000E+01
 1.91729170000000E+03   3.16370000000000E+00
 1.91737500000000E+03   8.69970000000000E+00
 1.91745830000000E+03   8.38950000000000E+00
 1.91754170000000E+03   7.84820000000000E+00
 1.91762500000000E+03   1.51530000000000E+01
 1.91770830000000E+03   1.19191000000000E+01
 1.91779170000000E+03   1.37619000000000E+01
 1.91787500000000E+03   7.68160000000000E+00
 1.91795830000000E+03   1.84473000000000E+01
 1.91804170000000E+03   2.76742000000000E+01
 1.91812500000000E+03   2.62857000000000E+01
 1.91820830000000E+03   2.94355000000000E+01
 1.91829170000000E+03   1.98158000000000E+01
 1.91837500000000E+03  -9.18860000000000E+00
 1.91845830000000E+03  -1.45009000000000E+01
 1.91854170000000E+03  -2.67365000000000E+01
 1.91862500000000E+03  -4.67414000000000E+01
 1.91870830000000E+03  -5.22849000000000E+01
 1.91879170000000E+03  -4.55979000000000E+01
 1.91887500000000E+03  -5.76803000000000E+01
 1.91895830000000E+03  -4.99166000000000E+01
 1.91904170000000E+03  -5.41532000000000E+01
 1.91912500000000E+03  -5.66206000000000E+01
 1.91920830000000E+03  -5.12421000000000E+01
 1.91929170000000E+03  -6.47099000000000E+01
 1.91937500000000E+03  -6.83317000000000E+01
 1.91945830000000E+03  -5.51075000000000E+01
 1.91954170000000E+03  -5.86528000000000E+01
 1.91962500000000E+03  -5.06596000000000E+01
 1.91970830000000E+03  -4.62052000000000E+01
 1.91979170000000E+03  -4.17509000000000E+01
 1.91987500000000E+03  -4.19122000000000E+01
 1.91995830000000E+03  -3.03813000000000E+01
 1.92004170000000E+03  -2.99275000000000E+01
 1.92012500000000E+03  -2.70893000000000E+01
 1.92020830000000E+03  -3.34819000000000E+01
 1.92029170000000E+03  -5.21056000000000E+01
 1.92037500000000E+03  -5.97294000000000E+01
 1.92045830000000E+03  -6.15072000000000E+01
 1.92054170000000E+03  -5.21314000000000E+01
 1.92062500000000E+03  -7.03710000000000E+01
 1.92070830000000E+03  -7.30724000000000E+01
 1.92079170000000E+03  -8.06201000000000E+01
 1.92087500000000E+03  -9.13218000000000E+01
 1.92095830000000E+03  -9.07929000000000E+01
 1.92104170000000E+03  -9.08027000000000E+01
 1.92112500000000E+03  -9.24280000000000E+01
 1.92120830000000E+03  -9.72842000000000E+01
 1.92129170000000E+03  -8.84483000000000E+01
 1.92137500000000E+03  -7.90741000000000E+01
 1.92145830000000E+03  -6.05462000000000E+01
 1.92154170000000E+03  -6.29416000000000E+01
 1.92162500000000E+03  -8.69524000000000E+01
 1.92170830000000E+03  -8.11942000000000E+01
 1.92179170000000E+03  -8.54363000000000E+01
 1.92187500000000E+03  -7.98323000000000E+01
 1.92195830000000E+03  -7.23054000000000E+01
 1.92204170000000E+03  -6.55479000000000E+01
 1.92212500000000E+03  -6.00213000000000E+01
 1.92220830000000E+03  -5.81872000000000E+01
 1.92229170000000E+03  -6.29688000000000E+01
 1.92237500000000E+03  -6.02888000000000E+01
 1.92245830000000E+03  -4.51475000000000E+01
 1.92254170000000E+03  -5.15449000000000E+01
 1.92262500000000E+03  -5.51731000000000E+01
 1.92270830000000E+03  -6.27246000000000E+01
 1.92279170000000E+03  -6.93533000000000E+01
 1.92287500000000E+03  -6.45205000000000E+01
 1.92295830000000E+03  -5.90725000000000E+01
 1.92304170000000E+03  -5.50094000000000E+01
 1.92312500000000E+03  -5.15617000000000E+01
 1.92320830000000E+03  -5.04988000000000E+01
 1.92329170000000E+03  -3.69746000000000E+01
 1.92337500000000E+03  -1.93736000000000E+01
 1.92345830000000E+03  -2.64650000000000E+01
 1.92354170000000E+03  -4.54798000000000E+01
 1.92362500000000E+03  -5.49562000000000E+01
 1.92370830000000E+03  -5.02789000000000E+01
 1.92379170000000E+03  -4.29865000000000E+01
 1.92387500000000E+03  -3.42326000000000E+01
 1.92395830000000E+03  -3.70943000000000E+01
 1.92404170000000E+03  -3.50332000000000E+01
 1.92412500000000E+03  -3.16644000000000E+01
 1.92420830000000E+03  -2.85266000000000E+01
 1.92429170000000E+03  -2.70044000000000E+01
 1.92437500000000E+03  -4.42515000000000E+01
 1.92445830000000E+03  -5.05757000000000E+01
 1.92454170000000E+03  -4.75925000000000E+01
 1.92462500000000E+03  -3.51478000000000E+01
 1.92470830000000E+03  -3.87802000000000E+01
 1.92479170000000E+03  -3.65667000000000E+01
 1.92487500000000E+03  -3.59686000000000E+01
 1.92495830000000E+03  -3.48323000000000E+01
 1.92504170000000E+03  -3.23116000000000E+01
 1.92512500000000E+03  -3.34064000000000E+01
 1.92520830000000E+03  -2.66551000000000E+01
 1.92529170000000E+03  -2.85965000000000E+01
 1.92537500000000E+03  -2.66918000000000E+01
 1.92545830000000E+03  -6.94100000000000E+00
 1.92554170000000E+03  -1.04213000000000E+01
 1.92562500000000E+03  -1.51325000000000E+01
 1.92570830000000E+03  -1.79976000000000E+01
 1.92579170000000E+03  -1.25554000000000E+01
 1.92587500000000E+03  -1.17285000000000E+01
 1.92595830000000E+03  -5.74800000000000E+00
 1.92604170000000E+03  -2.61400000000000E+00
 1.92612500000000E+03   3.28930000000000E+00
 1.92620830000000E+03   7.73080000000000E+00
 1.92629170000000E+03   4.47980000000000E+00
 1.92637500000000E+03   2.61330000000000E+00
 1.92645830000000E+03  -1.79180000000000E+00
 1.92654170000000E+03  -1.54279000000000E+01
 1.92662500000000E+03  -1.73718000000000E+01
 1.92670830000000E+03  -1.48544000000000E+01
 1.92679170000000E+03  -6.87560000000000E+00
 1.92687500000000E+03  -5.89700000000000E+00
 1.92695830000000E+03   3.46620000000000E+00
 1.92704170000000E+03   7.90590000000000E+00
 1.92712500000000E+03   1.71918000000000E+01
 1.92720830000000E+03   2.75545000000000E+01
 1.92729170000000E+03   3.19937000000000E+01
 1.92737500000000E+03   2.65868000000000E+01
 1.92745830000000E+03   1.04105000000000E+01
 1.92754170000000E+03   1.84646000000000E+01
 1.92762500000000E+03   1.99803000000000E+01
 1.92770830000000E+03   1.14188000000000E+01
 1.92779170000000E+03   7.93400000000000E+00
 1.92787500000000E+03  -3.24310000000000E+00
 1.92795830000000E+03   5.88730000000000E+00
 1.92804170000000E+03   5.55580000000000E+00
 1.92812500000000E+03   9.99350000000000E+00
 1.92820830000000E+03   2.20030000000000E+00
 1.92829170000000E+03  -1.51620000000000E+00
 1.92837500000000E+03   1.46133000000000E+01
 1.92845830000000E+03   1.55888000000000E+01
 1.92854170000000E+03   1.86410000000000E+01
 1.92862500000000E+03  -1.11530000000000E+01
 1.92870830000000E+03  -2.44857000000000E+01
 1.92879170000000E+03  -1.60494000000000E+01
 1.92887500000000E+03  -2.19209000000000E+01
 1.92895830000000E+03  -1.67925000000000E+01
 1.92904170000000E+03  -2.21259000000000E+01
 1.92912500000000E+03  -2.41517000000000E+01
 1.92920830000000E+03  -2.71777000000000E+01
 1.92929170000000E+03  -1.47424000000000E+01
 1.92937500000000E+03  -1.65379000000000E+01
 1.92945830000000E+03  -2.79490000000000E+01
 1.92954170000000E+03  -2.38219000000000E+01
 1.92962500000000E+03  -3.24641000000000E+01
 1.92970830000000E+03  -1.65680000000000E+01
 1.92979170000000E+03  -1.43644000000000E+01
 1.92987500000000E+03  -1.35456000000000E+01
 1.92995830000000E+03  -9.57300000000000E+00
 1.93004170000000E+03  -1.44690000000000E+00
 1.93012500000000E+03   6.37140000000000E+00
 1.93020830000000E+03   8.80500000000000E+00
 1.93029170000000E+03   2.12383000000000E+01
 1.93037500000000E+03   2.93639000000000E+01
 1.93045830000000E+03   2.15662000000000E+01
 1.93054170000000E+03   2.03836000000000E+01
 1.93062500000000E+03   1.03548000000000E+01
 1.93070830000000E+03   1.73259000000000E+01
 1.93079170000000E+03   2.08351000000000E+01
 1.93087500000000E+03   2.59597000000000E+01
 1.93095830000000E+03   2.79302000000000E+01
 1.93104170000000E+03   4.16697000000000E+01
 1.93112500000000E+03   3.69476000000000E+01
 1.93120830000000E+03   3.16869000000000E+01
 1.93129170000000E+03   3.79644000000000E+01
 1.93137500000000E+03   2.31648000000000E+01
 1.93145830000000E+03   9.05750000000000E+00
 1.93154170000000E+03   1.43344000000000E+01
 1.93162500000000E+03  -1.26963000000000E+01
 1.93170830000000E+03  -1.91888000000000E+01
 1.93179170000000E+03  -5.14310000000000E+00
 1.93187500000000E+03  -1.78980000000000E+00
 1.93195830000000E+03  -3.89810000000000E+00
 1.93204170000000E+03   2.68550000000000E+00
 1.93212500000000E+03  -6.50010000000000E+00
 1.93220830000000E+03  -1.76280000000000E+00
 1.93229170000000E+03   1.53588000000000E+01
 1.93237500000000E+03   9.32650000000000E+00
 1.93245830000000E+03   5.67870000000000E+00
 1.93254170000000E+03  -1.02002000000000E+01
 1.93262500000000E+03  -1.70021000000000E+01
 1.93270830000000E+03  -5.57350000000000E+00
 1.93279170000000E+03  -1.83750000000000E+00
 1.93287500000000E+03  -7.17850000000000E+00
 1.93295830000000E+03  -6.05810000000000E+00
 1.93304170000000E+03  -1.32260000000000E+00
 1.93312500000000E+03  -3.20250000000000E+00
 1.93320830000000E+03  -5.31330000000000E+00
 1.93329170000000E+03  -4.19370000000000E+00
 1.93337500000000E+03  -2.48433000000000E+01
 1.93345830000000E+03  -4.66470000000000E+01
 1.93354170000000E+03  -4.44510000000000E+01
 1.93362500000000E+03  -4.24088000000000E+01
 1.93370830000000E+03  -4.50591000000000E+01
 1.93379170000000E+03  -4.95558000000000E+01
 1.93387500000000E+03  -4.91296000000000E+01
 1.93395830000000E+03  -5.07034000000000E+01
 1.93404170000000E+03  -5.51238000000000E+01
 1.93412500000000E+03  -5.40826000000000E+01
 1.93420830000000E+03  -5.61185000000000E+01
 1.93429170000000E+03  -3.93086000000000E+01
 1.93437500000000E+03  -5.01141000000000E+01
 1.93445830000000E+03  -4.69197000000000E+01
 1.93454170000000E+03  -3.04949000000000E+01
 1.93462500000000E+03  -1.87624000000000E+01
 1.93470830000000E+03  -2.67993000000000E+01
 1.93479170000000E+03  -1.97596000000000E+01
 1.93487500000000E+03  -2.38738000000000E+01
 1.93495830000000E+03  -1.96804000000000E+01
 1.93504170000000E+03  -1.33335000000000E+01
 1.93512500000000E+03  -1.23712000000000E+01
 1.93520830000000E+03  -1.40910000000000E+00
 1.93529170000000E+03   1.42450000000000E+01
 1.93537500000000E+03   6.59130000000000E+00
 1.93545830000000E+03   1.51683000000000E+01
 1.93554170000000E+03   2.94373000000000E+01
 1.93562500000000E+03   3.09370000000000E+01
 1.93570830000000E+03   1.28981000000000E+01
 1.93579170000000E+03   2.72435000000000E+01
 1.93587500000000E+03   1.62043000000000E+01
 1.93595830000000E+03   2.74726000000000E+01
 1.93604170000000E+03   3.68944000000000E+01
 1.93612500000000E+03   3.76239000000000E+01
 1.93620830000000E+03   4.29687000000000E+01
 1.93629170000000E+03   4.96208000000000E+01
 1.93637500000000E+03   4.15036000000000E+01
 1.93645830000000E+03   4.86171000000000E+01
 1.93654170000000E+03   3.52687000000000E+01
 1.93662500000000E+03   3.79972000000000E+01
 1.93670830000000E+03   3.80332000000000E+01
 1.93679170000000E+03   4.94535000000000E+01
 1.93687500000000E+03   4.74892000000000E+01
 1.93695830000000E+03   5.96786000000000E+01
 1.93704170000000E+03   6.90215000000000E+01
 1.93712500000000E+03   6.44414000000000E+01
 1.93720830000000E+03   7.31687000000000E+01
 1.93729170000000E+03   7.15111000000000E+01
 1.93737500000000E+03   6.13920000000000E+01
 1.93745830000000E+03   5.36573000000000E+01
 1.93754170000000E+03   5.46146000000000E+01
 1.93762500000000E+03   5.36488000000000E+01
 1.93770830000000E+03   3.81444000000000E+01
 1.93779170000000E+03   3.44089000000000E+01
 1.93787500000000E+03   2.30580000000000E+01
 1.93795830000000E+03   2.53223000000000E+01
 1.93804170000000E+03   2.07401000000000E+01
 1.93812500000000E+03   1.35426000000000E+01
 1.93820830000000E+03   9.19100000000000E+00
 1.93829170000000E+03   9.60840000000000E+00
 1.93837500000000E+03   2.20257000000000E+01
 1.93845830000000E+03   6.98130000000000E+00
 1.93854170000000E+03   1.27059000000000E+01
 1.93862500000000E+03  -4.15800000000000E-01
 1.93870830000000E+03   3.84700000000000E+00
 1.93879170000000E+03   1.26340000000000E+00
 1.93887500000000E+03  -3.78180000000000E+00
 1.93895830000000E+03   1.09590000000000E+00
 1.93904170000000E+03   5.58870000000000E+00
 1.93912500000000E+03   8.00450000000000E+00
 1.93920830000000E+03   1.15740000000000E+01
 1.93929170000000E+03   1.14509000000000E+01
 1.93937500000000E+03   1.49432000000000E+01
 1.93945830000000E+03   2.66610000000000E+00
 1.93954170000000E+03  -5.38060000000000E+00
 1.93962500000000E+03  -2.16581000000000E+01
 1.93970830000000E+03  -1.82434000000000E+01
 1.93979170000000E+03  -1.75214000000000E+01
 1.93987500000000E+03  -2.24147000000000E+01
 1.93995830000000E+03  -1.76928000000000E+01
 1.94004170000000E+03  -1.27405000000000E+01
 1.94012500000000E+03  -1.06344000000000E+01
 1.94020830000000E+03   1.63900000000000E-01
 1.94029170000000E+03  -6.34580000000000E+00
 1.94037500000000E+03   1.53753000000000E+01
 1.94045830000000E+03   4.09610000000000E+00
 1.94054170000000E+03  -1.30295000000000E+01
 1.94062500000000E+03  -7.70500000000000E-01
 1.94070830000000E+03   1.41150000000000E+00
 1.94079170000000E+03  -1.82531000000000E+01
 1.94087500000000E+03  -2.29946000000000E+01
 1.94095830000000E+03  -1.98901000000000E+01
 1.94104170000000E+03  -1.28628000000000E+01
 1.94112500000000E+03  -1.75870000000000E+00
 1.94120830000000E+03  -9.96240000000000E+00
 1.94129170000000E+03  -6.70480000000000E+00
 1.94137500000000E+03  -9.06270000000000E+00
 1.94145830000000E+03  -1.65746000000000E+01
 1.94154170000000E+03  -3.95483000000000E+01
 1.94162500000000E+03  -4.18298000000000E+01
 1.94170830000000E+03  -5.80345000000000E+01
 1.94179170000000E+03  -6.27780000000000E+01
 1.94187500000000E+03  -4.97522000000000E+01
 1.94195830000000E+03  -4.38805000000000E+01
 1.94204170000000E+03  -3.49321000000000E+01
 1.94212500000000E+03  -3.56761000000000E+01
 1.94220830000000E+03  -4.04972000000000E+01
 1.94229170000000E+03  -1.85493000000000E+01
 1.94237500000000E+03  -2.17554000000000E+01
 1.94245830000000E+03  -5.76900000000000E-01
 1.94254170000000E+03  -9.62960000000000E+00
 1.94262500000000E+03   2.13177000000000E+01
 1.94270830000000E+03   3.34957000000000E+01
 1.94279170000000E+03   5.89810000000000E+01
 1.94287500000000E+03   6.41586000000000E+01
 1.94295830000000E+03   6.78745000000000E+01
 1.94304170000000E+03   7.31285000000000E+01
 1.94312500000000E+03   7.79210000000000E+01
 1.94320830000000E+03   7.79441000000000E+01
 1.94329170000000E+03   7.14284000000000E+01
 1.94337500000000E+03   6.84512000000000E+01
 1.94345830000000E+03   5.71661000000000E+01
 1.94354170000000E+03   5.24191000000000E+01
 1.94362500000000E+03   4.45952000000000E+01
 1.94370830000000E+03   3.43866000000000E+01
 1.94379170000000E+03   3.54083000000000E+01
 1.94387500000000E+03   2.53532000000000E+01
 1.94395830000000E+03   3.92979000000000E+01
 1.94404170000000E+03   4.49345000000000E+01
 1.94412500000000E+03   4.74173000000000E+01
 1.94420830000000E+03   5.15923000000000E+01
 1.94429170000000E+03   4.78438000000000E+01
 1.94437500000000E+03   6.55569000000000E+01
 1.94445830000000E+03   5.70390000000000E+01
 1.94454170000000E+03   5.87516000000000E+01
 1.94462500000000E+03   4.70796000000000E+01
 1.94470830000000E+03   4.80228000000000E+01
 1.94479170000000E+03   4.71964000000000E+01
 1.94487500000000E+03   5.00623000000000E+01
 1.94495830000000E+03   5.09281000000000E+01
 1.94504170000000E+03   4.50243000000000E+01
 1.94512500000000E+03   4.14282000000000E+01
 1.94520830000000E+03   3.33704000000000E+01
 1.94529170000000E+03   1.86199000000000E+01
 1.94537500000000E+03   2.15618000000000E+01
 1.94545830000000E+03   5.34960000000000E+00
 1.94554170000000E+03  -7.55510000000000E+00
 1.94562500000000E+03   5.23240000000000E+00
 1.94570830000000E+03  -7.67260000000000E+00
 1.94579170000000E+03  -7.27020000000000E+00
 1.94587500000000E+03  -1.18678000000000E+01
 1.94595830000000E+03  -5.15790000000000E+00
 1.94604170000000E+03  -2.44830000000000E+00
 1.94612500000000E+03   1.26130000000000E+00
 1.94620830000000E+03   5.89380000000000E+00
 1.94629170000000E+03   5.67990000000000E+00
 1.94637500000000E+03   4.08130000000000E+00
 1.94645830000000E+03  -8.97900000000000E+00
 1.94654170000000E+03  -3.47320000000000E+01
 1.94662500000000E+03  -5.85618000000000E+01
 1.94670830000000E+03  -7.13919000000000E+01
 1.94679170000000E+03  -5.78376000000000E+01
 1.94687500000000E+03  -6.68987000000000E+01
 1.94695830000000E+03  -6.13446000000000E+01
 1.94704170000000E+03  -6.40986000000000E+01
 1.94712500000000E+03  -7.12371000000000E+01
 1.94720830000000E+03  -7.05297000000000E+01
 1.94729170000000E+03  -8.58226000000000E+01
 1.94737500000000E+03  -6.08847000000000E+01
 1.94745830000000E+03  -5.16393000000000E+01
 1.94754170000000E+03  -2.53173000000000E+01
 1.94762500000000E+03  -8.53380000000000E+00
 1.94770830000000E+03   1.27880000000000E+01
 1.94779170000000E+03   1.09557000000000E+01
 1.94787500000000E+03   4.58490000000000E+00
 1.94795830000000E+03   2.33678000000000E+01
 1.94804170000000E+03   3.01503000000000E+01
 1.94812500000000E+03   3.63944000000000E+01
 1.94820830000000E+03   5.36383000000000E+01
 1.94829170000000E+03   5.97280000000000E+01
 1.94837500000000E+03   7.09716000000000E+01
 1.94845830000000E+03   5.19073000000000E+01
 1.94854170000000E+03   5.28427000000000E+01
 1.94862500000000E+03   4.24704000000000E+01
 1.94870830000000E+03   3.87902000000000E+01
 1.94879170000000E+03   4.96482000000000E+01
 1.94887500000000E+03   4.52754000000000E+01
 1.94895830000000E+03   4.89024000000000E+01
 1.94904170000000E+03   4.16830000000000E+01
 1.94912500000000E+03   3.86173000000000E+01
 1.94920830000000E+03   3.35516000000000E+01
 1.94929170000000E+03   3.61009000000000E+01
 1.94937500000000E+03   3.55732000000000E+01
 1.94945830000000E+03   4.95839000000000E+01
 1.94954170000000E+03   3.89019000000000E+01
 1.94962500000000E+03   3.99122000000000E+01
 1.94970830000000E+03   3.06147000000000E+01
 1.94979170000000E+03   4.79322000000000E+01
 1.94987500000000E+03   3.65574000000000E+01
 1.94995830000000E+03   4.32593000000000E+01
 1.95004170000000E+03   4.93456000000000E+01
 1.95012500000000E+03   5.47395000000000E+01
 1.95020830000000E+03   6.85948000000000E+01
 1.95029170000000E+03   7.36036000000000E+01
 1.95037500000000E+03   7.50740000000000E+01
 1.95045830000000E+03   7.26211000000000E+01
 1.95054170000000E+03   6.31679000000000E+01
 1.95062500000000E+03   6.74070000000000E+01
 1.95070830000000E+03   5.70306000000000E+01
 1.95079170000000E+03   6.16538000000000E+01
 1.95087500000000E+03   4.87385000000000E+01
 1.95095830000000E+03   5.98231000000000E+01
 1.95104170000000E+03   5.68304000000000E+01
 1.95112500000000E+03   5.80686000000000E+01
 1.95120830000000E+03   5.86142000000000E+01
 1.95129170000000E+03   3.50056000000000E+01
 1.95137500000000E+03   4.26278000000000E+01
 1.95145830000000E+03   4.79422000000000E+01
 1.95154170000000E+03   5.80255000000000E+01
 1.95162500000000E+03   5.74933000000000E+01
 1.95170830000000E+03   5.28072000000000E+01
 1.95179170000000E+03   4.88900000000000E+01
 1.95187500000000E+03   4.65881000000000E+01
 1.95195830000000E+03   5.26707000000000E+01
 1.95204170000000E+03   5.04453000000000E+01
 1.95212500000000E+03   5.71429000000000E+01
 1.95220830000000E+03   6.31481000000000E+01
 1.95229170000000E+03   6.80760000000000E+01
 1.95237500000000E+03   8.37732000000000E+01
 1.95245830000000E+03   7.72394000000000E+01
 1.95254170000000E+03   5.98591000000000E+01
 1.95262500000000E+03   4.88635000000000E+01
 1.95270830000000E+03   2.83292000000000E+01
 1.95279170000000E+03   2.68715000000000E+01
 1.95287500000000E+03   2.63369000000000E+01
 1.95295830000000E+03   3.05713000000000E+01
 1.95304170000000E+03   3.36516000000000E+01
 1.95312500000000E+03   3.92703000000000E+01
 1.95320830000000E+03   4.01197000000000E+01
 1.95329170000000E+03   3.07379000000000E+01
 1.95337500000000E+03   2.52792000000000E+01
 1.95345830000000E+03   1.65127000000000E+01
 1.95354170000000E+03  -7.15800000000000E-01
 1.95362500000000E+03  -1.80980000000000E+01
 1.95370830000000E+03  -2.80958000000000E+01
 1.95379170000000E+03  -2.60940000000000E+01
 1.95387500000000E+03  -2.50152000000000E+01
 1.95395830000000E+03  -2.15520000000000E+01
 1.95404170000000E+03  -1.25506000000000E+01
 1.95412500000000E+03  -9.01080000000000E+00
 1.95420830000000E+03  -2.24040000000000E+00
 1.95429170000000E+03   6.29900000000000E+00
 1.95437500000000E+03   1.06075000000000E+01
 1.95445830000000E+03   2.59928000000000E+01
 1.95454170000000E+03   2.39932000000000E+01
 1.95462500000000E+03   3.44551000000000E+01
 1.95470830000000E+03   3.99168000000000E+01
 1.95479170000000E+03   3.56090000000000E+01
 1.95487500000000E+03   4.97627000000000E+01
 1.95495830000000E+03   5.49163000000000E+01
 1.95504170000000E+03   5.63002000000000E+01
 1.95512500000000E+03   4.87611000000000E+01
 1.95520830000000E+03   5.18373000000000E+01
 1.95529170000000E+03   5.63746000000000E+01
 1.95537500000000E+03   5.05273000000000E+01
 1.95545830000000E+03   6.65260000000000E+01
 1.95554170000000E+03   5.69090000000000E+01
 1.95562500000000E+03   3.72920000000000E+01
 1.95570830000000E+03   2.58287000000000E+01
 1.95579170000000E+03   2.63650000000000E+01
 1.95587500000000E+03   2.69013000000000E+01
 1.95595830000000E+03   2.10529000000000E+01
 1.95604170000000E+03   2.85887000000000E+01
 1.95612500000000E+03   3.62784000000000E+01
 1.95620830000000E+03   3.29679000000000E+01
 1.95629170000000E+03   3.19648000000000E+01
 1.95637500000000E+03   2.01924000000000E+01
 1.95645830000000E+03   1.28815000000000E+01
 1.95654170000000E+03  -4.35300000000000E+00
 1.95662500000000E+03  -5.97190000000000E+00
 1.95670830000000E+03   1.42550000000000E+01
 1.95679170000000E+03   1.14048000000000E+01
 1.95687500000000E+03   1.10930000000000E+01
 1.95695830000000E+03   1.33194000000000E+01
 1.95704170000000E+03   1.74687000000000E+01
 1.95712500000000E+03   1.83871000000000E+01
 1.95720830000000E+03   2.26131000000000E+01
 1.95729170000000E+03   3.27618000000000E+01
 1.95737500000000E+03   2.33721000000000E+01
 1.95745830000000E+03   2.11361000000000E+01
 1.95754170000000E+03   2.48997000000000E+01
 1.95762500000000E+03   2.92787000000000E+01
 1.95770830000000E+03   9.58060000000000E+00
 1.95779170000000E+03   3.60000000000000E-02
 1.95787500000000E+03   6.95300000000000E+00
 1.95795830000000E+03   1.35621000000000E+01
 1.95804170000000E+03   2.38632000000000E+01
 1.95812500000000E+03   2.73181000000000E+01
 1.95820830000000E+03   2.63114000000000E+01
 1.95829170000000E+03   2.37658000000000E+01
 1.95837500000000E+03   1.11433000000000E+01
 1.95845830000000E+03   2.23668000000000E+01
 1.95854170000000E+03   3.80515000000000E+01
 1.95862500000000E+03   1.88131000000000E+01
 1.95870830000000E+03   3.72840000000000E+00
 1.95879170000000E+03   1.51819000000000E+01
 1.95887500000000E+03   1.49430000000000E+01
 1.95895830000000E+03   1.90117000000000E+01
 1.95904170000000E+03   2.29261000000000E+01
 1.95912500000000E+03   1.65329000000000E+01
 1.95920830000000E+03   7.67800000000000E+00
 1.95929170000000E+03   1.25151000000000E+01
 1.95937500000000E+03  -1.26330000000000E+00
 1.95945830000000E+03   2.11210000000000E+00
 1.95954170000000E+03  -6.74370000000000E+00
 1.95962500000000E+03  -2.93686000000000E+01
 1.95970830000000E+03  -2.96092000000000E+01
 1.95979170000000E+03  -2.77731000000000E+01
 1.95987500000000E+03  -3.42447000000000E+01
 1.95995830000000E+03  -2.36396000000000E+01
 1.96004170000000E+03  -1.51887000000000E+01
 1.96012500000000E+03  -6.81460000000000E+00
 1.96020830000000E+03  -7.48500000000000E-01
 1.96029170000000E+03   1.48558000000000E+01
 1.96037500000000E+03   2.36140000000000E+01
 1.96045830000000E+03   3.57566000000000E+01
 1.96054170000000E+03   3.28219000000000E+01
 1.96062500000000E+03   3.74257000000000E+01
 1.96070830000000E+03   4.75678000000000E+01
 1.96079170000000E+03   6.03249000000000E+01
 1.96087500000000E+03   6.86975000000000E+01
 1.96095830000000E+03   8.13775000000000E+01
 1.96104170000000E+03   8.97496000000000E+01
 1.96112500000000E+03   9.32754000000000E+01
 1.96120830000000E+03   9.04166000000000E+01
 1.96129170000000E+03   9.84035000000000E+01
 1.96137500000000E+03   9.23904000000000E+01
 1.96145830000000E+03   8.35310000000000E+01
 1.96154170000000E+03   8.78251000000000E+01
 1.96162500000000E+03   9.28115000000000E+01
 1.96170830000000E+03   8.05670000000000E+01
 1.96179170000000E+03   6.92452000000000E+01
 1.96187500000000E+03   7.12312000000000E+01
 1.96195830000000E+03   6.52169000000000E+01
 1.96204170000000E+03   6.09716000000000E+01
 1.96212500000000E+03   6.07262000000000E+01
 1.96220830000000E+03   5.57884000000000E+01
 1.96229170000000E+03   5.43118000000000E+01
 1.96237500000000E+03   4.08352000000000E+01
 1.96245830000000E+03   3.63584000000000E+01
 1.96254170000000E+03   4.49670000000000E+00
 1.96262500000000E+03  -1.89804000000000E+01
 1.96270830000000E+03  -2.81500000000000E+01
 1.96279170000000E+03  -3.08584000000000E+01
 1.96287500000000E+03  -3.30283000000000E+01
 1.96295830000000E+03  -3.34291000000000E+01
 1.96304170000000E+03  -3.33688000000000E+01
 1.96312500000000E+03  -2.83853000000000E+01
 1.96320830000000E+03  -3.14020000000000E+01
 1.96329170000000E+03  -2.88807000000000E+01
 1.96337500000000E+03  -1.08208000000000E+01
 1.96345830000000E+03  -9.60720000000000E+00
 1.96354170000000E+03  -1.45479000000000E+01
 1.96362500000000E+03   5.74230000000000E+00
 1.96370830000000E+03  -4.19850000000000E+00
 1.96379170000000E+03  -4.21660000000000E+00
 1.96387500000000E+03   1.99610000000000E+00
 1.96395830000000E+03   1.07471000000000E+01
 1.96404170000000E+03   1.19593000000000E+01
 1.96412500000000E+03   1.75562000000000E+01
 1.96420830000000E+03   1.80759000000000E+01
 1.96429170000000E+03   1.66722000000000E+01
 1.96437500000000E+03   1.72686000000000E+01
 1.96445830000000E+03  -9.04500000000000E-01
 1.96454170000000E+03   5.61440000000000E+00
 1.96462500000000E+03   7.21020000000000E+00
 1.96470830000000E+03  -3.47900000000000E-01
 1.96479170000000E+03   1.75551000000000E+01
 1.96487500000000E+03   1.98427000000000E+01
 1.96495830000000E+03   1.78225000000000E+01
 1.96504170000000E+03   1.95712000000000E+01
 1.96512500000000E+03   1.83968000000000E+01
 1.96520830000000E+03   2.20684000000000E+01
 1.96529170000000E+03   1.56627000000000E+01
 1.96537500000000E+03   2.31032000000000E+01
 1.96545830000000E+03   3.64667000000000E+01
 1.96554170000000E+03   2.46759000000000E+01
 1.96562500000000E+03   2.42697000000000E+01
 1.96570830000000E+03   3.50173000000000E+01
 1.96579170000000E+03   3.89952000000000E+01
 1.96587500000000E+03   3.94347000000000E+01
 1.96595830000000E+03   4.83356000000000E+01
 1.96604170000000E+03   5.93899000000000E+01
 1.96612500000000E+03   6.19828000000000E+01
 1.96620830000000E+03   7.16524000000000E+01
 1.96629170000000E+03   7.24755000000000E+01
 1.96637500000000E+03   8.13756000000000E+01
 1.96645830000000E+03   9.04293000000000E+01
 1.96654170000000E+03   7.30211000000000E+01
 1.96662500000000E+03   8.74591000000000E+01
 1.96670830000000E+03   9.41278000000000E+01
 1.96679170000000E+03   8.04114000000000E+01
 1.96687500000000E+03   8.29258000000000E+01
 1.96695830000000E+03   8.20555000000000E+01
 1.96704170000000E+03   7.75694000000000E+01
 1.96712500000000E+03   7.58526000000000E+01
 1.96720830000000E+03   7.63664000000000E+01
 1.96729170000000E+03   8.94952000000000E+01
 1.96737500000000E+03   8.80086000000000E+01
 1.96745830000000E+03   9.59834000000000E+01
 1.96754170000000E+03   8.37271000000000E+01
 1.96762500000000E+03   7.11631000000000E+01
 1.96770830000000E+03   6.77528000000000E+01
 1.96779170000000E+03   4.84191000000000E+01
 1.96787500000000E+03   4.85469000000000E+01
 1.96795830000000E+03   4.95208000000000E+01
 1.96804170000000E+03   4.87250000000000E+01
 1.96812500000000E+03   5.14677000000000E+01
 1.96820830000000E+03   5.29026000000000E+01
 1.96829170000000E+03   5.54909000000000E+01
 1.96837500000000E+03   3.20793000000000E+01
 1.96845830000000E+03   2.78214000000000E+01
 1.96854170000000E+03   9.79380000000000E+00
 1.96862500000000E+03   6.12500000000000E-01
 1.96870830000000E+03  -1.18767000000000E+01
 1.96879170000000E+03  -1.79817000000000E+01
 1.96887500000000E+03  -1.56251000000000E+01
 1.96895830000000E+03  -1.41917000000000E+01
 1.96904170000000E+03  -1.44510000000000E+01
 1.96912500000000E+03  -4.78720000000000E+00
 1.96920830000000E+03  -5.96970000000000E+00
 1.96929170000000E+03  -5.76800000000000E+00
 1.96937500000000E+03   1.14338000000000E+01
 1.96945830000000E+03  -3.05690000000000E+00
 1.96954170000000E+03  -1.43172000000000E+01
 1.96962500000000E+03  -9.03900000000000E+00
 1.96970830000000E+03  -8.29950000000000E+00
 1.96979170000000E+03   1.57474000000000E+01
 1.96987500000000E+03   1.07944000000000E+01
 1.96995830000000E+03   8.30270000000000E+00
 1.97004170000000E+03   1.72721000000000E+01
 1.97012500000000E+03   1.58570000000000E+01
 1.97020830000000E+03   1.38264000000000E+01
 1.97029170000000E+03   2.50261000000000E+01
 1.97037500000000E+03   3.05336000000000E+01
 1.97045830000000E+03   5.02400000000000E-01
 1.97054170000000E+03   1.80094000000000E+01
 1.97062500000000E+03   2.36702000000000E+01
 1.97070830000000E+03   8.48470000000000E+00
 1.97079170000000E+03  -3.93500000000000E-01
 1.97087500000000E+03  -1.32716000000000E+01
 1.97095830000000E+03  -7.61150000000000E+00
 1.97104170000000E+03  -6.79780000000000E+00
 1.97112500000000E+03  -1.00611000000000E+01
 1.97120830000000E+03  -1.01706000000000E+01
 1.97129170000000E+03  -1.35114000000000E+01
 1.97137500000000E+03  -1.28520000000000E+01
 1.97145830000000E+03  -2.77313000000000E+01
 1.97154170000000E+03  -4.52264000000000E+01
 1.97162500000000E+03  -6.24906000000000E+01
 1.97170830000000E+03  -7.20627000000000E+01
 1.97179170000000E+03  -6.51737000000000E+01
 1.97187500000000E+03  -6.00538000000000E+01
 1.97195830000000E+03  -5.29341000000000E+01
 1.97204170000000E+03  -5.51225000000000E+01
 1.97212500000000E+03  -5.24646000000000E+01
 1.97220830000000E+03  -5.86531000000000E+01
 1.97229170000000E+03  -5.83035000000000E+01
 1.97237500000000E+03  -4.33385000000000E+01
 1.97245830000000E+03  -5.87582000000000E+01
 1.97254170000000E+03  -6.54091000000000E+01
 1.97262500000000E+03  -3.90600000000000E+01
 1.97270830000000E+03  -3.46341000000000E+01
 1.97279170000000E+03  -2.46701000000000E+01
 1.97287500000000E+03  -2.95522000000000E+01
 1.97295830000000E+03  -3.51268000000000E+01
 1.97304170000000E+03  -3.02402000000000E+01
 1.97312500000000E+03  -3.21228000000000E+01
 1.97320830000000E+03  -2.65441000000000E+01
 1.97329170000000E+03  -2.15811000000000E+01
 1.97337500000000E+03   3.84350000000000E+00
 1.97345830000000E+03   1.91000000000000E-01
 1.97354170000000E+03   1.53500000000000E-01
 1.97362500000000E+03   4.88530000000000E+00
 1.97370830000000E+03  -1.83062000000000E+01
 1.97379170000000E+03  -2.57288000000000E+01
 1.97387500000000E+03  -3.16899000000000E+01
 1.97395830000000E+03  -2.65741000000000E+01
 1.97404170000000E+03  -1.30742000000000E+01
 1.97412500000000E+03  -1.68049000000000E+01
 1.97420830000000E+03  -1.22820000000000E+00
 1.97429170000000E+03   6.04050000000000E+00
 1.97437500000000E+03   1.45400000000000E+01
 1.97445830000000E+03   1.81163000000000E+01
 1.97454170000000E+03   2.05384000000000E+01
 1.97462500000000E+03   6.03740000000000E+00
 1.97470830000000E+03   3.61310000000000E+00
 1.97479170000000E+03   1.19578000000000E+01
 1.97487500000000E+03   1.66101000000000E+01
 1.97495830000000E+03   1.68008000000000E+01
 1.97504170000000E+03   1.59911000000000E+01
 1.97512500000000E+03   7.79680000000000E+00
 1.97520830000000E+03   1.40639000000000E+01
 1.97529170000000E+03   2.17670000000000E+00
 1.97537500000000E+03  -5.01810000000000E+00
 1.97545830000000E+03  -1.08284000000000E+01
 1.97554170000000E+03  -2.34084000000000E+01
 1.97562500000000E+03  -5.06037000000000E+01
 1.97570830000000E+03  -5.19529000000000E+01
 1.97579170000000E+03  -6.26872000000000E+01
 1.97587500000000E+03  -6.38061000000000E+01
 1.97595830000000E+03  -5.96944000000000E+01
 1.97604170000000E+03  -5.62753000000000E+01
 1.97612500000000E+03  -6.07793000000000E+01
 1.97620830000000E+03  -5.80526000000000E+01
 1.97629170000000E+03  -6.07879000000000E+01
 1.97637500000000E+03  -5.39078000000000E+01
 1.97645830000000E+03  -5.57970000000000E+01
 1.97654170000000E+03  -5.72251000000000E+01
 1.97662500000000E+03  -6.98070000000000E+01
 1.97670830000000E+03  -6.33122000000000E+01
 1.97679170000000E+03  -4.42792000000000E+01
 1.97687500000000E+03  -4.27078000000000E+01
 1.97695830000000E+03  -3.95211000000000E+01
 1.97704170000000E+03  -3.53348000000000E+01
 1.97712500000000E+03  -3.65331000000000E+01
 1.97720830000000E+03  -3.03469000000000E+01
 1.97729170000000E+03  -2.62380000000000E+01
 1.97737500000000E+03  -3.74450000000000E+00
 1.97745830000000E+03  -1.20203000000000E+01
 1.97754170000000E+03  -7.75810000000000E+00
 1.97762500000000E+03  -2.25728000000000E+01
 1.97770830000000E+03  -1.56953000000000E+01
 1.97779170000000E+03  -1.95105000000000E+01
 1.97787500000000E+03  -2.67102000000000E+01
 1.97795830000000E+03  -9.06400000000000E+00
 1.97804170000000E+03   8.89500000000000E-01
 1.97812500000000E+03   9.99690000000000E+00
 1.97820830000000E+03   3.17965000000000E+01
 1.97829170000000E+03   3.61342000000000E+01
 1.97837500000000E+03   3.98565000000000E+01
 1.97845830000000E+03   7.11710000000000E+00
 1.97854170000000E+03   3.83890000000000E+00
 1.97862500000000E+03  -1.25932000000000E+01
 1.97870830000000E+03   1.28500000000000E-01
 1.97879170000000E+03  -1.39195000000000E+01
 1.97887500000000E+03  -1.61212000000000E+01
 1.97895830000000E+03  -1.61693000000000E+01
 1.97904170000000E+03  -1.66793000000000E+01
 1.97912500000000E+03  -1.44969000000000E+01
 1.97920830000000E+03  -1.23147000000000E+01
 1.97929170000000E+03  -3.05176000000000E+01
 1.97937500000000E+03  -2.01049000000000E+01
 1.97945830000000E+03  -8.76940000000000E+00
 1.97954170000000E+03  -6.28040000000000E+00
 1.97962500000000E+03  -6.86820000000000E+00
 1.97970830000000E+03  -3.68700000000000E+00
 1.97979170000000E+03  -3.73700000000000E+00
 1.97987500000000E+03  -7.40230000000000E+00
 1.97995830000000E+03   9.77840000000000E+00
 1.98004170000000E+03   2.38049000000000E+01
 1.98012500000000E+03   3.09853000000000E+01
 1.98020830000000E+03   3.40886000000000E+01
 1.98029170000000E+03   4.45761000000000E+01
 1.98037500000000E+03   5.29867000000000E+01
 1.98045830000000E+03   5.47818000000000E+01
 1.98054170000000E+03   4.45765000000000E+01
 1.98062500000000E+03   4.29097000000000E+01
 1.98070830000000E+03   5.20120000000000E+01
 1.98079170000000E+03   4.54985000000000E+01
 1.98087500000000E+03   4.22928000000000E+01
 1.98095830000000E+03   5.14715000000000E+01
 1.98104170000000E+03   4.64191000000000E+01
 1.98112500000000E+03   3.94436000000000E+01
 1.98120830000000E+03   3.06218000000000E+01
 1.98129170000000E+03   4.05689000000000E+01
 1.98137500000000E+03   4.15929000000000E+01
 1.98145830000000E+03   4.53091000000000E+01
 1.98154170000000E+03   3.24095000000000E+01
 1.98162500000000E+03   1.48946000000000E+01
 1.98170830000000E+03   1.99180000000000E+01
 1.98179170000000E+03   1.44025000000000E+01
 1.98187500000000E+03   2.22717000000000E+01
 1.98195830000000E+03   2.33715000000000E+01
 1.98204170000000E+03   1.94709000000000E+01
 1.98212500000000E+03   2.66473000000000E+01
 1.98220830000000E+03   2.85927000000000E+01
 1.98229170000000E+03   3.39993000000000E+01
 1.98237500000000E+03   2.80983000000000E+01
 1.98245830000000E+03   2.37356000000000E+01
 1.98254170000000E+03   3.76032000000000E+01
 1.98262500000000E+03   2.52401000000000E+01
 1.98270830000000E+03   3.68000000000000E+01
 1.98279170000000E+03   3.98210000000000E+01
 1.98287500000000E+03   4.50728000000000E+01
 1.98295830000000E+03   4.64014000000000E+01
 1.98304170000000E+03   4.34988000000000E+01
 1.98312500000000E+03   4.47501000000000E+01
 1.98320830000000E+03   5.10013000000000E+01
 1.98329170000000E+03   6.45597000000000E+01
 1.98337500000000E+03   6.71182000000000E+01
 1.98345830000000E+03   6.19074000000000E+01
 1.98354170000000E+03   6.60038000000000E+01
 1.98362500000000E+03   3.14849000000000E+01
 1.98370830000000E+03   2.98120000000000E+01
 1.98379170000000E+03   1.72156000000000E+01
 1.98387500000000E+03   1.07731000000000E+01
 1.98395830000000E+03   8.09970000000000E+00
 1.98404170000000E+03   1.04259000000000E+01
 1.98412500000000E+03   1.11367000000000E+01
 1.98420830000000E+03   2.45398000000000E+01
 1.98429170000000E+03   2.35577000000000E+01
 1.98437500000000E+03   1.34220000000000E+01
 1.98445830000000E+03   4.82450000000000E+00
 1.98454170000000E+03  -4.61960000000000E+00
 1.98462500000000E+03  -3.72943000000000E+01
 1.98470830000000E+03  -3.20461000000000E+01
 1.98479170000000E+03  -1.77984000000000E+01
 1.98487500000000E+03  -1.33197000000000E+01
 1.98495830000000E+03  -6.84130000000000E+00
 1.98504170000000E+03  -5.59400000000000E+00
 1.98512500000000E+03   1.42250000000000E+00
 1.98520830000000E+03   7.66970000000000E+00
 1.98529170000000E+03  -6.08350000000000E+00
 1.98537500000000E+03  -1.05290000000000E+01
 1.98545830000000E+03  -7.97460000000000E+00
 1.98554170000000E+03   2.04090000000000E+00
 1.98562500000000E+03  -2.61743000000000E+01
 1.98570830000000E+03  -1.89281000000000E+01
 1.98579170000000E+03  -2.34516000000000E+01
 1.98587500000000E+03  -3.17442000000000E+01
 1.98595830000000E+03  -3.12677000000000E+01
 1.98604170000000E+03  -3.16378000000000E+01
 1.98612500000000E+03  -3.13155000000000E+01
 1.98620830000000E+03  -3.61473000000000E+01
 1.98629170000000E+03  -2.65179000000000E+01
 1.98637500000000E+03  -1.43499000000000E+01
 1.98645830000000E+03  -7.10520000000000E+00
 1.98654170000000E+03  -3.06302000000000E+01
 1.98662500000000E+03  -4.73089000000000E+01
 1.98670830000000E+03  -2.74493000000000E+01
 1.98679170000000E+03  -2.77440000000000E+01
 1.98687500000000E+03  -2.17309000000000E+01
 1.98695830000000E+03  -1.71795000000000E+01
 1.98704170000000E+03  -1.12440000000000E+01
 1.98712500000000E+03  -5.38520000000000E+00
 1.98720830000000E+03   2.62720000000000E+00
 1.98729170000000E+03   6.79310000000000E+00
 1.98737500000000E+03   4.80520000000000E+00
 1.98745830000000E+03  -4.90600000000000E-01
 1.98754170000000E+03  -4.32520000000000E+00
 1.98762500000000E+03   2.26864000000000E+01
 1.98770830000000E+03   3.48517000000000E+01
 1.98779170000000E+03   3.07088000000000E+01
 1.98787500000000E+03   3.15661000000000E+01
 1.98795830000000E+03   3.31155000000000E+01
 1.98804170000000E+03   3.95106000000000E+01
 1.98812500000000E+03   4.32135000000000E+01
 1.98820830000000E+03   4.55317000000000E+01
 1.98829170000000E+03   3.78494000000000E+01
 1.98837500000000E+03   3.97057000000000E+01
 1.98845830000000E+03   4.41771000000000E+01
 1.98854170000000E+03   4.31097000000000E+01
 1.98862500000000E+03   4.12732000000000E+01
 1.98870830000000E+03   3.39749000000000E+01
 1.98879170000000E+03   1.61378000000000E+01
 1.98887500000000E+03   2.26085000000000E+01
 1.98895830000000E+03   2.39251000000000E+01
 1.98904170000000E+03   2.33952000000000E+01
 1.98912500000000E+03   2.49422000000000E+01
 1.98920830000000E+03   2.16430000000000E+01
 1.98929170000000E+03   2.23433000000000E+01
 1.98937500000000E+03   2.47361000000000E+01
 1.98945830000000E+03   3.02825000000000E+01
 1.98954170000000E+03   2.64439000000000E+01
 1.98962500000000E+03   4.82207000000000E+01
 1.98970830000000E+03   4.49205000000000E+01
 1.98979170000000E+03   3.32352000000000E+01
 1.98987500000000E+03   3.31654000000000E+01
 1.98995830000000E+03   3.82493000000000E+01
 1.99004170000000E+03   4.11020000000000E+01
 1.99012500000000E+03   4.59547000000000E+01
 1.99020830000000E+03   4.90381000000000E+01
 1.99029170000000E+03   5.48903000000000E+01
 1.99037500000000E+03   5.19734000000000E+01
 1.99045830000000E+03   5.17485000000000E+01
 1.99054170000000E+03   3.82156000000000E+01
 1.99062500000000E+03   9.52890000000000E+00
 1.99070830000000E+03  -2.83887000000000E+01
 1.99079170000000E+03  -4.33836000000000E+01
 1.99087500000000E+03  -4.96862000000000E+01
 1.99095830000000E+03  -3.75274000000000E+01
 1.99104170000000E+03  -4.02152000000000E+01
 1.99112500000000E+03  -4.14413000000000E+01
 1.99120830000000E+03  -3.95907000000000E+01
 1.99129170000000E+03  -4.56635000000000E+01
 1.99137500000000E+03  -4.52748000000000E+01
 1.99145830000000E+03  -4.86554000000000E+01
 1.99154170000000E+03  -5.98827000000000E+01
 1.99162500000000E+03  -5.88790000000000E+01
 1.99170830000000E+03  -4.19525000000000E+01
 1.99179170000000E+03  -3.07187000000000E+01
 1.99187500000000E+03  -3.18694000000000E+01
 1.99195830000000E+03  -2.59433000000000E+01
 1.99204170000000E+03  -2.65562000000000E+01
 1.99212500000000E+03  -1.59381000000000E+01
 1.99220830000000E+03  -1.13203000000000E+01
 1.99229170000000E+03  -1.26259000000000E+01
 1.99237500000000E+03   6.85000000000000E-02
 1.99245830000000E+03  -6.69870000000000E+00
 1.99254170000000E+03   4.30280000000000E+00
 1.99262500000000E+03   8.22760000000000E+00
 1.99270830000000E+03  -6.15560000000000E+00
 1.99279170000000E+03  -1.50776000000000E+01
 1.99287500000000E+03  -2.09995000000000E+01
 1.99295830000000E+03  -1.51524000000000E+01
 1.99304170000000E+03  -6.38260000000000E+00
 1.99312500000000E+03  -5.15120000000000E+00
 1.99320830000000E+03  -8.76610000000000E+00
 1.99329170000000E+03  -1.13814000000000E+01
 1.99337500000000E+03  -2.08428000000000E+01
 1.99345830000000E+03  -1.85351000000000E+01
 1.99354170000000E+03  -4.76630000000000E+00
 1.99362500000000E+03  -3.86128000000000E+01
 1.99370830000000E+03  -2.94595000000000E+01
 1.99379170000000E+03  -1.96912000000000E+01
 1.99387500000000E+03  -1.39228000000000E+01
 1.99395830000000E+03  -6.00070000000000E+00
 1.99404170000000E+03  -8.30980000000000E+00
 1.99412500000000E+03  -7.15730000000000E+00
 1.99420830000000E+03   1.84120000000000E+00
 1.99429170000000E+03   3.60850000000000E+00
 1.99437500000000E+03   1.19912000000000E+01
 1.99445830000000E+03   3.41431000000000E+01
 1.99454170000000E+03   2.68330000000000E+01
 1.99462500000000E+03   2.99845000000000E+01
 1.99470830000000E+03   5.83666000000000E+01
 1.99479170000000E+03   4.71329000000000E+01
 1.99487500000000E+03   4.64377000000000E+01
 1.99495830000000E+03   4.81271000000000E+01
 1.99504170000000E+03   4.55852000000000E+01
 1.99512500000000E+03   5.03511000000000E+01
 1.99520830000000E+03   5.45783000000000E+01
 1.99529170000000E+03   4.83436000000000E+01
 1.99537500000000E+03   4.98014000000000E+01
 1.99545830000000E+03   3.20281000000000E+01
 1.99554170000000E+03  -3.36090000000000E+00
 1.99562500000000E+03  -2.74422000000000E+01
 1.99570830000000E+03  -6.52159000000000E+01
 1.99579170000000E+03  -8.72977000000000E+01
 1.99587500000000E+03  -8.76102000000000E+01
 1.99595830000000E+03  -8.58460000000000E+01
 1.99604170000000E+03  -8.55437000000000E+01
 1.99612500000000E+03  -8.35490000000000E+01
 1.99620830000000E+03  -8.64776000000000E+01
 1.99629170000000E+03  -9.01758000000000E+01
 1.99637500000000E+03  -7.81047000000000E+01
 1.99645830000000E+03  -9.04953000000000E+01
 1.99654170000000E+03  -9.20402000000000E+01
 1.99662500000000E+03  -6.48158000000000E+01
 1.99670830000000E+03  -5.58222000000000E+01
 1.99679170000000E+03  -4.33676000000000E+01
 1.99687500000000E+03  -3.75283000000000E+01
 1.99695830000000E+03  -3.29199000000000E+01
 1.99704170000000E+03  -3.36196000000000E+01
 1.99712500000000E+03  -3.40115000000000E+01
 1.99720830000000E+03  -3.12498000000000E+01
 1.99729170000000E+03  -1.79500000000000E+01
 1.99737500000000E+03  -2.55732000000000E+01
 1.99745830000000E+03  -3.95042000000000E+01
 1.99754170000000E+03  -2.45126000000000E+01
 1.99762500000000E+03  -7.13630000000000E+00
 1.99770830000000E+03  -1.78371000000000E+01
 1.99779170000000E+03  -1.15383000000000E+01
 1.99787500000000E+03  -1.06241000000000E+01
 1.99795830000000E+03  -4.86380000000000E+00
 1.99804170000000E+03   2.43450000000000E+00
 1.99812500000000E+03   1.00406000000000E+01
 1.99820830000000E+03   1.94157000000000E+01
 1.99829170000000E+03   3.71750000000000E+01
 1.99837500000000E+03   3.25499000000000E+01
 1.99845830000000E+03   4.17707000000000E+01
 1.99854170000000E+03   4.65295000000000E+01
 1.99862500000000E+03   5.32115000000000E+01
 1.99870830000000E+03   4.67395000000000E+01
 1.99879170000000E+03   4.52671000000000E+01
 1.99887500000000E+03   3.62563000000000E+01
 1.99895830000000E+03   3.97069000000000E+01
 1.99904170000000E+03   3.80801000000000E+01
 1.99912500000000E+03   3.49919000000000E+01
 1.99920830000000E+03   3.95189000000000E+01
 1.99929170000000E+03   3.51223000000000E+01
 1.99937500000000E+03   2.06490000000000E+01
 1.99945830000000E+03   3.65601000000000E+01
 1.99954170000000E+03   3.60093000000000E+01
 1.99962500000000E+03   3.98431000000000E+01
 1.99970830000000E+03   2.44461000000000E+01
 1.99979170000000E+03   2.18178000000000E+01
 1.99987500000000E+03   2.50358000000000E+01
 1.99995830000000E+03   2.71767000000000E+01
 2.00004170000000E+03   3.22402000000000E+01
 2.00012500000000E+03   3.23808000000000E+01
 2.00020830000000E+03   3.15981000000000E+01
 2.00029170000000E+03   3.25842000000000E+01
 2.00037500000000E+03   3.90320000000000E+01
 2.00045830000000E+03   4.55565000000000E+01
 2.00054170000000E+03   2.64652000000000E+01
 2.00062500000000E+03   1.66047000000000E+01
 2.00070830000000E+03   3.74410000000000E+00
 2.00079170000000E+03   5.26770000000000E+00
 2.00087500000000E+03   1.09910000000000E+00
 2.00095830000000E+03   1.85340000000000E+00
 2.00104170000000E+03   6.91490000000000E+00
 2.00112500000000E+03   8.20730000000000E+00
 2.00120830000000E+03   2.67304000000000E+01
 2.00129170000000E+03   3.84068000000000E+01
 2.00137500000000E+03   4.16987000000000E+01
 2.00145830000000E+03   3.99135000000000E+01
 2.00154170000000E+03   3.67433000000000E+01
 2.00162500000000E+03   5.68040000000000E+01
 2.00170830000000E+03   5.87106000000000E+01
 2.00179170000000E+03   5.54630000000000E+01
 2.00187500000000E+03   5.12923000000000E+01
 2.00195830000000E+03   5.95831000000000E+01
 2.00204170000000E+03   6.20273000000000E+01
 2.00212500000000E+03   6.28562000000000E+01
 2.00220830000000E+03   6.02234000000000E+01
 2.00229170000000E+03   5.37439000000000E+01
 2.00237500000000E+03   4.58031000000000E+01
 2.00245830000000E+03   2.44006000000000E+01
 2.00254170000000E+03   2.88437000000000E+01
 2.00262500000000E+03   1.15178000000000E+01
 2.00270830000000E+03  -1.78083000000000E+01
 2.00279170000000E+03  -2.06734000000000E+01
 2.00287500000000E+03  -1.63844000000000E+01
 2.00295830000000E+03  -1.20187000000000E+01
 2.00304170000000E+03  -9.57660000000000E+00
 2.00312500000000E+03  -8.21120000000000E+00
 2.00320830000000E+03  -6.69220000000000E+00
 2.00329170000000E+03  -2.17360000000000E+00
 2.00337500000000E+03  -9.50100000000000E+00
 2.00345830000000E+03  -6.98250000000000E+00
 2.00354170000000E+03   1.37664000000000E+01
 2.00362500000000E+03   1.00538000000000E+01
 2.00370830000000E+03   1.13411000000000E+01
 2.00379170000000E+03   1.10895000000000E+01
 2.00387500000000E+03   1.02995000000000E+01
 2.00395830000000E+03   1.28170000000000E+01
 2.00404170000000E+03   1.22572000000000E+01
 2.00412500000000E+03   1.62360000000000E+01
 2.00420830000000E+03   2.25222000000000E+01
 2.00429170000000E+03   2.19619000000000E+01
 2.00437500000000E+03   2.34786000000000E+01
 2.00445830000000E+03   2.77644000000000E+01
 2.00454170000000E+03   3.16651000000000E+01
 2.00462500000000E+03   1.41044000000000E+01
 2.00470830000000E+03   6.97400000000000E-01
 2.00479170000000E+03   3.36690000000000E+00
 2.00487500000000E+03   6.34410000000000E+00
 2.00495830000000E+03   7.70580000000000E+00
 2.00504170000000E+03   9.45170000000000E+00
 2.00512500000000E+03   1.34285000000000E+01
 2.00520830000000E+03   1.00974000000000E+01
 2.00529170000000E+03   2.61200000000000E+00
 2.00537500000000E+03   1.18190000000000E+01
 2.00545830000000E+03   7.02590000000000E+00
 2.00554170000000E+03  -1.42292000000000E+01
 2.00562500000000E+03  -3.21765000000000E+01
 2.00570830000000E+03  -3.42009000000000E+01
 2.00579170000000E+03  -3.00719000000000E+01
 2.00587500000000E+03  -2.74044000000000E+01
 2.00595830000000E+03  -3.05831000000000E+01
 2.00604170000000E+03  -3.16854000000000E+01
 2.00612500000000E+03  -2.66337000000000E+01
 2.00620830000000E+03  -2.50437000000000E+01
 2.00629170000000E+03  -1.55311000000000E+01
 2.00637500000000E+03   3.90480000000000E+00
 2.00645830000000E+03  -5.05700000000000E-01
 2.00654170000000E+03   1.88525000000000E+01
 2.00662500000000E+03   3.62878000000000E+01
 2.00670830000000E+03   4.37999000000000E+01
 2.00679170000000E+03   3.90808000000000E+01
 2.00687500000000E+03   3.94387000000000E+01
 2.00695830000000E+03   4.40272000000000E+01
 2.00704170000000E+03   5.98460000000000E+01
 2.00712500000000E+03   6.68957000000000E+01
 2.00720830000000E+03   6.74837000000000E+01
 2.00729170000000E+03   6.03789000000000E+01
 2.00737500000000E+03   5.96589000000000E+01
 2.00745830000000E+03   4.61695000000000E+01
 2.00754170000000E+03   4.53719000000000E+01
 2.00762500000000E+03   2.51898000000000E+01
 2.00770830000000E+03   3.59307000000000E+01
 2.00779170000000E+03   2.80557000000000E+01
 2.00787500000000E+03   3.07193000000000E+01
 2.00795830000000E+03   3.02289000000000E+01
 2.00804170000000E+03   3.01996000000000E+01
 2.00812500000000E+03   2.77857000000000E+01
 2.00820830000000E+03   2.40641000000000E+01
 2.00829170000000E+03   2.78804000000000E+01
 2.00837500000000E+03   3.71584000000000E+01
 2.00845830000000E+03   1.75131000000000E+01
 2.00854170000000E+03   4.48280000000000E+00
 2.00862500000000E+03  -7.77820000000000E+00
 2.00870830000000E+03  -1.16547000000000E+01
 2.00879170000000E+03  -3.73009000000000E+01
 2.00887500000000E+03  -4.05624000000000E+01
 2.00895830000000E+03  -3.51317000000000E+01
 2.00904170000000E+03  -3.00092000000000E+01
 2.00912500000000E+03  -3.32712000000000E+01
 2.00920830000000E+03  -3.93025000000000E+01
 2.00929170000000E+03  -3.59498000000000E+01
 2.00937500000000E+03  -3.39045000000000E+01
 2.00945830000000E+03  -3.77056000000000E+01
 2.00954170000000E+03  -4.05841000000000E+01
 2.00962500000000E+03  -3.74624000000000E+01
 2.00970830000000E+03  -3.71871000000000E+01
 2.00979170000000E+03  -4.56815000000000E+01
 2.00987500000000E+03  -4.29449000000000E+01
 2.00995830000000E+03  -4.02085000000000E+01
 2.01004170000000E+03  -3.92419000000000E+01
 2.01012500000000E+03  -3.78904000000000E+01
 2.01020830000000E+03  -3.46161000000000E+01
 2.01029170000000E+03  -2.67268000000000E+01
 2.01037500000000E+03  -2.40682000000000E+01
 2.01045830000000E+03  -4.04098000000000E+01
 2.01054170000000E+03  -4.56749000000000E+01
 2.01062500000000E+03  -4.17860000000000E+01
 2.01070830000000E+03  -5.53588000000000E+01
 2.01079170000000E+03  -6.00859000000000E+01
 2.01087500000000E+03  -5.58129000000000E+01
 2.01095830000000E+03  -4.90785000000000E+01
 2.01104170000000E+03  -4.14984000000000E+01
 2.01112500000000E+03  -3.33798000000000E+01
 2.01120830000000E+03  -3.29536000000000E+01
 2.01129170000000E+03  -3.29125000000000E+01
 2.01137500000000E+03  -4.05635000000000E+01
 2.01145830000000E+03  -2.08301000000000E+01
 2.01154170000000E+03  -9.40490000000000E+00
 2.01162500000000E+03  -2.59026000000000E+01
 2.01170830000000E+03  -3.34774000000000E+01
 2.01179170000000E+03  -2.39758000000000E+01
 2.01187500000000E+03  -2.14740000000000E+01
 2.01195830000000E+03  -1.79723000000000E+01
 2.01204170000000E+03  -1.56250000000000E+01
 2.01212500000000E+03  -1.72007000000000E+01
 2.01220830000000E+03  -1.50072000000000E+01
 2.01229170000000E+03  -1.52758000000000E+01
 2.01237500000000E+03  -9.54420000000000E+00
 2.01245830000000E+03  -4.50510000000000E+00
 2.01254170000000E+03  -3.16973000000000E+01
 2.01262500000000E+03  -5.35047000000000E+01
 2.01270830000000E+03  -5.69276000000000E+01
 2.01279170000000E+03  -5.31203000000000E+01
 2.01287500000000E+03  -5.10051000000000E+01
 2.01295830000000E+03  -5.13516000000000E+01
 2.01304170000000E+03  -5.43140000000000E+01
 2.01312500000000E+03  -5.57378000000000E+01
 2.01320830000000E+03  -5.35463000000000E+01
 2.01329170000000E+03  -5.36631000000000E+01
 2.01337500000000E+03  -4.97027000000000E+01
 2.01345830000000E+03  -4.87425000000000E+01
 2.01354170000000E+03  -5.56290000000000E+01
 2.01362500000000E+03  -5.14384000000000E+01
 2.01370830000000E+03  -4.84018000000000E+01
 2.01379170000000E+03  -3.27503000000000E+01
 2.01387500000000E+03  -2.40986000000000E+01
 2.01395830000000E+03  -2.51394000000000E+01
 2.01404170000000E+03  -1.87192000000000E+01
 2.01412500000000E+03  -7.14490000000000E+00
 2.01420830000000E+03  -4.95550000000000E+00
 2.01429170000000E+03   1.77200000000000E+00
 2.01437500000000E+03  -5.80810000000000E+00
 2.01445830000000E+03  -2.54230000000000E+00
 2.01454170000000E+03   2.56930000000000E+00
 2.01462500000000E+03  -2.70360000000000E+00
 2.01470830000000E+03  -8.89980000000000E+00
 2.01479170000000E+03  -9.25030000000000E+00
 2.01487500000000E+03  -7.67750000000000E+00
 2.01495830000000E+03  -1.46434000000000E+01
 2.01504170000000E+03  -6.84050000000000E+00
 2.01512500000000E+03  -6.65290000000000E+00
 2.01520830000000E+03  -8.85000000000000E+00
 2.01529170000000E+03  -1.13554000000000E+01
 2.01537500000000E+03   1.21640000000000E+00
 2.01545830000000E+03   1.03264000000000E+01
 2.01554170000000E+03   1.28210000000000E+00
 2.01562500000000E+03  -5.76200000000000E+00
 2.01570830000000E+03  -8.11400000000000E+00
 2.01579170000000E+03  -3.00490000000000E+00
 2.01587500000000E+03   2.41200000000000E+00
 2.01595830000000E+03   4.82870000000000E+00
 2.01604170000000E+03   1.39373000000000E+01
 2.01612500000000E+03   1.28152000000000E+01
 2.01620830000000E+03   1.81545000000000E+01
 2.01629170000000E+03   1.01857000000000E+01
 2.01637500000000E+03   1.46785000000000E+01
 2.01645830000000E+03  -3.59800000000000E+00
 2.01654170000000E+03  -1.08751000000000E+01
 2.01662500000000E+03  -2.23827000000000E+01
 2.01670830000000E+03  -3.47367000000000E+01
 2.01679170000000E+03  -3.14758000000000E+01
 2.01687500000000E+03  -3.72147000000000E+01
 2.01695830000000E+03  -3.24923000000000E+01
 2.01704170000000E+03  -3.10780000000000E+01
 2.01712500000000E+03  -3.05098000000000E+01
 2.01720830000000E+03  -2.54801000000000E+01
 2.01729170000000E+03  -1.56818000000000E+01
 2.01737500000000E+03   4.50140000000000E+00
 2.01745830000000E+03   1.54536000000000E+01
 2.01754170000000E+03   2.08669000000000E+01
 2.01762500000000E+03   6.51110000000000E+00
 2.01770830000000E+03   8.47400000000000E-01
 2.01779170000000E+03   8.75600000000000E-01
 2.01787500000000E+03   2.11600000000000E-01
 2.01795830000000E+03  -6.06400000000000E-01
 2.01804170000000E+03  -8.11730000000000E+00
 2.01812500000000E+03  -6.62790000000000E+00
 2.01820830000000E+03  -2.83100000000000E+00
 2.01829170000000E+03  -2.72690000000000E+00
 2.01837500000000E+03  -2.80073000000000E+01
 2.01845830000000E+03  -4.02109000000000E+01
 2.01854170000000E+03  -4.89535000000000E+01
 2.01862500000000E+03  -6.32344000000000E+01
 2.01870830000000E+03  -4.22077000000000E+01
 2.01879170000000E+03  -4.42585000000000E+01
 2.01887500000000E+03  -4.69245000000000E+01
 2.01895830000000E+03  -4.83599000000000E+01
 2.01904170000000E+03  -4.31804000000000E+01
 2.01912500000000E+03  -3.73853000000000E+01
 2.01920830000000E+03  -3.58212000000000E+01
 2.01929170000000E+03  -3.34114000000000E+01
 2.01937500000000E+03  -3.65399000000000E+01
 2.01945830000000E+03  -1.60532000000000E+01
 2.01954170000000E+03  -1.27978000000000E+01
 2.01962500000000E+03   6.11600000000000E-01
 2.01970830000000E+03  -3.20980000000000E+00
 2.01979170000000E+03  -2.32626000000000E+01
 2.01987500000000E+03  -1.91613000000000E+01
 2.01995830000000E+03  -1.45987000000000E+01
 2.02004170000000E+03  -6.72890000000000E+00
 2.02012500000000E+03  -2.16660000000000E+00
 2.02020830000000E+03   2.41700000000000E-01
 2.02029170000000E+03   5.72500000000000E-01
 2.02037500000000E+03  -3.86570000000000E+00
 2.02045830000000E+03  -5.91940000000000E+00
 2.02054170000000E+03  -1.42814000000000E+01
 2.02062500000000E+03  -3.57970000000000E+01
 2.02070830000000E+03  -6.03128000000000E+01
 2.02079170000000E+03  -5.95983000000000E+01
 2.02087500000000E+03  -4.89606000000000E+01
 2.02095830000000E+03  -4.50922000000000E+01
 2.02104170000000E+03  -4.43783000000000E+01
 2.02112500000000E+03  -4.35103000000000E+01
 2.02120830000000E+03  -4.81809000000000E+01
 2.02129170000000E+03  -4.13905000000000E+01
 2.02137500000000E+03  -3.61384000000000E+01
 2.02145830000000E+03  -3.80403000000000E+01
 2.02154170000000E+03  -2.97119000000000E+01
 2.02162500000000E+03  -1.54603000000000E+01
 2.02170830000000E+03  -1.95165000000000E+01
 2.02179170000000E+03  -2.24963000000000E+01
 2.02187500000000E+03  -2.07837000000000E+01
 2.02195830000000E+03  -2.23789000000000E+01
 2.02204170000000E+03  -2.05900000000000E+01
 2.02212500000000E+03  -2.43394000000000E+01
 2.02220830000000E+03  -2.01658000000000E+01
 2.02229170000000E+03  -1.18389000000000E+01
 2.02237500000000E+03  -1.17427000000000E+01
 2.02245830000000E+03  -1.69542000000000E+01
 2.02254170000000E+03  -7.39710000000000E+00
 2.02262500000000E+03  -1.94552000000000E+01
 2.02270830000000E+03  -3.26672000000000E+01
 2.02279170000000E+03  -2.24952000000000E+01
 2.02287500000000E+03  -2.78615000000000E+01
 2.02295830000000E+03  -2.78433000000000E+01
 2.02304170000000E+03  -1.75948000000000E+01
 2.02312500000000E+03  -7.57700000000000E+00
 2.02320830000000E+03   2.21000000000000E+00
 2.02329170000000E+03   9.15020000000000E+00
 2.02337500000000E+03   2.56291000000000E+01
 2.02345830000000E+03   3.31079000000000E+01
 2.02354170000000E+03   3.27656000000000E+01
 2.02362500000000E+03   2.40505000000000E+01
 2.02370830000000E+03   3.13504000000000E+01
 2.02379170000000E+03   3.36701000000000E+01
 2.02387500000000E+03   5.43926000000000E+01
 2.02395830000000E+03   9.11190000000000E+01
