 1.88704170000000E+03  -7.51487000000000E+01
 1.88712500000000E+03  -5.31641000000000E+01
 1.88720830000000E+03  -3.72110000000000E+01
 1.88729170000000E+03  -2.74802000000000E+01
 1.88737500000000E+03  -1.77287000000000E+01
 1.88745830000000E+03  -2.12860000000000E+00
 1.88754170000000E+03  -4.33740000000000E+00
 1.88762500000000E+03   1.78132000000000E+01
 1.88770830000000E+03   1.22717000000000E+01
 1.88779170000000E+03  -2.50060000000000E+00
 1.88787500000000E+03   1.18910000000000E+00
 1.88795830000000E+03   2.63500000000000E-01
 1.88804170000000E+03   8.76500000000000E-01
 1.88812500000000E+03  -1.58720000000000E+00
 1.88820830000000E+03  -1.40506000000000E+01
 1.88829170000000E+03  -1.72832000000000E+01
 1.88837500000000E+03  -2.74386000000000E+01
 1.88845830000000E+03  -2.29784000000000E+01
 1.88854170000000E+03  -4.31335000000000E+01
 1.88862500000000E+03  -2.63652000000000E+01
 1.88870830000000E+03  -3.26736000000000E+01
 1.88879170000000E+03  -2.12898000000000E+01
 1.88887500000000E+03  -2.22132000000000E+01
 1.88895830000000E+03  -2.62133000000000E+01
 1.88904170000000E+03  -1.86750000000000E+01
 1.88912500000000E+03  -1.03671000000000E+01
 1.88920830000000E+03  -6.67440000000000E+00
 1.88929170000000E+03   1.63370000000000E+00
 1.88937500000000E+03  -9.28850000000000E+00
 1.88945830000000E+03  -1.02106000000000E+01
 1.88954170000000E+03  -2.03635000000000E+01
 1.88962500000000E+03  -1.59005000000000E+01
 1.88970830000000E+03  -4.06682000000000E+01
 1.88979170000000E+03  -3.85128000000000E+01
 1.88987500000000E+03  -4.32800000000000E+01
 1.88995830000000E+03  -2.18933000000000E+01
 1.89004170000000E+03  -1.05065000000000E+01
 1.89012500000000E+03  -1.06578000000000E+01
 1.89020830000000E+03  -1.85012000000000E+01
 1.89029170000000E+03  -9.42150000000000E+00
 1.89037500000000E+03   4.27700000000000E-01
 1.89045830000000E+03  -1.26130000000000E+00
 1.89054170000000E+03  -5.25800000000000E+00
 1.89062500000000E+03  -1.54081000000000E+01
 1.89070830000000E+03  -1.09427000000000E+01
 1.89079170000000E+03  -1.34003000000000E+01
 1.89087500000000E+03  -1.97037000000000E+01
 1.89095830000000E+03  -1.83147000000000E+01
 1.89104170000000E+03  -2.53871000000000E+01
 1.89112500000000E+03  -2.63053000000000E+01
 1.89120830000000E+03  -2.56849000000000E+01
 1.89129170000000E+03  -2.35260000000000E+01
 1.89137500000000E+03  -4.52129000000000E+01
 1.89145830000000E+03  -5.99765000000000E+01
 1.89154170000000E+03  -5.01247000000000E+01
 1.89162500000000E+03  -3.33495000000000E+01
 1.89170830000000E+03  -4.11894000000000E+01
 1.89179170000000E+03  -5.05678000000000E+01
 1.89187500000000E+03  -3.91766000000000E+01
 1.89195830000000E+03  -2.93237000000000E+01
 1.89204170000000E+03  -1.25477000000000E+01
 1.89212500000000E+03  -8.07900000000000E+00
 1.89220830000000E+03  -7.45630000000000E+00
 1.89229170000000E+03  -1.29873000000000E+01
 1.89237500000000E+03  -2.85181000000000E+01
 1.89245830000000E+03  -2.02024000000000E+01
 1.89254170000000E+03  -2.03483000000000E+01
 1.89262500000000E+03  -2.66477000000000E+01
 1.89270830000000E+03  -3.37161000000000E+01
 1.89279170000000E+03  -1.92461000000000E+01
 1.89287500000000E+03  -1.93910000000000E+01
 1.89295830000000E+03  -1.95358000000000E+01
 1.89304170000000E+03  -2.04498000000000E+01
 1.89312500000000E+03  -2.59787000000000E+01
 1.89320830000000E+03  -1.45845000000000E+01
 1.89329170000000E+03  -7.03630000000000E+00
 1.89337500000000E+03   1.20507000000000E+01
 1.89345830000000E+03   3.34455000000000E+01
 1.89354170000000E+03   2.48404000000000E+01
 1.89362500000000E+03   4.08510000000000E+01
 1.89370830000000E+03   5.07080000000000E+01
 1.89379170000000E+03   3.74881000000000E+01
 1.89387500000000E+03   3.19608000000000E+01
 1.89395830000000E+03   3.33568000000000E+01
 1.89404170000000E+03   3.39836000000000E+01
 1.89412500000000E+03   3.61492000000000E+01
 1.89420830000000E+03   4.29305000000000E+01
 1.89429170000000E+03   2.66348000000000E+01
 1.89437500000000E+03   1.41856000000000E+01
 1.89445830000000E+03  -5.71100000000000E-01
 1.89454170000000E+03  -7.12400000000000E-01
 1.89462500000000E+03  -3.16100000000000E+00
 1.89470830000000E+03  -2.33017000000000E+01
 1.89479170000000E+03  -2.88270000000000E+01
 1.89487500000000E+03  -2.35827000000000E+01
 1.89495830000000E+03  -2.21844000000000E+01
 1.89504170000000E+03  -1.07860000000000E+01
 1.89512500000000E+03  -7.07960000000000E+00
 1.89520830000000E+03   4.31930000000000E+00
 1.89529170000000E+03   4.94900000000000E+00
 1.89537500000000E+03   1.63482000000000E+01
 1.89545830000000E+03   2.08247000000000E+01
 1.89554170000000E+03   1.22242000000000E+01
 1.89562500000000E+03   6.70090000000000E+00
 1.89570830000000E+03   1.81010000000000E+01
 1.89579170000000E+03   1.71934000000000E+01
 1.89587500000000E+03   1.70554000000000E+01
 1.89595830000000E+03   2.53791000000000E+01
 1.89604170000000E+03   4.21644000000000E+01
 1.89612500000000E+03   4.04885000000000E+01
 1.89620830000000E+03   3.65051000000000E+01
 1.89629170000000E+03   2.25217000000000E+01
 1.89637500000000E+03   1.16156000000000E+01
 1.89645830000000E+03  -7.75190000000000E+00
 1.89654170000000E+03  -2.01962000000000E+01
 1.89662500000000E+03  -2.64863000000000E+01
 1.89670830000000E+03  -3.35455000000000E+01
 1.89679170000000E+03  -3.82969000000000E+01
 1.89687500000000E+03  -3.15096000000000E+01
 1.89695830000000E+03  -3.54912000000000E+01
 1.89704170000000E+03  -2.71652000000000E+01
 1.89712500000000E+03  -3.57619000000000E+01
 1.89720830000000E+03  -3.43583000000000E+01
 1.89729170000000E+03  -2.83394000000000E+01
 1.89737500000000E+03  -3.69355000000000E+01
 1.89745830000000E+03  -3.55314000000000E+01
 1.89754170000000E+03  -2.10503000000000E+01
 1.89762500000000E+03   8.81570000000000E+00
 1.89770830000000E+03   2.71434000000000E+01
 1.89779170000000E+03   2.70097000000000E+01
 1.89787500000000E+03   2.30301000000000E+01
 1.89795830000000E+03   2.13585000000000E+01
 1.89804170000000E+03   3.89176000000000E+01
 1.89812500000000E+03   3.49386000000000E+01
 1.89820830000000E+03   4.24983000000000E+01
 1.89829170000000E+03   3.54427000000000E+01
 1.89837500000000E+03   2.83873000000000E+01
 1.89845830000000E+03   4.74861000000000E+01
 1.89854170000000E+03   6.50463000000000E+01
 1.89862500000000E+03   7.02993000000000E+01
 1.89870830000000E+03   5.32448000000000E+01
 1.89879170000000E+03   5.23441000000000E+01
 1.89887500000000E+03   5.45207000000000E+01
 1.89895830000000E+03   6.66975000000000E+01
 1.89904170000000E+03   6.57974000000000E+01
 1.89912500000000E+03   6.41284000000000E+01
 1.89920830000000E+03   7.16904000000000E+01
 1.89929170000000E+03   7.46371000000000E+01
 1.89937500000000E+03   9.75841000000000E+01
 1.89945830000000E+03   1.20531200000000E+02
 1.89954170000000E+03   9.96323000000000E+01
 1.89962500000000E+03   7.41183000000000E+01
 1.89970830000000E+03   5.78353000000000E+01
 1.89979170000000E+03   3.92447000000000E+01
 1.89987500000000E+03   3.52697000000000E+01
 1.89995830000000E+03   3.36027000000000E+01
 1.90004170000000E+03   3.03972000000000E+01
 1.90012500000000E+03   3.64229000000000E+01
 1.90020830000000E+03   2.70641000000000E+01
 1.90029170000000E+03   2.92438000000000E+01
 1.90037500000000E+03   1.91162000000000E+01
 1.90045830000000E+03  -2.42000000000000E-01
 1.90054170000000E+03  -2.65232000000000E+01
 1.90062500000000E+03  -1.35733000000000E+01
 1.90070830000000E+03  -1.83156000000000E+01
 1.90079170000000E+03  -2.07501000000000E+01
 1.90087500000000E+03  -2.24150000000000E+01
 1.90095830000000E+03  -2.86951000000000E+01
 1.90104170000000E+03  -2.88213000000000E+01
 1.90112500000000E+03  -4.12549000000000E+01
 1.90120830000000E+03  -4.67652000000000E+01
 1.90129170000000E+03  -5.38140000000000E+01
 1.90137500000000E+03  -6.24008000000000E+01
 1.90145830000000E+03  -4.94490000000000E+01
 1.90154170000000E+03  -3.95741000000000E+01
 1.90162500000000E+03  -3.27757000000000E+01
 1.90170830000000E+03  -4.13618000000000E+01
 1.90179170000000E+03  -4.30248000000000E+01
 1.90187500000000E+03  -4.16105000000000E+01
 1.90195830000000E+03  -2.86575000000000E+01
 1.90204170000000E+03  -1.72429000000000E+01
 1.90212500000000E+03  -2.75110000000000E+00
 1.90220830000000E+03   1.40486000000000E+01
 1.90229170000000E+03   1.31560000000000E+01
 1.90237500000000E+03   1.76484000000000E+01
 1.90245830000000E+03  -1.66700000000000E-01
 1.90254170000000E+03  -1.56741000000000E+01
 1.90262500000000E+03  -1.27196000000000E+01
 1.90270830000000E+03  -4.38030000000000E+00
 1.90279170000000E+03   1.85744000000000E+01
 1.90287500000000E+03   3.22988000000000E+01
 1.90295830000000E+03   3.91002000000000E+01
 1.90304170000000E+03   4.59017000000000E+01
 1.90312500000000E+03   5.34727000000000E+01
 1.90320830000000E+03   6.18132000000000E+01
 1.90329170000000E+03   5.93845000000000E+01
 1.90337500000000E+03   6.92638000000000E+01
 1.90345830000000E+03   7.14510000000000E+01
 1.90354170000000E+03   6.90228000000000E+01
 1.90362500000000E+03   6.81335000000000E+01
 1.90370830000000E+03   3.72443000000000E+01
 1.90379170000000E+03   1.25091000000000E+01
 1.90387500000000E+03  -6.07200000000000E+00
 1.90395830000000E+03  -9.26820000000000E+00
 1.90404170000000E+03   3.68940000000000E+00
 1.90412500000000E+03   7.41660000000000E+00
 1.90420830000000E+03  -6.54830000000000E+00
 1.90429170000000E+03  -2.74363000000000E+01
 1.90437500000000E+03  -2.67854000000000E+01
 1.90445830000000E+03  -1.84421000000000E+01
 1.90454170000000E+03  -1.16371000000000E+01
 1.90462500000000E+03   1.43989000000000E+01
 1.90470830000000E+03   1.97360000000000E+00
 1.90479170000000E+03   1.10869000000000E+01
 1.90487500000000E+03   2.02004000000000E+01
 1.90495830000000E+03   1.54680000000000E+01
 1.90504170000000E+03   2.30433000000000E+01
 1.90512500000000E+03   2.13882000000000E+01
 1.90520830000000E+03   2.35795000000000E+01
 1.90529170000000E+03   3.34631000000000E+01
 1.90537500000000E+03   3.10393000000000E+01
 1.90545830000000E+03   3.32311000000000E+01
 1.90554170000000E+03   2.08076000000000E+01
 1.90562500000000E+03   1.83844000000000E+01
 1.90570830000000E+03   1.51922000000000E+01
 1.90579170000000E+03   2.50770000000000E+01
 1.90587500000000E+03   2.18852000000000E+01
 1.90595830000000E+03   2.79243000000000E+01
 1.90604170000000E+03   4.01173000000000E+01
 1.90612500000000E+03   4.38491000000000E+01
 1.90620830000000E+03   4.06581000000000E+01
 1.90629170000000E+03   2.51594000000000E+01
 1.90637500000000E+03   4.27640000000000E+00
 1.90645830000000E+03   2.10859000000000E+01
 1.90654170000000E+03   1.25109000000000E+01
 1.90662500000000E+03   1.62850000000000E+00
 1.90670830000000E+03  -7.92200000000000E-01
 1.90679170000000E+03  -1.62898000000000E+01
 1.90687500000000E+03  -1.33254000000000E+01
 1.90695830000000E+03  -8.82250000000000E+00
 1.90704170000000E+03  -3.55020000000000E+00
 1.90712500000000E+03   4.03010000000000E+00
 1.90720830000000E+03   7.76440000000000E+00
 1.90729170000000E+03  -3.96000000000000E-02
 1.90737500000000E+03  -9.38190000000000E+00
 1.90745830000000E+03  -4.10850000000000E+00
 1.90754170000000E+03  -2.72966000000000E+01
 1.90762500000000E+03  -1.20229000000000E+01
 1.90770830000000E+03  -1.67489000000000E+01
 1.90779170000000E+03  -3.99364000000000E+01
 1.90787500000000E+03  -4.15852000000000E+01
 1.90795830000000E+03  -4.63107000000000E+01
 1.90804170000000E+03  -4.41130000000000E+01
 1.90812500000000E+03  -4.72996000000000E+01
 1.90820830000000E+03  -5.35630000000000E+01
 1.90829170000000E+03  -7.13648000000000E+01
 1.90837500000000E+03  -8.53201000000000E+01
 1.90845830000000E+03  -6.61982000000000E+01
 1.90854170000000E+03  -7.01533000000000E+01
 1.90862500000000E+03  -5.87233000000000E+01
 1.90870830000000E+03  -8.72932000000000E+01
 1.90879170000000E+03  -8.74015000000000E+01
 1.90887500000000E+03  -7.67403000000000E+01
 1.90895830000000E+03  -6.83865000000000E+01
 1.90904170000000E+03  -5.84943000000000E+01
 1.90912500000000E+03  -4.09093000000000E+01
 1.90920830000000E+03  -3.87089000000000E+01
 1.90929170000000E+03  -4.80468000000000E+01
 1.90937500000000E+03  -3.19997000000000E+01
 1.90945830000000E+03  -1.74910000000000E+01
 1.90954170000000E+03  -9.13600000000000E+00
 1.90962500000000E+03   3.83470000000000E+00
 1.90970830000000E+03  -2.42520000000000E+00
 1.90979170000000E+03   4.39190000000000E+00
 1.90987500000000E+03   1.58247000000000E+01
 1.90995830000000E+03   2.03346000000000E+01
 1.91004170000000E+03   2.79215000000000E+01
 1.91012500000000E+03   2.78164000000000E+01
 1.91020830000000E+03   1.15576000000000E+01
 1.91029170000000E+03   8.37590000000000E+00
 1.91037500000000E+03   9.80980000000000E+00
 1.91045830000000E+03  -1.10637000000000E+01
 1.91054170000000E+03  -6.01410000000000E+00
 1.91062500000000E+03  -1.46565000000000E+01
 1.91070830000000E+03  -1.03756000000000E+01
 1.91079170000000E+03  -1.20177000000000E+01
 1.91087500000000E+03  -4.12110000000000E+00
 1.91095830000000E+03  -1.11473000000000E+01
 1.91104170000000E+03  -1.71200000000000E+00
 1.91112500000000E+03  -8.58400000000000E+00
 1.91120830000000E+03  -9.94300000000000E-01
 1.91129170000000E+03   3.13400000000000E+00
 1.91137500000000E+03   7.10870000000000E+00
 1.91145830000000E+03   2.00670000000000E+00
 1.91154170000000E+03   3.67400000000000E+00
 1.91162500000000E+03  -5.73530000000000E+00
 1.91170830000000E+03  -1.70675000000000E+01
 1.91179170000000E+03  -2.07842000000000E+01
 1.91187500000000E+03  -1.55007000000000E+01
 1.91195830000000E+03  -9.29380000000000E+00
 1.91204170000000E+03  -5.01000000000000E+00
 1.91212500000000E+03  -5.41810000000000E+00
 1.91220830000000E+03   1.03277000000000E+01
 1.91229170000000E+03  -6.18600000000000E-01
 1.91237500000000E+03  -3.33900000000000E-01
 1.91245830000000E+03   7.56640000000000E+00
 1.91254170000000E+03   2.41591000000000E+01
 1.91262500000000E+03   2.68290000000000E+01
 1.91270830000000E+03   3.98838000000000E+01
 1.91279170000000E+03   5.07078000000000E+01
 1.91287500000000E+03   3.83783000000000E+01
 1.91295830000000E+03   4.16644000000000E+01
 1.91304170000000E+03   4.47967000000000E+01
 1.91312500000000E+03   5.90062000000000E+01
 1.91320830000000E+03   5.32929000000000E+01
 1.91329170000000E+03   2.87334000000000E+01
 1.91337500000000E+03   3.72513000000000E+01
 1.91345830000000E+03   7.16923000000000E+01
 1.91354170000000E+03   7.10566000000000E+01
 1.91362500000000E+03   7.43442000000000E+01
 1.91370830000000E+03   8.37858000000000E+01
 1.91379170000000E+03   6.84583000000000E+01
 1.91387500000000E+03   7.08235000000000E+01
 1.91395830000000E+03   7.81118000000000E+01
 1.91404170000000E+03   7.74003000000000E+01
 1.91412500000000E+03   7.19198000000000E+01
 1.91420830000000E+03   6.30550000000000E+01
 1.91429170000000E+03   7.62671000000000E+01
 1.91437500000000E+03   6.87872000000000E+01
 1.91445830000000E+03   6.39229000000000E+01
 1.91454170000000E+03   2.63664000000000E+01
 1.91462500000000E+03   5.19480000000000E+00
 1.91470830000000E+03  -1.44382000000000E+01
 1.91479170000000E+03  -2.13018000000000E+01
 1.91487500000000E+03  -2.01652000000000E+01
 1.91495830000000E+03  -2.56437000000000E+01
 1.91504170000000E+03  -2.31991000000000E+01
 1.91512500000000E+03  -1.56772000000000E+01
 1.91520830000000E+03  -1.00013000000000E+01
 1.91529170000000E+03  -1.75561000000000E+01
 1.91537500000000E+03  -3.82645000000000E+01
 1.91545830000000E+03  -1.56649000000000E+01
 1.91554170000000E+03  -1.25268000000000E+01
 1.91562500000000E+03   6.88500000000000E-01
 1.91570830000000E+03  -3.32680000000000E+00
 1.91579170000000E+03  -1.64970000000000E+00
 1.91587500000000E+03  -3.04920000000000E+00
 1.91595830000000E+03   2.09000000000000E+00
 1.91604170000000E+03   4.92160000000000E+00
 1.91612500000000E+03   1.39073000000000E+01
 1.91620830000000E+03   1.22778000000000E+01
 1.91629170000000E+03   9.26380000000000E+00
 1.91637500000000E+03   1.20962000000000E+01
 1.91645830000000E+03   1.99288000000000E+01
 1.91654170000000E+03   1.39923000000000E+01
 1.91662500000000E+03  -7.48240000000000E+00
 1.91670830000000E+03  -2.99569000000000E+01
 1.91679170000000E+03  -2.35082000000000E+01
 1.91687500000000E+03  -2.51361000000000E+01
 1.91695830000000E+03  -2.93793000000000E+01
 1.91704170000000E+03  -2.91608000000000E+01
 1.91712500000000E+03  -3.70189000000000E+01
 1.91720830000000E+03  -4.32615000000000E+01
 1.91729170000000E+03  -3.88117000000000E+01
 1.91737500000000E+03  -3.85923000000000E+01
 1.91745830000000E+03  -1.02189000000000E+01
 1.91754170000000E+03  -3.99930000000000E+00
 1.91762500000000E+03  -6.24090000000000E+00
 1.91770830000000E+03   8.25400000000000E-01
 1.91779170000000E+03  -8.77500000000000E-01
 1.91787500000000E+03  -1.82723000000000E+01
 1.91795830000000E+03  -1.05131000000000E+01
 1.91804170000000E+03   5.55380000000000E+00
 1.91812500000000E+03   1.24672000000000E+01
 1.91820830000000E+03   2.53808000000000E+01
 1.91829170000000E+03   3.33714000000000E+01
 1.91837500000000E+03   1.82085000000000E+01
 1.91845830000000E+03   5.81490000000000E+00
 1.91854170000000E+03  -2.34246000000000E+01
 1.91862500000000E+03  -3.95101000000000E+01
 1.91870830000000E+03  -5.31338000000000E+01
 1.91879170000000E+03  -5.40651000000000E+01
 1.91887500000000E+03  -5.49961000000000E+01
 1.91895830000000E+03  -3.10039000000000E+01
 1.91904170000000E+03  -2.60115000000000E+01
 1.91912500000000E+03  -1.97881000000000E+01
 1.91920830000000E+03  -2.13338000000000E+01
 1.91929170000000E+03  -1.58793000000000E+01
 1.91937500000000E+03  -4.01938000000000E+01
 1.91945830000000E+03  -3.43542000000000E+01
 1.91954170000000E+03  -2.74377000000000E+01
 1.91962500000000E+03  -2.44439000000000E+01
 1.91970830000000E+03  -9.75760000000000E+00
 1.91979170000000E+03  -1.30200000000000E+00
 1.91987500000000E+03   8.23090000000000E+00
 1.91995830000000E+03   2.09177000000000E+01
 1.92004170000000E+03   1.97586000000000E+01
 1.92012500000000E+03   2.53689000000000E+01
 1.92020830000000E+03   1.49794000000000E+01
 1.92029170000000E+03  -3.10230000000000E+00
 1.92037500000000E+03  -3.44914000000000E+01
 1.92045830000000E+03  -3.86495000000000E+01
 1.92054170000000E+03  -3.78075000000000E+01
 1.92062500000000E+03  -3.34268000000000E+01
 1.92070830000000E+03  -3.78921000000000E+01
 1.92079170000000E+03  -3.71264000000000E+01
 1.92087500000000E+03  -4.00528000000000E+01
 1.92095830000000E+03  -4.18252000000000E+01
 1.92104170000000E+03  -3.29821000000000E+01
 1.92112500000000E+03  -2.68310000000000E+01
 1.92120830000000E+03  -3.14489000000000E+01
 1.92129170000000E+03  -2.56052000000000E+01
 1.92137500000000E+03  -2.29970000000000E+00
 1.92145830000000E+03   9.23680000000000E+00
 1.92154170000000E+03   4.69272000000000E+01
 1.92162500000000E+03   2.87718000000000E+01
 1.92170830000000E+03   2.80781000000000E+01
 1.92179170000000E+03   2.56153000000000E+01
 1.92187500000000E+03   1.47681000000000E+01
 1.92195830000000E+03   3.00750000000000E+01
 1.92204170000000E+03   3.79204000000000E+01
 1.92212500000000E+03   3.76892000000000E+01
 1.92220830000000E+03   3.53813000000000E+01
 1.92229170000000E+03   2.67658000000000E+01
 1.92237500000000E+03   1.94582000000000E+01
 1.92245830000000E+03   2.33816000000000E+01
 1.92254170000000E+03   3.17667000000000E+01
 1.92262500000000E+03   2.13828000000000E+01
 1.92270830000000E+03   1.62299000000000E+01
 1.92279170000000E+03  -9.46140000000000E+00
 1.92287500000000E+03  -8.30630000000000E+00
 1.92295830000000E+03   5.46450000000000E+00
 1.92304170000000E+03   5.92760000000000E+00
 1.92312500000000E+03   1.24679000000000E+01
 1.92320830000000E+03   1.31623000000000E+01
 1.92329170000000E+03   2.29337000000000E+01
 1.92337500000000E+03   4.31670000000000E+01
 1.92345830000000E+03   5.05542000000000E+01
 1.92354170000000E+03   3.12493000000000E+01
 1.92362500000000E+03   3.08677000000000E+01
 1.92370830000000E+03   1.37940000000000E+01
 1.92379170000000E+03   3.24896000000000E+01
 1.92387500000000E+03   4.61086000000000E+01
 1.92395830000000E+03   5.04971000000000E+01
 1.92404170000000E+03   5.38856000000000E+01
 1.92412500000000E+03   5.03513000000000E+01
 1.92420830000000E+03   3.57403000000000E+01
 1.92429170000000E+03   2.85140000000000E+01
 1.92437500000000E+03   1.62880000000000E+01
 1.92445830000000E+03  -8.86080000000000E+00
 1.92454170000000E+03  -4.77890000000000E+00
 1.92462500000000E+03   1.36111000000000E+01
 1.92470830000000E+03   6.23200000000000E+00
 1.92479170000000E+03   5.69920000000000E+00
 1.92487500000000E+03  -2.52560000000000E+00
 1.92495830000000E+03   7.55740000000000E+00
 1.92504170000000E+03   1.02559000000000E+01
 1.92512500000000E+03   6.03170000000000E+00
 1.92520830000000E+03   1.74230000000000E+01
 1.92529170000000E+03   3.17375000000000E+01
 1.92537500000000E+03   3.76676000000000E+01
 1.92545830000000E+03   4.15980000000000E+01
 1.92554170000000E+03   5.15284000000000E+01
 1.92562500000000E+03   3.03053000000000E+01
 1.92570830000000E+03   1.84670000000000E+01
 1.92579170000000E+03   2.17827000000000E+01
 1.92587500000000E+03   2.20986000000000E+01
 1.92595830000000E+03   3.15686000000000E+01
 1.92604170000000E+03   2.79617000000000E+01
 1.92612500000000E+03   3.38936000000000E+01
 1.92620830000000E+03   4.15180000000000E+01
 1.92629170000000E+03   3.45271000000000E+01
 1.92637500000000E+03   2.30750000000000E+01
 1.92645830000000E+03   1.83153000000000E+01
 1.92654170000000E+03   1.84789000000000E+01
 1.92662500000000E+03   1.27196000000000E+01
 1.92670830000000E+03   1.45759000000000E+01
 1.92679170000000E+03   1.08170000000000E+01
 1.92687500000000E+03   2.26737000000000E+01
 1.92695830000000E+03   3.86075000000000E+01
 1.92704170000000E+03   4.56183000000000E+01
 1.92712500000000E+03   5.07064000000000E+01
 1.92720830000000E+03   5.04100000000000E+01
 1.92729170000000E+03   4.46522000000000E+01
 1.92737500000000E+03   5.18178000000000E+01
 1.92745830000000E+03   4.35989000000000E+01
 1.92754170000000E+03   2.98417000000000E+01
 1.92762500000000E+03   2.18539000000000E+01
 1.92770830000000E+03   5.58700000000000E-01
 1.92779170000000E+03  -5.81330000000000E+00
 1.92787500000000E+03  -1.34928000000000E+01
 1.92795830000000E+03  -1.98643000000000E+01
 1.92804170000000E+03  -1.55435000000000E+01
 1.92812500000000E+03  -6.99160000000000E+00
 1.92820830000000E+03  -2.82410000000000E+00
 1.92829170000000E+03  -2.50270000000000E+00
 1.92837500000000E+03  -5.02710000000000E+00
 1.92845830000000E+03  -8.93600000000000E+00
 1.92854170000000E+03  -6.53700000000000E+00
 1.92862500000000E+03  -1.43686000000000E+01
 1.92870830000000E+03  -2.72769000000000E+01
 1.92879170000000E+03  -8.56970000000000E+00
 1.92887500000000E+03   9.07000000000000E-01
 1.92895830000000E+03   1.24608000000000E+01
 1.92904170000000E+03   1.59379000000000E+01
 1.92912500000000E+03   4.95360000000000E+00
 1.92920830000000E+03  -2.64580000000000E+00
 1.92929170000000E+03   9.85600000000000E-01
 1.92937500000000E+03   1.23270000000000E+00
 1.92945830000000E+03  -2.90460000000000E+00
 1.92954170000000E+03  -9.58030000000000E+00
 1.92962500000000E+03  -1.31788000000000E+01
 1.92970830000000E+03  -6.93090000000000E+00
 1.92979170000000E+03  -1.52910000000000E+00
 1.92987500000000E+03  -1.06655000000000E+01
 1.92995830000000E+03  -1.69555000000000E+01
 1.93004170000000E+03  -1.45531000000000E+01
 1.93012500000000E+03  -1.14581000000000E+01
 1.93020830000000E+03  -1.43629000000000E+01
 1.93029170000000E+03  -2.08061000000000E+01
 1.93037500000000E+03  -1.17875000000000E+01
 1.93045830000000E+03  -1.58456000000000E+01
 1.93054170000000E+03  -1.52881000000000E+01
 1.93062500000000E+03  -3.09612000000000E+01
 1.93070830000000E+03  -2.90957000000000E+01
 1.93079170000000E+03  -2.46146000000000E+01
 1.93087500000000E+03  -2.15948000000000E+01
 1.93095830000000E+03  -1.26518000000000E+01
 1.93104170000000E+03   6.13760000000000E+00
 1.93112500000000E+03   7.61950000000000E+00
 1.93120830000000E+03   7.48620000000000E+00
 1.93129170000000E+03   1.64300000000000E+01
 1.93137500000000E+03   2.09125000000000E+01
 1.93145830000000E+03  -3.37410000000000E+00
 1.93154170000000E+03   3.64720000000000E+00
 1.93162500000000E+03   1.45918000000000E+01
 1.93170830000000E+03   1.86135000000000E+01
 1.93179170000000E+03   2.05584000000000E+01
 1.93187500000000E+03   2.33497000000000E+01
 1.93195830000000E+03   2.83720000000000E+01
 1.93204170000000E+03   3.61637000000000E+01
 1.93212500000000E+03   3.33402000000000E+01
 1.93220830000000E+03   3.32092000000000E+01
 1.93229170000000E+03   3.97707000000000E+01
 1.93237500000000E+03   3.00247000000000E+01
 1.93245830000000E+03   2.64328000000000E+01
 1.93254170000000E+03   2.35333000000000E+01
 1.93262500000000E+03   1.70956000000000E+01
 1.93270830000000E+03  -1.17265000000000E+01
 1.93279170000000E+03   1.22070000000000E+00
 1.93287500000000E+03  -2.93400000000000E-01
 1.93295830000000E+03  -2.73030000000000E+00
 1.93304170000000E+03   2.94400000000000E-01
 1.93312500000000E+03   9.85790000000000E+00
 1.93320830000000E+03   8.34460000000000E+00
 1.93329170000000E+03  -3.32240000000000E+00
 1.93337500000000E+03  -1.90660000000000E+01
 1.93345830000000E+03  -2.70403000000000E+01
 1.93354170000000E+03  -3.90144000000000E+01
 1.93362500000000E+03  -2.83729000000000E+01
 1.93370830000000E+03  -2.88850000000000E+01
 1.93379170000000E+03  -3.54739000000000E+01
 1.93387500000000E+03  -4.81395000000000E+01
 1.93395830000000E+03  -4.11126000000000E+01
 1.93404170000000E+03  -3.10855000000000E+01
 1.93412500000000E+03  -2.37505000000000E+01
 1.93420830000000E+03  -3.80307000000000E+01
 1.93429170000000E+03  -3.51569000000000E+01
 1.93437500000000E+03  -1.74368000000000E+01
 1.93445830000000E+03  -1.65625000000000E+01
 1.93454170000000E+03  -1.94574000000000E+01
 1.93462500000000E+03  -4.58280000000000E+00
 1.93470830000000E+03  -1.22464000000000E+01
 1.93479170000000E+03  -1.26023000000000E+01
 1.93487500000000E+03  -1.49630000000000E+00
 1.93495830000000E+03   4.56000000000000E-01
 1.93504170000000E+03   4.63920000000000E+00
 1.93512500000000E+03   1.43611000000000E+01
 1.93520830000000E+03   7.85250000000000E+00
 1.93529170000000E+03   2.22670000000000E+01
 1.93537500000000E+03   1.98357000000000E+01
 1.93545830000000E+03   1.45584000000000E+01
 1.93554170000000E+03   1.70504000000000E+01
 1.93562500000000E+03   3.41581000000000E+01
 1.93570830000000E+03   1.61891000000000E+01
 1.93579170000000E+03   1.40663000000000E+01
 1.93587500000000E+03   2.94380000000000E+00
 1.93595830000000E+03   8.20610000000000E+00
 1.93604170000000E+03   1.10070000000000E+01
 1.93612500000000E+03   6.65430000000000E+00
 1.93620830000000E+03  -2.77510000000000E+00
 1.93629170000000E+03  -5.12100000000000E-01
 1.93637500000000E+03  -6.55650000000000E+00
 1.93645830000000E+03  -9.98530000000000E+00
 1.93654170000000E+03  -9.72170000000000E+00
 1.93662500000000E+03  -3.29194000000000E+01
 1.93670830000000E+03  -4.68861000000000E+01
 1.93679170000000E+03  -4.39297000000000E+01
 1.93687500000000E+03  -5.09729000000000E+01
 1.93695830000000E+03  -4.80160000000000E+01
 1.93704170000000E+03  -3.73666000000000E+01
 1.93712500000000E+03  -2.90247000000000E+01
 1.93720830000000E+03  -2.76056000000000E+01
 1.93729170000000E+03  -3.15711000000000E+01
 1.93737500000000E+03  -3.47670000000000E+01
 1.93745830000000E+03  -4.02705000000000E+01
 1.93754170000000E+03  -4.69277000000000E+01
 1.93762500000000E+03  -4.33538000000000E+01
 1.93770830000000E+03  -1.71644000000000E+01
 1.93779170000000E+03   1.37944000000000E+01
 1.93787500000000E+03   2.39842000000000E+01
 1.93795830000000E+03   3.51743000000000E+01
 1.93804170000000E+03   4.92106000000000E+01
 1.93812500000000E+03   4.17086000000000E+01
 1.93820830000000E+03   3.88223000000000E+01
 1.93829170000000E+03   3.90900000000000E+01
 1.93837500000000E+03   4.75117000000000E+01
 1.93845830000000E+03   4.57798000000000E+01
 1.93854170000000E+03   3.63557000000000E+01
 1.93862500000000E+03   4.37011000000000E+01
 1.93870830000000E+03   3.54313000000000E+01
 1.93879170000000E+03   1.97770000000000E+01
 1.93887500000000E+03  -1.01078000000000E+01
 1.93895830000000E+03  -1.14539000000000E+01
 1.93904170000000E+03  -8.56910000000000E+00
 1.93912500000000E+03  -1.66072000000000E+01
 1.93920830000000E+03  -2.21835000000000E+01
 1.93929170000000E+03  -3.30674000000000E+01
 1.93937500000000E+03  -5.67972000000000E+01
 1.93945830000000E+03  -6.61422000000000E+01
 1.93954170000000E+03  -6.16409000000000E+01
 1.93962500000000E+03  -7.21393000000000E+01
 1.93970830000000E+03  -8.00222000000000E+01
 1.93979170000000E+03  -9.16742000000000E+01
 1.93987500000000E+03  -9.59413000000000E+01
 1.93995830000000E+03  -9.45159000000000E+01
 1.94004170000000E+03  -9.58596000000000E+01
 1.94012500000000E+03  -8.75876000000000E+01
 1.94020830000000E+03  -7.20847000000000E+01
 1.94029170000000E+03  -6.16586000000000E+01
 1.94037500000000E+03  -5.91553000000000E+01
 1.94045830000000E+03  -3.29595000000000E+01
 1.94054170000000E+03  -3.83790000000000E+01
 1.94062500000000E+03  -5.85674000000000E+01
 1.94070830000000E+03  -4.82172000000000E+01
 1.94079170000000E+03  -5.61746000000000E+01
 1.94087500000000E+03  -5.81317000000000E+01
 1.94095830000000E+03  -5.45501000000000E+01
 1.94104170000000E+03  -4.53530000000000E+01
 1.94112500000000E+03  -4.23095000000000E+01
 1.94120830000000E+03  -4.24197000000000E+01
 1.94129170000000E+03  -5.67605000000000E+01
 1.94137500000000E+03  -6.86395000000000E+01
 1.94145830000000E+03  -6.09030000000000E+01
 1.94154170000000E+03  -6.71662000000000E+01
 1.94162500000000E+03  -7.72755000000000E+01
 1.94170830000000E+03  -8.04614000000000E+01
 1.94179170000000E+03  -8.49549000000000E+01
 1.94187500000000E+03  -8.20635000000000E+01
 1.94195830000000E+03  -7.04796000000000E+01
 1.94204170000000E+03  -5.55110000000000E+01
 1.94212500000000E+03  -5.76960000000000E+01
 1.94220830000000E+03  -5.73423000000000E+01
 1.94229170000000E+03  -5.65269000000000E+01
 1.94237500000000E+03  -4.93267000000000E+01
 1.94245830000000E+03  -2.65879000000000E+01
 1.94254170000000E+03  -2.94642000000000E+01
 1.94262500000000E+03  -2.72634000000000E+01
 1.94270830000000E+03  -2.98550000000000E+00
 1.94279170000000E+03   2.30618000000000E+01
 1.94287500000000E+03   4.00324000000000E+01
 1.94295830000000E+03   5.16955000000000E+01
 1.94304170000000E+03   6.02818000000000E+01
 1.94312500000000E+03   6.34837000000000E+01
 1.94320830000000E+03   6.69936000000000E+01
 1.94329170000000E+03   7.18113000000000E+01
 1.94337500000000E+03   5.50138000000000E+01
 1.94345830000000E+03   4.46780000000000E+01
 1.94354170000000E+03   4.34963000000000E+01
 1.94362500000000E+03   6.34686000000000E+01
 1.94370830000000E+03   6.46719000000000E+01
 1.94379170000000E+03   4.97215000000000E+01
 1.94387500000000E+03   4.89252000000000E+01
 1.94395830000000E+03   4.62829000000000E+01
 1.94404170000000E+03   4.58716000000000E+01
 1.94412500000000E+03   3.25374000000000E+01
 1.94420830000000E+03   2.24341000000000E+01
 1.94429170000000E+03   2.13311000000000E+01
 1.94437500000000E+03   1.53051000000000E+01
 1.94445830000000E+03   1.70486000000000E+01
 1.94454170000000E+03   1.93307000000000E+01
 1.94462500000000E+03  -1.23310000000000E+00
 1.94470830000000E+03  -1.47967000000000E+01
 1.94479170000000E+03  -1.07448000000000E+01
 1.94487500000000E+03  -1.76960000000000E+00
 1.94495830000000E+03  -3.02490000000000E+00
 1.94504170000000E+03   3.33530000000000E+00
 1.94512500000000E+03   1.08495000000000E+01
 1.94520830000000E+03   1.86717000000000E+01
 1.94529170000000E+03   2.78017000000000E+01
 1.94537500000000E+03   2.71627000000000E+01
 1.94545830000000E+03   3.66777000000000E+01
 1.94554170000000E+03   4.08852000000000E+01
 1.94562500000000E+03   5.27852000000000E+01
 1.94570830000000E+03   5.82239000000000E+01
 1.94579170000000E+03   5.84320000000000E+01
 1.94587500000000E+03   4.85634000000000E+01
 1.94595830000000E+03   4.86180000000000E+01
 1.94604170000000E+03   4.66729000000000E+01
 1.94612500000000E+03   4.80356000000000E+01
 1.94620830000000E+03   4.47062000000000E+01
 1.94629170000000E+03   4.86847000000000E+01
 1.94637500000000E+03   2.98941000000000E+01
 1.94645830000000E+03   1.59499000000000E+01
 1.94654170000000E+03  -1.34556000000000E+01
 1.94662500000000E+03  -3.61687000000000E+01
 1.94670830000000E+03  -6.44200000000000E+01
 1.94679170000000E+03  -6.78250000000000E+01
 1.94687500000000E+03  -8.22297000000000E+01
 1.94695830000000E+03  -8.57112000000000E+01
 1.94704170000000E+03  -8.86541000000000E+01
 1.94712500000000E+03  -8.99045000000000E+01
 1.94720830000000E+03  -1.06308500000000E+02
 1.94729170000000E+03  -1.05096900000000E+02
 1.94737500000000E+03  -1.07115900000000E+02
 1.94745830000000E+03  -8.59809000000000E+01
 1.94754170000000E+03  -6.61534000000000E+01
 1.94762500000000E+03  -4.66333000000000E+01
 1.94770830000000E+03  -3.23439000000000E+01
 1.94779170000000E+03  -2.02081000000000E+01
 1.94787500000000E+03  -1.84567000000000E+01
 1.94795830000000E+03  -8.93590000000000E+00
 1.94804170000000E+03   3.50820000000000E+00
 1.94812500000000E+03   1.12601000000000E+01
 1.94820830000000E+03   1.96277000000000E+01
 1.94829170000000E+03   4.40723000000000E+01
 1.94837500000000E+03   4.77479000000000E+01
 1.94845830000000E+03   4.75007000000000E+01
 1.94854170000000E+03   4.33305000000000E+01
 1.94862500000000E+03   4.75452000000000E+01
 1.94870830000000E+03   5.52216000000000E+01
 1.94879170000000E+03   6.20520000000000E+01
 1.94887500000000E+03   6.60364000000000E+01
 1.94895830000000E+03   7.75595000000000E+01
 1.94904170000000E+03   8.10059000000000E+01
 1.94912500000000E+03   8.72987000000000E+01
 1.94920830000000E+03   7.87454000000000E+01
 1.94929170000000E+03   6.55770000000000E+01
 1.94937500000000E+03   5.41011000000000E+01
 1.94945830000000E+03   5.37023000000000E+01
 1.94954170000000E+03   5.81498000000000E+01
 1.94962500000000E+03   4.44437000000000E+01
 1.94970830000000E+03   3.31993000000000E+01
 1.94979170000000E+03   2.78782000000000E+01
 1.94987500000000E+03   2.14034000000000E+01
 1.94995830000000E+03   2.13904000000000E+01
 1.95004170000000E+03   2.03006000000000E+01
 1.95012500000000E+03   1.80572000000000E+01
 1.95020830000000E+03   1.04294000000000E+01
 1.95029170000000E+03   3.46479000000000E+01
 1.95037500000000E+03   4.20204000000000E+01
 1.95045830000000E+03   4.29316000000000E+01
 1.95054170000000E+03   3.11507000000000E+01
 1.95062500000000E+03   4.06230000000000E+00
 1.95070830000000E+03  -1.94900000000000E+00
 1.95079170000000E+03  -7.26780000000000E+00
 1.95087500000000E+03  -1.48941000000000E+01
 1.95095830000000E+03  -1.71356000000000E+01
 1.95104170000000E+03  -1.43000000000000E+01
 1.95112500000000E+03  -2.26180000000000E+01
 1.95120830000000E+03  -2.51666000000000E+01
 1.95129170000000E+03  -4.28689000000000E+01
 1.95137500000000E+03  -7.76479000000000E+01
 1.95145830000000E+03  -6.77344000000000E+01
 1.95154170000000E+03  -5.69745000000000E+01
 1.95162500000000E+03  -4.89837000000000E+01
 1.95170830000000E+03  -3.52234000000000E+01
 1.95179170000000E+03  -3.29246000000000E+01
 1.95187500000000E+03  -3.50870000000000E+01
 1.95195830000000E+03  -2.06339000000000E+01
 1.95204170000000E+03  -5.48820000000000E+00
 1.95212500000000E+03  -7.80400000000000E+00
 1.95220830000000E+03   5.95740000000000E+00
 1.95229170000000E+03   2.09498000000000E+01
 1.95237500000000E+03   4.13270000000000E+01
 1.95245830000000E+03   5.59351000000000E+01
 1.95254170000000E+03   3.56973000000000E+01
 1.95262500000000E+03   2.59212000000000E+01
 1.95270830000000E+03   1.34529000000000E+01
 1.95279170000000E+03   1.76772000000000E+01
 1.95287500000000E+03   2.42094000000000E+01
 1.95295830000000E+03   2.72033000000000E+01
 1.95304170000000E+03   1.53512000000000E+01
 1.95312500000000E+03   1.91917000000000E+01
 1.95320830000000E+03   3.18785000000000E+01
 1.95329170000000E+03   2.71039000000000E+01
 1.95337500000000E+03   3.02180000000000E+00
 1.95345830000000E+03  -2.36770000000000E+00
 1.95354170000000E+03   3.55060000000000E+00
 1.95362500000000E+03  -1.18386000000000E+01
 1.95370830000000E+03  -4.56122000000000E+01
 1.95379170000000E+03  -5.20009000000000E+01
 1.95387500000000E+03  -6.56972000000000E+01
 1.95395830000000E+03  -7.60087000000000E+01
 1.95404170000000E+03  -6.76277000000000E+01
 1.95412500000000E+03  -5.91696000000000E+01
 1.95420830000000E+03  -6.51728000000000E+01
 1.95429170000000E+03  -6.71758000000000E+01
 1.95437500000000E+03  -6.34094000000000E+01
 1.95445830000000E+03  -5.07966000000000E+01
 1.95454170000000E+03  -5.06452000000000E+01
 1.95462500000000E+03  -5.30321000000000E+01
 1.95470830000000E+03  -4.34187000000000E+01
 1.95479170000000E+03  -2.20360000000000E+01
 1.95487500000000E+03  -7.57610000000000E+00
 1.95495830000000E+03   4.65320000000000E+00
 1.95504170000000E+03   2.05750000000000E+01
 1.95512500000000E+03   1.35739000000000E+01
 1.95520830000000E+03   7.95760000000000E+00
 1.95529170000000E+03   1.24184000000000E+01
 1.95537500000000E+03   1.93410000000000E+01
 1.95545830000000E+03   2.61099000000000E+01
 1.95554170000000E+03   4.04175000000000E+01
 1.95562500000000E+03   3.51098000000000E+01
 1.95570830000000E+03   2.15716000000000E+01
 1.95579170000000E+03   2.74182000000000E+01
 1.95587500000000E+03   2.91881000000000E+01
 1.95595830000000E+03   2.54966000000000E+01
 1.95604170000000E+03   3.14208000000000E+01
 1.95612500000000E+03   3.96527000000000E+01
 1.95620830000000E+03   4.29619000000000E+01
 1.95629170000000E+03   5.78096000000000E+01
 1.95637500000000E+03   4.87345000000000E+01
 1.95645830000000E+03   4.27365000000000E+01
 1.95654170000000E+03   2.08156000000000E+01
 1.95662500000000E+03   1.18180000000000E+01
 1.95670830000000E+03   5.66670000000000E+00
 1.95679170000000E+03   4.28480000000000E+00
 1.95687500000000E+03   4.36470000000000E+00
 1.95695830000000E+03   2.44480000000000E+00
 1.95704170000000E+03   6.67890000000000E+00
 1.95712500000000E+03   8.52860000000000E+00
 1.95720830000000E+03   1.30708000000000E+01
 1.95729170000000E+03   2.53824000000000E+01
 1.95737500000000E+03   2.36173000000000E+01
 1.95745830000000E+03   3.25447000000000E+01
 1.95754170000000E+03   2.74722000000000E+01
 1.95762500000000E+03   4.41692000000000E+01
 1.95770830000000E+03   3.88664000000000E+01
 1.95779170000000E+03   3.26407000000000E+01
 1.95787500000000E+03   4.44152000000000E+01
 1.95795830000000E+03   4.87284000000000E+01
 1.95804170000000E+03   5.57340000000000E+01
 1.95812500000000E+03   6.09706000000000E+01
 1.95820830000000E+03   5.18998000000000E+01
 1.95829170000000E+03   4.29060000000000E+01
 1.95837500000000E+03   3.01432000000000E+01
 1.95845830000000E+03   2.26113000000000E+01
 1.95854170000000E+03   2.53105000000000E+01
 1.95862500000000E+03   1.35482000000000E+01
 1.95870830000000E+03  -8.29200000000000E-01
 1.95879170000000E+03  -5.74490000000000E+00
 1.95887500000000E+03  -3.27580000000000E+00
 1.95895830000000E+03  -4.34490000000000E+00
 1.95904170000000E+03   2.20150000000000E+00
 1.95912500000000E+03   9.78900000000000E-01
 1.95920830000000E+03  -9.35800000000000E-01
 1.95929170000000E+03   2.26600000000000E-01
 1.95937500000000E+03  -9.53390000000000E+00
 1.95945830000000E+03  -2.91404000000000E+01
 1.95954170000000E+03  -3.44390000000000E+01
 1.95962500000000E+03  -5.97373000000000E+01
 1.95970830000000E+03  -7.61125000000000E+01
 1.95979170000000E+03  -9.44874000000000E+01
 1.95987500000000E+03  -1.00708200000000E+02
 1.95995830000000E+03  -9.27751000000000E+01
 1.96004170000000E+03  -8.77648000000000E+01
 1.96012500000000E+03  -8.46005000000000E+01
 1.96020830000000E+03  -7.63591000000000E+01
 1.96029170000000E+03  -8.48867000000000E+01
 1.96037500000000E+03  -9.13372000000000E+01
 1.96045830000000E+03  -7.80182000000000E+01
 1.96054170000000E+03  -6.92376000000000E+01
 1.96062500000000E+03  -7.11490000000000E+01
 1.96070830000000E+03  -4.88295000000000E+01
 1.96079170000000E+03  -1.65867000000000E+01
 1.96087500000000E+03   4.88700000000000E+00
 1.96095830000000E+03   1.90533000000000E+01
 1.96104170000000E+03   3.80659000000000E+01
 1.96112500000000E+03   4.85402000000000E+01
 1.96120830000000E+03   5.24762000000000E+01
 1.96129170000000E+03   3.63356000000000E+01
 1.96137500000000E+03   4.31951000000000E+01
 1.96145830000000E+03   5.89778000000000E+01
 1.96154170000000E+03   6.06070000000000E+01
 1.96162500000000E+03   8.63132000000000E+01
 1.96170830000000E+03   8.14812000000000E+01
 1.96179170000000E+03   6.62648000000000E+01
 1.96187500000000E+03   4.83562000000000E+01
 1.96195830000000E+03   4.53709000000000E+01
 1.96204170000000E+03   5.02320000000000E+01
 1.96212500000000E+03   3.99394000000000E+01
 1.96220830000000E+03   4.28777000000000E+01
 1.96229170000000E+03   3.22778000000000E+01
 1.96237500000000E+03   3.78319000000000E+01
 1.96245830000000E+03   3.83863000000000E+01
 1.96254170000000E+03   2.58639000000000E+01
 1.96262500000000E+03   9.03400000000000E+00
 1.96270830000000E+03  -1.94111000000000E+01
 1.96279170000000E+03  -3.21637000000000E+01
 1.96287500000000E+03  -3.69931000000000E+01
 1.96295830000000E+03  -4.21299000000000E+01
 1.96304170000000E+03  -4.04973000000000E+01
 1.96312500000000E+03  -5.19414000000000E+01
 1.96320830000000E+03  -6.18469000000000E+01
 1.96329170000000E+03  -6.76752000000000E+01
 1.96337500000000E+03  -5.99650000000000E+01
 1.96345830000000E+03  -5.80237000000000E+01
 1.96354170000000E+03  -6.13899000000000E+01
 1.96362500000000E+03  -4.33714000000000E+01
 1.96370830000000E+03  -5.30450000000000E+01
 1.96379170000000E+03  -6.11798000000000E+01
 1.96387500000000E+03  -4.57761000000000E+01
 1.96395830000000E+03  -3.82183000000000E+01
 1.96404170000000E+03  -2.31988000000000E+01
 1.96412500000000E+03  -1.85637000000000E+01
 1.96420830000000E+03  -1.13130000000000E+01
 1.96429170000000E+03  -2.06210000000000E+00
 1.96437500000000E+03  -1.29649000000000E+01
 1.96445830000000E+03  -1.08675000000000E+01
 1.96454170000000E+03  -9.46220000000000E+00
 1.96462500000000E+03  -6.21050000000000E+00
 1.96470830000000E+03  -2.78049000000000E+01
 1.96479170000000E+03  -1.78605000000000E+01
 1.96487500000000E+03  -7.37750000000000E+00
 1.96495830000000E+03  -1.21251000000000E+01
 1.96504170000000E+03   1.58900000000000E+00
 1.96512500000000E+03   2.84180000000000E+00
 1.96520830000000E+03   1.09480000000000E+00
 1.96529170000000E+03  -9.03660000000000E+00
 1.96537500000000E+03  -3.93710000000000E+00
 1.96545830000000E+03  -5.52970000000000E+00
 1.96554170000000E+03  -1.89682000000000E+01
 1.96562500000000E+03  -3.13296000000000E+01
 1.96570830000000E+03  -3.34601000000000E+01
 1.96579170000000E+03  -2.36673000000000E+01
 1.96587500000000E+03  -2.47205000000000E+01
 1.96595830000000E+03  -1.50811000000000E+01
 1.96604170000000E+03   7.89200000000000E-01
 1.96612500000000E+03  -2.03260000000000E+00
 1.96620830000000E+03   2.99600000000000E-01
 1.96629170000000E+03   4.55510000000000E+00
 1.96637500000000E+03   9.64600000000000E-01
 1.96645830000000E+03  -7.85640000000000E+00
 1.96654170000000E+03  -3.69600000000000E-01
 1.96662500000000E+03  -2.57490000000000E+00
 1.96670830000000E+03   2.23739000000000E+01
 1.96679170000000E+03   2.97075000000000E+01
 1.96687500000000E+03   3.18874000000000E+01
 1.96695830000000E+03   3.93752000000000E+01
 1.96704170000000E+03   4.45555000000000E+01
 1.96712500000000E+03   4.43514000000000E+01
 1.96720830000000E+03   4.31475000000000E+01
 1.96729170000000E+03   4.54053000000000E+01
 1.96737500000000E+03   4.94325000000000E+01
 1.96745830000000E+03   7.37676000000000E+01
 1.96754170000000E+03   8.27953000000000E+01
 1.96762500000000E+03   8.26692000000000E+01
 1.96770830000000E+03   8.95434000000000E+01
 1.96779170000000E+03   7.61100000000000E+01
 1.96787500000000E+03   6.56000000000000E+01
 1.96795830000000E+03   5.41670000000000E+01
 1.96804170000000E+03   5.77342000000000E+01
 1.96812500000000E+03   4.86863000000000E+01
 1.96820830000000E+03   3.73308000000000E+01
 1.96829170000000E+03   3.32063000000000E+01
 1.96837500000000E+03   2.56974000000000E+01
 1.96845830000000E+03   6.41940000000000E+00
 1.96854170000000E+03  -2.78583000000000E+01
 1.96862500000000E+03  -4.59051000000000E+01
 1.96870830000000E+03  -7.81825000000000E+01
 1.96879170000000E+03  -9.05366000000000E+01
 1.96887500000000E+03  -9.98905000000000E+01
 1.96895830000000E+03  -1.04936600000000E+02
 1.96904170000000E+03  -9.63670000000000E+01
 1.96912500000000E+03  -1.09258800000000E+02
 1.96920830000000E+03  -1.02842700000000E+02
 1.96929170000000E+03  -9.23495000000000E+01
 1.96937500000000E+03  -6.97792000000000E+01
 1.96945830000000E+03  -6.73625000000000E+01
 1.96954170000000E+03  -7.31764000000000E+01
 1.96962500000000E+03  -6.50671000000000E+01
 1.96970830000000E+03  -6.90345000000000E+01
 1.96979170000000E+03  -4.36170000000000E+01
 1.96987500000000E+03  -3.45071000000000E+01
 1.96995830000000E+03  -2.77816000000000E+01
 1.97004170000000E+03  -1.80559000000000E+01
 1.97012500000000E+03  -1.48684000000000E+01
 1.97020830000000E+03   1.24230000000000E+00
 1.97029170000000E+03   1.43010000000000E+00
 1.97037500000000E+03   1.36950000000000E+01
 1.97045830000000E+03  -2.70600000000000E-01
 1.97054170000000E+03  -7.85140000000000E+00
 1.97062500000000E+03   1.19525000000000E+01
 1.97070830000000E+03   1.82951000000000E+01
 1.97079170000000E+03   2.30226000000000E+01
 1.97087500000000E+03   1.35195000000000E+01
 1.97095830000000E+03   8.86270000000000E+00
 1.97104170000000E+03   1.55907000000000E+01
 1.97112500000000E+03   9.16510000000000E+00
 1.97120830000000E+03   9.50880000000000E+00
 1.97129170000000E+03   7.54510000000000E+00
 1.97137500000000E+03   2.09662000000000E+01
 1.97145830000000E+03   1.79260000000000E+01
 1.97154170000000E+03   1.88590000000000E+00
 1.97162500000000E+03  -1.80770000000000E+01
 1.97170830000000E+03  -5.01936000000000E+01
 1.97179170000000E+03  -4.91562000000000E+01
 1.97187500000000E+03  -5.19647000000000E+01
 1.97195830000000E+03  -4.42346000000000E+01
 1.97204170000000E+03  -3.77350000000000E+01
 1.97212500000000E+03  -4.17737000000000E+01
 1.97220830000000E+03  -3.54276000000000E+01
 1.97229170000000E+03  -3.66967000000000E+01
 1.97237500000000E+03  -2.49656000000000E+01
 1.97245830000000E+03  -3.06959000000000E+01
 1.97254170000000E+03  -5.26567000000000E+01
 1.97262500000000E+03  -3.90789000000000E+01
 1.97270830000000E+03  -1.28855000000000E+01
 1.97279170000000E+03   2.18466000000000E+01
 1.97287500000000E+03   2.05789000000000E+01
 1.97295830000000E+03   2.93113000000000E+01
 1.97304170000000E+03   3.28901000000000E+01
 1.97312500000000E+03   3.36230000000000E+01
 1.97320830000000E+03   3.83560000000000E+01
 1.97329170000000E+03   3.38584000000000E+01
 1.97337500000000E+03   4.42072000000000E+01
 1.97345830000000E+03   4.80177000000000E+01
 1.97354170000000E+03   4.07516000000000E+01
 1.97362500000000E+03   5.11778000000000E+01
 1.97370830000000E+03   2.66043000000000E+01
 1.97379170000000E+03   7.95410000000000E+00
 1.97387500000000E+03  -1.50806000000000E+01
 1.97395830000000E+03  -8.19200000000000E+00
 1.97404170000000E+03   8.85070000000000E+00
 1.97412500000000E+03   1.69704000000000E+01
 1.97420830000000E+03   1.41673000000000E+01
 1.97429170000000E+03   2.10567000000000E+01
 1.97437500000000E+03   2.87924000000000E+01
 1.97445830000000E+03   3.70668000000000E+01
 1.97454170000000E+03   4.38029000000000E+01
 1.97462500000000E+03   4.76930000000000E+01
 1.97470830000000E+03   4.12757000000000E+01
 1.97479170000000E+03   5.21662000000000E+01
 1.97487500000000E+03   6.05185000000000E+01
 1.97495830000000E+03   7.47940000000000E+01
 1.97504170000000E+03   7.01467000000000E+01
 1.97512500000000E+03   5.71918000000000E+01
 1.97520830000000E+03   4.43141000000000E+01
 1.97529170000000E+03   5.31289000000000E+01
 1.97537500000000E+03   3.60977000000000E+01
 1.97545830000000E+03   3.28359000000000E+01
 1.97554170000000E+03   4.28820000000000E+01
 1.97562500000000E+03   8.77450000000000E+00
 1.97570830000000E+03  -8.17910000000000E+00
 1.97579170000000E+03  -6.82460000000000E+00
 1.97587500000000E+03  -5.93160000000000E+00
 1.97595830000000E+03  -2.26920000000000E+00
 1.97604170000000E+03  -2.14490000000000E+00
 1.97612500000000E+03   2.67170000000000E+00
 1.97620830000000E+03  -2.03700000000000E-01
 1.97629170000000E+03  -1.53866000000000E+01
 1.97637500000000E+03  -3.41078000000000E+01
 1.97645830000000E+03  -1.83673000000000E+01
 1.97654170000000E+03  -2.74727000000000E+01
 1.97662500000000E+03  -6.46548000000000E+01
 1.97670830000000E+03  -6.11445000000000E+01
 1.97679170000000E+03  -5.23262000000000E+01
 1.97687500000000E+03  -5.29694000000000E+01
 1.97695830000000E+03  -5.10739000000000E+01
 1.97704170000000E+03  -3.84858000000000E+01
 1.97712500000000E+03  -3.68976000000000E+01
 1.97720830000000E+03  -3.71553000000000E+01
 1.97729170000000E+03  -3.34128000000000E+01
 1.97737500000000E+03  -1.31700000000000E-01
 1.97745830000000E+03   1.36881000000000E+01
 1.97754170000000E+03   1.01235000000000E+01
 1.97762500000000E+03   3.78970000000000E+00
 1.97770830000000E+03   6.22550000000000E+00
 1.97779170000000E+03   2.12300000000000E+00
 1.97787500000000E+03  -1.42102000000000E+01
 1.97795830000000E+03  -1.93892000000000E+01
 1.97804170000000E+03  -1.20296000000000E+01
 1.97812500000000E+03  -2.08237000000000E+01
 1.97820830000000E+03   8.43900000000000E-01
 1.97829170000000E+03   6.89640000000000E+00
 1.97837500000000E+03   1.91029000000000E+01
 1.97845830000000E+03   1.18481000000000E+01
 1.97854170000000E+03   1.05500000000000E+00
 1.97862500000000E+03  -1.12764000000000E+01
 1.97870830000000E+03  -6.22300000000000E+00
 1.97879170000000E+03  -1.68616000000000E+01
 1.97887500000000E+03  -1.61155000000000E+01
 1.97895830000000E+03  -6.21540000000000E+00
 1.97904170000000E+03   1.39158000000000E+01
 1.97912500000000E+03   1.68933000000000E+01
 1.97920830000000E+03   2.42555000000000E+01
 1.97929170000000E+03   7.07960000000000E+00
 1.97937500000000E+03  -1.12501000000000E+01
 1.97945830000000E+03  -1.52719000000000E+01
 1.97954170000000E+03  -2.94472000000000E+01
 1.97962500000000E+03  -3.39301000000000E+01
 1.97970830000000E+03  -5.01821000000000E+01
 1.97979170000000E+03  -5.43569000000000E+01
 1.97987500000000E+03  -5.05316000000000E+01
 1.97995830000000E+03  -4.67830000000000E+01
 1.98004170000000E+03  -3.36495000000000E+01
 1.98012500000000E+03  -4.75159000000000E+01
 1.98020830000000E+03  -5.01513000000000E+01
 1.98029170000000E+03  -4.70941000000000E+01
 1.98037500000000E+03  -4.38830000000000E+01
 1.98045830000000E+03  -2.19025000000000E+01
 1.98054170000000E+03  -1.39986000000000E+01
 1.98062500000000E+03   1.17515000000000E+01
 1.98070830000000E+03   1.81172000000000E+01
 1.98079170000000E+03   2.87909000000000E+01
 1.98087500000000E+03   3.20032000000000E+01
 1.98095830000000E+03   4.43695000000000E+01
 1.98104170000000E+03   5.25053000000000E+01
 1.98112500000000E+03   5.86412000000000E+01
 1.98120830000000E+03   6.17773000000000E+01
 1.98129170000000E+03   6.43752000000000E+01
 1.98137500000000E+03   7.42041000000000E+01
 1.98145830000000E+03   9.50331000000000E+01
 1.98154170000000E+03   8.89969000000000E+01
 1.98162500000000E+03   7.58525000000000E+01
 1.98170830000000E+03   5.73674000000000E+01
 1.98179170000000E+03   7.45392000000000E+01
 1.98187500000000E+03   1.00863800000000E+02
 1.98195830000000E+03   1.30692600000000E+02
