 1.89704170000000E+03  -5.35400000000000E-01
 1.89712500000000E+03  -1.25771000000000E+01
 1.89720830000000E+03  -1.87380000000000E+01
 1.89729170000000E+03  -3.18824000000000E+01
 1.89737500000000E+03  -3.95601000000000E+01
 1.89745830000000E+03  -4.60546000000000E+01
 1.89754170000000E+03  -4.93313000000000E+01
 1.89762500000000E+03  -4.00247000000000E+01
 1.89770830000000E+03  -3.27182000000000E+01
 1.89779170000000E+03  -1.20272000000000E+01
 1.89787500000000E+03  -2.41320000000000E+00
 1.89795830000000E+03   4.27770000000000E+00
 1.89804170000000E+03  -4.03160000000000E+00
 1.89812500000000E+03  -9.64870000000000E+00
 1.89829170000000E+03  -1.34460000000000E+00
 1.89837500000000E+03  -2.42340000000000E+00
 1.89845830000000E+03   3.34380000000000E+00
 1.89854170000000E+03   9.88010000000000E+00
 1.89862500000000E+03   2.11856000000000E+01
 1.89870830000000E+03   3.47217000000000E+01
 1.89879170000000E+03   3.98731000000000E+01
 1.89887500000000E+03   4.11783000000000E+01
 1.89895830000000E+03   3.17142000000000E+01
 1.89904170000000E+03   2.50192000000000E+01
 1.89912500000000E+03   1.44011000000000E+01
 1.89920830000000E+03  -1.67870000000000E+00
 1.89929170000000E+03  -5.60480000000000E+00
 1.89937500000000E+03  -1.26078000000000E+01
 1.89945830000000E+03  -1.33032000000000E+01
 1.89954170000000E+03  -2.22960000000000E+00
 1.89962500000000E+03   1.44594000000000E+01
 1.89970830000000E+03   1.96099000000000E+01
 1.90004170000000E+03   8.21060000000000E+00
 1.90012500000000E+03  -1.17790000000000E+00
 1.90020830000000E+03  -8.33570000000000E+00
 1.90029170000000E+03  -2.58783000000000E+01
 1.90045830000000E+03  -3.98097000000000E+01
 1.90054170000000E+03  -3.92756000000000E+01
 1.90070830000000E+03  -1.92076000000000E+01
 1.90079170000000E+03  -1.90460000000000E+00
 1.90087500000000E+03   1.63984000000000E+01
 1.90104170000000E+03   3.06963000000000E+01
 1.90112500000000E+03   2.69991000000000E+01
 1.90120830000000E+03   8.07100000000000E+00
 1.90129170000000E+03  -6.31890000000000E+00
 1.90137500000000E+03  -6.55490000000000E+00
 1.90145830000000E+03  -7.56020000000000E+00
 1.90154170000000E+03  -1.00273000000000E+01
 1.90162500000000E+03  -3.95590000000000E+00
 1.90170830000000E+03  -8.57690000000000E+00
 1.90179170000000E+03  -1.17365000000000E+01
 1.90187500000000E+03  -1.64346000000000E+01
 1.90195830000000E+03  -2.21328000000000E+01
 1.90304170000000E+03  -3.44489000000000E+01
 1.90312500000000E+03  -3.84561000000000E+01
 1.90320830000000E+03  -3.40788000000000E+01
 1.90329170000000E+03  -2.78555000000000E+01
 1.90337500000000E+03  -2.13245000000000E+01
 1.90345830000000E+03  -1.12551000000000E+01
 1.90354170000000E+03  -6.95510000000000E+00
 1.90362500000000E+03   5.42180000000000E+00
 1.90370830000000E+03  -1.50910000000000E+00
 1.90379170000000E+03   1.90982000000000E+01
 1.90387500000000E+03   3.32441000000000E+01
 1.90395830000000E+03   4.73129000000000E+01
 1.90404170000000E+03   5.21508000000000E+01
 1.90412500000000E+03   5.71425000000000E+01
 1.90420830000000E+03   4.93649000000000E+01
 1.90429170000000E+03   4.01255000000000E+01
 1.90437500000000E+03   2.92708000000000E+01
 1.90445830000000E+03   3.05699000000000E+01
 1.90454170000000E+03   1.87149000000000E+01
 1.90462500000000E+03   1.06291000000000E+01
 1.90470830000000E+03   4.92790000000000E+00
 1.90479170000000E+03   1.93034000000000E+01
 1.90487500000000E+03   2.59096000000000E+01
 1.90495830000000E+03   2.25927000000000E+01
 1.90504170000000E+03   1.47372000000000E+01
 1.90512500000000E+03   2.80470000000000E+00
 1.90520830000000E+03  -3.66630000000000E+00
 1.90529170000000E+03  -9.82990000000000E+00
 1.90537500000000E+03  -1.29164000000000E+01
 1.90545830000000E+03  -8.92620000000000E+00
 1.90554170000000E+03  -1.21669000000000E+01
 1.90562500000000E+03  -9.17690000000000E+00
 1.90570830000000E+03  -4.95610000000000E+00
 1.90579170000000E+03   3.03360000000000E+00
 1.90587500000000E+03   1.34080000000000E+01
 1.90595830000000E+03   1.08592000000000E+01
 1.90604170000000E+03   1.18487000000000E+01
 1.90612500000000E+03   8.37670000000000E+00
 1.90620830000000E+03   1.59046000000000E+01
 1.90629170000000E+03   1.65092000000000E+01
 1.90637500000000E+03   1.85753000000000E+01
 1.90645830000000E+03   1.89490000000000E+01
 1.90654170000000E+03   1.40918000000000E+01
 1.90662500000000E+03   9.46540000000000E+00
 1.90670830000000E+03   2.83890000000000E+00
 1.90679170000000E+03  -1.32630000000000E+00
 1.90687500000000E+03  -1.87610000000000E+00
 1.90695830000000E+03  -9.57990000000000E+00
 1.90804170000000E+03  -2.49681000000000E+01
 1.90812500000000E+03  -4.32116000000000E+01
 1.90820830000000E+03  -5.73782000000000E+01
 1.90829170000000E+03  -7.09297000000000E+01
 1.90837500000000E+03  -7.82504000000000E+01
 1.90845830000000E+03  -7.51096000000000E+01
 1.90854170000000E+03  -7.19690000000000E+01
 1.90862500000000E+03  -6.24439000000000E+01
 1.90870830000000E+03  -5.42264000000000E+01
 1.90879170000000E+03  -3.77785000000000E+01
 1.90887500000000E+03  -2.08689000000000E+01
 1.90895830000000E+03  -1.42672000000000E+01
 1.90904170000000E+03  -1.82041000000000E+01
 1.90912500000000E+03  -1.44487000000000E+01
 1.90920830000000E+03  -2.84720000000000E+00
 1.90929170000000E+03   5.52330000000000E+00
 1.90937500000000E+03   4.32200000000000E-01
 1.90945830000000E+03   4.26420000000000E+00
 1.90954170000000E+03   1.97113000000000E+01
 1.90962500000000E+03   2.57739000000000E+01
 1.90970830000000E+03   2.76056000000000E+01
 1.90979170000000E+03   2.24370000000000E+01
 1.90987500000000E+03   1.41147000000000E+01
 1.90995830000000E+03   3.10000000000000E+00
 1.91254170000000E+03  -3.48120000000000E+00
 1.91262500000000E+03   8.11650000000000E+00
 1.91270830000000E+03   2.48679000000000E+01
 1.91279170000000E+03   1.23884000000000E+01
 1.91287500000000E+03   1.50627000000000E+01
 1.91295830000000E+03   3.63523000000000E+01
 1.91329170000000E+03   2.68943000000000E+01
 1.91337500000000E+03  -2.01200000000000E-01
 1.91345830000000E+03  -2.66044000000000E+01
 1.91429170000000E+03  -4.26424000000000E+01
 1.91437500000000E+03  -5.06620000000000E+01
 1.91445830000000E+03  -6.01433000000000E+01
 1.91454170000000E+03  -7.03171000000000E+01
 1.91462500000000E+03  -8.17216000000000E+01
 1.91470830000000E+03  -1.02664700000000E+02
 1.91479170000000E+03  -1.26377200000000E+02
 1.91487500000000E+03  -1.16320500000000E+02
 1.91495830000000E+03  -1.06956200000000E+02
 1.91504170000000E+03  -1.13284400000000E+02
 1.91512500000000E+03  -1.02612500000000E+02
 1.91520830000000E+03  -9.35562000000000E+01
 1.91529170000000E+03  -7.58847000000000E+01
 1.91537500000000E+03  -6.66746000000000E+01
 1.91545830000000E+03  -6.26186000000000E+01
 1.91554170000000E+03  -5.98704000000000E+01
 1.91562500000000E+03  -5.73529000000000E+01
 1.91570830000000E+03  -6.14510000000000E+01
 1.91579170000000E+03  -5.95492000000000E+01
 1.91587500000000E+03  -4.77244000000000E+01
 1.91595830000000E+03  -3.96689000000000E+01
 1.91604170000000E+03  -4.56905000000000E+01
 1.91612500000000E+03  -4.56351000000000E+01
 1.91620830000000E+03  -4.72722000000000E+01
 1.91629170000000E+03  -4.26018000000000E+01
 1.91637500000000E+03  -3.13929000000000E+01
 1.91645830000000E+03  -3.02610000000000E+01
 1.91654170000000E+03  -2.78985000000000E+01
 1.91662500000000E+03  -1.62283000000000E+01
 1.91670830000000E+03  -1.86590000000000E+00
 1.91679170000000E+03   1.05731000000000E+01
 1.91687500000000E+03   2.27046000000000E+01
 1.91695830000000E+03   3.69128000000000E+01
 1.91704170000000E+03   3.69671000000000E+01
 1.91712500000000E+03   4.88674000000000E+01
 1.91720830000000E+03   5.02293000000000E+01
 1.91729170000000E+03   4.78217000000000E+01
 1.91737500000000E+03   5.28756000000000E+01
 1.91754170000000E+03   5.35216000000000E+01
 1.91762500000000E+03   6.19599000000000E+01
 1.91770830000000E+03   7.19366000000000E+01
 1.91779170000000E+03   7.80668000000000E+01
 1.91787500000000E+03   8.35818000000000E+01
 1.91795830000000E+03   9.25582000000000E+01
 1.91804170000000E+03   8.42267000000000E+01
 1.91812500000000E+03   6.06644000000000E+01
 1.91820830000000E+03   4.96405000000000E+01
 1.91829170000000E+03   2.31549000000000E+01
 1.91837500000000E+03   8.82310000000000E+00
 1.91845830000000E+03  -2.12410000000000E+00
 1.91854170000000E+03  -2.23024000000000E+01
 1.91862500000000E+03  -4.30190000000000E+01
 1.91870830000000E+03  -5.58127000000000E+01
 1.91879170000000E+03  -6.41451000000000E+01
 1.91887500000000E+03  -7.60158000000000E+01
 1.91895830000000E+03  -8.90406000000000E+01
 1.91904170000000E+03  -1.04296300000000E+02
 1.91912500000000E+03  -1.07244300000000E+02
 1.91920830000000E+03  -1.16423100000000E+02
 1.91929170000000E+03  -1.23679100000000E+02
 1.91937500000000E+03  -1.23935000000000E+02
 1.91945830000000E+03  -1.24652600000000E+02
 1.91954170000000E+03  -1.10908900000000E+02
 1.91962500000000E+03  -1.04242000000000E+02
 1.91970830000000E+03  -9.07291000000000E+01
 1.91979170000000E+03  -8.42934000000000E+01
 1.91987500000000E+03  -7.15499000000000E+01
 1.91995830000000E+03  -6.14988000000000E+01
 1.92004170000000E+03  -6.06787000000000E+01
 1.92012500000000E+03  -5.90124000000000E+01
 1.92020830000000E+03  -6.11154000000000E+01
 1.92029170000000E+03  -5.59879000000000E+01
 1.92037500000000E+03  -5.21680000000000E+01
 1.92045830000000E+03  -5.53482000000000E+01
 1.92054170000000E+03  -5.20672000000000E+01
 1.92062500000000E+03  -4.24014000000000E+01
 1.92070830000000E+03  -2.19665000000000E+01
 1.92079170000000E+03  -1.60703000000000E+01
 1.92087500000000E+03   1.28740000000000E+00
 1.92095830000000E+03   1.72200000000000E+00
 1.92104170000000E+03   5.46410000000000E+00
 1.92112500000000E+03   8.05240000000000E+00
 1.92120830000000E+03   6.33280000000000E+00
 1.92129170000000E+03   9.30540000000000E+00
 1.92137500000000E+03   1.15088000000000E+01
 1.92145830000000E+03   1.60198000000000E+01
 1.92154170000000E+03   2.49151000000000E+01
 1.92162500000000E+03   2.83490000000000E+01
 1.92170830000000E+03   2.34751000000000E+01
 1.92179170000000E+03   1.79086000000000E+01
 1.92187500000000E+03   1.82653000000000E+01
 1.92195830000000E+03   6.46800000000000E+00
 1.92204170000000E+03   1.28590000000000E+00
 1.92212500000000E+03  -1.31270000000000E+01
 1.92220830000000E+03  -2.25399000000000E+01
 1.92229170000000E+03  -2.80300000000000E+01
 1.92237500000000E+03  -2.61354000000000E+01
 1.92245830000000E+03  -2.63948000000000E+01
 1.92254170000000E+03  -2.37313000000000E+01
 1.92262500000000E+03  -1.29139000000000E+01
 1.92270830000000E+03   6.72600000000000E-01
 1.92279170000000E+03   5.48960000000000E+00
 1.92287500000000E+03   1.13837000000000E+01
 1.92295830000000E+03   1.79699000000000E+01
 1.92304170000000E+03   1.79405000000000E+01
 1.92312500000000E+03   1.07573000000000E+01
 1.92320830000000E+03   1.08048000000000E+01
 1.92329170000000E+03   6.08290000000000E+00
 1.92337500000000E+03   2.13020000000000E+00
 1.92345830000000E+03  -7.20720000000000E+00
 1.92354170000000E+03  -1.27756000000000E+01
 1.92362500000000E+03  -1.41132000000000E+01
 1.92370830000000E+03  -2.12970000000000E+01
 1.92379170000000E+03  -2.25580000000000E+01
 1.92387500000000E+03  -1.67420000000000E+01
 1.92395830000000E+03  -1.59262000000000E+01
 1.92404170000000E+03  -2.01105000000000E+01
 1.92412500000000E+03  -1.98332000000000E+01
 1.92420830000000E+03  -1.60176000000000E+01
 1.92429170000000E+03  -8.12530000000000E+00
 1.92437500000000E+03   6.84400000000000E+00
 1.92445830000000E+03   1.55055000000000E+01
 1.92454170000000E+03   2.89360000000000E+01
 1.92462500000000E+03   4.15973000000000E+01
 1.92470830000000E+03   4.98739000000000E+01
 1.92479170000000E+03   5.68425000000000E+01
 1.92487500000000E+03   6.00420000000000E+01
 1.92495830000000E+03   5.36261000000000E+01
 1.92504170000000E+03   4.35945000000000E+01
 1.92512500000000E+03   2.57937000000000E+01
 1.92520830000000E+03   1.29928000000000E+01
 1.92529170000000E+03   5.26860000000000E+00
 1.92537500000000E+03  -3.45550000000000E+00
 1.92545830000000E+03  -8.56440000000000E+00
 1.92554170000000E+03  -1.16734000000000E+01
 1.92562500000000E+03  -4.39790000000000E+00
 1.92579170000000E+03   6.84520000000000E+00
 1.92587500000000E+03   1.14282000000000E+01
 1.92595830000000E+03   1.90880000000000E+01
 1.92704170000000E+03   2.10413000000000E+01
 1.92712500000000E+03   1.88537000000000E+01
 1.92720830000000E+03   1.75891000000000E+01
 1.92729170000000E+03   2.58627000000000E+01
 1.92737500000000E+03   3.14440000000000E+01
 1.92745830000000E+03   4.00253000000000E+01
 1.92754170000000E+03   4.32986000000000E+01
 1.92762500000000E+03   3.67258000000000E+01
 1.92770830000000E+03   3.93068000000000E+01
 1.92779170000000E+03   3.83491000000000E+01
 1.92787500000000E+03   3.73145000000000E+01
 1.92795830000000E+03   3.86644000000000E+01
 1.92804170000000E+03   3.52448000000000E+01
 1.92812500000000E+03   3.15176000000000E+01
 1.92820830000000E+03   3.10211000000000E+01
 1.92829170000000E+03   2.93706000000000E+01
 1.92837500000000E+03   2.71815000000000E+01
 1.92845830000000E+03   3.07617000000000E+01
 1.92854170000000E+03   2.15724000000000E+01
 1.92862500000000E+03   2.83831000000000E+01
 1.92870830000000E+03   4.19629000000000E+01
 1.92879170000000E+03   5.34656000000000E+01
 1.92887500000000E+03   5.85838000000000E+01
 1.92895830000000E+03   5.60864000000000E+01
 1.92904170000000E+03   5.13581000000000E+01
 1.92912500000000E+03   4.69375000000000E+01
 1.92920830000000E+03   3.23629000000000E+01
 1.92929170000000E+03   1.87882000000000E+01
 1.92937500000000E+03   1.33673000000000E+01
 1.92945830000000E+03   1.01002000000000E+01
 1.92954170000000E+03  -5.24410000000000E+00
 1.92962500000000E+03  -1.21268000000000E+01
 1.92970830000000E+03  -1.63942000000000E+01
 1.92979170000000E+03  -2.08926000000000E+01
 1.92987500000000E+03  -2.43140000000000E+01
 1.92995830000000E+03  -2.64279000000000E+01
 1.93004170000000E+03  -3.19266000000000E+01
 1.93012500000000E+03  -3.97329000000000E+01
 1.93020830000000E+03  -4.63855000000000E+01
 1.93029170000000E+03  -4.49613000000000E+01
 1.93037500000000E+03  -4.23833000000000E+01
 1.93045830000000E+03  -3.34977000000000E+01
 1.93054170000000E+03  -4.31508000000000E+01
 1.93062500000000E+03  -4.94192000000000E+01
 1.93070830000000E+03  -4.36108000000000E+01
 1.93079170000000E+03  -3.94180000000000E+01
 1.93087500000000E+03  -3.64559000000000E+01
 1.93095830000000E+03  -3.72632000000000E+01
 1.93104170000000E+03  -3.93014000000000E+01
 1.93112500000000E+03  -3.68781000000000E+01
 1.93120830000000E+03  -3.45318000000000E+01
 1.93129170000000E+03  -3.54934000000000E+01
 1.93137500000000E+03  -3.16088000000000E+01
 1.93145830000000E+03  -1.69551000000000E+01
 1.93154170000000E+03  -1.53785000000000E+01
 1.93162500000000E+03   2.96740000000000E+00
 1.93170830000000E+03   1.80824000000000E+01
 1.93179170000000E+03   3.27356000000000E+01
 1.93187500000000E+03   4.08504000000000E+01
 1.93195830000000E+03   5.15805000000000E+01
 1.93204170000000E+03   5.34642000000000E+01
 1.93212500000000E+03   4.83480000000000E+01
 1.93220830000000E+03   3.42316000000000E+01
 1.93229170000000E+03   1.85766000000000E+01
 1.93237500000000E+03   1.24601000000000E+01
 1.93245830000000E+03   7.88200000000000E+00
 1.93254170000000E+03  -5.42600000000000E-01
 1.93262500000000E+03   1.87910000000000E+00
 1.93270830000000E+03   5.06990000000000E+00
 1.93279170000000E+03   2.34143000000000E+01
 1.93287500000000E+03   2.65280000000000E+01
 1.93295830000000E+03   2.67186000000000E+01
 1.93304170000000E+03   1.52166000000000E+01
 1.93312500000000E+03   1.36377000000000E+01
 1.93320830000000E+03   1.20587000000000E+01
 1.93329170000000E+03   2.20949000000000E+01
 1.93337500000000E+03   3.25926000000000E+01
 1.93345830000000E+03   4.18595000000000E+01
 1.93354170000000E+03   5.34339000000000E+01
 1.93362500000000E+03   7.03929000000000E+01
 1.93370830000000E+03   8.43519000000000E+01
 1.93379170000000E+03   9.10029000000000E+01
 1.93387500000000E+03   1.00730800000000E+02
 1.93395830000000E+03   1.04304900000000E+02
 1.93404170000000E+03   9.86479000000000E+01
 1.93412500000000E+03   1.00067900000000E+02
 1.93420830000000E+03   9.78725000000000E+01
 1.93429170000000E+03   8.65998000000000E+01
 1.93437500000000E+03   8.03273000000000E+01
 1.93445830000000E+03   8.18238000000000E+01
 1.93454170000000E+03   7.69355000000000E+01
 1.93462500000000E+03   7.42781000000000E+01
 1.93470830000000E+03   5.70820000000000E+01
 1.93479170000000E+03   4.85781000000000E+01
 1.93487500000000E+03   4.77665000000000E+01
 1.93495830000000E+03   3.18010000000000E+01
 1.93504170000000E+03   2.67583000000000E+01
 1.93512500000000E+03   2.41772000000000E+01
 1.93520830000000E+03   1.79037000000000E+01
 1.93529170000000E+03   7.78380000000000E+00
 1.93537500000000E+03   1.06640000000000E+01
 1.93545830000000E+03   8.00560000000000E+00
 1.93554170000000E+03   1.10392000000000E+01
 1.93562500000000E+03   1.29191000000000E+01
 1.93570830000000E+03   1.07220000000000E+01
 1.93579170000000E+03   1.55246000000000E+01
 1.93587500000000E+03   1.54812000000000E+01
 1.93595830000000E+03   1.98222000000000E+01
 1.93604170000000E+03   2.16246000000000E+01
 1.93612500000000E+03   1.64270000000000E+01
 1.93620830000000E+03   8.99850000000000E+00
 1.93629170000000E+03   9.54400000000000E-01
 1.93637500000000E+03   2.83350000000000E+00
 1.93645830000000E+03   3.17400000000000E+00
 1.93654170000000E+03  -1.17800000000000E+00
 1.93662500000000E+03  -3.29930000000000E+00
 1.93670830000000E+03  -2.03600000000000E+00
 1.93679170000000E+03   5.15020000000000E+00
 1.93687500000000E+03   1.41825000000000E+01
 1.93695830000000E+03   1.85994000000000E+01
 1.93704170000000E+03   4.93910000000000E+00
 1.93712500000000E+03  -3.95190000000000E+00
 1.93720830000000E+03  -1.66892000000000E+01
 1.93729170000000E+03  -2.26574000000000E+01
 1.93737500000000E+03  -2.03180000000000E+01
 1.93745830000000E+03  -2.19016000000000E+01
 1.93754170000000E+03  -2.27933000000000E+01
 1.93762500000000E+03  -1.99156000000000E+01
 1.93770830000000E+03  -1.94226000000000E+01
 1.93779170000000E+03  -1.83914000000000E+01
 1.93787500000000E+03  -1.73602000000000E+01
 1.93795830000000E+03  -2.45598000000000E+01
 1.93804170000000E+03  -3.00674000000000E+01
 1.93812500000000E+03  -2.53441000000000E+01
 1.93820830000000E+03  -1.62363000000000E+01
 1.93829170000000E+03  -8.89800000000000E+00
 1.93837500000000E+03  -8.17500000000000E+00
 1.93845830000000E+03  -2.52900000000000E+00
 1.93854170000000E+03   6.11670000000000E+00
 1.93862500000000E+03   1.52240000000000E+01
 1.93870830000000E+03   3.09466000000000E+01
 1.93879170000000E+03   4.18998000000000E+01
 1.93887500000000E+03   5.73915000000000E+01
 1.93895830000000E+03   6.91907000000000E+01
 1.93904170000000E+03   7.66051000000000E+01
 1.93912500000000E+03   8.28658000000000E+01
 1.93920830000000E+03   7.43571000000000E+01
 1.93929170000000E+03   6.46943000000000E+01
 1.93937500000000E+03   6.38777000000000E+01
 1.93945830000000E+03   6.19841000000000E+01
 1.93954170000000E+03   6.34749000000000E+01
 1.93962500000000E+03   5.36580000000000E+01
 1.93970830000000E+03   4.70718000000000E+01
 1.93979170000000E+03   3.10239000000000E+01
 1.93987500000000E+03   2.41298000000000E+01
 1.93995830000000E+03   1.20049000000000E+01
 1.94004170000000E+03  -9.88950000000000E+00
 1.94012500000000E+03  -2.60915000000000E+01
 1.94020830000000E+03  -5.19859000000000E+01
 1.94029170000000E+03  -5.49575000000000E+01
 1.94037500000000E+03  -7.10829000000000E+01
 1.94045830000000E+03  -7.54391000000000E+01
 1.94054170000000E+03  -7.64879000000000E+01
 1.94062500000000E+03  -8.79982000000000E+01
 1.94070830000000E+03  -8.14316000000000E+01
 1.94079170000000E+03  -7.16346000000000E+01
 1.94087500000000E+03  -5.01451000000000E+01
 1.94095830000000E+03  -4.26557000000000E+01
 1.94104170000000E+03  -3.73205000000000E+01
 1.94112500000000E+03  -3.62159000000000E+01
 1.94120830000000E+03  -3.58807000000000E+01
 1.94129170000000E+03  -3.76995000000000E+01
 1.94137500000000E+03  -4.84414000000000E+01
 1.94145830000000E+03  -4.42603000000000E+01
 1.94154170000000E+03  -5.46179000000000E+01
 1.94162500000000E+03  -4.59754000000000E+01
 1.94170830000000E+03  -3.83330000000000E+01
 1.94179170000000E+03  -3.49986000000000E+01
 1.94187500000000E+03  -3.25872000000000E+01
 1.94195830000000E+03  -3.56374000000000E+01
 1.94204170000000E+03  -3.77648000000000E+01
 1.94287500000000E+03  -3.48887000000000E+01
 1.94295830000000E+03  -3.70170000000000E+01
 1.94312500000000E+03  -3.57354000000000E+01
 1.94320830000000E+03  -2.96332000000000E+01
 1.94329170000000E+03  -2.74543000000000E+01
 1.94337500000000E+03  -2.09676000000000E+01
 1.94345830000000E+03  -6.71180000000000E+00
 1.94354170000000E+03  -1.19177000000000E+01
 1.94362500000000E+03  -1.53544000000000E+01
 1.94370830000000E+03  -1.97142000000000E+01
 1.94379170000000E+03  -2.47666000000000E+01
 1.94387500000000E+03  -2.98190000000000E+01
 1.94395830000000E+03  -2.93329000000000E+01
 1.94404170000000E+03  -3.57702000000000E+01
 1.94412500000000E+03  -3.61305000000000E+01
 1.94420830000000E+03  -3.90294000000000E+01
 1.94429170000000E+03  -3.53900000000000E+01
 1.94437500000000E+03  -1.85198000000000E+01
 1.94445830000000E+03  -9.03440000000000E+00
 1.94454170000000E+03  -6.77990000000000E+00
 1.94462500000000E+03   8.62850000000000E+00
 1.94470830000000E+03   2.20368000000000E+01
 1.94479170000000E+03   3.59063000000000E+01
 1.94487500000000E+03   4.23144000000000E+01
 1.94495830000000E+03   6.07224000000000E+01
 1.94504170000000E+03   5.79763000000000E+01
 1.94512500000000E+03   6.51534000000000E+01
 1.94520830000000E+03   6.54842000000000E+01
 1.94529170000000E+03   6.84301000000000E+01
 1.94537500000000E+03   7.01454000000000E+01
 1.94545830000000E+03   6.67836000000000E+01
 1.94554170000000E+03   6.61138000000000E+01
 1.94562500000000E+03   6.51365000000000E+01
 1.94570830000000E+03   6.16975000000000E+01
 1.94579170000000E+03   6.04890000000000E+01
 1.94587500000000E+03   5.65883000000000E+01
 1.94595830000000E+03   5.29183000000000E+01
 1.94604170000000E+03   4.94019000000000E+01
 1.94612500000000E+03   4.45778000000000E+01
 1.94620830000000E+03   2.12921000000000E+01
 1.94629170000000E+03   1.29293000000000E+01
 1.94637500000000E+03   1.34895000000000E+01
 1.94645830000000E+03   1.30497000000000E+01
 1.94654170000000E+03   7.53270000000000E+00
 1.94662500000000E+03   4.32350000000000E+00
 1.94670830000000E+03   1.28065000000000E+01
 1.94679170000000E+03   1.29815000000000E+01
 1.94687500000000E+03   1.94644000000000E+01
 1.94695830000000E+03   2.63317000000000E+01
 1.94704170000000E+03   2.58141000000000E+01
 1.94712500000000E+03   7.83510000000000E+00
 1.94720830000000E+03   2.24060000000000E+00
 1.94729170000000E+03   8.72280000000000E+00
 1.94737500000000E+03   8.43580000000000E+00
 1.94745830000000E+03   1.99490000000000E+00
 1.94754170000000E+03  -7.54000000000000E-01
 1.94762500000000E+03   5.65110000000000E+00
 1.94770830000000E+03   1.16714000000000E+01
 1.94779170000000E+03   1.59992000000000E+01
 1.94787500000000E+03   1.84809000000000E+01
 1.94795830000000E+03   1.95779000000000E+01
 1.94804170000000E+03   1.66746000000000E+01
 1.94812500000000E+03   2.00022000000000E+01
 1.94820830000000E+03   2.14835000000000E+01
 1.94829170000000E+03   2.00415000000000E+01
 1.94837500000000E+03   1.63688000000000E+01
 1.94845830000000E+03   1.86191000000000E+01
 1.94854170000000E+03   2.24845000000000E+01
 1.94862500000000E+03   2.96577000000000E+01
 1.94870830000000E+03   3.16000000000000E+01
 1.94879170000000E+03   4.08497000000000E+01
 1.94887500000000E+03   4.55611000000000E+01
 1.94895830000000E+03   5.58877000000000E+01
 1.94904170000000E+03   5.82141000000000E+01
 1.94912500000000E+03   5.90790000000000E+01
 1.94920830000000E+03   4.81746000000000E+01
 1.94929170000000E+03   4.30392000000000E+01
 1.94937500000000E+03   4.91346000000000E+01
 1.94945830000000E+03   5.74607000000000E+01
 1.94954170000000E+03   6.31712000000000E+01
 1.94962500000000E+03   7.01125000000000E+01
 1.94970830000000E+03   7.64383000000000E+01
 1.94979170000000E+03   9.07638000000000E+01
 1.94987500000000E+03   9.24741000000000E+01
 1.94995830000000E+03   9.01842000000000E+01
 1.95012500000000E+03   7.56041000000000E+01
 1.95020830000000E+03   6.60832000000000E+01
 1.95029170000000E+03   5.51005000000000E+01
 1.95037500000000E+03   6.32718000000000E+01
 1.95045830000000E+03   6.12891000000000E+01
 1.95054170000000E+03   5.69215000000000E+01
 1.95062500000000E+03   6.24770000000000E+01
 1.95070830000000E+03   6.87248000000000E+01
 1.95079170000000E+03   6.51262000000000E+01
 1.95087500000000E+03   6.69123000000000E+01
 1.95095830000000E+03   5.51598000000000E+01
 1.95104170000000E+03   3.71763000000000E+01
 1.95112500000000E+03   2.21159000000000E+01
 1.95129170000000E+03   1.56101000000000E+01
 1.95137500000000E+03   4.93410000000000E+00
 1.95145830000000E+03  -4.74210000000000E+00
 1.95154170000000E+03  -1.83415000000000E+01
 1.95162500000000E+03  -1.93255000000000E+01
 1.95170830000000E+03  -1.53096000000000E+01
 1.95179170000000E+03  -1.73709000000000E+01
 1.95187500000000E+03  -7.20130000000000E+00
 1.95195830000000E+03   8.89120000000000E+00
 1.95204170000000E+03   5.90660000000000E+00
 1.95212500000000E+03   6.14400000000000E-01
 1.95220830000000E+03  -1.29340000000000E+00
 1.95229170000000E+03  -5.73980000000000E+00
 1.95237500000000E+03  -8.80160000000000E+00
 1.95245830000000E+03  -1.33250000000000E+01
 1.95254170000000E+03  -1.36178000000000E+01
 1.95262500000000E+03  -1.34491000000000E+01
 1.95270830000000E+03  -1.04343000000000E+01
 1.95279170000000E+03  -8.11210000000000E+00
 1.95287500000000E+03   4.82560000000000E+00
 1.95295830000000E+03   5.53250000000000E+00
 1.95304170000000E+03   3.93130000000000E+00
 1.95312500000000E+03  -6.43890000000000E+00
 1.95320830000000E+03  -1.32708000000000E+01
 1.95329170000000E+03  -1.83338000000000E+01
 1.95337500000000E+03  -2.00890000000000E+01
 1.95345830000000E+03  -2.10750000000000E+01
 1.95354170000000E+03  -1.55997000000000E+01
 1.95362500000000E+03  -8.50900000000000E+00
 1.95379170000000E+03   1.13350000000000E+00
 1.95387500000000E+03   1.22239000000000E+01
 1.95395830000000E+03   1.60065000000000E+01
 1.95404170000000E+03   8.55820000000000E+00
 1.95412500000000E+03  -6.50550000000000E+00
 1.95420830000000E+03  -2.54924000000000E+01
 1.95429170000000E+03  -2.75564000000000E+01
 1.95437500000000E+03  -2.16973000000000E+01
 1.95445830000000E+03  -1.41460000000000E+01
 1.95454170000000E+03  -3.74880000000000E+00
 1.95462500000000E+03   1.03408000000000E+01
 1.95470830000000E+03   1.71995000000000E+01
 1.95479170000000E+03   3.09811000000000E+01
 1.95487500000000E+03   4.58396000000000E+01
 1.95495830000000E+03   4.62366000000000E+01
 1.95504170000000E+03   5.03255000000000E+01
 1.95512500000000E+03   6.25684000000000E+01
 1.95520830000000E+03   6.95035000000000E+01
 1.95529170000000E+03   7.93614000000000E+01
 1.95537500000000E+03   8.83733000000000E+01
 1.95545830000000E+03   9.53081000000000E+01
 1.95554170000000E+03   1.01704200000000E+02
 1.95562500000000E+03   1.01177300000000E+02
 1.95570830000000E+03   9.67272000000000E+01
 1.95579170000000E+03   1.00584600000000E+02
 1.95587500000000E+03   1.00134400000000E+02
 1.95595830000000E+03   9.92994000000000E+01
 1.95604170000000E+03   1.03771900000000E+02
 1.95612500000000E+03   9.43983000000000E+01
 1.95620830000000E+03   6.99477000000000E+01
 1.95629170000000E+03   6.16506000000000E+01
 1.95637500000000E+03   5.86614000000000E+01
 1.95645830000000E+03   5.19028000000000E+01
 1.95654170000000E+03   4.56824000000000E+01
 1.95662500000000E+03   4.05390000000000E+01
 1.95670830000000E+03   4.08571000000000E+01
 1.95679170000000E+03   3.82518000000000E+01
 1.95687500000000E+03   4.22619000000000E+01
 1.95695830000000E+03   4.85028000000000E+01
 1.95704170000000E+03   3.92819000000000E+01
 1.95712500000000E+03   3.18302000000000E+01
 1.95720830000000E+03   2.21477000000000E+01
 1.95729170000000E+03   1.56188000000000E+01
 1.95737500000000E+03   4.93610000000000E+00
 1.95745830000000E+03  -2.05430000000000E+00
 1.95754170000000E+03  -8.81430000000000E+00
 1.95762500000000E+03  -1.14972000000000E+01
 1.95770830000000E+03  -1.62572000000000E+01
 1.95787500000000E+03  -1.24699000000000E+01
 1.95795830000000E+03  -7.84560000000000E+00
 1.95804170000000E+03  -4.14450000000000E+00
 1.95812500000000E+03  -2.08280000000000E+01
 1.95820830000000E+03  -3.55886000000000E+01
 1.95829170000000E+03  -4.75801000000000E+01
 1.95837500000000E+03  -3.67255000000000E+01
 1.95845830000000E+03  -2.33324000000000E+01
 1.95854170000000E+03  -1.14781000000000E+01
 1.95862500000000E+03  -1.12391000000000E+01
 1.95870830000000E+03   7.99980000000000E+00
 1.95879170000000E+03   2.10846000000000E+01
 1.95887500000000E+03   3.53234000000000E+01
 1.95895830000000E+03   3.81774000000000E+01
 1.95912500000000E+03   3.50388000000000E+01
 1.95920830000000E+03   1.32003000000000E+01
 1.95929170000000E+03   8.43840000000000E+00
 1.95937500000000E+03   1.18304000000000E+01
 1.95945830000000E+03   7.06850000000000E+00
 1.95954170000000E+03  -6.92450000000000E+00
 1.95962500000000E+03  -1.23789000000000E+01
 1.95970830000000E+03  -1.39103000000000E+01
 1.95979170000000E+03  -3.13430000000000E+00
 1.95987500000000E+03  -2.51200000000000E+00
 1.95995830000000E+03  -7.35140000000000E+00
 1.96004170000000E+03  -7.65260000000000E+00
 1.96012500000000E+03  -1.77999000000000E+01
 1.96020830000000E+03  -2.44088000000000E+01
 1.96029170000000E+03  -2.35564000000000E+01
 1.96037500000000E+03  -3.14732000000000E+01
 1.96045830000000E+03  -3.56978000000000E+01
 1.96054170000000E+03  -2.93841000000000E+01
 1.96062500000000E+03  -1.54550000000000E+01
 1.96070830000000E+03  -1.22952000000000E+01
 1.96079170000000E+03  -1.12127000000000E+01
 1.96087500000000E+03  -9.13000000000000E+00
 1.96095830000000E+03  -1.19705000000000E+01
 1.96104170000000E+03  -1.72728000000000E+01
 1.96112500000000E+03  -2.70365000000000E+01
 1.96120830000000E+03  -3.08773000000000E+01
 1.96129170000000E+03  -3.78722000000000E+01
 1.96137500000000E+03  -4.20209000000000E+01
 1.96145830000000E+03  -3.87081000000000E+01
 1.96154170000000E+03  -2.57032000000000E+01
 1.96162500000000E+03  -2.11599000000000E+01
 1.96170830000000E+03  -2.51550000000000E+01
 1.96179170000000E+03  -2.13813000000000E+01
 1.96187500000000E+03  -4.53050000000000E+00
 1.96195830000000E+03   5.39720000000000E+00
 1.96204170000000E+03   1.00168000000000E+01
 1.96212500000000E+03   1.66366000000000E+01
 1.96220830000000E+03   1.64101000000000E+01
 1.96229170000000E+03   2.05679000000000E+01
 1.96237500000000E+03   3.09566000000000E+01
 1.96245830000000E+03   4.42683000000000E+01
 1.96254170000000E+03   5.51951000000000E+01
 1.96262500000000E+03   5.91220000000000E+01
 1.96270830000000E+03   6.77411000000000E+01
 1.96279170000000E+03   7.69753000000000E+01
 1.96287500000000E+03   9.32096000000000E+01
 1.96295830000000E+03   9.75207000000000E+01
 1.96304170000000E+03   9.78316000000000E+01
 1.96312500000000E+03   9.57579000000000E+01
 1.96320830000000E+03   8.56842000000000E+01
 1.96329170000000E+03   8.21486000000000E+01
 1.96337500000000E+03   7.97670000000000E+01
 1.96345830000000E+03   8.03083000000000E+01
 1.96354170000000E+03   6.91571000000000E+01
 1.96362500000000E+03   6.25444000000000E+01
 1.96370830000000E+03   5.30855000000000E+01
 1.96379170000000E+03   4.93955000000000E+01
 1.96387500000000E+03   5.00902000000000E+01
 1.96395830000000E+03   5.55541000000000E+01
 1.96404170000000E+03   5.44792000000000E+01
 1.96412500000000E+03   4.80968000000000E+01
 1.96420830000000E+03   3.96373000000000E+01
 1.96429170000000E+03   4.28698000000000E+01
 1.96437500000000E+03   4.50255000000000E+01
 1.96445830000000E+03   4.60273000000000E+01
 1.96454170000000E+03   4.41057000000000E+01
 1.96462500000000E+03   4.87227000000000E+01
 1.96470830000000E+03   5.21088000000000E+01
 1.96479170000000E+03   6.64947000000000E+01
 1.96487500000000E+03   5.18806000000000E+01
 1.96495830000000E+03   4.22664000000000E+01
 1.96504170000000E+03   1.27289000000000E+01
 1.96512500000000E+03  -3.03930000000000E+00
 1.96520830000000E+03  -2.20383000000000E+01
 1.96545830000000E+03  -2.48824000000000E+01
 1.96570830000000E+03  -1.99580000000000E+01
 1.96579170000000E+03  -1.26502000000000E+01
 1.96587500000000E+03  -1.03460000000000E+00
 1.96595830000000E+03   7.27320000000000E+00
 1.96604170000000E+03   1.60423000000000E+01
 1.96612500000000E+03   1.55037000000000E+01
 1.96620830000000E+03  -2.80410000000000E+00
 1.96629170000000E+03  -1.12300000000000E-01
 1.96637500000000E+03  -4.57420000000000E+00
 1.96645830000000E+03  -2.88230000000000E+00
 1.96654170000000E+03  -1.26760000000000E+00
 1.96662500000000E+03   1.60395000000000E+01
 1.96670830000000E+03   2.98080000000000E+01
 1.96679170000000E+03   3.01147000000000E+01
 1.96687500000000E+03   2.51907000000000E+01
 1.96695830000000E+03   1.01897000000000E+01
 1.96729170000000E+03  -1.35400000000000E+00
 1.96737500000000E+03  -1.36632000000000E+01
 1.96745830000000E+03  -1.44340000000000E+01
 1.96754170000000E+03  -1.17435000000000E+01
 1.96762500000000E+03  -1.13606000000000E+01
 1.96770830000000E+03  -6.97780000000000E+00
 1.96779170000000E+03  -9.79900000000000E-01
 1.96787500000000E+03  -1.28960000000000E+00
 1.96795830000000E+03   6.24680000000000E+00
 1.96804170000000E+03   6.24440000000000E+00
 1.96812500000000E+03   2.47290000000000E+00
 1.96820830000000E+03   8.59000000000000E-02
 1.96829170000000E+03   2.85240000000000E+00
 1.96837500000000E+03  -1.38090000000000E+00
 1.96845830000000E+03   1.00110000000000E+00
 1.96854170000000E+03  -4.54030000000000E+00
 1.96862500000000E+03  -1.14663000000000E+01
 1.96870830000000E+03  -9.00760000000000E+00
 1.96879170000000E+03  -5.78010000000000E+00
 1.96887500000000E+03  -7.78320000000000E+00
 1.96895830000000E+03  -1.24800000000000E+00
 1.96904170000000E+03  -1.64053000000000E+01
 1.96912500000000E+03  -3.40241000000000E+01
 1.96920830000000E+03  -5.01045000000000E+01
 1.96929170000000E+03  -5.81083000000000E+01
 1.96937500000000E+03  -6.41119000000000E+01
 1.96945830000000E+03  -6.68080000000000E+01
 1.96954170000000E+03  -6.83505000000000E+01
 1.96962500000000E+03  -5.70468000000000E+01
 1.96970830000000E+03  -4.87431000000000E+01
 1.96979170000000E+03  -4.43628000000000E+01
 1.96987500000000E+03  -3.49824000000000E+01
 1.96995830000000E+03  -2.44483000000000E+01
 1.97004170000000E+03  -3.09144000000000E+01
 1.97012500000000E+03  -3.59958000000000E+01
 1.97020830000000E+03  -3.13081000000000E+01
 1.97029170000000E+03  -1.86207000000000E+01
 1.97037500000000E+03  -1.27793000000000E+01
 1.97045830000000E+03  -4.55340000000000E+00
 1.97054170000000E+03   1.15953000000000E+01
 1.97062500000000E+03   2.31287000000000E+01
 1.97070830000000E+03   2.08158000000000E+01
 1.97079170000000E+03   2.69642000000000E+01
 1.97087500000000E+03   3.63435000000000E+01
 1.97095830000000E+03   3.37227000000000E+01
 1.97104170000000E+03   2.69478000000000E+01
 1.97112500000000E+03   1.89422000000000E+01
 1.97120830000000E+03   2.49365000000000E+01
 1.97129170000000E+03   2.46997000000000E+01
 1.97137500000000E+03   2.30784000000000E+01
 1.97145830000000E+03   2.06109000000000E+01
 1.97154170000000E+03   1.96816000000000E+01
 1.97162500000000E+03   1.75985000000000E+01
 1.97170830000000E+03   9.59220000000000E+00
 1.97179170000000E+03   1.15857000000000E+01
 1.97187500000000E+03   1.41177000000000E+01
 1.97195830000000E+03   6.11120000000000E+00
 1.97204170000000E+03  -2.51100000000000E+00
 1.97212500000000E+03  -1.11331000000000E+01
 1.97220830000000E+03  -1.72169000000000E+01
 1.97229170000000E+03  -3.27624000000000E+01
 1.97237500000000E+03  -4.46156000000000E+01
 1.97245830000000E+03  -4.86996000000000E+01
 1.97254170000000E+03  -4.70916000000000E+01
 1.97262500000000E+03  -5.76373000000000E+01
 1.97270830000000E+03  -6.44908000000000E+01
 1.97279170000000E+03  -5.41908000000000E+01
 1.97287500000000E+03  -4.19676000000000E+01
 1.97295830000000E+03  -4.09752000000000E+01
 1.97304170000000E+03  -3.12139000000000E+01
 1.97312500000000E+03  -2.72217000000000E+01
 1.97320830000000E+03  -2.33835000000000E+01
 1.97329170000000E+03  -1.92379000000000E+01
 1.97337500000000E+03  -1.05537000000000E+01
 1.97345830000000E+03   1.30400000000000E-01
 1.97354170000000E+03   1.08912000000000E+01
 1.97362500000000E+03   1.83443000000000E+01
 1.97370830000000E+03   3.40282000000000E+01
 1.97379170000000E+03   4.76348000000000E+01
 1.97387500000000E+03   6.10877000000000E+01
 1.97395830000000E+03   5.90020000000000E+01
 1.97404170000000E+03   6.23007000000000E+01
 1.97412500000000E+03   5.79071000000000E+01
 1.97420830000000E+03   5.60519000000000E+01
 1.97429170000000E+03   5.51965000000000E+01
 1.97437500000000E+03   5.76488000000000E+01
 1.97445830000000E+03   6.13318000000000E+01
 1.97454170000000E+03   5.55530000000000E+01
 1.97462500000000E+03   5.08512000000000E+01
 1.97470830000000E+03   5.53801000000000E+01
 1.97479170000000E+03   6.42163000000000E+01
 1.97487500000000E+03   7.27450000000000E+01
 1.97495830000000E+03   7.10429000000000E+01
 1.97504170000000E+03   6.88019000000000E+01
 1.97512500000000E+03   6.53304000000000E+01
 1.97520830000000E+03   6.17048000000000E+01
 1.97529170000000E+03   6.45406000000000E+01
 1.97537500000000E+03   6.43764000000000E+01
 1.97545830000000E+03   7.09814000000000E+01
 1.97554170000000E+03   7.45861000000000E+01
 1.97562500000000E+03   8.73447000000000E+01
 1.97570830000000E+03   9.33340000000000E+01
 1.97579170000000E+03   9.58615000000000E+01
 1.97587500000000E+03   9.43121000000000E+01
 1.97595830000000E+03   8.10704000000000E+01
 1.97604170000000E+03   6.51361000000000E+01
 1.97612500000000E+03   5.50480000000000E+01
 1.97620830000000E+03   4.06521000000000E+01
 1.97629170000000E+03   2.87945000000000E+01
 1.97637500000000E+03   1.53984000000000E+01
 1.97645830000000E+03   8.69460000000000E+00
 1.97654170000000E+03  -2.08650000000000E+00
 1.97662500000000E+03  -9.25200000000000E+00
 1.97670830000000E+03  -1.94177000000000E+01
 1.97679170000000E+03  -2.37374000000000E+01
 1.97687500000000E+03  -2.79033000000000E+01
 1.97695830000000E+03  -2.96077000000000E+01
 1.97704170000000E+03  -3.30816000000000E+01
 1.97712500000000E+03  -3.81707000000000E+01
 1.97720830000000E+03  -5.02600000000000E+01
 1.97729170000000E+03  -5.23496000000000E+01
 1.97737500000000E+03  -5.58237000000000E+01
 1.97745830000000E+03  -5.24517000000000E+01
 1.97754170000000E+03  -4.98492000000000E+01
 1.97762500000000E+03  -5.04774000000000E+01
 1.97770830000000E+03  -4.44134000000000E+01
 1.97779170000000E+03  -3.28112000000000E+01
 1.97787500000000E+03  -1.99012000000000E+01
 1.97795830000000E+03  -1.49144000000000E+01
 1.97804170000000E+03  -1.42356000000000E+01
 1.97812500000000E+03  -1.29413000000000E+01
 1.97820830000000E+03  -1.08778000000000E+01
 1.97829170000000E+03  -8.73770000000000E+00
 1.97837500000000E+03  -4.05900000000000E+00
 1.97845830000000E+03   5.38880000000000E+00
 1.97854170000000E+03  -8.56000000000000E-01
 1.97862500000000E+03  -6.40840000000000E+00
 1.97870830000000E+03   2.34680000000000E+00
 1.97879170000000E+03   3.25560000000000E+00
 1.97887500000000E+03   1.85680000000000E+00
 1.97895830000000E+03  -4.54220000000000E+00
 1.97904170000000E+03  -1.44029000000000E+01
 1.97912500000000E+03  -2.72635000000000E+01
 1.97920830000000E+03  -3.75858000000000E+01
 1.97929170000000E+03  -4.62930000000000E+01
 1.97937500000000E+03  -3.93077000000000E+01
 1.97945830000000E+03  -4.30149000000000E+01
 1.97954170000000E+03  -4.34146000000000E+01
 1.97962500000000E+03  -4.23527000000000E+01
 1.97970830000000E+03  -3.59832000000000E+01
 1.97979170000000E+03  -3.07679000000000E+01
 1.97987500000000E+03  -2.75524000000000E+01
 1.97995830000000E+03  -2.91832000000000E+01
 1.98004170000000E+03  -3.48143000000000E+01
 1.98012500000000E+03  -3.72145000000000E+01
 1.98020830000000E+03  -4.10763000000000E+01
 1.98029170000000E+03  -4.62461000000000E+01
 1.98037500000000E+03  -4.53389000000000E+01
 1.98045830000000E+03  -5.02780000000000E+01
 1.98054170000000E+03  -5.19865000000000E+01
 1.98062500000000E+03  -6.41565000000000E+01
 1.98070830000000E+03  -5.76343000000000E+01
 1.98079170000000E+03  -5.18046000000000E+01
 1.98087500000000E+03  -5.24364000000000E+01
 1.98095830000000E+03  -5.16068000000000E+01
 1.98104170000000E+03  -4.52390000000000E+01
 1.98112500000000E+03  -4.33326000000000E+01
 1.98120830000000E+03  -4.11186000000000E+01
 1.98129170000000E+03  -3.73665000000000E+01
 1.98137500000000E+03  -2.57681000000000E+01
 1.98145830000000E+03  -2.31697000000000E+01
 1.98154170000000E+03  -2.46486000000000E+01
 1.98162500000000E+03  -2.33582000000000E+01
 1.98170830000000E+03  -1.33755000000000E+01
 1.98179170000000E+03  -1.25470000000000E+01
 1.98187500000000E+03  -1.46415000000000E+01
 1.98195830000000E+03  -1.41206000000000E+01
 1.98204170000000E+03  -2.12154000000000E+01
 1.98212500000000E+03  -3.70025000000000E+01
 1.98220830000000E+03  -4.86358000000000E+01
 1.98229170000000E+03  -6.00386000000000E+01
 1.98237500000000E+03  -6.47490000000000E+01
 1.98245830000000E+03  -7.10748000000000E+01
 1.98254170000000E+03  -7.74010000000000E+01
 1.98262500000000E+03  -7.44963000000000E+01
 1.98270830000000E+03  -7.52070000000000E+01
 1.98279170000000E+03  -6.46873000000000E+01
 1.98287500000000E+03  -5.67829000000000E+01
 1.98295830000000E+03  -4.23400000000000E+01
 1.98304170000000E+03  -4.34360000000000E+01
 1.98312500000000E+03  -3.59934000000000E+01
 1.98320830000000E+03  -3.02431000000000E+01
 1.98329170000000E+03  -2.95701000000000E+01
 1.98337500000000E+03  -2.65893000000000E+01
 1.98345830000000E+03  -2.19932000000000E+01
 1.98354170000000E+03  -1.86282000000000E+01
 1.98362500000000E+03  -9.49380000000000E+00
 1.98370830000000E+03  -5.74410000000000E+00
 1.98379170000000E+03   1.33899000000000E+01
 1.98387500000000E+03   2.71394000000000E+01
 1.98395830000000E+03   3.56580000000000E+01
 1.98404170000000E+03   2.47148000000000E+01
 1.98412500000000E+03   2.00794000000000E+01
 1.98420830000000E+03   9.82850000000000E+00
 1.98429170000000E+03   9.03890000000000E+00
 1.98437500000000E+03   1.22493000000000E+01
 1.98445830000000E+03   1.33828000000000E+01
 1.98454170000000E+03   5.66980000000000E+00
 1.98462500000000E+03   1.88800000000000E+01
 1.98470830000000E+03   2.14747000000000E+01
 1.98479170000000E+03   3.23768000000000E+01
 1.98487500000000E+03   2.76637000000000E+01
 1.98495830000000E+03   1.89504000000000E+01
 1.98504170000000E+03   9.00610000000000E+00
 1.98512500000000E+03   4.29270000000000E+00
 1.98520830000000E+03  -2.34390000000000E+00
 1.98529170000000E+03  -1.05193000000000E+01
 1.98537500000000E+03  -1.58484000000000E+01
 1.98545830000000E+03  -1.89468000000000E+01
 1.98554170000000E+03  -1.54301000000000E+01
 1.98562500000000E+03  -5.45180000000000E+00
 1.98570830000000E+03  -1.21659000000000E+01
 1.98579170000000E+03  -1.41880000000000E+01
 1.98587500000000E+03  -1.83638000000000E+01
 1.98595830000000E+03  -1.86935000000000E+01
 1.98604170000000E+03  -2.90236000000000E+01
 1.98612500000000E+03  -3.74304000000000E+01
 1.98620830000000E+03  -4.62989000000000E+01
 1.98629170000000E+03  -5.17061000000000E+01
 1.98637500000000E+03  -5.14210000000000E+01
 1.98645830000000E+03  -6.12897000000000E+01
 1.98654170000000E+03  -6.55434000000000E+01
 1.98662500000000E+03  -7.82585000000000E+01
 1.98670830000000E+03  -7.99737000000000E+01
 1.98679170000000E+03  -8.19969000000000E+01
 1.98687500000000E+03  -8.48661000000000E+01
 1.98695830000000E+03  -8.35046000000000E+01
 1.98704170000000E+03  -8.71435000000000E+01
 1.98712500000000E+03  -9.37822000000000E+01
 1.98720830000000E+03  -1.00113300000000E+02
 1.98729170000000E+03  -1.05367800000000E+02
 1.98737500000000E+03  -1.06853000000000E+02
 1.98745830000000E+03  -1.06261300000000E+02
 1.98754170000000E+03  -1.02977600000000E+02
 1.98762500000000E+03  -9.36169000000000E+01
 1.98770830000000E+03  -7.72563000000000E+01
 1.98779170000000E+03  -6.95883000000000E+01
 1.98787500000000E+03  -5.72278000000000E+01
 1.98795830000000E+03  -3.84829000000000E+01
 1.98804170000000E+03  -3.98151000000000E+01
 1.98812500000000E+03  -3.72242000000000E+01
 1.98820830000000E+03  -2.42488000000000E+01
 1.98829170000000E+03  -1.08890000000000E+01
 1.98837500000000E+03  -8.36800000000000E-01
 1.98845830000000E+03   9.59990000000000E+00
 1.98854170000000E+03   2.08056000000000E+01
 1.98862500000000E+03   3.93959000000000E+01
 1.98870830000000E+03   4.69093000000000E+01
 1.98879170000000E+03   5.98070000000000E+01
 1.98887500000000E+03   6.87817000000000E+01
 1.98895830000000E+03   6.46025000000000E+01
 1.98904170000000E+03   5.69614000000000E+01
 1.98912500000000E+03   5.15512000000000E+01
 1.98920830000000E+03   4.36794000000000E+01
 1.98929170000000E+03   3.12689000000000E+01
 1.98937500000000E+03   2.37046000000000E+01
 1.98945830000000E+03   1.85248000000000E+01
 1.98954170000000E+03   1.36524000000000E+01
 1.98962500000000E+03   1.34724000000000E+01
 1.98970830000000E+03   6.21550000000000E+00
 1.98979170000000E+03   2.26590000000000E+00
 1.98987500000000E+03  -7.99130000000000E+00
 1.98995830000000E+03  -1.97101000000000E+01
 1.99004170000000E+03  -2.71215000000000E+01
 1.99012500000000E+03  -4.02251000000000E+01
 1.99020830000000E+03  -4.75595000000000E+01
 1.99029170000000E+03  -5.54327000000000E+01
 1.99037500000000E+03  -6.14597000000000E+01
 1.99045830000000E+03  -6.54867000000000E+01
 1.99054170000000E+03  -6.76679000000000E+01
 1.99062500000000E+03  -7.45413000000000E+01
 1.99070830000000E+03  -7.84148000000000E+01
 1.99079170000000E+03  -7.09039000000000E+01
 1.99087500000000E+03  -6.57006000000000E+01
 1.99095830000000E+03  -5.68052000000000E+01
 1.99104170000000E+03  -4.96023000000000E+01
 1.99112500000000E+03  -5.40916000000000E+01
 1.99120830000000E+03  -5.57349000000000E+01
 1.99129170000000E+03  -5.96092000000000E+01
 1.99137500000000E+03  -6.10219000000000E+01
 1.99145830000000E+03  -6.08962000000000E+01
 1.99154170000000E+03  -6.34631000000000E+01
 1.99162500000000E+03  -5.98760000000000E+01
 1.99170830000000E+03  -5.21352000000000E+01
 1.99179170000000E+03  -4.83178000000000E+01
 1.99187500000000E+03  -5.18849000000000E+01
 1.99195830000000E+03  -4.61443000000000E+01
 1.99204170000000E+03  -5.57118000000000E+01
 1.99212500000000E+03  -6.41253000000000E+01
 1.99220830000000E+03  -7.13850000000000E+01
 1.99229170000000E+03  -7.47220000000000E+01
 1.99237500000000E+03  -7.14435000000000E+01
 1.99245830000000E+03  -7.09343000000000E+01
 1.99254170000000E+03  -7.12715000000000E+01
 1.99262500000000E+03  -7.71471000000000E+01
 1.99270830000000E+03  -7.96382000000000E+01
 1.99279170000000E+03  -8.00527000000000E+01
 1.99287500000000E+03  -8.28516000000000E+01
 1.99295830000000E+03  -8.44199000000000E+01
 1.99304170000000E+03  -9.69884000000000E+01
 1.99312500000000E+03  -1.06095400000000E+02
 1.99320830000000E+03  -1.13279300000000E+02
 1.99329170000000E+03  -1.17078900000000E+02
 1.99337500000000E+03  -1.16955300000000E+02
 1.99345830000000E+03  -1.22139500000000E+02
 1.99354170000000E+03  -1.20708700000000E+02
 1.99362500000000E+03  -1.18816200000000E+02
 1.99370830000000E+03  -1.02077600000000E+02
 1.99379170000000E+03  -9.05701000000000E+01
 1.99387500000000E+03  -8.03701000000000E+01
 1.99395830000000E+03  -7.54010000000000E+01
 1.99404170000000E+03  -7.77399000000000E+01
 1.99412500000000E+03  -8.16172000000000E+01
 1.99420830000000E+03  -8.79561000000000E+01
 1.99429170000000E+03  -9.56030000000000E+01
 1.99437500000000E+03  -9.20190000000000E+01
 1.99445830000000E+03  -8.95889000000000E+01
 1.99454170000000E+03  -8.87745000000000E+01
 1.99462500000000E+03  -8.72677000000000E+01
 1.99470830000000E+03  -8.22995000000000E+01
 1.99479170000000E+03  -7.97931000000000E+01
 1.99487500000000E+03  -7.70558000000000E+01
 1.99495830000000E+03  -7.52416000000000E+01
 1.99504170000000E+03  -7.13509000000000E+01
 1.99512500000000E+03  -7.04600000000000E+01
 1.99520830000000E+03  -6.94923000000000E+01
 1.99529170000000E+03  -5.88326000000000E+01
 1.99537500000000E+03  -4.47113000000000E+01
 1.99545830000000E+03  -3.34362000000000E+01
 1.99554170000000E+03  -2.70075000000000E+01
 1.99562500000000E+03  -8.96340000000000E+00
 1.99570830000000E+03  -2.38080000000000E+00
 1.99579170000000E+03   6.73990000000000E+00
 1.99587500000000E+03   1.29376000000000E+01
 1.99595830000000E+03   2.71352000000000E+01
 1.99604170000000E+03   3.80249000000000E+01
 1.99612500000000E+03   3.49146000000000E+01
 1.99620830000000E+03   4.11120000000000E+01
 1.99629170000000E+03   4.34629000000000E+01
 1.99637500000000E+03   4.76600000000000E+01
 1.99645830000000E+03   4.49340000000000E+01
 1.99654170000000E+03   4.82847000000000E+01
 1.99662500000000E+03   5.23277000000000E+01
 1.99670830000000E+03   3.69861000000000E+01
 1.99679170000000E+03   4.16441000000000E+01
 1.99687500000000E+03   4.12253000000000E+01
 1.99695830000000E+03   3.84988000000000E+01
 1.99704170000000E+03   1.81565000000000E+01
 1.99712500000000E+03  -5.95480000000000E+00
 1.99720830000000E+03  -1.97586000000000E+01
 1.99729170000000E+03  -4.24857000000000E+01
 1.99737500000000E+03  -5.49050000000000E+01
 1.99745830000000E+03  -6.97860000000000E+01
 1.99754170000000E+03  -8.62057000000000E+01
 1.99762500000000E+03  -1.06471500000000E+02
 1.99770830000000E+03  -1.11891100000000E+02
 1.99779170000000E+03  -1.00849600000000E+02
 1.99787500000000E+03  -9.20387000000000E+01
 1.99795830000000E+03  -8.44587000000000E+01
 1.99804170000000E+03  -8.56482000000000E+01
 1.99812500000000E+03  -8.06837000000000E+01
 1.99820830000000E+03  -7.33347000000000E+01
 1.99829170000000E+03  -6.83707000000000E+01
 1.99837500000000E+03  -5.56373000000000E+01
 1.99845830000000E+03  -4.65962000000000E+01
 1.99854170000000E+03  -3.53248000000000E+01
 1.99862500000000E+03  -1.36685000000000E+01
 1.99870830000000E+03   1.28337000000000E+01
 1.99879170000000E+03   3.70280000000000E+01
 1.99887500000000E+03   5.79147000000000E+01
 1.99895830000000E+03   6.33398000000000E+01
 1.99904170000000E+03   6.38415000000000E+01
 1.99912500000000E+03   6.51895000000000E+01
 1.99920830000000E+03   6.36143000000000E+01
 1.99929170000000E+03   6.42695000000000E+01
 1.99937500000000E+03   7.12326000000000E+01
 1.99945830000000E+03   8.27341000000000E+01
 1.99954170000000E+03   9.76198000000000E+01
 1.99962500000000E+03   1.07044100000000E+02
 1.99970830000000E+03   1.13314500000000E+02
 1.99979170000000E+03   1.22815400000000E+02
 1.99987500000000E+03   1.18008700000000E+02
 1.99995830000000E+03   1.09817300000000E+02
 2.00004170000000E+03   1.05548600000000E+02
 2.00012500000000E+03   9.70493000000000E+01
 2.00020830000000E+03   9.07038000000000E+01
 2.00029170000000E+03   8.54349000000000E+01
 2.00037500000000E+03   8.48584000000000E+01
 2.00045830000000E+03   7.22049000000000E+01
 2.00054170000000E+03   6.52434000000000E+01
 2.00062500000000E+03   5.61281000000000E+01
 2.00070830000000E+03   5.03205000000000E+01
 2.00079170000000E+03   4.92818000000000E+01
 2.00087500000000E+03   4.40894000000000E+01
 2.00095830000000E+03   3.90507000000000E+01
 2.00104170000000E+03   2.93963000000000E+01
 2.00112500000000E+03   1.25113000000000E+01
 2.00120830000000E+03   5.39540000000000E+00
 2.00129170000000E+03  -4.49000000000000E+00
 2.00137500000000E+03  -8.14450000000000E+00
 2.00145830000000E+03  -1.55684000000000E+01
 2.00154170000000E+03  -1.25310000000000E+01
 2.00162500000000E+03  -2.26473000000000E+01
 2.00170830000000E+03  -2.47637000000000E+01
 2.00179170000000E+03  -2.64190000000000E+01
 2.00187500000000E+03  -2.62279000000000E+01
 2.00195830000000E+03  -3.38830000000000E+01
 2.00204170000000E+03  -3.87693000000000E+01
 2.00212500000000E+03  -4.86554000000000E+01
 2.00220830000000E+03  -5.68493000000000E+01
 2.00229170000000E+03  -6.53512000000000E+01
 2.00237500000000E+03  -7.17761000000000E+01
 2.00245830000000E+03  -7.45087000000000E+01
 2.00254170000000E+03  -7.65494000000000E+01
 2.00262500000000E+03  -7.20515000000000E+01
 2.00270830000000E+03  -6.36305000000000E+01
 2.00279170000000E+03  -5.93638000000000E+01
 2.00287500000000E+03  -4.73277000000000E+01
 2.00295830000000E+03  -4.67532000000000E+01
 2.00304170000000E+03  -5.36405000000000E+01
 2.00312500000000E+03  -6.20662000000000E+01
 2.00320830000000E+03  -6.11074000000000E+01
 2.00329170000000E+03  -6.23796000000000E+01
 2.00337500000000E+03  -6.11902000000000E+01
 2.00345830000000E+03  -5.44624000000000E+01
 2.00354170000000E+03  -5.23504000000000E+01
 2.00362500000000E+03  -4.59305000000000E+01
 2.00370830000000E+03  -5.04337000000000E+01
 2.00379170000000E+03  -4.65527000000000E+01
 2.00387500000000E+03  -4.16715000000000E+01
 2.00395830000000E+03  -4.40212000000000E+01
 2.00404170000000E+03  -4.87558000000000E+01
 2.00412500000000E+03  -5.47211000000000E+01
 2.00420830000000E+03  -6.19941000000000E+01
 2.00429170000000E+03  -6.83444000000000E+01
 2.00437500000000E+03  -5.90792000000000E+01
 2.00445830000000E+03  -5.52756000000000E+01
 2.00454170000000E+03  -6.02416000000000E+01
 2.00462500000000E+03  -6.01304000000000E+01
 2.00470830000000E+03  -5.54040000000000E+01
 2.00479170000000E+03  -4.85241000000000E+01
 2.00487500000000E+03  -4.01056000000000E+01
 2.00495830000000E+03  -3.63025000000000E+01
 2.00504170000000E+03  -4.30383000000000E+01
 2.00512500000000E+03  -4.70816000000000E+01
 2.00520830000000E+03  -4.10480000000000E+01
 2.00529170000000E+03  -3.70917000000000E+01
 2.00537500000000E+03  -3.70584000000000E+01
 2.00545830000000E+03  -3.78713000000000E+01
 2.00554170000000E+03  -4.16845000000000E+01
 2.00562500000000E+03  -3.12668000000000E+01
 2.00570830000000E+03  -2.01569000000000E+01
 2.00579170000000E+03  -1.84319000000000E+01
 2.00587500000000E+03  -1.23222000000000E+01
 2.00595830000000E+03  -1.67510000000000E+01
 2.00604170000000E+03  -2.98725000000000E+01
 2.00612500000000E+03  -2.95323000000000E+01
 2.00620830000000E+03  -3.61922000000000E+01
 2.00629170000000E+03  -4.66216000000000E+01
 2.00637500000000E+03  -4.61278000000000E+01
 2.00645830000000E+03  -4.59418000000000E+01
 2.00654170000000E+03  -5.06023000000000E+01
 2.00662500000000E+03  -4.73396000000000E+01
 2.00670830000000E+03  -4.46154000000000E+01
 2.00679170000000E+03  -4.31992000000000E+01
 2.00687500000000E+03  -4.59367000000000E+01
 2.00695830000000E+03  -4.25205000000000E+01
 2.00704170000000E+03  -4.06431000000000E+01
 2.00712500000000E+03  -3.61502000000000E+01
 2.00720830000000E+03  -4.13496000000000E+01
 2.00729170000000E+03  -4.15494000000000E+01
 2.00737500000000E+03  -3.40567000000000E+01
 2.00745830000000E+03  -2.97180000000000E+01
 2.00754170000000E+03  -2.21488000000000E+01
 2.00762500000000E+03  -5.96410000000000E+00
 2.00770830000000E+03   1.25282000000000E+01
 2.00779170000000E+03   2.97894000000000E+01
 2.00787500000000E+03   3.75893000000000E+01
 2.00795830000000E+03   4.96198000000000E+01
 2.00804170000000E+03   5.18038000000000E+01
 2.00812500000000E+03   4.40648000000000E+01
 2.00820830000000E+03   4.22489000000000E+01
 2.00829170000000E+03   4.22019000000000E+01
 2.00837500000000E+03   4.80780000000000E+01
 2.00845830000000E+03   5.04157000000000E+01
 2.00854170000000E+03   5.30607000000000E+01
 2.00862500000000E+03   5.87058000000000E+01
 2.00870830000000E+03   5.68893000000000E+01
 2.00879170000000E+03   4.83033000000000E+01
 2.00887500000000E+03   4.63327000000000E+01
 2.00895830000000E+03   4.75160000000000E+01
 2.00904170000000E+03   3.43142000000000E+01
 2.00912500000000E+03   2.63434000000000E+01
 2.00920830000000E+03   2.32956000000000E+01
 2.00929170000000E+03   1.30167000000000E+01
 2.00937500000000E+03   9.58410000000000E+00
 2.00945830000000E+03   1.45910000000000E+00
 2.00954170000000E+03  -6.05090000000000E+00
 2.00962500000000E+03  -1.57915000000000E+01
 2.00970830000000E+03  -2.42245000000000E+01
 2.00979170000000E+03  -2.68885000000000E+01
 2.00987500000000E+03  -2.32448000000000E+01
 2.00995830000000E+03  -3.19857000000000E+01
 2.01004170000000E+03  -4.08809000000000E+01
 2.01012500000000E+03  -3.76220000000000E+01
 2.01020830000000E+03  -4.42863000000000E+01
 2.01029170000000E+03  -4.51817000000000E+01
 2.01037500000000E+03  -3.13078000000000E+01
 2.01045830000000E+03  -1.85108000000000E+01
 2.01054170000000E+03   5.43960000000000E+00
 2.01062500000000E+03   3.38518000000000E+01
 2.01070830000000E+03   5.27254000000000E+01
 2.01079170000000E+03   7.69063000000000E+01
 2.01087500000000E+03   9.24721000000000E+01
 2.01095830000000E+03   9.88069000000000E+01
 2.01104170000000E+03   1.02526100000000E+02
 2.01112500000000E+03   1.03014600000000E+02
 2.01120830000000E+03   1.01349200000000E+02
 2.01129170000000E+03   1.05683400000000E+02
 2.01137500000000E+03   1.13248600000000E+02
 2.01145830000000E+03   1.14967500000000E+02
 2.01154170000000E+03   1.21532300000000E+02
 2.01162500000000E+03   1.19943300000000E+02
 2.01170830000000E+03   1.15200400000000E+02
 2.01179170000000E+03   1.21072600000000E+02
 2.01187500000000E+03   1.17406400000000E+02
 2.01195830000000E+03   1.17201700000000E+02
 2.01204170000000E+03   1.07535100000000E+02
 2.01212500000000E+03   9.92533000000000E+01
 2.01220830000000E+03   9.35868000000000E+01
 2.01229170000000E+03   8.87661000000000E+01
 2.01237500000000E+03   8.70224000000000E+01
 2.01245830000000E+03   8.39710000000000E+01
 2.01254170000000E+03   8.12269000000000E+01
 2.01262500000000E+03   7.48676000000000E+01
 2.01270830000000E+03   6.62006000000000E+01
 2.01279170000000E+03   6.44562000000000E+01
 2.01287500000000E+03   6.66351000000000E+01
 2.01295830000000E+03   6.61216000000000E+01
 2.01304170000000E+03   6.07616000000000E+01
 2.01312500000000E+03   6.32479000000000E+01
 2.01320830000000E+03   7.03495000000000E+01
 2.01329170000000E+03   7.06046000000000E+01
 2.01337500000000E+03   7.73983000000000E+01
 2.01345830000000E+03   7.71150000000000E+01
 2.01354170000000E+03   7.32160000000000E+01
 2.01362500000000E+03   6.71633000000000E+01
 2.01370830000000E+03   6.05720000000000E+01
 2.01379170000000E+03   6.23651000000000E+01
 2.01387500000000E+03   6.05428000000000E+01
 2.01395830000000E+03   5.21051000000000E+01
 2.01404170000000E+03   4.34363000000000E+01
 2.01412500000000E+03   3.64600000000000E+01
 2.01420830000000E+03   3.11759000000000E+01
 2.01429170000000E+03   2.02760000000000E+01
 2.01437500000000E+03   1.60686000000000E+01
 2.01445830000000E+03   5.39960000000000E+00
 2.01454170000000E+03   2.96100000000000E+00
 2.01462500000000E+03   5.90720000000000E+00
 2.01470830000000E+03   1.08533000000000E+01
 2.01479170000000E+03   2.04144000000000E+01
 2.01487500000000E+03   2.04373000000000E+01
 2.01495830000000E+03   1.32292000000000E+01
 2.01504170000000E+03   5.02080000000000E+00
 2.01512500000000E+03  -6.26430000000000E+00
 2.01520830000000E+03  -2.18572000000000E+01
 2.01529170000000E+03  -2.92197000000000E+01
 2.01537500000000E+03  -3.16590000000000E+01
 2.01545830000000E+03  -4.06368000000000E+01
 2.01554170000000E+03  -3.67688000000000E+01
 2.01562500000000E+03  -3.90545000000000E+01
 2.01570830000000E+03  -4.43403000000000E+01
 2.01579170000000E+03  -4.63187000000000E+01
 2.01587500000000E+03  -5.20662000000000E+01
 2.01595830000000E+03  -5.21985000000000E+01
 2.01604170000000E+03  -5.22541000000000E+01
 2.01612500000000E+03  -5.36173000000000E+01
 2.01620830000000E+03  -5.45190000000000E+01
 2.01629170000000E+03  -4.54980000000000E+01
 2.01637500000000E+03  -4.65538000000000E+01
 2.01645830000000E+03  -4.49942000000000E+01
 2.01654170000000E+03  -3.97427000000000E+01
 2.01662500000000E+03  -3.51834000000000E+01
 2.01670830000000E+03  -2.64703000000000E+01
 2.01679170000000E+03  -2.06037000000000E+01
 2.01687500000000E+03  -1.31215000000000E+01
 2.01695830000000E+03  -6.87020000000000E+00
 2.01704170000000E+03  -2.77310000000000E+00
 2.01712500000000E+03  -4.36820000000000E+00
 2.01720830000000E+03  -5.27100000000000E+00
 2.01729170000000E+03  -5.25110000000000E+00
 2.01737500000000E+03  -2.23110000000000E+00
 2.01745830000000E+03   5.17350000000000E+00
 2.01754170000000E+03   9.80850000000000E+00
 2.01762500000000E+03   1.54437000000000E+01
 2.01770830000000E+03   1.60788000000000E+01
 2.01779170000000E+03   1.65596000000000E+01
 2.01787500000000E+03   2.35791000000000E+01
 2.01795830000000E+03   2.74447000000000E+01
 2.01804170000000E+03   2.70022000000000E+01
 2.01812500000000E+03   1.91753000000000E+01
 2.01820830000000E+03   5.80980000000000E+00
 2.01829170000000E+03   1.36710000000000E+00
 2.01837500000000E+03  -4.07550000000000E+00
 2.01845830000000E+03  -1.73643000000000E+01
 2.01854170000000E+03  -2.48843000000000E+01
 2.01862500000000E+03  -3.19426000000000E+01
 2.01870830000000E+03  -2.88470000000000E+01
 2.01879170000000E+03  -2.93673000000000E+01
 2.01887500000000E+03  -3.30412000000000E+01
 2.01895830000000E+03  -3.00998000000000E+01
 2.01904170000000E+03  -4.32357000000000E+01
 2.01912500000000E+03  -5.56022000000000E+01
 2.01920830000000E+03  -6.40457000000000E+01
 2.01929170000000E+03  -6.21050000000000E+01
 2.01937500000000E+03  -6.70102000000000E+01
 2.01945830000000E+03  -5.90694000000000E+01
 2.01954170000000E+03  -5.65904000000000E+01
 2.01962500000000E+03  -5.01113000000000E+01
 2.01970830000000E+03  -4.11708000000000E+01
 2.01979170000000E+03  -3.75383000000000E+01
 2.01987500000000E+03  -2.79056000000000E+01
 2.01995830000000E+03  -1.64269000000000E+01
 2.02004170000000E+03  -2.14100000000000E+01
 2.02012500000000E+03  -1.84699000000000E+01
 2.02020830000000E+03  -1.46838000000000E+01
 2.02029170000000E+03  -1.35134000000000E+01
 2.02037500000000E+03  -4.11200000000000E+00
 2.02045830000000E+03   1.36738000000000E+01
 2.02054170000000E+03   1.88440000000000E+01
 2.02062500000000E+03   4.18604000000000E+01
 2.02070830000000E+03   5.47999000000000E+01
 2.02079170000000E+03   6.55082000000000E+01
 2.02087500000000E+03   7.06013000000000E+01
 2.02104170000000E+03   8.08639000000000E+01
 2.02112500000000E+03   7.31106000000000E+01
 2.02120830000000E+03   6.86648000000000E+01
 2.02129170000000E+03   6.78341000000000E+01
 2.02137500000000E+03   6.93882000000000E+01
 2.02145830000000E+03   7.97114000000000E+01
 2.02154170000000E+03   8.12651000000000E+01
 2.02162500000000E+03   8.08958000000000E+01
 2.02170830000000E+03   8.87572000000000E+01
 2.02179170000000E+03   8.66183000000000E+01
 2.02187500000000E+03   9.08641000000000E+01
 2.02195830000000E+03   9.38022000000000E+01
 2.02204170000000E+03   9.98937000000000E+01
 2.02212500000000E+03   8.92931000000000E+01
 2.02220830000000E+03   8.91540000000000E+01
 2.02229170000000E+03   8.79376000000000E+01
 2.02237500000000E+03   8.96444000000000E+01
 2.02245830000000E+03   8.95819000000000E+01
 2.02254170000000E+03   9.28652000000000E+01
 2.02262500000000E+03   9.99669000000000E+01
 2.02270830000000E+03   1.01532100000000E+02
 2.02279170000000E+03   9.98262000000000E+01
 2.02287500000000E+03   9.54983000000000E+01
 2.02295830000000E+03   8.15671000000000E+01
