 1.91904170000000E+03  -1.10359200000000E+02
 1.91912500000000E+03  -1.00608100000000E+02
 1.91920830000000E+03  -8.62301000000000E+01
 1.91929170000000E+03  -8.00134000000000E+01
 1.91937500000000E+03  -7.30959000000000E+01
 1.91945830000000E+03  -5.72362000000000E+01
 1.91954170000000E+03  -5.17286000000000E+01
 1.91962500000000E+03  -4.92725000000000E+01
 1.91970830000000E+03  -4.95089000000000E+01
 1.91979170000000E+03  -4.94377000000000E+01
 1.91987500000000E+03  -4.39822000000000E+01
 1.91995830000000E+03  -2.73730000000000E+01
 1.92012500000000E+03  -1.82319000000000E+01
 1.92020830000000E+03  -1.26233000000000E+01
 1.92029170000000E+03  -5.63010000000000E+00
 1.92037500000000E+03  -8.09870000000000E+00
 1.92045830000000E+03   7.58630000000000E+00
 1.92054170000000E+03   6.42510000000000E+00
 1.92070830000000E+03   1.78900000000000E-01
 1.92079170000000E+03  -1.45982000000000E+01
 1.92087500000000E+03  -2.02218000000000E+01
 1.92095830000000E+03  -2.91532000000000E+01
 1.92104170000000E+03  -3.30078000000000E+01
 1.92112500000000E+03  -2.64011000000000E+01
 1.92120830000000E+03  -2.67947000000000E+01
 1.92129170000000E+03  -2.21113000000000E+01
 1.92137500000000E+03  -2.79668000000000E+01
 1.92145830000000E+03  -2.44377000000000E+01
 1.92154170000000E+03  -3.13703000000000E+01
 1.92162500000000E+03  -5.90725000000000E+01
 1.92170830000000E+03  -6.80055000000000E+01
 1.92179170000000E+03  -7.54771000000000E+01
 1.92187500000000E+03  -6.71798000000000E+01
 1.92195830000000E+03  -6.04980000000000E+01
 1.92204170000000E+03  -5.55086000000000E+01
 1.92212500000000E+03  -4.49811000000000E+01
 1.92220830000000E+03  -3.83768000000000E+01
 1.92237500000000E+03  -3.51686000000000E+01
 1.92245830000000E+03  -4.41802000000000E+01
 1.92270830000000E+03  -5.15238000000000E+01
 1.92279170000000E+03  -6.66899000000000E+01
 1.92287500000000E+03  -6.53178000000000E+01
 1.92295830000000E+03  -5.75612000000000E+01
 1.92304170000000E+03  -4.40356000000000E+01
 1.92312500000000E+03  -3.48179000000000E+01
 1.92320830000000E+03  -1.32927000000000E+01
 1.92329170000000E+03  -3.76760000000000E+00
 1.92337500000000E+03   9.11100000000000E-01
 1.92345830000000E+03  -2.94880000000000E+00
 1.92362500000000E+03  -1.75922000000000E+01
 1.92370830000000E+03  -3.40681000000000E+01
 1.92379170000000E+03  -4.03133000000000E+01
 1.92387500000000E+03  -2.79434000000000E+01
 1.92395830000000E+03  -2.61891000000000E+01
 1.92404170000000E+03  -1.84348000000000E+01
 1.92412500000000E+03  -7.06540000000000E+00
 1.92420830000000E+03  -1.38850000000000E+00
 1.92429170000000E+03   1.98050000000000E+00
 1.92437500000000E+03  -1.51891000000000E+01
 1.92445830000000E+03  -1.32051000000000E+01
 1.92454170000000E+03  -5.29810000000000E+00
 1.92462500000000E+03   4.76250000000000E+00
 1.92470830000000E+03   5.92200000000000E-01
 1.92479170000000E+03   5.49860000000000E+00
 1.92487500000000E+03   1.89433000000000E+01
 1.92495830000000E+03   2.03109000000000E+01
 1.92504170000000E+03   2.19091000000000E+01
 1.92512500000000E+03   2.61225000000000E+01
 1.92520830000000E+03   2.64895000000000E+01
 1.92529170000000E+03   2.27795000000000E+01
 1.92537500000000E+03   1.75307000000000E+01
 1.92545830000000E+03   3.28972000000000E+01
 1.92554170000000E+03   2.37251000000000E+01
 1.92562500000000E+03   1.72451000000000E+01
 1.92570830000000E+03   2.26400000000000E-01
 1.92579170000000E+03   1.12076000000000E+01
 1.92587500000000E+03   1.78039000000000E+01
 1.92595830000000E+03   1.89385000000000E+01
 1.92604170000000E+03   1.60730000000000E+01
 1.92612500000000E+03   1.86688000000000E+01
 1.92620830000000E+03   1.71875000000000E+01
 1.92629170000000E+03   1.97061000000000E+01
 1.92637500000000E+03   2.75321000000000E+01
 1.92645830000000E+03   2.65887000000000E+01
 1.92654170000000E+03   2.10298000000000E+01
 1.92662500000000E+03   1.56246000000000E+01
 1.92670830000000E+03   1.89883000000000E+01
 1.92679170000000E+03   2.90443000000000E+01
 1.92687500000000E+03   2.03307000000000E+01
 1.92695830000000E+03   2.32324000000000E+01
 1.92704170000000E+03   3.30570000000000E+01
 1.92712500000000E+03   4.76507000000000E+01
 1.92720830000000E+03   5.89364000000000E+01
 1.92729170000000E+03   6.34528000000000E+01
 1.92737500000000E+03   6.66613000000000E+01
 1.92745830000000E+03   5.21003000000000E+01
 1.92754170000000E+03   5.70777000000000E+01
 1.92762500000000E+03   4.73625000000000E+01
 1.92770830000000E+03   4.03395000000000E+01
 1.92779170000000E+03   3.13933000000000E+01
 1.92787500000000E+03   2.09853000000000E+01
 1.92795830000000E+03   3.40386000000000E+01
 1.92804170000000E+03   3.50918000000000E+01
 1.92812500000000E+03   3.42987000000000E+01
 1.92820830000000E+03   3.55053000000000E+01
 1.92829170000000E+03   1.45580000000000E+01
 1.92837500000000E+03  -5.08190000000000E+00
 1.92854170000000E+03  -3.15928000000000E+01
 1.92870830000000E+03  -3.84892000000000E+01
 1.92879170000000E+03  -5.12069000000000E+01
 1.92887500000000E+03  -5.53863000000000E+01
 1.92904170000000E+03  -4.71302000000000E+01
 1.92912500000000E+03  -3.94640000000000E+01
 1.92920830000000E+03  -2.47211000000000E+01
 1.92929170000000E+03  -1.12860000000000E+01
 1.92937500000000E+03  -4.90000000000000E-03
 1.92945830000000E+03   1.29682000000000E+01
 1.92954170000000E+03   1.96336000000000E+01
 1.92962500000000E+03   1.76064000000000E+01
 1.92970830000000E+03   2.30405000000000E+01
 1.92979170000000E+03   3.25515000000000E+01
 1.92987500000000E+03   3.68314000000000E+01
 1.92995830000000E+03   3.76496000000000E+01
 1.93004170000000E+03   4.39293000000000E+01
 1.93012500000000E+03   5.42087000000000E+01
 1.93020830000000E+03   6.55648000000000E+01
 1.93029170000000E+03   7.47670000000000E+01
 1.93037500000000E+03   6.16612000000000E+01
 1.93045830000000E+03   5.36322000000000E+01
 1.93054170000000E+03   2.39877000000000E+01
 1.93062500000000E+03   4.96800000000000E-01
 1.93079170000000E+03   5.36060000000000E+00
 1.93087500000000E+03   9.40760000000000E+00
 1.93095830000000E+03   9.37750000000000E+00
 1.93104170000000E+03   1.34242000000000E+01
 1.93112500000000E+03   1.76245000000000E+01
 1.93120830000000E+03   9.44000000000000E+00
 1.93129170000000E+03   8.79390000000000E+00
 1.93137500000000E+03   3.83980000000000E+00
 1.93145830000000E+03  -3.76000000000000E-02
 1.93154170000000E+03   9.62340000000000E+00
 1.93162500000000E+03  -6.94660000000000E+00
 1.93170830000000E+03  -5.36290000000000E+00
 1.93179170000000E+03   2.06670000000000E+00
 1.93187500000000E+03   1.06500000000000E+01
 1.93195830000000E+03   6.46390000000000E+00
 1.93204170000000E+03   1.66623000000000E+01
 1.93212500000000E+03   1.75527000000000E+01
 1.93220830000000E+03   2.62891000000000E+01
 1.93229170000000E+03   4.68716000000000E+01
 1.93237500000000E+03   4.67614000000000E+01
 1.93245830000000E+03   5.26512000000000E+01
 1.93254170000000E+03   5.36177000000000E+01
 1.93262500000000E+03   4.52762000000000E+01
 1.93270830000000E+03   5.42423000000000E+01
 1.93279170000000E+03   5.11314000000000E+01
 1.93287500000000E+03   4.48663000000000E+01
 1.93295830000000E+03   4.44473000000000E+01
 1.93304170000000E+03   4.67204000000000E+01
 1.93312500000000E+03   4.92240000000000E+01
 1.93320830000000E+03   4.93429000000000E+01
 1.93329170000000E+03   3.50000000000000E+01
 1.93337500000000E+03   2.87339000000000E+01
 1.93345830000000E+03   1.65445000000000E+01
 1.93354170000000E+03  -4.10650000000000E+00
 1.93362500000000E+03  -2.40655000000000E+01
 1.93370830000000E+03  -3.34093000000000E+01
 1.93395830000000E+03  -3.75955000000000E+01
 1.93404170000000E+03  -3.25553000000000E+01
 1.93412500000000E+03  -1.60539000000000E+01
 1.93420830000000E+03  -6.09100000000000E+00
 1.93429170000000E+03   1.10255000000000E+01
 1.93437500000000E+03   5.98800000000000E+00
 1.93445830000000E+03   1.35656000000000E+01
 1.93454170000000E+03   1.75278000000000E+01
 1.93462500000000E+03   1.57974000000000E+01
 1.93470830000000E+03   1.11438000000000E+01
 1.93479170000000E+03   5.02840000000000E+00
 1.93487500000000E+03  -1.08710000000000E+00
 1.93495830000000E+03  -1.04900000000000E+00
 1.93504170000000E+03   5.27500000000000E-01
 1.93512500000000E+03  -1.27100000000000E-01
 1.93520830000000E+03  -6.28000000000000E-01
 1.93529170000000E+03   5.64020000000000E+00
 1.93537500000000E+03   2.98510000000000E+00
 1.93545830000000E+03   1.02529000000000E+01
 1.93554170000000E+03   1.20591000000000E+01
 1.93562500000000E+03   1.35573000000000E+01
 1.93570830000000E+03  -1.09850000000000E+00
 1.93579170000000E+03   3.93780000000000E+00
 1.93587500000000E+03   3.05090000000000E+00
 1.93595830000000E+03   8.31760000000000E+00
 1.93604170000000E+03   1.79688000000000E+01
 1.93612500000000E+03   2.35428000000000E+01
 1.93620830000000E+03   2.07321000000000E+01
 1.93629170000000E+03   1.34596000000000E+01
 1.93637500000000E+03   2.49470000000000E+00
 1.93645830000000E+03   9.14490000000000E+00
 1.93654170000000E+03   1.10270000000000E+00
 1.93662500000000E+03   9.83400000000000E-01
 1.93670830000000E+03  -1.67460000000000E+00
 1.93679170000000E+03   3.59030000000000E+00
 1.93687500000000E+03   4.00890000000000E+00
 1.93695830000000E+03   1.35042000000000E+01
 1.93704170000000E+03   2.37686000000000E+01
 1.93712500000000E+03   1.92635000000000E+01
 1.93720830000000E+03   2.13737000000000E+01
 1.93729170000000E+03   2.49452000000000E+01
 1.93737500000000E+03   2.34396000000000E+01
 1.93745830000000E+03   1.53185000000000E+01
 1.93754170000000E+03   2.88950000000000E+00
 1.93762500000000E+03  -7.53980000000000E+00
 1.93770830000000E+03  -1.51999000000000E+01
 1.93779170000000E+03  -2.11679000000000E+01
 1.93787500000000E+03  -2.43669000000000E+01
 1.93795830000000E+03  -1.87969000000000E+01
 1.93804170000000E+03  -1.76885000000000E+01
 1.93812500000000E+03  -1.75034000000000E+01
 1.93820830000000E+03  -1.59339000000000E+01
 1.93829170000000E+03  -1.05680000000000E+00
 1.93837500000000E+03   1.92046000000000E+01
 1.93845830000000E+03   1.80813000000000E+01
 1.93854170000000E+03   2.70347000000000E+01
 1.93862500000000E+03   2.50649000000000E+01
 1.93870830000000E+03   2.64025000000000E+01
 1.93879170000000E+03   1.66631000000000E+01
 1.93887500000000E+03   1.39235000000000E+01
 1.93895830000000E+03   1.11837000000000E+01
 1.93904170000000E+03   8.28990000000000E+00
 1.93912500000000E+03   8.93430000000000E+00
 1.93920830000000E+03   8.27090000000000E+00
 1.93929170000000E+03   6.84200000000000E-01
 1.93937500000000E+03  -1.02103000000000E+01
 1.93945830000000E+03  -3.09512000000000E+01
 1.93954170000000E+03  -3.25384000000000E+01
 1.93962500000000E+03  -4.22028000000000E+01
 1.93970830000000E+03  -4.96365000000000E+01
 1.93979170000000E+03  -4.79166000000000E+01
 1.93987500000000E+03  -3.38122000000000E+01
 1.93995830000000E+03  -1.70158000000000E+01
 1.94612500000000E+03   2.72880000000000E+00
 1.94620830000000E+03   5.89630000000000E+00
 1.94629170000000E+03   1.61405000000000E+01
 1.94637500000000E+03   2.13077000000000E+01
 1.94645830000000E+03   1.84746000000000E+01
 1.94654170000000E+03  -1.05090000000000E+00
 1.94662500000000E+03  -1.03810000000000E+00
 1.94679170000000E+03  -3.16700000000000E+00
 1.94687500000000E+03  -1.28471000000000E+01
 1.94695830000000E+03  -1.28351000000000E+01
 1.94704170000000E+03  -9.13100000000000E+00
 1.94712500000000E+03  -2.68885000000000E+01
 1.94720830000000E+03  -2.94155000000000E+01
 1.94729170000000E+03  -4.44811000000000E+01
 1.94737500000000E+03  -4.30854000000000E+01
 1.94745830000000E+03  -4.74591000000000E+01
 1.94754170000000E+03  -4.02176000000000E+01
 1.94762500000000E+03  -3.08993000000000E+01
 1.94770830000000E+03  -2.09658000000000E+01
 1.94779170000000E+03  -1.83402000000000E+01
 1.94787500000000E+03  -2.09456000000000E+01
 1.94795830000000E+03  -6.01270000000000E+00
 1.94804170000000E+03   1.50900000000000E-01
 1.94812500000000E+03   9.54500000000000E+00
 1.94820830000000E+03   3.54004000000000E+01
 1.94829170000000E+03   4.79480000000000E+01
 1.94837500000000E+03   6.37262000000000E+01
 1.94845830000000E+03   7.14272000000000E+01
 1.94854170000000E+03   7.55897000000000E+01
 1.94862500000000E+03   6.71365000000000E+01
 1.94870830000000E+03   5.23755000000000E+01
 1.94879170000000E+03   5.64605000000000E+01
 1.94887500000000E+03   4.97760000000000E+01
 1.94895830000000E+03   5.00145000000000E+01
 1.94904170000000E+03   4.10220000000000E+01
 1.94912500000000E+03   3.94139000000000E+01
 1.94920830000000E+03   4.04979000000000E+01
 1.94929170000000E+03   3.55049000000000E+01
 1.94937500000000E+03   2.71270000000000E+01
 1.94945830000000E+03   2.55182000000000E+01
 1.94954170000000E+03   7.98620000000000E+00
 1.94962500000000E+03   6.07800000000000E-01
 1.94970830000000E+03  -1.45400000000000E+01
 1.94979170000000E+03  -7.84190000000000E+00
 1.94987500000000E+03  -2.47593000000000E+01
 1.94995830000000E+03  -2.83691000000000E+01
 1.95004170000000E+03  -2.76715000000000E+01
 1.95012500000000E+03  -2.03587000000000E+01
 1.95020830000000E+03  -1.27384000000000E+01
 1.95029170000000E+03  -1.70413000000000E+01
 1.95037500000000E+03  -2.57290000000000E+01
 1.95045830000000E+03  -3.72630000000000E+01
 1.95054170000000E+03  -4.18742000000000E+01
 1.95062500000000E+03  -3.32548000000000E+01
 1.95070830000000E+03  -3.37124000000000E+01
 1.95079170000000E+03  -2.65549000000000E+01
 1.95087500000000E+03  -3.10899000000000E+01
 1.95095830000000E+03  -2.19327000000000E+01
 1.95104170000000E+03  -1.60065000000000E+01
 1.95112500000000E+03  -5.54200000000000E+00
 1.95120830000000E+03   2.69160000000000E+00
 1.95129170000000E+03  -3.30580000000000E+00
 1.95137500000000E+03   6.23500000000000E+00
 1.95145830000000E+03   2.22373000000000E+01
 1.95154170000000E+03   3.47009000000000E+01
 1.95162500000000E+03   3.00104000000000E+01
 1.95170830000000E+03   2.16275000000000E+01
 1.95179170000000E+03   1.60136000000000E+01
 1.95187500000000E+03   1.65534000000000E+01
 1.95195830000000E+03   2.74776000000000E+01
 1.95204170000000E+03   2.97863000000000E+01
 1.95212500000000E+03   3.52486000000000E+01
 1.95220830000000E+03   2.93261000000000E+01
 1.95229170000000E+03   2.67881000000000E+01
 1.95237500000000E+03   2.53268000000000E+01
 1.95245830000000E+03   1.61730000000000E+01
 1.95254170000000E+03   1.24980000000000E+00
 1.95262500000000E+03  -1.00582000000000E+01
 1.95270830000000E+03  -2.04433000000000E+01
 1.95279170000000E+03  -1.70594000000000E+01
 1.95287500000000E+03  -1.59064000000000E+01
 1.95295830000000E+03  -1.23689000000000E+01
 1.95304170000000E+03  -9.06250000000000E+00
 1.95312500000000E+03   2.62850000000000E+00
 1.95320830000000E+03   1.03192000000000E+01
 1.95329170000000E+03   1.71636000000000E+01
 1.95337500000000E+03   2.50847000000000E+01
 1.95345830000000E+03   3.40057000000000E+01
 1.95354170000000E+03   2.66957000000000E+01
 1.95362500000000E+03   1.22317000000000E+01
 1.95370830000000E+03   1.68444000000000E+01
 1.95379170000000E+03   1.94569000000000E+01
 1.95387500000000E+03   1.51462000000000E+01
 1.95395830000000E+03   1.76046000000000E+01
 1.95404170000000E+03   2.41396000000000E+01
 1.95412500000000E+03   3.01361000000000E+01
 1.95420830000000E+03   3.71323000000000E+01
 1.95429170000000E+03   4.52053000000000E+01
 1.95437500000000E+03   4.88166000000000E+01
 1.95445830000000E+03   4.98123000000000E+01
 1.95454170000000E+03   4.41155000000000E+01
 1.95462500000000E+03   4.41878000000000E+01
 1.95470830000000E+03   4.53368000000000E+01
 1.95479170000000E+03   3.39471000000000E+01
 1.95487500000000E+03   3.58650000000000E+01
 1.95495830000000E+03   3.67058000000000E+01
 1.95504170000000E+03   3.20079000000000E+01
 1.95512500000000E+03   2.12329000000000E+01
 1.95520830000000E+03   1.90732000000000E+01
 1.95529170000000E+03   1.25286000000000E+01
 1.95537500000000E+03   2.29150000000000E+00
 1.95545830000000E+03   3.20810000000000E+00
 1.95554170000000E+03  -1.12601000000000E+01
 1.95562500000000E+03  -3.14207000000000E+01
 1.95570830000000E+03  -3.29662000000000E+01
 1.95579170000000E+03  -3.15119000000000E+01
 1.95587500000000E+03  -2.55192000000000E+01
 1.95595830000000E+03  -2.48345000000000E+01
 1.95604170000000E+03  -2.22269000000000E+01
 1.95612500000000E+03  -1.34655000000000E+01
 1.95620830000000E+03  -6.55060000000000E+00
 1.95629170000000E+03  -5.86650000000000E+00
 1.95637500000000E+03  -1.16442000000000E+01
 1.95645830000000E+03  -1.21913000000000E+01
 1.95654170000000E+03  -1.99694000000000E+01
 1.95662500000000E+03  -1.67476000000000E+01
 1.95670830000000E+03  -1.40645000000000E+01
 1.95679170000000E+03  -1.90739000000000E+01
 1.95687500000000E+03  -1.72373000000000E+01
 1.95695830000000E+03  -1.62470000000000E+01
 1.95704170000000E+03  -9.18000000000000E+00
 1.95720830000000E+03   3.79960000000000E+00
 1.95729170000000E+03   1.17891000000000E+01
 1.95737500000000E+03   1.47016000000000E+01
 1.95745830000000E+03   1.94600000000000E+01
 1.95754170000000E+03   2.09874000000000E+01
 1.95762500000000E+03   1.84378000000000E+01
 1.95770830000000E+03   4.50340000000000E+00
 1.95779170000000E+03  -8.89280000000000E+00
 1.95787500000000E+03  -3.59680000000000E+00
 1.95795830000000E+03   8.36000000000000E-02
 1.95804170000000E+03   5.84070000000000E+00
 1.95812500000000E+03   1.58284000000000E+01
 1.95820830000000E+03   2.08160000000000E+01
 1.95829170000000E+03   2.15726000000000E+01
 1.95837500000000E+03   1.10213000000000E+01
 1.95845830000000E+03   1.52391000000000E+01
 1.95854170000000E+03   8.07200000000000E+00
 1.95862500000000E+03  -1.63360000000000E+00
 1.95870830000000E+03  -8.49330000000000E+00
 1.95879170000000E+03   5.72370000000000E+00
 1.95887500000000E+03   4.47900000000000E+00
 1.95895830000000E+03   3.38800000000000E+00
 1.95904170000000E+03   7.45070000000000E+00
 1.95912500000000E+03   7.35930000000000E+00
 1.95920830000000E+03  -6.42450000000000E+00
 1.95929170000000E+03  -7.59320000000000E+00
 1.95937500000000E+03  -1.54544000000000E+01
 1.95945830000000E+03  -1.01618000000000E+01
 1.95954170000000E+03  -1.70233000000000E+01
 1.95962500000000E+03  -2.38850000000000E+01
 1.95970830000000E+03  -2.84392000000000E+01
 1.95979170000000E+03  -3.74551000000000E+01
 1.95987500000000E+03  -5.60097000000000E+01
 1.95995830000000E+03  -5.26413000000000E+01
 1.96004170000000E+03  -4.32731000000000E+01
 1.96012500000000E+03  -3.84436000000000E+01
 1.96020830000000E+03  -3.50758000000000E+01
 1.96029170000000E+03  -2.04005000000000E+01
 1.96037500000000E+03  -1.11869000000000E+01
 1.96045830000000E+03  -4.89650000000000E+00
 1.96054170000000E+03  -1.10679000000000E+01
 1.96062500000000E+03  -8.85480000000000E+00
 1.96070830000000E+03  -5.25730000000000E+00
 1.96079170000000E+03   2.18610000000000E+00
 1.96087500000000E+03   1.11679000000000E+01
 1.96095830000000E+03   2.39956000000000E+01
 1.96104170000000E+03   3.38231000000000E+01
 1.96112500000000E+03   3.95735000000000E+01
 1.96120830000000E+03   4.72469000000000E+01
 1.96129170000000E+03   5.87661000000000E+01
 1.96137500000000E+03   5.53622000000000E+01
 1.96145830000000E+03   5.55734000000000E+01
 1.96154170000000E+03   4.24768000000000E+01
 1.96162500000000E+03   3.56877000000000E+01
 1.96170830000000E+03   2.19753000000000E+01
 1.96179170000000E+03   1.74935000000000E+01
 1.96195830000000E+03   1.47602000000000E+01
 1.96204170000000E+03   1.72009000000000E+01
 1.96212500000000E+03   2.58722000000000E+01
 1.96220830000000E+03   3.14665000000000E+01
 1.96229170000000E+03   2.97528000000000E+01
 1.96237500000000E+03   2.35775000000000E+01
 1.96245830000000E+03   1.24019000000000E+01
 1.96254170000000E+03  -2.23540000000000E+00
 1.96262500000000E+03  -2.58728000000000E+01
 1.96270830000000E+03  -2.93566000000000E+01
 1.96279170000000E+03  -3.25329000000000E+01
 1.96287500000000E+03  -3.04016000000000E+01
 1.96295830000000E+03  -3.29629000000000E+01
 1.96304170000000E+03  -3.26012000000000E+01
 1.96312500000000E+03  -2.87013000000000E+01
 1.96320830000000E+03  -3.19554000000000E+01
 1.96329170000000E+03  -3.02866000000000E+01
 1.96337500000000E+03  -1.96949000000000E+01
 1.96345830000000E+03  -1.96419000000000E+01
 1.96354170000000E+03  -2.43583000000000E+01
 1.96362500000000E+03  -1.69979000000000E+01
 1.96370830000000E+03  -1.71761000000000E+01
 1.96379170000000E+03  -1.65084000000000E+01
 1.96387500000000E+03  -8.68710000000000E+00
 1.96395830000000E+03  -3.86590000000000E+00
 1.96404170000000E+03   2.95510000000000E+00
 1.96412500000000E+03   8.54520000000000E+00
 1.96420830000000E+03   9.21200000000000E+00
 1.96429170000000E+03   9.26320000000000E+00
 1.96437500000000E+03   8.46810000000000E+00
 1.96445830000000E+03   1.67280000000000E+00
 1.96454170000000E+03   4.95430000000000E+00
 1.96462500000000E+03  -2.61060000000000E+00
 1.96470830000000E+03  -6.56030000000000E+00
 1.96479170000000E+03   5.66800000000000E-01
 1.96487500000000E+03  -5.37100000000000E-01
 1.96495830000000E+03  -3.64110000000000E+00
 1.96504170000000E+03  -1.20690000000000E+00
 1.96512500000000E+03  -1.84980000000000E+00
 1.96520830000000E+03   7.19940000000000E+00
 1.96529170000000E+03   7.63310000000000E+00
 1.96537500000000E+03   9.45120000000000E+00
 1.96545830000000E+03   1.04230000000000E+01
 1.96554170000000E+03   1.16380000000000E+00
 1.96562500000000E+03   1.75060000000000E+00
 1.96570830000000E+03   1.11064000000000E+01
 1.96579170000000E+03   9.53900000000000E+00
 1.96587500000000E+03   7.35600000000000E+00
 1.96595830000000E+03   1.29421000000000E+01
 1.96604170000000E+03   1.56049000000000E+01
 1.96612500000000E+03   1.73444000000000E+01
 1.96620830000000E+03   1.86992000000000E+01
 1.96629170000000E+03   1.85922000000000E+01
 1.96637500000000E+03   2.19466000000000E+01
 1.96645830000000E+03   2.73778000000000E+01
 1.96654170000000E+03   1.48856000000000E+01
 1.96662500000000E+03   2.06241000000000E+01
 1.96670830000000E+03   2.34393000000000E+01
 1.96679170000000E+03   1.64851000000000E+01
 1.96687500000000E+03   2.50692000000000E+01
 1.96695830000000E+03   2.59608000000000E+01
 1.96704170000000E+03   3.00060000000000E+01
 1.96712500000000E+03   3.78972000000000E+01
 1.96720830000000E+03   4.54037000000000E+01
 1.96729170000000E+03   6.57560000000000E+01
 1.96737500000000E+03   6.66467000000000E+01
 1.96745830000000E+03   6.78449000000000E+01
 1.96754170000000E+03   5.90429000000000E+01
 1.96762500000000E+03   5.56254000000000E+01
 1.96770830000000E+03   4.98999000000000E+01
 1.96779170000000E+03   3.07128000000000E+01
 1.96787500000000E+03   3.27562000000000E+01
 1.96795830000000E+03   3.20302000000000E+01
 1.96804170000000E+03   2.98425000000000E+01
 1.96812500000000E+03   2.08854000000000E+01
 1.96820830000000E+03   2.30051000000000E+01
 1.96829170000000E+03   2.52014000000000E+01
 1.96837500000000E+03   9.47450000000000E+00
 1.96845830000000E+03   2.90130000000000E+00
 1.96854170000000E+03  -2.67210000000000E+00
 1.96862500000000E+03  -7.32260000000000E+00
 1.96870830000000E+03  -1.28194000000000E+01
 1.96879170000000E+03  -2.07011000000000E+01
 1.96887500000000E+03  -1.85829000000000E+01
 1.96895830000000E+03  -1.58495000000000E+01
 1.96904170000000E+03  -2.05778000000000E+01
 1.96912500000000E+03  -7.99860000000000E+00
 1.96920830000000E+03  -4.88120000000000E+00
 1.96929170000000E+03  -4.76390000000000E+00
 1.96937500000000E+03   2.76300000000000E-01
 1.96945830000000E+03  -1.22991000000000E+01
 1.96954170000000E+03  -2.19516000000000E+01
 1.96962500000000E+03  -3.24505000000000E+01
 1.96970830000000E+03  -4.15648000000000E+01
 1.96979170000000E+03  -3.02948000000000E+01
 1.96987500000000E+03  -2.66404000000000E+01
 1.96995830000000E+03  -1.64476000000000E+01
 1.97137500000000E+03  -7.27560000000000E+00
 1.97145830000000E+03   3.83700000000000E+00
 1.97154170000000E+03  -1.13583000000000E+01
 1.97162500000000E+03  -9.70760000000000E+00
 1.97170830000000E+03  -2.48264000000000E+01
 1.97179170000000E+03  -4.47146000000000E+01
 1.97187500000000E+03  -4.30644000000000E+01
 1.97195830000000E+03  -3.62606000000000E+01
 1.97204170000000E+03  -3.32263000000000E+01
 1.97212500000000E+03  -2.94229000000000E+01
 1.97220830000000E+03  -3.13889000000000E+01
 1.97229170000000E+03  -1.35089000000000E+01
 1.97237500000000E+03  -4.62910000000000E+00
 1.97245830000000E+03  -7.90330000000000E+00
 1.97254170000000E+03  -1.04854000000000E+01
 1.97270830000000E+03  -8.57320000000000E+00
 1.97279170000000E+03  -1.39251000000000E+01
 1.97287500000000E+03  -1.28157000000000E+01
 1.97295830000000E+03  -1.50140000000000E+01
 1.97304170000000E+03  -1.25203000000000E+01
 1.97312500000000E+03  -1.89498000000000E+01
 1.97320830000000E+03  -1.33795000000000E+01
 1.97329170000000E+03  -8.34790000000000E+00
 1.97337500000000E+03   4.83740000000000E+00
 1.97345830000000E+03  -1.20820000000000E+00
 1.97354170000000E+03  -4.63870000000000E+00
 1.97362500000000E+03  -3.76160000000000E+00
 1.97370830000000E+03  -1.34231000000000E+01
 1.97379170000000E+03  -2.08541000000000E+01
 1.97387500000000E+03  -1.77468000000000E+01
 1.97395830000000E+03  -1.51012000000000E+01
 1.97404170000000E+03  -9.30200000000000E+00
 1.97412500000000E+03   2.57400000000000E+00
 1.97420830000000E+03   2.62960000000000E+01
 1.97429170000000E+03   4.15562000000000E+01
 1.97437500000000E+03   4.08932000000000E+01
 1.97445830000000E+03   2.89223000000000E+01
 1.97454170000000E+03   1.50281000000000E+01
 1.97487500000000E+03  -5.62720000000000E+00
 1.97495830000000E+03  -1.92914000000000E+01
 1.97504170000000E+03  -1.64944000000000E+01
 1.97512500000000E+03  -2.92830000000000E+00
 1.97520830000000E+03   9.40690000000000E+00
 1.97529170000000E+03   1.62034000000000E+01
 1.97537500000000E+03   1.88459000000000E+01
 1.97545830000000E+03   1.31806000000000E+01
 1.97554170000000E+03  -4.85000000000000E-01
 1.97562500000000E+03  -2.45353000000000E+01
 1.97570830000000E+03  -2.81243000000000E+01
 1.97579170000000E+03  -4.03289000000000E+01
 1.97587500000000E+03  -4.05336000000000E+01
 1.97595830000000E+03  -3.91232000000000E+01
 1.97604170000000E+03  -3.67898000000000E+01
 1.97612500000000E+03  -4.55336000000000E+01
 1.97620830000000E+03  -5.19698000000000E+01
 1.97629170000000E+03  -5.13293000000000E+01
 1.97637500000000E+03  -4.70736000000000E+01
 1.97645830000000E+03  -4.75103000000000E+01
 1.97654170000000E+03  -5.31781000000000E+01
 1.97662500000000E+03  -5.93845000000000E+01
 1.97670830000000E+03  -5.48987000000000E+01
 1.97679170000000E+03  -5.38747000000000E+01
 1.97687500000000E+03  -5.47739000000000E+01
 1.97695830000000E+03  -5.99041000000000E+01
 1.97704170000000E+03  -6.21114000000000E+01
 1.97712500000000E+03  -6.08573000000000E+01
 1.97720830000000E+03  -4.83726000000000E+01
 1.97729170000000E+03  -3.14266000000000E+01
 1.97737500000000E+03  -2.20192000000000E+01
 1.97745830000000E+03  -2.74581000000000E+01
 1.97754170000000E+03  -2.95127000000000E+01
 1.97762500000000E+03  -3.56443000000000E+01
 1.97770830000000E+03  -3.10069000000000E+01
 1.97779170000000E+03  -3.99081000000000E+01
 1.97787500000000E+03  -4.68864000000000E+01
 1.97795830000000E+03  -3.90188000000000E+01
 1.97804170000000E+03  -3.00744000000000E+01
 1.97812500000000E+03  -2.15917000000000E+01
 1.97820830000000E+03  -1.39554000000000E+01
 1.97829170000000E+03  -1.17039000000000E+01
 1.97837500000000E+03  -1.09910000000000E+01
 1.97845830000000E+03  -2.81244000000000E+01
 1.97854170000000E+03  -3.01811000000000E+01
 1.97862500000000E+03  -3.35457000000000E+01
 1.97870830000000E+03  -2.62181000000000E+01
 1.97879170000000E+03  -3.80446000000000E+01
 1.97887500000000E+03  -3.45635000000000E+01
 1.97895830000000E+03  -2.75442000000000E+01
 1.97904170000000E+03  -2.79866000000000E+01
 1.97912500000000E+03  -2.19677000000000E+01
 1.97920830000000E+03  -1.27181000000000E+01
 1.97929170000000E+03  -1.33919000000000E+01
 1.97937500000000E+03  -5.06570000000000E+00
 1.97945830000000E+03  -5.89360000000000E+00
 1.97954170000000E+03  -1.14910000000000E+01
 1.97962500000000E+03  -1.59347000000000E+01
 1.97970830000000E+03  -2.23785000000000E+01
 1.97979170000000E+03  -3.50533000000000E+01
 1.97987500000000E+03  -3.97283000000000E+01
 1.97995830000000E+03  -3.37111000000000E+01
 1.98004170000000E+03  -3.19250000000000E+01
 1.98012500000000E+03  -2.36005000000000E+01
 1.98020830000000E+03  -2.14300000000000E+01
 1.98029170000000E+03  -1.93367000000000E+01
 1.98037500000000E+03  -1.77051000000000E+01
 1.98045830000000E+03  -1.92275000000000E+01
 1.98054170000000E+03  -3.05962000000000E+01
 1.98062500000000E+03  -2.88882000000000E+01
 1.98070830000000E+03  -2.07958000000000E+01
 1.98079170000000E+03  -2.65497000000000E+01
 1.98087500000000E+03  -2.04576000000000E+01
 1.98095830000000E+03  -9.90420000000000E+00
 1.98104170000000E+03  -9.58170000000000E+00
 1.98112500000000E+03  -1.19517000000000E+01
 1.98120830000000E+03  -6.32190000000000E+00
 1.98129170000000E+03   2.92310000000000E+00
 1.98137500000000E+03   6.24490000000000E+00
 1.98145830000000E+03   1.16434000000000E+01
 1.98154170000000E+03   4.42630000000000E+00
 1.98162500000000E+03   1.13629000000000E+01
 1.98170830000000E+03   1.56839000000000E+01
 1.98179170000000E+03   3.23550000000000E+00
 1.98187500000000E+03   8.86390000000000E+00
 1.98195830000000E+03   9.95360000000000E+00
 1.98204170000000E+03   6.50460000000000E+00
 1.98212500000000E+03   1.05171000000000E+01
 1.98220830000000E+03   2.47601000000000E+01
 1.98229170000000E+03   2.56952000000000E+01
 1.98237500000000E+03   2.93225000000000E+01
 1.98245830000000E+03   3.13342000000000E+01
 1.98254170000000E+03   4.21919000000000E+01
 1.98262500000000E+03   2.97417000000000E+01
 1.98270830000000E+03   2.42913000000000E+01
 1.98279170000000E+03   2.43792000000000E+01
 1.98287500000000E+03   3.69285000000000E+01
 1.98295830000000E+03   3.97084000000000E+01
 1.98304170000000E+03   3.81803000000000E+01
 1.98312500000000E+03   3.46521000000000E+01
 1.98320830000000E+03   3.88930000000000E+01
 1.98329170000000E+03   4.65951000000000E+01
 1.98337500000000E+03   4.80664000000000E+01
 1.98345830000000E+03   3.95375000000000E+01
 1.98354170000000E+03   3.12391000000000E+01
 1.98362500000000E+03   5.78670000000000E+00
 1.98370830000000E+03   5.41110000000000E+00
 1.98379170000000E+03  -2.73400000000000E+00
 1.98387500000000E+03  -1.02638000000000E+01
 1.98395830000000E+03  -1.91015000000000E+01
 1.98404170000000E+03  -2.14010000000000E+01
 1.98412500000000E+03  -2.31621000000000E+01
 1.98420830000000E+03  -1.12311000000000E+01
 1.98429170000000E+03  -6.30040000000000E+00
 1.98437500000000E+03  -1.16774000000000E+01
 1.98445830000000E+03  -1.28239000000000E+01
 1.98454170000000E+03  -1.80475000000000E+01
 1.98462500000000E+03  -2.63482000000000E+01
 1.98470830000000E+03  -2.61106000000000E+01
 1.98479170000000E+03  -1.92579000000000E+01
 1.98487500000000E+03  -1.90976000000000E+01
 1.98495830000000E+03  -1.93220000000000E+01
 1.98504170000000E+03  -1.49314000000000E+01
 1.98512500000000E+03   1.45920000000000E+00
 1.98520830000000E+03   1.23880000000000E+01
 1.98529170000000E+03   1.22396000000000E+01
 1.98537500000000E+03   5.09120000000000E+00
 1.98545830000000E+03   3.78870000000000E+00
 1.98554170000000E+03   1.78200000000000E-01
 1.98562500000000E+03  -1.95862000000000E+01
 1.98570830000000E+03  -1.54277000000000E+01
 1.98579170000000E+03  -1.56540000000000E+01
 1.98587500000000E+03  -1.08805000000000E+01
 1.98595830000000E+03  -8.79950000000000E+00
 1.98604170000000E+03  -4.25720000000000E+00
 1.98612500000000E+03  -2.63800000000000E+00
 1.98620830000000E+03  -9.71140000000000E+00
 1.98629170000000E+03  -8.61900000000000E-01
 1.98637500000000E+03   1.06028000000000E+01
 1.98645830000000E+03   2.00674000000000E+01
 1.98654170000000E+03   2.68550000000000E+00
 1.98662500000000E+03  -6.61950000000000E+00
 1.98670830000000E+03   6.13800000000000E-01
 1.98679170000000E+03  -4.61480000000000E+00
 1.98687500000000E+03  -8.38190000000000E+00
 1.98695830000000E+03  -1.34569000000000E+01
 1.98704170000000E+03  -8.30140000000000E+00
 1.98712500000000E+03  -1.53050000000000E+00
 1.98720830000000E+03   8.24010000000000E+00
 1.98729170000000E+03   2.23181000000000E+01
 1.98737500000000E+03   2.17807000000000E+01
 1.98745830000000E+03   1.63969000000000E+01
 1.98754170000000E+03   1.48591000000000E+01
 1.98762500000000E+03   3.03980000000000E+01
 1.98770830000000E+03   3.43983000000000E+01
 1.98779170000000E+03   3.36291000000000E+01
 1.98787500000000E+03   3.13214000000000E+01
 1.98795830000000E+03   3.56289000000000E+01
 1.98804170000000E+03   4.58591000000000E+01
 1.98812500000000E+03   5.47047000000000E+01
 1.98820830000000E+03   5.93193000000000E+01
 1.98829170000000E+03   5.45490000000000E+01
 1.98837500000000E+03   4.63940000000000E+01
 1.98845830000000E+03   4.32388000000000E+01
 1.98854170000000E+03   4.66988000000000E+01
 1.98862500000000E+03   4.95433000000000E+01
 1.98870830000000E+03   4.84645000000000E+01
 1.98879170000000E+03   4.42316000000000E+01
 1.98887500000000E+03   4.53063000000000E+01
 1.98895830000000E+03   4.51500000000000E+01
 1.98904170000000E+03   4.25319000000000E+01
 1.98912500000000E+03   4.16061000000000E+01
 1.98920830000000E+03   3.62185000000000E+01
 1.98929170000000E+03   3.36768000000000E+01
 1.98937500000000E+03   3.71351000000000E+01
 1.98945830000000E+03   4.18239000000000E+01
 1.98954170000000E+03   5.09739000000000E+01
 1.98962500000000E+03   6.40470000000000E+01
 1.98970830000000E+03   5.51968000000000E+01
 1.98979170000000E+03   4.48079000000000E+01
 1.98987500000000E+03   3.84189000000000E+01
 1.98995830000000E+03   4.41835000000000E+01
 1.99004170000000E+03   4.84863000000000E+01
 1.99012500000000E+03   5.83275000000000E+01
 1.99020830000000E+03   5.77070000000000E+01
 1.99029170000000E+03   6.53170000000000E+01
 1.99037500000000E+03   6.56192000000000E+01
 1.99045830000000E+03   5.95366000000000E+01
 1.99054170000000E+03   5.19922000000000E+01
 1.99062500000000E+03   2.65246000000000E+01
 1.99070830000000E+03  -5.63540000000000E+00
 1.99079170000000E+03  -1.91035000000000E+01
 1.99087500000000E+03  -2.91100000000000E+01
 1.99095830000000E+03  -2.15014000000000E+01
 1.99104170000000E+03  -2.41238000000000E+01
 1.99112500000000E+03  -2.45925000000000E+01
 1.99120830000000E+03  -2.55229000000000E+01
 1.99129170000000E+03  -2.50689000000000E+01
 1.99137500000000E+03  -2.46920000000000E+01
 1.99145830000000E+03  -2.67767000000000E+01
 1.99154170000000E+03  -3.17079000000000E+01
 1.99162500000000E+03  -3.50238000000000E+01
 1.99170830000000E+03  -3.01861000000000E+01
 1.99179170000000E+03  -2.81947000000000E+01
 1.99187500000000E+03  -3.04343000000000E+01
 1.99195830000000E+03  -2.20586000000000E+01
 1.99204170000000E+03  -2.62216000000000E+01
 1.99212500000000E+03  -1.55386000000000E+01
 1.99220830000000E+03  -9.08660000000000E+00
 1.99229170000000E+03  -1.00963000000000E+01
 1.99237500000000E+03  -2.41390000000000E+00
 1.99245830000000E+03  -6.27000000000000E+00
 1.99254170000000E+03   6.41200000000000E+00
 1.99262500000000E+03  -9.06100000000000E-01
 1.99270830000000E+03  -9.68590000000000E+00
 1.99279170000000E+03  -1.43121000000000E+01
 1.99287500000000E+03  -1.60154000000000E+01
 1.99295830000000E+03  -1.64111000000000E+01
 1.99304170000000E+03  -1.65763000000000E+01
 1.99312500000000E+03  -9.51090000000000E+00
 1.99320830000000E+03  -1.53687000000000E+01
 1.99329170000000E+03  -2.42268000000000E+01
 1.99337500000000E+03  -2.28542000000000E+01
 1.99345830000000E+03  -2.28664000000000E+01
 1.99354170000000E+03  -2.18789000000000E+01
 1.99362500000000E+03  -5.20453000000000E+01
 1.99370830000000E+03  -4.05965000000000E+01
 1.99379170000000E+03  -3.87634000000000E+01
 1.99387500000000E+03  -3.41611000000000E+01
 1.99395830000000E+03  -3.32513000000000E+01
 1.99404170000000E+03  -3.03418000000000E+01
 1.99412500000000E+03  -2.71246000000000E+01
 1.99420830000000E+03  -2.34462000000000E+01
 1.99429170000000E+03  -2.30757000000000E+01
 1.99437500000000E+03  -1.17052000000000E+01
 1.99445830000000E+03   2.51120000000000E+00
 1.99454170000000E+03  -4.19580000000000E+00
 1.99462500000000E+03  -8.25900000000000E-01
 1.99470830000000E+03   1.23130000000000E+01
 1.99479170000000E+03  -1.39450000000000E+00
 1.99487500000000E+03  -3.48670000000000E+00
 1.99495830000000E+03  -7.04060000000000E+00
 1.99504170000000E+03  -6.59480000000000E+00
 1.99512500000000E+03  -1.02260000000000E+01
 1.99520830000000E+03  -5.93440000000000E+00
 1.99529170000000E+03   2.97240000000000E+00
 1.99537500000000E+03   5.87910000000000E+00
 1.99545830000000E+03  -6.98360000000000E+00
 1.99554170000000E+03  -2.44619000000000E+01
 1.99562500000000E+03  -3.95558000000000E+01
 1.99570830000000E+03  -6.68036000000000E+01
 1.99579170000000E+03  -7.76672000000000E+01
 1.99587500000000E+03  -7.54539000000000E+01
 1.99595830000000E+03  -7.63176000000000E+01
 1.99604170000000E+03  -7.65663000000000E+01
 1.99612500000000E+03  -7.53536000000000E+01
 1.99620830000000E+03  -6.99102000000000E+01
 1.99629170000000E+03  -6.71594000000000E+01
 1.99637500000000E+03  -7.07934000000000E+01
 1.99645830000000E+03  -7.55044000000000E+01
 1.99654170000000E+03  -7.36003000000000E+01
 1.99662500000000E+03  -6.15425000000000E+01
 1.99670830000000E+03  -5.59464000000000E+01
 1.99679170000000E+03  -5.09659000000000E+01
 1.99687500000000E+03  -4.74471000000000E+01
 1.99695830000000E+03  -4.19284000000000E+01
 1.99704170000000E+03  -3.94101000000000E+01
 1.99712500000000E+03  -3.51995000000000E+01
 1.99720830000000E+03  -2.81429000000000E+01
 1.99729170000000E+03  -1.90097000000000E+01
 1.99737500000000E+03  -2.09535000000000E+01
 1.99745830000000E+03  -2.35129000000000E+01
 1.99754170000000E+03  -1.29956000000000E+01
 1.99762500000000E+03  -1.24760000000000E+00
 1.99770830000000E+03  -1.85768000000000E+01
 1.99779170000000E+03  -1.69062000000000E+01
 1.99787500000000E+03  -1.59280000000000E+01
 1.99795830000000E+03  -1.19500000000000E+01
 1.99804170000000E+03  -5.20300000000000E+00
 1.99812500000000E+03   3.69770000000000E+00
 1.99820830000000E+03   1.15982000000000E+01
 1.99829170000000E+03   1.91908000000000E+01
 1.99837500000000E+03   1.93218000000000E+01
 1.99845830000000E+03   2.42987000000000E+01
 1.99854170000000E+03   2.80445000000000E+01
 1.99862500000000E+03   2.14827000000000E+01
 1.99870830000000E+03   1.11513000000000E+01
 1.99879170000000E+03   1.32813000000000E+01
 1.99887500000000E+03   1.06419000000000E+01
 1.99895830000000E+03   1.64639000000000E+01
 1.99904170000000E+03   1.55933000000000E+01
 1.99912500000000E+03   1.18765000000000E+01
 1.99920830000000E+03   2.03133000000000E+01
 1.99929170000000E+03   2.25191000000000E+01
 1.99937500000000E+03   1.84940000000000E+01
 1.99945830000000E+03   2.66226000000000E+01
 1.99954170000000E+03   2.13663000000000E+01
 1.99962500000000E+03   1.87253000000000E+01
 1.99970830000000E+03   9.54570000000000E+00
 1.99979170000000E+03   5.44260000000000E+00
 1.99987500000000E+03   5.95490000000000E+00
 1.99995830000000E+03   7.62090000000000E+00
 2.00004170000000E+03   8.13270000000000E+00
 2.00012500000000E+03   8.33680000000000E+00
 2.00020830000000E+03   1.25407000000000E+01
 2.00029170000000E+03   1.75904000000000E+01
 2.00037500000000E+03   2.47171000000000E+01
 2.00045830000000E+03   3.52281000000000E+01
 2.00054170000000E+03   3.05081000000000E+01
 2.00062500000000E+03   2.29418000000000E+01
 2.00070830000000E+03   1.62215000000000E+01
 2.00079170000000E+03   1.68087000000000E+01
 2.00087500000000E+03   1.03188000000000E+01
 2.00095830000000E+03   5.13640000000000E+00
 2.00104170000000E+03   7.26150000000000E+00
 2.00112500000000E+03   1.29249000000000E+01
 2.00120830000000E+03   1.92805000000000E+01
 2.00129170000000E+03   3.11742000000000E+01
 2.00137500000000E+03   2.02217000000000E+01
 2.00145830000000E+03   5.42290000000000E+00
 2.00154170000000E+03  -2.22400000000000E-01
 2.00162500000000E+03   7.90150000000000E+00
 2.00170830000000E+03   1.21790000000000E+01
 2.00179170000000E+03   1.06870000000000E+01
 2.00187500000000E+03   1.95796000000000E+01
 2.00195830000000E+03   3.56258000000000E+01
 2.00204170000000E+03   4.42872000000000E+01
 2.00212500000000E+03   4.91792000000000E+01
 2.00220830000000E+03   4.59941000000000E+01
 2.00229170000000E+03   4.68087000000000E+01
 2.00237500000000E+03   3.63156000000000E+01
 2.00245830000000E+03   2.49761000000000E+01
 2.00254170000000E+03   3.35594000000000E+01
 2.00262500000000E+03   1.92965000000000E+01
 2.00270830000000E+03  -1.04350000000000E+00
 2.00279170000000E+03  -8.76840000000000E+00
 2.00287500000000E+03  -1.04934000000000E+01
 2.00295830000000E+03  -1.29878000000000E+01
 2.00304170000000E+03  -1.42517000000000E+01
 2.00312500000000E+03  -1.38234000000000E+01
 2.00320830000000E+03  -1.57799000000000E+01
 2.00329170000000E+03  -1.08905000000000E+01
 2.00337500000000E+03  -5.07810000000000E+00
 2.00345830000000E+03  -5.88130000000000E+00
 2.00354170000000E+03   6.08440000000000E+00
 2.00362500000000E+03  -3.02680000000000E+00
 2.00370830000000E+03  -5.67670000000000E+00
 2.00379170000000E+03  -6.09610000000000E+00
 2.00387500000000E+03  -2.97710000000000E+00
 2.00395830000000E+03  -4.47370000000000E+00
 2.00404170000000E+03  -5.73980000000000E+00
 2.00412500000000E+03  -3.85210000000000E+00
 2.00420830000000E+03   5.65080000000000E+00
 2.00429170000000E+03   1.33841000000000E+01
 2.00437500000000E+03   1.35789000000000E+01
 2.00445830000000E+03   1.51582000000000E+01
 2.00454170000000E+03   2.01987000000000E+01
 2.00462500000000E+03   2.93140000000000E+00
 2.00470830000000E+03  -4.02830000000000E+00
 2.00479170000000E+03  -2.21910000000000E+00
 2.00487500000000E+03  -5.02540000000000E+00
 2.00495830000000E+03  -6.44720000000000E+00
 2.00504170000000E+03  -5.71550000000000E+00
 2.00512500000000E+03  -3.52230000000000E+00
 2.00520830000000E+03  -2.09850000000000E+00
 2.00529170000000E+03  -2.36740000000000E+00
 2.00537500000000E+03   2.13300000000000E+00
 2.00545830000000E+03  -1.75150000000000E+00
 2.00554170000000E+03  -1.75593000000000E+01
 2.00562500000000E+03  -2.99826000000000E+01
 2.00570830000000E+03  -2.58676000000000E+01
 2.00579170000000E+03  -2.19837000000000E+01
 2.00587500000000E+03  -2.32536000000000E+01
 2.00595830000000E+03  -2.56007000000000E+01
 2.00604170000000E+03  -2.46404000000000E+01
 2.00612500000000E+03  -1.95263000000000E+01
 2.00620830000000E+03  -1.48739000000000E+01
 2.00629170000000E+03  -7.83730000000000E+00
 2.00637500000000E+03   3.04550000000000E+00
 2.00645830000000E+03   3.69740000000000E+00
 2.00654170000000E+03   1.83489000000000E+01
 2.00662500000000E+03   2.30773000000000E+01
 2.00670830000000E+03   2.70363000000000E+01
 2.00679170000000E+03   2.21488000000000E+01
 2.00687500000000E+03   2.47228000000000E+01
 2.00695830000000E+03   2.81427000000000E+01
 2.00704170000000E+03   4.19470000000000E+01
 2.00712500000000E+03   4.85205000000000E+01
 2.00720830000000E+03   4.66322000000000E+01
 2.00729170000000E+03   4.25898000000000E+01
 2.00737500000000E+03   3.37781000000000E+01
 2.00745830000000E+03   2.23508000000000E+01
 2.00754170000000E+03   2.06156000000000E+01
 2.00762500000000E+03   1.28802000000000E+01
 2.00770830000000E+03   1.91448000000000E+01
 2.00779170000000E+03   1.44089000000000E+01
 2.00787500000000E+03   1.81346000000000E+01
 2.00795830000000E+03   1.57832000000000E+01
 2.00804170000000E+03   2.05084000000000E+01
 2.00812500000000E+03   2.10796000000000E+01
 2.00820830000000E+03   2.08815000000000E+01
 2.00829170000000E+03   3.36061000000000E+01
 2.00837500000000E+03   3.84077000000000E+01
 2.00845830000000E+03   3.42859000000000E+01
 2.00854170000000E+03   3.12408000000000E+01
 2.00862500000000E+03   1.65033000000000E+01
 2.00870830000000E+03   6.84250000000000E+00
 2.00879170000000E+03  -7.43390000000000E+00
 2.00887500000000E+03  -1.04797000000000E+01
 2.00895830000000E+03  -1.20640000000000E+01
 2.00904170000000E+03  -5.18720000000000E+00
 2.00912500000000E+03  -3.92580000000000E+00
 2.00920830000000E+03  -5.66450000000000E+00
 2.00929170000000E+03  -6.24980000000000E+00
 2.00937500000000E+03  -6.52740000000000E+00
 2.00945830000000E+03  -5.18970000000000E+00
 2.00954170000000E+03  -9.31400000000000E+00
 2.00962500000000E+03  -1.68229000000000E+01
 2.00970830000000E+03  -2.07166000000000E+01
 2.00979170000000E+03  -2.86875000000000E+01
 2.00987500000000E+03  -3.40431000000000E+01
 2.00995830000000E+03  -4.04758000000000E+01
 2.01004170000000E+03  -3.14473000000000E+01
 2.01012500000000E+03  -3.23419000000000E+01
 2.01020830000000E+03  -3.35444000000000E+01
 2.01029170000000E+03  -2.82857000000000E+01
 2.01037500000000E+03  -2.31808000000000E+01
 2.01045830000000E+03  -3.93069000000000E+01
 2.01054170000000E+03  -4.88179000000000E+01
 2.01062500000000E+03  -4.54059000000000E+01
 2.01070830000000E+03  -5.32249000000000E+01
 2.01079170000000E+03  -5.49672000000000E+01
 2.01087500000000E+03  -4.74019000000000E+01
 2.01095830000000E+03  -3.54522000000000E+01
 2.01104170000000E+03  -2.38874000000000E+01
 2.01112500000000E+03  -2.01688000000000E+01
 2.01120830000000E+03  -1.17580000000000E+01
 2.01129170000000E+03  -5.34760000000000E+00
 2.01137500000000E+03  -4.93730000000000E+00
 2.01145830000000E+03   7.93450000000000E+00
 2.01154170000000E+03   1.21905000000000E+01
 2.01162500000000E+03   1.36950000000000E+00
 2.01170830000000E+03  -7.99000000000000E+00
 2.01179170000000E+03  -3.88840000000000E+00
 2.01187500000000E+03  -5.86380000000000E+00
 2.01195830000000E+03  -7.68540000000000E+00
 2.01204170000000E+03  -6.89200000000000E+00
 2.01212500000000E+03  -3.94480000000000E+00
 2.01220830000000E+03   1.30990000000000E+00
 2.01229170000000E+03  -1.43570000000000E+00
 2.01237500000000E+03   2.97250000000000E+00
 2.01245830000000E+03  -3.88800000000000E-01
 2.01254170000000E+03  -1.49811000000000E+01
 2.01262500000000E+03  -2.26503000000000E+01
 2.01270830000000E+03  -2.54736000000000E+01
 2.01279170000000E+03  -2.12973000000000E+01
 2.01287500000000E+03  -2.26594000000000E+01
 2.01295830000000E+03  -2.48679000000000E+01
 2.01304170000000E+03  -2.81536000000000E+01
 2.01312500000000E+03  -2.86701000000000E+01
 2.01320830000000E+03  -2.84945000000000E+01
 2.01329170000000E+03  -3.09346000000000E+01
 2.01337500000000E+03  -2.99901000000000E+01
 2.01345830000000E+03  -2.81227000000000E+01
 2.01354170000000E+03  -3.05634000000000E+01
 2.01362500000000E+03  -2.46963000000000E+01
 2.01370830000000E+03  -1.71372000000000E+01
 2.01379170000000E+03  -7.03990000000000E+00
 2.01387500000000E+03  -8.63500000000000E+00
 2.01395830000000E+03  -1.06148000000000E+01
 2.01404170000000E+03  -3.21040000000000E+00
 2.01412500000000E+03   8.34780000000000E+00
 2.01420830000000E+03   8.98280000000000E+00
 2.01429170000000E+03   1.80790000000000E+01
 2.01437500000000E+03   2.09443000000000E+01
 2.01445830000000E+03   2.12711000000000E+01
 2.01454170000000E+03   1.74436000000000E+01
 2.01462500000000E+03   9.69310000000000E+00
 2.01470830000000E+03  -5.28840000000000E+00
 2.01479170000000E+03  -1.56548000000000E+01
 2.01487500000000E+03  -1.35598000000000E+01
 2.01495830000000E+03  -1.12341000000000E+01
 2.01504170000000E+03  -3.13960000000000E+00
 2.01512500000000E+03   4.03190000000000E+00
 2.01520830000000E+03   3.04930000000000E+00
 2.01529170000000E+03   4.75870000000000E+00
 2.01537500000000E+03   9.31420000000000E+00
 2.01545830000000E+03   1.64080000000000E+01
 2.01554170000000E+03   9.19380000000000E+00
 2.01562500000000E+03   1.74870000000000E+00
 2.01570830000000E+03  -2.85030000000000E+00
 2.01579170000000E+03  -2.37280000000000E+00
 2.01587500000000E+03   1.25860000000000E+00
 2.01595830000000E+03  -2.34100000000000E+00
 2.01604170000000E+03   3.21290000000000E+00
 2.01612500000000E+03   6.30520000000000E+00
 2.01620830000000E+03   1.15512000000000E+01
 2.01629170000000E+03   5.48920000000000E+00
 2.01637500000000E+03   5.81180000000000E+00
 2.01645830000000E+03  -3.09660000000000E+00
 2.01654170000000E+03  -2.00822000000000E+01
 2.01662500000000E+03  -2.57602000000000E+01
 2.01670830000000E+03  -3.30537000000000E+01
 2.01679170000000E+03  -3.12707000000000E+01
 2.01687500000000E+03  -3.07954000000000E+01
 2.01695830000000E+03  -2.48587000000000E+01
 2.01704170000000E+03  -1.93839000000000E+01
 2.01712500000000E+03  -1.48322000000000E+01
 2.01720830000000E+03  -7.66520000000000E+00
 2.01729170000000E+03  -2.96020000000000E+00
 2.01737500000000E+03   9.97560000000000E+00
 2.01745830000000E+03   1.68343000000000E+01
 2.01754170000000E+03   1.76157000000000E+01
 2.01762500000000E+03   1.73971000000000E+01
 2.01770830000000E+03   1.92552000000000E+01
 2.01779170000000E+03   1.61130000000000E+01
 2.01787500000000E+03   1.53554000000000E+01
 2.01795830000000E+03   1.05976000000000E+01
 2.01804170000000E+03  -1.00670000000000E+00
 2.01812500000000E+03  -8.41800000000000E-01
 2.01820830000000E+03   1.86140000000000E+00
 2.01829170000000E+03   6.41200000000000E-01
 2.01837500000000E+03  -9.04060000000000E+00
 2.01845830000000E+03  -1.34149000000000E+01
 2.01854170000000E+03  -2.54818000000000E+01
 2.01862500000000E+03  -3.65487000000000E+01
 2.01870830000000E+03  -3.28466000000000E+01
 2.01879170000000E+03  -4.32218000000000E+01
 2.01887500000000E+03  -4.65969000000000E+01
 2.01895830000000E+03  -4.25877000000000E+01
 2.01904170000000E+03  -3.62711000000000E+01
 2.01912500000000E+03  -2.03391000000000E+01
 2.01920830000000E+03  -1.44842000000000E+01
 2.01929170000000E+03  -1.21682000000000E+01
 2.01937500000000E+03  -1.59290000000000E+01
 2.01945830000000E+03  -5.69010000000000E+00
 2.01954170000000E+03   6.16390000000000E+00
 2.01962500000000E+03   2.57102000000000E+01
 2.01970830000000E+03   2.73332000000000E+01
 2.01979170000000E+03   1.57251000000000E+01
 2.01987500000000E+03   1.77324000000000E+01
 2.01995830000000E+03   2.55856000000000E+01
 2.02004170000000E+03   3.15923000000000E+01
 2.02012500000000E+03   3.82914000000000E+01
 2.02020830000000E+03   3.72979000000000E+01
 2.02029170000000E+03   3.79195000000000E+01
 2.02037500000000E+03   4.25410000000000E+01
 2.02045830000000E+03   4.82394000000000E+01
 2.02054170000000E+03   3.74758000000000E+01
 2.02062500000000E+03   1.92506000000000E+01
 2.02070830000000E+03  -3.59010000000000E+00
 2.02079170000000E+03  -1.35850000000000E+01
 2.02087500000000E+03  -9.11830000000000E+00
 2.02095830000000E+03  -6.65190000000000E+00
 2.02104170000000E+03  -1.05704000000000E+01
 2.02112500000000E+03  -1.50274000000000E+01
 2.02120830000000E+03  -2.21769000000000E+01
 2.02129170000000E+03  -1.40959000000000E+01
 2.02137500000000E+03  -1.13227000000000E+01
 2.02145830000000E+03  -2.32419000000000E+01
 2.02154170000000E+03  -2.74692000000000E+01
 2.02162500000000E+03  -1.98504000000000E+01
 2.02170830000000E+03  -3.15394000000000E+01
 2.02179170000000E+03  -3.44596000000000E+01
 2.02187500000000E+03  -2.94567000000000E+01
 2.02195830000000E+03  -2.61462000000000E+01
 2.02204170000000E+03  -2.28362000000000E+01
 2.02212500000000E+03  -2.00645000000000E+01
 2.02220830000000E+03  -1.56777000000000E+01
 2.02229170000000E+03  -5.22100000000000E-01
 2.02237500000000E+03   3.94130000000000E+00
 2.02245830000000E+03   2.01990000000000E+00
 2.02254170000000E+03   1.08673000000000E+01
 2.02262500000000E+03   3.86860000000000E+00
 2.02270830000000E+03  -6.74570000000000E+00
 2.02279170000000E+03  -1.28340000000000E+00
 2.02287500000000E+03  -4.89800000000000E+00
 2.02295830000000E+03  -5.35900000000000E+00
 2.02304170000000E+03   4.87400000000000E-01
 2.02312500000000E+03   9.79530000000000E+00
 2.02320830000000E+03   2.14876000000000E+01
 2.02329170000000E+03   3.15642000000000E+01
 2.02337500000000E+03   3.07946000000000E+01
 2.02345830000000E+03   2.59479000000000E+01
 2.02354170000000E+03   2.67163000000000E+01
 2.02362500000000E+03   2.48692000000000E+01
 2.02370830000000E+03   3.01758000000000E+01
 2.02379170000000E+03   3.80975000000000E+01
 2.02387500000000E+03   4.53268000000000E+01
 2.02395830000000E+03   5.87868000000000E+01
 2.02404170000000E+03   6.95540000000000E+01
 2.02412500000000E+03   7.50905000000000E+01
 2.02420830000000E+03   7.35499000000000E+01
 2.02429170000000E+03   7.28550000000000E+01
 2.02437500000000E+03   6.50064000000000E+01
 2.02445830000000E+03   5.79268000000000E+01
 2.02454170000000E+03   5.19365000000000E+01
 2.02462500000000E+03   4.87038000000000E+01
 2.02470830000000E+03   4.31558000000000E+01
 2.02479170000000E+03   4.39651000000000E+01
 2.02487500000000E+03   3.85159000000000E+01
 2.02495830000000E+03   4.64119000000000E+01
