 1.86504170000000E+03  -1.04148400000000E+02
 1.86512500000000E+03  -9.20000000000000E+01
 1.86520830000000E+03  -9.36809000000000E+01
 1.86529170000000E+03  -7.80425000000000E+01
 1.86537500000000E+03  -7.16263000000000E+01
 1.86545830000000E+03  -7.54601000000000E+01
 1.86554170000000E+03  -5.79480000000000E+01
 1.86562500000000E+03  -4.99550000000000E+01
 1.86570830000000E+03  -4.88851000000000E+01
 1.86579170000000E+03  -3.82000000000000E+01
 1.86587500000000E+03  -2.55918000000000E+01
 1.86595830000000E+03  -2.22144000000000E+01
 1.86604170000000E+03  -8.06790000000000E+00
 1.86612500000000E+03   3.77090000000000E+00
 1.86620830000000E+03   1.29174000000000E+01
 1.86629170000000E+03   1.12945000000000E+01
 1.86637500000000E+03   2.81333000000000E+01
 1.86645830000000E+03   4.57411000000000E+01
 1.86654170000000E+03   5.60412000000000E+01
 1.86662500000000E+03   5.13413000000000E+01
 1.86670830000000E+03   2.43337000000000E+01
 1.86679170000000E+03   3.96336000000000E+01
 1.86687500000000E+03   3.45489000000000E+01
 1.86695830000000E+03   3.13873000000000E+01
 1.86704170000000E+03   3.59178000000000E+01
 1.86712500000000E+03   2.58330000000000E+01
 1.86720830000000E+03   2.15174000000000E+01
 1.86729170000000E+03   1.75862000000000E+01
 1.86737500000000E+03   3.51936000000000E+01
 1.86745830000000E+03   2.04932000000000E+01
 1.86754170000000E+03   3.10040000000000E+00
 1.86762500000000E+03   1.45538000000000E+01
 1.86770830000000E+03   5.23790000000000E+00
 1.86779170000000E+03   1.01526000000000E+01
 1.86787500000000E+03  -6.85570000000000E+00
 1.86795830000000E+03  -3.47950000000000E+00
 1.86804170000000E+03  -3.18030000000000E+00
 1.86812500000000E+03  -4.41950000000000E+00
 1.86820830000000E+03  -1.42800000000000E+00
 1.86829170000000E+03   4.25570000000000E+00
 1.86837500000000E+03   3.24000000000000E-01
 1.86845830000000E+03   7.54610000000000E+00
 1.86854170000000E+03  -7.15500000000000E+00
 1.86862500000000E+03   8.14400000000000E+00
 1.86870830000000E+03  -1.80956000000000E+01
 1.86879170000000E+03  -2.89507000000000E+01
 1.86887500000000E+03  -2.94211000000000E+01
 1.86895830000000E+03  -2.25838000000000E+01
 1.86904170000000E+03  -2.38237000000000E+01
 1.86912500000000E+03  -1.92943000000000E+01
 1.86920830000000E+03  -9.38030000000000E+00
 1.86929170000000E+03   7.45670000000000E+00
 1.86937500000000E+03   1.96783000000000E+01
 1.86945830000000E+03   1.99768000000000E+01
 1.86954170000000E+03   2.75100000000000E-01
 1.86962500000000E+03  -1.32727000000000E+01
 1.86970830000000E+03  -3.37436000000000E+01
 1.86979170000000E+03  -2.95993000000000E+01
 1.86987500000000E+03  -2.46856000000000E+01
 1.86995830000000E+03  -2.40028000000000E+01
 1.87004170000000E+03  -2.48586000000000E+01
 1.87012500000000E+03  -1.30221000000000E+01
 1.87020830000000E+03  -1.23394000000000E+01
 1.87029170000000E+03  -1.16569000000000E+01
 1.87037500000000E+03  -2.28974000000000E+01
 1.87045830000000E+03  -5.10611000000000E+01
 1.87054170000000E+03  -6.69171000000000E+01
 1.87062500000000E+03  -7.31578000000000E+01
 1.87070830000000E+03  -5.86293000000000E+01
 1.87079170000000E+03  -5.91009000000000E+01
 1.87087500000000E+03  -5.88032000000000E+01
 1.87095830000000E+03  -5.42748000000000E+01
 1.87104170000000E+03  -4.51312000000000E+01
 1.87112500000000E+03  -4.29106000000000E+01
 1.87120830000000E+03  -4.56901000000000E+01
 1.87129170000000E+03  -4.73158000000000E+01
 1.87137500000000E+03  -6.12492000000000E+01
 1.87145830000000E+03  -6.40288000000000E+01
 1.87154170000000E+03  -6.14240000000000E+01
 1.87162500000000E+03  -5.80498000000000E+01
 1.87170830000000E+03  -5.15988000000000E+01
 1.87179170000000E+03  -4.89940000000000E+01
 1.87187500000000E+03  -4.83123000000000E+01
 1.87195830000000E+03  -4.64768000000000E+01
 1.87204170000000E+03  -4.34876000000000E+01
 1.87212500000000E+03  -4.51138000000000E+01
 1.87220830000000E+03  -2.44323000000000E+01
 1.87229170000000E+03  -1.91355000000000E+01
 1.87237500000000E+03  -9.22330000000000E+00
 1.87245830000000E+03  -5.08040000000000E+00
 1.87254170000000E+03   2.16200000000000E-01
 1.87262500000000E+03  -7.94870000000000E+00
 1.87270830000000E+03  -1.18828000000000E+01
 1.87279170000000E+03  -1.77402000000000E+01
 1.87287500000000E+03  -1.70591000000000E+01
 1.87295830000000E+03  -1.48396000000000E+01
 1.87304170000000E+03  -9.15860000000000E+00
 1.87312500000000E+03  -5.01610000000000E+00
 1.87320830000000E+03   4.51100000000000E+00
 1.87329170000000E+03   1.91800000000000E-01
 1.87337500000000E+03   2.02650000000000E+00
 1.87345830000000E+03   4.24570000000000E+00
 1.87354170000000E+03   1.22341000000000E+01
 1.87362500000000E+03  -3.62370000000000E+00
 1.87370830000000E+03   4.74930000000000E+00
 1.87379170000000E+03   1.50451000000000E+01
 1.87387500000000E+03   1.57257000000000E+01
 1.87395830000000E+03   1.37139000000000E+01
 1.87404170000000E+03   1.40096000000000E+01
 1.87412500000000E+03   2.04593000000000E+01
 1.87420830000000E+03   1.99858000000000E+01
 1.87429170000000E+03   2.02814000000000E+01
 1.87437500000000E+03   7.11550000000000E+00
 1.87445830000000E+03  -4.51190000000000E+00
 1.87454170000000E+03  -1.72934000000000E+01
 1.87462500000000E+03  -4.96902000000000E+01
 1.87470830000000E+03  -5.59332000000000E+01
 1.87479170000000E+03  -6.37148000000000E+01
 1.87487500000000E+03  -6.57271000000000E+01
 1.87495830000000E+03  -6.08164000000000E+01
 1.87504170000000E+03  -5.59059000000000E+01
 1.87512500000000E+03  -5.17645000000000E+01
 1.87520830000000E+03  -5.18540000000000E+01
 1.87529170000000E+03  -6.11743000000000E+01
 1.87537500000000E+03  -6.47254000000000E+01
 1.87545830000000E+03  -6.21227000000000E+01
 1.87554170000000E+03  -7.29816000000000E+01
 1.87562500000000E+03  -6.57636000000000E+01
 1.87570830000000E+03  -3.20072000000000E+01
 1.87579170000000E+03  -2.13278000000000E+01
 1.87587500000000E+03  -2.21869000000000E+01
 1.87595830000000E+03  -1.76614000000000E+01
 1.87604170000000E+03  -9.28990000000000E+00
 1.87612500000000E+03  -9.18300000000000E-01
 1.87620830000000E+03   1.12994000000000E+01
 1.87629170000000E+03   6.97850000000000E+00
 1.87637500000000E+03   1.22730000000000E+01
 1.87645830000000E+03   3.33670000000000E+00
 1.87654170000000E+03   1.36310000000000E+01
 1.87662500000000E+03   4.62330000000000E+01
 1.87670830000000E+03   4.22966000000000E+01
 1.87679170000000E+03   2.22061000000000E+01
 1.87687500000000E+03   2.63465000000000E+01
 1.87695830000000E+03   3.93330000000000E+01
 1.87704170000000E+03   5.03962000000000E+01
 1.87712500000000E+03   5.76134000000000E+01
 1.87720830000000E+03   5.55997000000000E+01
 1.87729170000000E+03   5.39705000000000E+01
 1.87737500000000E+03   6.77260000000000E+01
 1.87745830000000E+03   7.49429000000000E+01
 1.87754170000000E+03   8.02367000000000E+01
 1.87762500000000E+03   6.36074000000000E+01
 1.87770830000000E+03   5.62088000000000E+01
 1.87779170000000E+03   4.95793000000000E+01
 1.87787500000000E+03   6.10268000000000E+01
 1.87795830000000E+03   6.55512000000000E+01
 1.87804170000000E+03   7.04600000000000E+01
 1.87812500000000E+03   7.26766000000000E+01
 1.87820830000000E+03   7.37393000000000E+01
 1.87829170000000E+03   7.55710000000000E+01
 1.87837500000000E+03   7.04798000000000E+01
 1.87845830000000E+03   6.11577000000000E+01
 1.87854170000000E+03   4.29893000000000E+01
 1.87862500000000E+03   3.94364000000000E+01
 1.87870830000000E+03   3.43449000000000E+01
 1.87879170000000E+03   2.19456000000000E+01
 1.87887500000000E+03   2.18541000000000E+01
 1.87895830000000E+03   2.44548000000000E+01
 1.87904170000000E+03   3.05169000000000E+01
 1.87912500000000E+03   3.11944000000000E+01
 1.87920830000000E+03   2.61027000000000E+01
 1.87929170000000E+03   1.90877000000000E+01
 1.87937500000000E+03   1.63036000000000E+01
 1.87945830000000E+03   5.44250000000000E+00
 1.87954170000000E+03  -6.18800000000000E+00
 1.87962500000000E+03   8.72000000000000E+00
 1.87970830000000E+03  -6.02800000000000E-01
 1.87979170000000E+03   6.22810000000000E+00
 1.87987500000000E+03   1.90520000000000E+00
 1.87995830000000E+03   1.02746000000000E+01
 1.88004170000000E+03   7.10540000000000E+00
 1.88012500000000E+03  -2.60230000000000E+00
 1.88020830000000E+03  -5.77150000000000E+00
 1.88029170000000E+03  -2.01780000000000E+00
 1.88037500000000E+03   8.27440000000000E+00
 1.88045830000000E+03   2.39512000000000E+01
 1.88054170000000E+03   2.30893000000000E+01
 1.88062500000000E+03   2.03045000000000E+01
 1.88070830000000E+03   1.15965000000000E+01
 1.88079170000000E+03   1.11191000000000E+01
 1.88087500000000E+03   3.56490000000000E+00
 1.88095830000000E+03   6.70290000000000E+00
 1.88104170000000E+03   7.37930000000000E+00
 1.88112500000000E+03   1.72864000000000E+01
 1.88120830000000E+03   1.64243000000000E+01
 1.88129170000000E+03   1.23313000000000E+01
 1.88137500000000E+03   1.16998000000000E+01
 1.88145830000000E+03   1.45300000000000E+00
 1.88154170000000E+03  -1.91787000000000E+01
 1.88162500000000E+03  -1.35026000000000E+01
 1.88170830000000E+03  -2.59570000000000E+00
 1.88179170000000E+03  -4.22750000000000E+00
 1.88187500000000E+03  -2.01310000000000E+00
 1.88195830000000E+03   1.02013000000000E+01
 1.88204170000000E+03   1.24924000000000E+01
 1.88212500000000E+03   2.09375000000000E+01
 1.88220830000000E+03   6.61330000000000E+00
 1.88229170000000E+03   7.51960000000000E+00
 1.88237500000000E+03   2.38107000000000E+01
 1.88245830000000E+03   1.37171000000000E+01
 1.88254170000000E+03   7.31560000000000E+00
 1.88262500000000E+03  -1.31650000000000E+00
 1.88270830000000E+03  -1.24103000000000E+01
 1.88279170000000E+03  -2.87349000000000E+01
 1.88287500000000E+03  -2.69826000000000E+01
 1.88295830000000E+03  -2.73073000000000E+01
 1.88304170000000E+03  -2.67859000000000E+01
 1.88312500000000E+03  -2.38799000000000E+01
 1.88320830000000E+03  -3.15893000000000E+01
 1.88329170000000E+03  -2.02220000000000E+01
 1.88337500000000E+03  -6.23920000000000E+00
 1.88345830000000E+03  -3.94870000000000E+00
 1.88354170000000E+03   1.34185000000000E+01
 1.88362500000000E+03   1.09396000000000E+01
 1.88370830000000E+03   1.03068000000000E+01
 1.88379170000000E+03   8.90460000000000E+00
 1.88387500000000E+03   1.90410000000000E+01
 1.88395830000000E+03   1.99465000000000E+01
 1.88404170000000E+03   2.85442000000000E+01
 1.88412500000000E+03   2.52958000000000E+01
 1.88420830000000E+03   2.77397000000000E+01
 1.88429170000000E+03   3.86449000000000E+01
 1.88437500000000E+03   2.93964000000000E+01
 1.88445830000000E+03   2.76862000000000E+01
 1.88454170000000E+03   1.66820000000000E+00
 1.88462500000000E+03  -1.25804000000000E+01
 1.88470830000000E+03  -1.94446000000000E+01
 1.88479170000000E+03  -2.07704000000000E+01
 1.88487500000000E+03  -8.94230000000000E+00
 1.88495830000000E+03  -9.34500000000000E+00
 1.88504170000000E+03  -1.24402000000000E+01
 1.88512500000000E+03  -1.09969000000000E+01
 1.88520830000000E+03  -2.47670000000000E+00
 1.88529170000000E+03   8.88950000000000E+00
 1.88537500000000E+03  -8.89810000000000E+00
 1.88545830000000E+03   2.77590000000000E+00
 1.88554170000000E+03  -2.70420000000000E+00
 1.88562500000000E+03  -1.15689000000000E+01
 1.88570830000000E+03  -2.53567000000000E+01
 1.88579170000000E+03  -2.41446000000000E+01
 1.88587500000000E+03  -2.03171000000000E+01
 1.88595830000000E+03  -2.01819000000000E+01
 1.88604170000000E+03  -1.22777000000000E+01
 1.88612500000000E+03  -2.75800000000000E+00
 1.88620830000000E+03  -2.38400000000000E-01
 1.88629170000000E+03  -8.02660000000000E+00
 1.88637500000000E+03  -1.40455000000000E+01
 1.88645830000000E+03   1.02432000000000E+01
 1.88654170000000E+03  -8.23750000000000E+00
 1.88662500000000E+03  -2.85642000000000E+01
 1.88670830000000E+03  -2.16603000000000E+01
 1.88679170000000E+03  -2.34488000000000E+01
 1.88687500000000E+03  -2.27757000000000E+01
 1.88695830000000E+03  -2.50257000000000E+01
 1.88704170000000E+03  -2.95836000000000E+01
 1.88712500000000E+03  -3.00645000000000E+01
 1.88720830000000E+03  -2.70839000000000E+01
 1.88729170000000E+03  -1.73342000000000E+01
 1.88737500000000E+03  -2.08153000000000E+01
 1.88745830000000E+03  -2.22964000000000E+01
 1.88754170000000E+03  -4.87007000000000E+01
 1.88762500000000E+03  -5.81819000000000E+01
 1.88770830000000E+03  -5.19708000000000E+01
 1.88779170000000E+03  -5.32983000000000E+01
 1.88787500000000E+03  -4.63181000000000E+01
 1.88795830000000E+03  -4.39533000000000E+01
 1.88804170000000E+03  -2.91272000000000E+01
 1.88812500000000E+03  -2.25317000000000E+01
 1.88820830000000E+03  -2.91671000000000E+01
 1.88829170000000E+03  -2.66487000000000E+01
 1.88837500000000E+03  -3.71304000000000E+01
 1.88845830000000E+03  -3.06889000000000E+01
 1.88854170000000E+03  -4.50169000000000E+01
 1.88862500000000E+03  -3.03448000000000E+01
 1.88870830000000E+03  -1.95959000000000E+01
 1.88879170000000E+03  -2.01547000000000E+01
 1.88887500000000E+03  -1.60982000000000E+01
 1.88895830000000E+03  -1.59647000000000E+01
 1.88904170000000E+03  -7.44690000000000E+00
 1.88912500000000E+03  -3.08270000000000E+00
 1.88920830000000E+03   3.58900000000000E+00
 1.88929170000000E+03   8.87600000000000E+00
 1.88937500000000E+03   7.08610000000000E+00
 1.88945830000000E+03   1.37310000000000E+00
 1.88954170000000E+03   9.81380000000000E+00
 1.88962500000000E+03  -2.74550000000000E+00
 1.88970830000000E+03  -1.18432000000000E+01
 1.88979170000000E+03  -1.12488000000000E+01
 1.88987500000000E+03  -7.80820000000000E+00
 1.88995830000000E+03  -3.36770000000000E+00
 1.89004170000000E+03   8.38040000000000E+00
 1.89012500000000E+03   9.43630000000000E+00
 1.89020830000000E+03  -5.81560000000000E+00
 1.89029170000000E+03   1.62460000000000E+00
 1.89037500000000E+03   4.75720000000000E+00
 1.89045830000000E+03  -1.69563000000000E+01
 1.89054170000000E+03  -1.53624000000000E+01
 1.89062500000000E+03  -3.93837000000000E+01
 1.89070830000000E+03  -1.31744000000000E+01
 1.89079170000000E+03  -2.49652000000000E+01
 1.89087500000000E+03  -2.29867000000000E+01
 1.89095830000000E+03  -2.31621000000000E+01
 1.89104170000000E+03  -1.61838000000000E+01
 1.89112500000000E+03  -1.13593000000000E+01
 1.89120830000000E+03  -6.15020000000000E+00
 1.89129170000000E+03   3.36640000000000E+00
 1.89137500000000E+03  -1.10401000000000E+01
 1.89145830000000E+03  -2.15700000000000E-01
 1.89154170000000E+03   2.46084000000000E+01
 1.89162500000000E+03   3.06634000000000E+01
 1.89170830000000E+03   3.15645000000000E+01
 1.89179170000000E+03   1.87731000000000E+01
 1.89187500000000E+03   2.62126000000000E+01
 1.89195830000000E+03   2.81904000000000E+01
 1.89204170000000E+03   3.22451000000000E+01
 1.89212500000000E+03   3.09151000000000E+01
 1.89220830000000E+03   2.65852000000000E+01
 1.89229170000000E+03   2.83320000000000E+01
 1.89237500000000E+03   2.40019000000000E+01
 1.89245830000000E+03   3.25949000000000E+01
 1.89254170000000E+03   1.63415000000000E+01
 1.89262500000000E+03   1.65498000000000E+01
 1.89270830000000E+03   1.54503000000000E+01
 1.89279170000000E+03   1.51199000000000E+01
 1.89287500000000E+03   1.44049000000000E+01
 1.89295830000000E+03   1.56130000000000E+01
 1.89304170000000E+03   1.67440000000000E+01
 1.89312500000000E+03   2.21827000000000E+01
 1.89320830000000E+03   3.19291000000000E+01
 1.89329170000000E+03   4.36753000000000E+01
 1.89337500000000E+03   4.12678000000000E+01
 1.89345830000000E+03   4.63217000000000E+01
 1.89354170000000E+03   3.46831000000000E+01
 1.89362500000000E+03   4.37370000000000E+01
 1.89370830000000E+03   3.16369000000000E+01
 1.89379170000000E+03   1.96906000000000E+01
 1.89387500000000E+03   2.52058000000000E+01
 1.89395830000000E+03   2.96440000000000E+01
 1.89404170000000E+03   3.64668000000000E+01
 1.89412500000000E+03   4.31357000000000E+01
 1.89420830000000E+03   3.91123000000000E+01
 1.89429170000000E+03   3.12425000000000E+01
 1.89437500000000E+03   2.43729000000000E+01
 1.89445830000000E+03   3.79647000000000E+01
 1.89454170000000E+03   2.76333000000000E+01
 1.89462500000000E+03   1.81481000000000E+01
 1.89470830000000E+03   1.08167000000000E+01
 1.89479170000000E+03   1.04851000000000E+01
 1.89487500000000E+03   1.10767000000000E+01
 1.89495830000000E+03   1.20528000000000E+01
 1.89504170000000E+03   2.11057000000000E+01
 1.89512500000000E+03   2.33126000000000E+01
 1.89520830000000E+03   1.65193000000000E+01
 1.89529170000000E+03   3.24182000000000E+01
 1.89537500000000E+03   2.65480000000000E+01
 1.89545830000000E+03   2.90623000000000E+01
 1.89554170000000E+03   6.19190000000000E+00
 1.89562500000000E+03   3.98400000000000E-01
 1.89570830000000E+03   1.39126000000000E+01
 1.89579170000000E+03   8.58040000000000E+00
 1.89587500000000E+03   2.63300000000000E+00
 1.89595830000000E+03   1.02240000000000E+01
 1.89604170000000E+03   1.71224000000000E+01
 1.89612500000000E+03   1.17902000000000E+01
 1.89620830000000E+03   1.89964000000000E+01
 1.89629170000000E+03   2.25102000000000E+01
 1.89637500000000E+03   2.94700000000000E+00
 1.89645830000000E+03   7.68500000000000E-01
 1.89654170000000E+03  -1.87179000000000E+01
 1.89662500000000E+03  -2.02812000000000E+01
 1.89670830000000E+03  -5.69070000000000E+00
 1.89679170000000E+03  -1.78696000000000E+01
 1.89687500000000E+03  -1.36637000000000E+01
 1.89695830000000E+03  -7.53490000000000E+00
 1.89704170000000E+03  -5.79080000000000E+00
 1.89712500000000E+03  -1.73900000000000E+00
 1.89720830000000E+03   6.54360000000000E+00
 1.89729170000000E+03  -8.25100000000000E+00
 1.89737500000000E+03  -1.15839000000000E+01
 1.89745830000000E+03  -7.14770000000000E+00
 1.89754170000000E+03   3.13460000000000E+00
 1.89762500000000E+03   2.71861000000000E+01
 1.89770830000000E+03   2.50838000000000E+01
 1.89779170000000E+03   1.12889000000000E+01
 1.89787500000000E+03   2.01865000000000E+01
 1.89795830000000E+03   1.86994000000000E+01
 1.89804170000000E+03   2.46736000000000E+01
 1.89812500000000E+03   2.57249000000000E+01
 1.89820830000000E+03   2.11607000000000E+01
 1.89829170000000E+03   9.67330000000000E+00
 1.89837500000000E+03   1.56475000000000E+01
 1.89845830000000E+03   3.68524000000000E+01
 1.89854170000000E+03   4.42110000000000E+01
 1.89862500000000E+03   3.57235000000000E+01
 1.89870830000000E+03   1.73898000000000E+01
 1.89879170000000E+03   2.48252000000000E+01
 1.89887500000000E+03   3.11067000000000E+01
 1.89895830000000E+03   2.54652000000000E+01
 1.89904170000000E+03   2.74389000000000E+01
 1.89912500000000E+03   2.42588000000000E+01
 1.89920830000000E+03   4.17710000000000E+01
 1.89929170000000E+03   4.79753000000000E+01
 1.89937500000000E+03   6.32566000000000E+01
 1.89945830000000E+03   5.45379000000000E+01
 1.89954170000000E+03   3.20497000000000E+01
 1.89962500000000E+03   1.86386000000000E+01
 1.89970830000000E+03   7.84280000000000E+00
 1.89979170000000E+03  -1.84000000000000E-01
 1.89987500000000E+03  -9.05680000000000E+00
 1.89995830000000E+03  -8.54510000000000E+00
 1.90004170000000E+03  -2.72580000000000E+00
 1.90012500000000E+03   1.70500000000000E-01
 1.90020830000000E+03   1.91280000000000E+00
 1.90029170000000E+03  -3.03730000000000E+00
 1.90037500000000E+03  -1.32181000000000E+01
 1.90045830000000E+03  -1.42451000000000E+01
 1.90054170000000E+03  -8.34920000000000E+00
 1.90062500000000E+03  -1.59917000000000E+01
 1.90070830000000E+03  -2.43265000000000E+01
 1.90079170000000E+03  -1.91231000000000E+01
 1.90087500000000E+03  -2.69196000000000E+01
 1.90095830000000E+03  -2.74853000000000E+01
 1.90104170000000E+03  -3.32051000000000E+01
 1.90112500000000E+03  -3.48479000000000E+01
 1.90120830000000E+03  -4.34138000000000E+01
 1.90129170000000E+03  -4.19029000000000E+01
 1.90137500000000E+03  -4.87766000000000E+01
 1.90145830000000E+03  -4.14196000000000E+01
 1.90154170000000E+03  -4.36781000000000E+01
 1.90162500000000E+03  -6.78596000000000E+01
 1.90170830000000E+03  -6.48104000000000E+01
 1.90179170000000E+03  -7.09152000000000E+01
 1.90187500000000E+03  -7.14046000000000E+01
 1.90195830000000E+03  -6.38171000000000E+01
 1.90204170000000E+03  -6.16143000000000E+01
 1.90212500000000E+03  -5.61038000000000E+01
 1.90220830000000E+03  -6.05934000000000E+01
 1.90229170000000E+03  -5.74677000000000E+01
 1.90237500000000E+03  -7.38805000000000E+01
 1.90245830000000E+03  -8.77548000000000E+01
 1.90254170000000E+03  -9.43985000000000E+01
 1.90262500000000E+03  -9.59652000000000E+01
 1.90270830000000E+03  -7.48396000000000E+01
 1.90279170000000E+03  -6.64835000000000E+01
 1.90287500000000E+03  -5.86657000000000E+01
 1.90295830000000E+03  -6.38480000000000E+01
 1.90304170000000E+03  -5.45689000000000E+01
 1.90312500000000E+03  -4.34436000000000E+01
 1.90320830000000E+03  -4.47799000000000E+01
 1.90329170000000E+03  -2.68856000000000E+01
 1.90337500000000E+03  -1.58373000000000E+01
 1.90345830000000E+03  -8.40450000000000E+00
 1.90354170000000E+03   4.89600000000000E-01
 1.90362500000000E+03   1.06147000000000E+01
 1.90370830000000E+03  -1.04911000000000E+01
 1.90379170000000E+03  -5.52020000000000E+00
 1.90387500000000E+03  -1.05492000000000E+01
 1.90395830000000E+03  -1.42430000000000E+00
 1.90404170000000E+03   8.93110000000000E+00
 1.90412500000000E+03   1.28251000000000E+01
 1.90420830000000E+03   6.42100000000000E-01
 1.90429170000000E+03   1.23050000000000E+01
 1.90437500000000E+03   1.74296000000000E+01
 1.90445830000000E+03   1.99388000000000E+01
 1.90454170000000E+03   3.02170000000000E+01
 1.90462500000000E+03   2.86491000000000E+01
 1.90470830000000E+03   1.22351000000000E+01
 1.90479170000000E+03   2.01285000000000E+01
 1.90487500000000E+03   7.25280000000000E+00
 1.90495830000000E+03   3.30020000000000E+00
 1.90504170000000E+03   4.57810000000000E+00
 1.90512500000000E+03   9.01000000000000E+00
 1.90520830000000E+03   7.98020000000000E+00
 1.90529170000000E+03   2.70272000000000E+01
 1.90537500000000E+03   1.73820000000000E+01
 1.90545830000000E+03  -1.86300000000000E-01
 1.90554170000000E+03   3.99000000000000E-01
 1.90562500000000E+03  -7.84800000000000E-01
 1.90570830000000E+03   6.03130000000000E+00
 1.90579170000000E+03   1.46270000000000E+00
 1.90587500000000E+03  -3.36700000000000E-01
 1.90595830000000E+03   5.09470000000000E+00
 1.90604170000000E+03   8.98750000000000E+00
 1.90612500000000E+03   1.37264000000000E+01
 1.90620830000000E+03   8.00380000000000E+00
 1.90629170000000E+03   1.09733000000000E+01
 1.90637500000000E+03   7.55830000000000E+00
 1.90645830000000E+03   2.50663000000000E+01
 1.90654170000000E+03   2.68818000000000E+01
 1.90662500000000E+03   1.92359000000000E+01
 1.90670830000000E+03   1.24361000000000E+01
 1.90679170000000E+03  -1.82540000000000E+00
 1.90687500000000E+03   8.45160000000000E+00
 1.90695830000000E+03   1.78824000000000E+01
 1.90704170000000E+03   2.07745000000000E+01
 1.90712500000000E+03   2.91283000000000E+01
 1.90720830000000E+03   2.14051000000000E+01
 1.90729170000000E+03   2.70664000000000E+01
 1.90737500000000E+03   2.14200000000000E+01
 1.90745830000000E+03   1.43121000000000E+01
 1.90754170000000E+03   2.43470000000000E+00
 1.90762500000000E+03   1.16344000000000E+01
 1.90770830000000E+03  -3.70450000000000E+00
 1.90779170000000E+03  -9.65890000000000E+00
 1.90787500000000E+03  -9.84400000000000E+00
 1.90795830000000E+03  -1.37215000000000E+01
 1.90804170000000E+03  -2.00607000000000E+01
 1.90812500000000E+03  -1.20921000000000E+01
 1.90820830000000E+03  -1.47389000000000E+01
 1.90829170000000E+03  -2.13090000000000E+01
 1.90837500000000E+03  -1.34175000000000E+01
 1.90845830000000E+03  -1.60645000000000E+01
 1.90854170000000E+03  -1.09424000000000E+01
 1.90862500000000E+03  -1.98203000000000E+01
 1.90870830000000E+03  -3.46981000000000E+01
 1.90879170000000E+03  -2.85762000000000E+01
 1.90887500000000E+03  -2.87619000000000E+01
 1.90895830000000E+03  -2.94861000000000E+01
 1.90904170000000E+03  -1.36720000000000E+01
 1.90912500000000E+03  -7.78090000000000E+00
 1.90920830000000E+03  -1.36591000000000E+01
 1.90929170000000E+03  -5.22980000000000E+00
 1.90937500000000E+03   1.62766000000000E+01
 1.90945830000000E+03   2.01675000000000E+01
 1.90954170000000E+03   4.22890000000000E+01
 1.90962500000000E+03   4.12567000000000E+01
 1.90970830000000E+03   3.67629000000000E+01
 1.90979170000000E+03   3.77304000000000E+01
 1.90987500000000E+03   3.99287000000000E+01
 1.90995830000000E+03   5.05116000000000E+01
 1.91004170000000E+03   6.32482000000000E+01
 1.91012500000000E+03   5.55234000000000E+01
 1.91020830000000E+03   5.19523000000000E+01
 1.91029170000000E+03   4.75349000000000E+01
 1.91037500000000E+03   5.38868000000000E+01
 1.91045830000000E+03   5.19310000000000E+01
 1.91054170000000E+03   3.48212000000000E+01
 1.91062500000000E+03   2.62499000000000E+01
 1.91070830000000E+03   1.14477000000000E+01
 1.91079170000000E+03   1.87993000000000E+01
 1.91087500000000E+03   1.52278000000000E+01
 1.91095830000000E+03   1.58102000000000E+01
 1.91104170000000E+03   1.07770000000000E+01
 1.91112500000000E+03   5.97460000000000E+00
 1.91120830000000E+03   9.78760000000000E+00
 1.91129170000000E+03   1.60619000000000E+01
 1.91137500000000E+03   3.34902000000000E+01
 1.91145830000000E+03   1.95338000000000E+01
 1.91154170000000E+03   3.26950000000000E+00
 1.91162500000000E+03   1.25438000000000E+01
 1.91170830000000E+03   1.05104000000000E+01
 1.91179170000000E+03   1.51690000000000E+01
 1.91187500000000E+03   1.61355000000000E+01
 1.91195830000000E+03   2.51788000000000E+01
 1.91204170000000E+03   2.62219000000000E+01
 1.91212500000000E+03   4.24190000000000E+01
 1.91220830000000E+03   4.25391000000000E+01
 1.91229170000000E+03   4.25051000000000E+01
 1.91237500000000E+03   5.42405000000000E+01
 1.91245830000000E+03   5.99759000000000E+01
 1.91254170000000E+03   4.48649000000000E+01
 1.91262500000000E+03   4.72155000000000E+01
 1.91270830000000E+03   4.87199000000000E+01
 1.91279170000000E+03   3.18396000000000E+01
 1.91287500000000E+03   2.53439000000000E+01
 1.91295830000000E+03   2.56174000000000E+01
 1.91304170000000E+03   2.25061000000000E+01
 1.91312500000000E+03   2.25488000000000E+01
 1.91320830000000E+03   5.82210000000000E+00
 1.91329170000000E+03   8.86450000000000E+00
 1.91337500000000E+03   3.06763000000000E+01
 1.91345830000000E+03   3.38726000000000E+01
 1.91354170000000E+03   1.58379000000000E+01
 1.91362500000000E+03   3.29572000000000E+01
 1.91370830000000E+03   4.56918000000000E+01
 1.91379170000000E+03   3.35801000000000E+01
 1.91387500000000E+03   3.75454000000000E+01
 1.91395830000000E+03   4.50491000000000E+01
 1.91404170000000E+03   5.19373000000000E+01
 1.91412500000000E+03   5.02870000000000E+01
 1.91420830000000E+03   6.51752000000000E+01
 1.91429170000000E+03   6.89094000000000E+01
 1.91437500000000E+03   7.63359000000000E+01
 1.91445830000000E+03   6.79932000000000E+01
 1.91454170000000E+03   6.43426000000000E+01
 1.91462500000000E+03   6.57690000000000E+01
 1.91470830000000E+03   5.88876000000000E+01
 1.91479170000000E+03   4.42369000000000E+01
 1.91487500000000E+03   3.85862000000000E+01
 1.91495830000000E+03   3.46278000000000E+01
 1.91504170000000E+03   4.29000000000000E+01
 1.91512500000000E+03   4.37107000000000E+01
 1.91520830000000E+03   4.66752000000000E+01
 1.91529170000000E+03   2.35627000000000E+01
 1.91537500000000E+03   3.81425000000000E+01
 1.91545830000000E+03   3.56453000000000E+01
 1.91554170000000E+03   4.07634000000000E+01
 1.91562500000000E+03   2.81123000000000E+01
 1.91570830000000E+03   2.29996000000000E+01
 1.91579170000000E+03   2.20406000000000E+01
 1.91587500000000E+03   2.33124000000000E+01
 1.91595830000000E+03   3.60457000000000E+01
 1.91604170000000E+03   3.97020000000000E+01
 1.91612500000000E+03   3.68198000000000E+01
 1.91620830000000E+03   3.30145000000000E+01
 1.91629170000000E+03   4.19014000000000E+01
 1.91637500000000E+03   5.57114000000000E+01
 1.91645830000000E+03   5.16752000000000E+01
 1.91654170000000E+03   3.37927000000000E+01
 1.91662500000000E+03  -1.62820000000000E+00
 1.91670830000000E+03  -1.65107000000000E+01
 1.91679170000000E+03  -1.77011000000000E+01
 1.91687500000000E+03  -2.96606000000000E+01
 1.91695830000000E+03  -3.04663000000000E+01
 1.91704170000000E+03  -3.55799000000000E+01
 1.91712500000000E+03  -2.46164000000000E+01
 1.91720830000000E+03  -2.09607000000000E+01
 1.91729170000000E+03  -4.53600000000000E+00
 1.91737500000000E+03   4.27000000000000E-02
 1.91745830000000E+03   2.36700000000000E-01
 1.91754170000000E+03   3.19970000000000E+00
 1.91762500000000E+03   1.25475000000000E+01
 1.91770830000000E+03   9.51060000000000E+00
 1.91779170000000E+03   1.17812000000000E+01
 1.91787500000000E+03   4.74420000000000E+00
 1.91795830000000E+03   1.71687000000000E+01
 1.91804170000000E+03   2.22853000000000E+01
 1.91812500000000E+03   2.36327000000000E+01
 1.91820830000000E+03   3.12879000000000E+01
 1.91829170000000E+03   2.85582000000000E+01
 1.91837500000000E+03   8.75170000000000E+00
 1.91845830000000E+03   1.10989000000000E+01
 1.91854170000000E+03   3.59990000000000E+00
 1.91862500000000E+03  -1.24376000000000E+01
 1.91870830000000E+03  -1.37827000000000E+01
 1.91879170000000E+03  -9.74200000000000E-01
 1.91887500000000E+03  -6.16570000000000E+00
 1.91895830000000E+03   9.48900000000000E+00
 1.91904170000000E+03   1.19897000000000E+01
 1.91912500000000E+03   1.86443000000000E+01
 1.91920830000000E+03   2.75296000000000E+01
 1.91929170000000E+03   1.41839000000000E+01
 1.91937500000000E+03   7.91530000000000E+00
 1.91945830000000E+03   1.94928000000000E+01
 1.91954170000000E+03   1.69931000000000E+01
 1.91962500000000E+03   2.43397000000000E+01
 1.91970830000000E+03   2.78401000000000E+01
 1.91979170000000E+03   3.04942000000000E+01
 1.91987500000000E+03   2.78407000000000E+01
 1.91995830000000E+03   3.81871000000000E+01
 1.92004170000000E+03   3.76872000000000E+01
 1.92012500000000E+03   3.78797000000000E+01
 1.92020830000000E+03   3.16105000000000E+01
 1.92029170000000E+03   1.18028000000000E+01
 1.92037500000000E+03   4.53360000000000E+00
 1.92045830000000E+03   3.11050000000000E+00
 1.92054170000000E+03   1.32257000000000E+01
 1.92062500000000E+03  -9.35140000000000E+00
 1.92070830000000E+03  -1.36208000000000E+01
 1.92079170000000E+03  -2.35058000000000E+01
 1.92087500000000E+03  -3.55445000000000E+01
 1.92095830000000E+03  -3.41986000000000E+01
 1.92104170000000E+03  -3.47761000000000E+01
 1.92112500000000E+03  -3.74303000000000E+01
 1.92120830000000E+03  -4.27769000000000E+01
 1.92129170000000E+03  -3.51237000000000E+01
 1.92137500000000E+03  -2.47012000000000E+01
 1.92145830000000E+03  -2.58640000000000E+00
 1.92154170000000E+03  -2.85640000000000E+00
 1.92162500000000E+03  -2.98956000000000E+01
 1.92170830000000E+03  -2.45501000000000E+01
 1.92179170000000E+03  -3.18203000000000E+01
 1.92187500000000E+03  -2.74750000000000E+01
 1.92195830000000E+03  -2.01297000000000E+01
 1.92204170000000E+03  -1.39385000000000E+01
 1.92212500000000E+03  -8.82410000000000E+00
 1.92220830000000E+03  -7.63280000000000E+00
 1.92229170000000E+03  -1.22879000000000E+01
 1.92237500000000E+03  -8.09670000000000E+00
 1.92245830000000E+03   5.32520000000000E+00
 1.92254170000000E+03  -3.48380000000000E+00
 1.92262500000000E+03  -1.11389000000000E+01
 1.92270830000000E+03  -1.94864000000000E+01
 1.92279170000000E+03  -2.77571000000000E+01
 1.92287500000000E+03  -2.30278000000000E+01
 1.92295830000000E+03  -1.69908000000000E+01
 1.92304170000000E+03  -1.39540000000000E+01
 1.92312500000000E+03  -9.99400000000000E+00
 1.92320830000000E+03  -8.34170000000000E+00
 1.92329170000000E+03   5.92570000000000E+00
 1.92337500000000E+03   2.65009000000000E+01
 1.92345830000000E+03   2.00761000000000E+01
 1.92354170000000E+03   4.97300000000000E-01
 1.92362500000000E+03  -9.92770000000000E+00
 1.92370830000000E+03  -2.42950000000000E+00
 1.92379170000000E+03   5.22220000000000E+00
 1.92387500000000E+03   1.38741000000000E+01
 1.92395830000000E+03   1.24490000000000E+01
 1.92404170000000E+03   1.49468000000000E+01
 1.92412500000000E+03   1.89831000000000E+01
 1.92420830000000E+03   2.13271000000000E+01
 1.92429170000000E+03   2.12862000000000E+01
 1.92437500000000E+03   3.24550000000000E+00
 1.92445830000000E+03  -4.48760000000000E+00
 1.92454170000000E+03  -1.14390000000000E+00
 1.92462500000000E+03   1.19690000000000E+01
 1.92470830000000E+03   8.62040000000000E+00
 1.92479170000000E+03   5.81010000000000E+00
 1.92487500000000E+03   8.69210000000000E+00
 1.92495830000000E+03   1.24972000000000E+01
 1.92504170000000E+03   1.33790000000000E+01
 1.92512500000000E+03   1.14148000000000E+01
 1.92520830000000E+03   1.86044000000000E+01
 1.92529170000000E+03   1.47168000000000E+01
 1.92537500000000E+03   1.63678000000000E+01
 1.92545830000000E+03   3.31726000000000E+01
 1.92554170000000E+03   2.59772000000000E+01
 1.92562500000000E+03   1.37050000000000E+01
 1.92570830000000E+03   8.58660000000000E+00
 1.92579170000000E+03   8.16030000000000E+00
 1.92587500000000E+03   8.96480000000000E+00
 1.92595830000000E+03   1.11540000000000E+01
 1.92604170000000E+03   1.00352000000000E+01
 1.92612500000000E+03   1.63012000000000E+01
 1.92620830000000E+03   1.95671000000000E+01
 1.92629170000000E+03   1.62174000000000E+01
 1.92637500000000E+03   1.40986000000000E+01
 1.92645830000000E+03   1.35182000000000E+01
 1.92654170000000E+03   2.47610000000000E+00
 1.92662500000000E+03  -2.10440000000000E+00
 1.92670830000000E+03  -5.31100000000000E-01
 1.92679170000000E+03   3.81130000000000E+00
 1.92687500000000E+03   3.30760000000000E+00
 1.92695830000000E+03   1.10346000000000E+01
 1.92704170000000E+03   1.23768000000000E+01
 1.92712500000000E+03   1.89499000000000E+01
 1.92720830000000E+03   2.62921000000000E+01
 1.92729170000000E+03   2.89419000000000E+01
 1.92737500000000E+03   1.94379000000000E+01
 1.92745830000000E+03   7.80000000000000E-01
 1.92754170000000E+03   2.66040000000000E+00
 1.92762500000000E+03   1.77160000000000E+00
 1.92770830000000E+03  -8.04020000000000E+00
 1.92779170000000E+03  -1.24677000000000E+01
 1.92787500000000E+03  -2.43566000000000E+01
 1.92795830000000E+03  -1.57840000000000E+01
 1.92804170000000E+03  -1.59808000000000E+01
 1.92812500000000E+03  -1.14852000000000E+01
 1.92820830000000E+03  -1.93743000000000E+01
 1.92829170000000E+03  -2.41867000000000E+01
 1.92837500000000E+03  -7.76820000000000E+00
 1.92845830000000E+03  -5.81120000000000E+00
 1.92854170000000E+03  -2.70070000000000E+00
 1.92862500000000E+03  -3.48208000000000E+01
 1.92870830000000E+03  -5.04024000000000E+01
 1.92879170000000E+03  -4.08305000000000E+01
 1.92887500000000E+03  -4.54892000000000E+01
 1.92895830000000E+03  -3.64556000000000E+01
 1.92904170000000E+03  -3.76530000000000E+01
 1.92912500000000E+03  -3.72349000000000E+01
 1.92920830000000E+03  -3.64323000000000E+01
 1.92929170000000E+03  -1.95529000000000E+01
 1.92937500000000E+03  -1.75965000000000E+01
 1.92945830000000E+03  -2.50248000000000E+01
 1.92954170000000E+03  -1.70686000000000E+01
 1.92962500000000E+03  -2.11124000000000E+01
 1.92970830000000E+03  -1.38690000000000E+00
 1.92979170000000E+03   1.64600000000000E+00
 1.92987500000000E+03   2.75600000000000E+00
 1.92995830000000E+03   7.86590000000000E+00
 1.93004170000000E+03   1.35910000000000E+01
 1.93012500000000E+03   1.98547000000000E+01
 1.93020830000000E+03   2.25029000000000E+01
 1.93029170000000E+03   3.50740000000000E+01
 1.93037500000000E+03   4.37221000000000E+01
 1.93045830000000E+03   3.61394000000000E+01
 1.93054170000000E+03   3.42489000000000E+01
 1.93062500000000E+03   2.21276000000000E+01
 1.93070830000000E+03   2.85448000000000E+01
 1.93079170000000E+03   3.04233000000000E+01
 1.93087500000000E+03   3.52250000000000E+01
 1.93095830000000E+03   3.81036000000000E+01
 1.93104170000000E+03   5.30589000000000E+01
 1.93112500000000E+03   5.01681000000000E+01
 1.93120830000000E+03   4.45850000000000E+01
 1.93129170000000E+03   5.20017000000000E+01
 1.93137500000000E+03   3.65723000000000E+01
 1.93145830000000E+03   2.43737000000000E+01
 1.93154170000000E+03   3.34825000000000E+01
 1.93162500000000E+03   5.43760000000000E+00
 1.93170830000000E+03   3.92700000000000E-01
 1.93179170000000E+03   1.24245000000000E+01
 1.93187500000000E+03   1.59948000000000E+01
 1.93195830000000E+03   1.37959000000000E+01
 1.93204170000000E+03   2.12891000000000E+01
 1.93212500000000E+03   1.09362000000000E+01
 1.93220830000000E+03   1.37371000000000E+01
 1.93229170000000E+03   3.19994000000000E+01
 1.93237500000000E+03   2.58772000000000E+01
 1.93245830000000E+03   2.29087000000000E+01
 1.93254170000000E+03   4.24780000000000E+00
 1.93262500000000E+03  -4.41310000000000E+00
 1.93270830000000E+03   5.23370000000000E+00
 1.93279170000000E+03   6.11110000000000E+00
 1.93287500000000E+03  -1.16530000000000E+00
 1.93295830000000E+03  -8.26400000000000E-01
 1.93304170000000E+03   4.51240000000000E+00
 1.93312500000000E+03   2.00510000000000E+00
 1.93320830000000E+03  -6.56100000000000E-01
 1.93329170000000E+03   1.60560000000000E+00
 1.93337500000000E+03  -2.00557000000000E+01
 1.93345830000000E+03  -4.28708000000000E+01
 1.93354170000000E+03  -4.12247000000000E+01
 1.93362500000000E+03  -4.08861000000000E+01
 1.93370830000000E+03  -4.80091000000000E+01
 1.93379170000000E+03  -5.48246000000000E+01
 1.93387500000000E+03  -5.55631000000000E+01
 1.93395830000000E+03  -5.85324000000000E+01
 1.93404170000000E+03  -6.32712000000000E+01
 1.93412500000000E+03  -6.33944000000000E+01
 1.93420830000000E+03  -6.63639000000000E+01
 1.93429170000000E+03  -4.73335000000000E+01
 1.93437500000000E+03  -5.92261000000000E+01
 1.93445830000000E+03  -5.61188000000000E+01
 1.93454170000000E+03  -3.83194000000000E+01
 1.93462500000000E+03  -2.65968000000000E+01
 1.93470830000000E+03  -3.53357000000000E+01
 1.93479170000000E+03  -2.85364000000000E+01
 1.93487500000000E+03  -3.19678000000000E+01
 1.93495830000000E+03  -2.80915000000000E+01
 1.93504170000000E+03  -1.89847000000000E+01
 1.93512500000000E+03  -1.79547000000000E+01
 1.93520830000000E+03  -4.00160000000000E+00
 1.93529170000000E+03   1.38743000000000E+01
 1.93537500000000E+03   5.28880000000000E+00
 1.93545830000000E+03   1.35494000000000E+01
 1.93554170000000E+03   2.75790000000000E+01
 1.93562500000000E+03   2.60703000000000E+01
 1.93570830000000E+03   3.48460000000000E+00
 1.93579170000000E+03   1.72833000000000E+01
 1.93587500000000E+03   4.54370000000000E+00
 1.93595830000000E+03   1.45732000000000E+01
 1.93604170000000E+03   2.40641000000000E+01
 1.93612500000000E+03   2.17859000000000E+01
 1.93620830000000E+03   2.58922000000000E+01
 1.93629170000000E+03   2.98445000000000E+01
 1.93637500000000E+03   1.75661000000000E+01
 1.93645830000000E+03   2.67492000000000E+01
 1.93654170000000E+03   1.23167000000000E+01
 1.93662500000000E+03   1.45766000000000E+01
 1.93670830000000E+03   1.11442000000000E+01
 1.93679170000000E+03   2.04039000000000E+01
 1.93687500000000E+03   1.45098000000000E+01
 1.93695830000000E+03   2.56157000000000E+01
 1.93704170000000E+03   3.46445000000000E+01
 1.93712500000000E+03   2.82888000000000E+01
 1.93720830000000E+03   3.80868000000000E+01
 1.93729170000000E+03   3.78847000000000E+01
 1.93737500000000E+03   2.89903000000000E+01
 1.93745830000000E+03   2.36344000000000E+01
 1.93754170000000E+03   3.08167000000000E+01
 1.93762500000000E+03   4.09222000000000E+01
 1.93770830000000E+03   3.37969000000000E+01
 1.93779170000000E+03   4.37483000000000E+01
 1.93787500000000E+03   4.36999000000000E+01
 1.93795830000000E+03   5.84975000000000E+01
 1.93804170000000E+03   6.19872000000000E+01
 1.93812500000000E+03   6.27848000000000E+01
 1.93820830000000E+03   6.61207000000000E+01
 1.93829170000000E+03   7.73795000000000E+01
 1.93837500000000E+03   9.72538000000000E+01
 1.93845830000000E+03   8.18204000000000E+01
 1.93854170000000E+03   8.64637000000000E+01
 1.93862500000000E+03   6.42609000000000E+01
 1.93870830000000E+03   5.79812000000000E+01
 1.93879170000000E+03   4.49321000000000E+01
 1.93887500000000E+03   2.69599000000000E+01
 1.93895830000000E+03   2.21416000000000E+01
 1.93904170000000E+03   1.56307000000000E+01
 1.93912500000000E+03   1.04277000000000E+01
 1.93920830000000E+03   4.45540000000000E+00
 1.93929170000000E+03  -5.36330000000000E+00
 1.93937500000000E+03  -1.14896000000000E+01
 1.93945830000000E+03  -3.00005000000000E+01
 1.93954170000000E+03  -3.89731000000000E+01
 1.93962500000000E+03  -5.66380000000000E+01
 1.93970830000000E+03  -5.33799000000000E+01
 1.93979170000000E+03  -5.26604000000000E+01
 1.93987500000000E+03  -5.64792000000000E+01
 1.93995830000000E+03  -5.09135000000000E+01
 1.94004170000000E+03  -4.40403000000000E+01
 1.94012500000000E+03  -3.80132000000000E+01
 1.94020830000000E+03  -2.33707000000000E+01
 1.94029170000000E+03  -2.54976000000000E+01
 1.94037500000000E+03   3.45250000000000E+00
 1.94045830000000E+03  -6.75130000000000E+00
 1.94054170000000E+03  -2.64938000000000E+01
 1.94062500000000E+03  -1.31592000000000E+01
 1.94070830000000E+03  -8.67090000000000E+00
 1.94079170000000E+03  -2.95674000000000E+01
 1.94087500000000E+03  -3.52329000000000E+01
 1.94095830000000E+03  -3.34370000000000E+01
 1.94104170000000E+03  -2.70259000000000E+01
 1.94112500000000E+03  -1.75378000000000E+01
 1.94120830000000E+03  -2.97421000000000E+01
 1.94129170000000E+03  -2.90234000000000E+01
 1.94137500000000E+03  -3.44585000000000E+01
 1.94145830000000E+03  -4.17398000000000E+01
 1.94154170000000E+03  -6.62521000000000E+01
 1.94162500000000E+03  -6.43797000000000E+01
 1.94170830000000E+03  -7.94304000000000E+01
 1.94179170000000E+03  -8.59428000000000E+01
 1.94187500000000E+03  -7.41474000000000E+01
 1.94195830000000E+03  -6.97367000000000E+01
 1.94204170000000E+03  -6.13262000000000E+01
 1.94212500000000E+03  -6.16079000000000E+01
 1.94220830000000E+03  -6.45819000000000E+01
 1.94229170000000E+03  -4.11715000000000E+01
 1.94237500000000E+03  -4.41457000000000E+01
 1.94245830000000E+03  -2.05045000000000E+01
 1.94254170000000E+03  -3.37096000000000E+01
 1.94262500000000E+03  -2.06850000000000E+00
 1.94270830000000E+03   7.11100000000000E+00
 1.94279170000000E+03   3.25980000000000E+01
 1.94287500000000E+03   4.07005000000000E+01
 1.94295830000000E+03   4.31106000000000E+01
 1.94304170000000E+03   4.78283000000000E+01
 1.94312500000000E+03   5.21614000000000E+01
 1.94320830000000E+03   5.45714000000000E+01
 1.94329170000000E+03   4.91350000000000E+01
 1.94337500000000E+03   4.22372000000000E+01
 1.94345830000000E+03   2.85702000000000E+01
 1.94354170000000E+03   2.75952000000000E+01
 1.94362500000000E+03   2.18511000000000E+01
 1.94370830000000E+03   1.11070000000000E+01
 1.94379170000000E+03   9.20880000000000E+00
 1.94387500000000E+03  -6.53540000000000E+00
 1.94395830000000E+03   1.33570000000000E+00
 1.94404170000000E+03   3.36040000000000E+00
 1.94412500000000E+03   8.46800000000000E-01
 1.94420830000000E+03  -7.43800000000000E-01
 1.94429170000000E+03  -1.64220000000000E+00
 1.94437500000000E+03   1.42286000000000E+01
 1.94445830000000E+03   9.56100000000000E+00
 1.94454170000000E+03   1.70470000000000E+01
 1.94462500000000E+03   7.76390000000000E+00
 1.94470830000000E+03   1.04807000000000E+01
 1.94479170000000E+03   9.81270000000000E+00
 1.94487500000000E+03   1.78371000000000E+01
 1.94495830000000E+03   2.47077000000000E+01
 1.94504170000000E+03   2.40395000000000E+01
 1.94512500000000E+03   2.90638000000000E+01
 1.94520830000000E+03   3.19342000000000E+01
 1.94529170000000E+03   3.21121000000000E+01
 1.94537500000000E+03   3.39054000000000E+01
 1.94545830000000E+03   2.50834000000000E+01
 1.94554170000000E+03   2.09534000000000E+01
 1.94562500000000E+03   3.72082000000000E+01
 1.94570830000000E+03   2.23091000000000E+01
 1.94579170000000E+03   1.96405000000000E+01
 1.94587500000000E+03   1.21259000000000E+01
 1.94595830000000E+03   1.67651000000000E+01
 1.94604170000000E+03   1.79425000000000E+01
 1.94612500000000E+03   2.27355000000000E+01
 1.94620830000000E+03   2.76822000000000E+01
 1.94629170000000E+03   2.45518000000000E+01
 1.94637500000000E+03   2.41908000000000E+01
 1.94645830000000E+03   1.39066000000000E+01
 1.94654170000000E+03  -1.51470000000000E+01
 1.94662500000000E+03  -4.70467000000000E+01
 1.94670830000000E+03  -6.64848000000000E+01
 1.94679170000000E+03  -5.68463000000000E+01
 1.94687500000000E+03  -7.08230000000000E+01
 1.94695830000000E+03  -6.77229000000000E+01
 1.94704170000000E+03  -7.48537000000000E+01
 1.94712500000000E+03  -8.62152000000000E+01
 1.94720830000000E+03  -8.95767000000000E+01
 1.94729170000000E+03  -1.10015400000000E+02
 1.94737500000000E+03  -8.61462000000000E+01
 1.94745830000000E+03  -8.57386000000000E+01
 1.94754170000000E+03  -6.76390000000000E+01
 1.94762500000000E+03  -5.43084000000000E+01
 1.94770830000000E+03  -3.55164000000000E+01
 1.94779170000000E+03  -4.00323000000000E+01
 1.94787500000000E+03  -5.05480000000000E+01
 1.94795830000000E+03  -3.22177000000000E+01
 1.94804170000000E+03  -2.63491000000000E+01
 1.94812500000000E+03  -1.78650000000000E+01
 1.94820830000000E+03   2.77290000000000E+00
 1.94829170000000E+03   9.71830000000000E+00
 1.94837500000000E+03   2.13561000000000E+01
 1.94845830000000E+03   3.37850000000000E+00
 1.94854170000000E+03   6.40060000000000E+00
 1.94862500000000E+03   2.69100000000000E-01
 1.94870830000000E+03  -3.93950000000000E+00
 1.94879170000000E+03   9.62100000000000E+00
 1.94887500000000E+03   7.56620000000000E+00
 1.94895830000000E+03   1.48190000000000E+01
 1.94904170000000E+03   1.33794000000000E+01
 1.94912500000000E+03   1.57860000000000E+01
 1.94920830000000E+03   1.23464000000000E+01
 1.94929170000000E+03   1.46758000000000E+01
 1.94937500000000E+03   1.46207000000000E+01
 1.94945830000000E+03   3.37195000000000E+01
 1.94954170000000E+03   2.28949000000000E+01
 1.94962500000000E+03   2.43012000000000E+01
 1.94970830000000E+03   1.30921000000000E+01
 1.94979170000000E+03   2.89597000000000E+01
 1.94987500000000E+03   1.55197000000000E+01
 1.94995830000000E+03   2.01566000000000E+01
 1.95004170000000E+03   2.34087000000000E+01
 1.95012500000000E+03   2.67378000000000E+01
 1.95020830000000E+03   3.99130000000000E+01
 1.95029170000000E+03   4.43957000000000E+01
 1.95037500000000E+03   4.54939000000000E+01
 1.95045830000000E+03   4.28997000000000E+01
 1.95054170000000E+03   3.07669000000000E+01
 1.95062500000000E+03   3.59418000000000E+01
 1.95070830000000E+03   2.41168000000000E+01
 1.95079170000000E+03   2.85992000000000E+01
 1.95087500000000E+03   1.28509000000000E+01
 1.95095830000000E+03   1.74103000000000E+01
 1.95104170000000E+03   1.43541000000000E+01
 1.95112500000000E+03   1.64519000000000E+01
 1.95120830000000E+03   1.69342000000000E+01
 1.95129170000000E+03  -8.66060000000000E+00
 1.95137500000000E+03  -1.48600000000000E+00
 1.95145830000000E+03   4.22690000000000E+00
 1.95154170000000E+03   1.17858000000000E+01
 1.95162500000000E+03   8.19100000000000E+00
 1.95170830000000E+03  -1.94240000000000E+00
 1.95179170000000E+03  -8.46050000000000E+00
 1.95187500000000E+03  -1.12093000000000E+01
 1.95195830000000E+03   1.19560000000000E+00
 1.95204170000000E+03   4.29270000000000E+00
 1.95212500000000E+03   1.11591000000000E+01
 1.95220830000000E+03   1.69486000000000E+01
 1.95229170000000E+03   2.14301000000000E+01
 1.95237500000000E+03   3.75272000000000E+01
 1.95245830000000E+03   3.06242000000000E+01
 1.95254170000000E+03   1.13363000000000E+01
 1.95262500000000E+03  -1.25910000000000E+00
 1.95270830000000E+03  -1.87007000000000E+01
 1.95279170000000E+03  -1.62194000000000E+01
 1.95287500000000E+03  -1.58150000000000E+01
 1.95295830000000E+03  -1.38721000000000E+01
 1.95304170000000E+03  -1.15448000000000E+01
 1.95312500000000E+03  -1.98670000000000E+00
 1.95320830000000E+03   3.41760000000000E+00
 1.95329170000000E+03  -3.40910000000000E+00
 1.95337500000000E+03  -3.85110000000000E+00
 1.95345830000000E+03  -9.83160000000000E+00
 1.95354170000000E+03  -2.35816000000000E+01
 1.95362500000000E+03  -4.01006000000000E+01
 1.95370830000000E+03  -4.55428000000000E+01
 1.95379170000000E+03  -4.36775000000000E+01
 1.95387500000000E+03  -4.10429000000000E+01
 1.95395830000000E+03  -3.47160000000000E+01
 1.95404170000000E+03  -2.28508000000000E+01
 1.95412500000000E+03  -1.86009000000000E+01
 1.95420830000000E+03  -9.88950000000000E+00
 1.95429170000000E+03  -1.79380000000000E+00
 1.95437500000000E+03   4.37910000000000E+00
 1.95445830000000E+03   2.03211000000000E+01
 1.95454170000000E+03   2.01859000000000E+01
 1.95462500000000E+03   2.91278000000000E+01
 1.95470830000000E+03   3.66851000000000E+01
 1.95479170000000E+03   3.39344000000000E+01
 1.95487500000000E+03   4.92608000000000E+01
 1.95495830000000E+03   5.27410000000000E+01
 1.95504170000000E+03   5.06825000000000E+01
 1.95512500000000E+03   4.17010000000000E+01
 1.95520830000000E+03   4.31041000000000E+01
 1.95529170000000E+03   4.30455000000000E+01
 1.95537500000000E+03   3.45254000000000E+01
 1.95545830000000E+03   4.72361000000000E+01
 1.95554170000000E+03   3.21004000000000E+01
 1.95562500000000E+03   1.25033000000000E+01
 1.95570830000000E+03   1.67530000000000E+00
 1.95579170000000E+03   2.31800000000000E-01
 1.95587500000000E+03  -2.44240000000000E+00
 1.95595830000000E+03  -1.28090000000000E+01
 1.95604170000000E+03  -7.94500000000000E+00
 1.95612500000000E+03  -1.57800000000000E-01
 1.95620830000000E+03  -3.83210000000000E+00
 1.95629170000000E+03  -7.04520000000000E+00
 1.95637500000000E+03  -2.01043000000000E+01
 1.95645830000000E+03  -2.94711000000000E+01
 1.95654170000000E+03  -4.94536000000000E+01
 1.95662500000000E+03  -5.27436000000000E+01
 1.95670830000000E+03  -3.84952000000000E+01
 1.95679170000000E+03  -4.57855000000000E+01
 1.95687500000000E+03  -4.79218000000000E+01
 1.95695830000000E+03  -4.70581000000000E+01
 1.95704170000000E+03  -4.31178000000000E+01
 1.95712500000000E+03  -4.00234000000000E+01
 1.95720830000000E+03  -3.54676000000000E+01
 1.95729170000000E+03  -2.43736000000000E+01
 1.95737500000000E+03  -3.22794000000000E+01
 1.95745830000000E+03  -3.19545000000000E+01
 1.95754170000000E+03  -2.45529000000000E+01
 1.95762500000000E+03  -1.58435000000000E+01
 1.95770830000000E+03  -3.20572000000000E+01
 1.95779170000000E+03  -3.77326000000000E+01
 1.95787500000000E+03  -2.67926000000000E+01
 1.95795830000000E+03  -1.90834000000000E+01
 1.95804170000000E+03  -5.60510000000000E+00
 1.95812500000000E+03   1.48860000000000E+00
 1.95820830000000E+03   1.96690000000000E+00
 1.95829170000000E+03   3.44500000000000E+00
 1.95837500000000E+03  -6.92290000000000E+00
 1.95845830000000E+03   5.70910000000000E+00
 1.95854170000000E+03   2.17255000000000E+01
 1.95862500000000E+03   2.43440000000000E+00
 1.95870830000000E+03  -1.47030000000000E+01
 1.95879170000000E+03  -3.68670000000000E+00
 1.95887500000000E+03  -5.13190000000000E+00
 1.95895830000000E+03  -2.34630000000000E+00
 1.95904170000000E+03   1.74680000000000E+00
 1.95912500000000E+03  -5.31390000000000E+00
 1.95920830000000E+03  -1.49900000000000E+01
 1.95929170000000E+03  -1.14356000000000E+01
 1.95937500000000E+03  -2.75733000000000E+01
 1.95945830000000E+03  -2.50957000000000E+01
 1.95954170000000E+03  -3.58491000000000E+01
 1.95962500000000E+03  -6.02178000000000E+01
 1.95970830000000E+03  -6.42788000000000E+01
 1.95979170000000E+03  -6.24169000000000E+01
 1.95987500000000E+03  -7.06319000000000E+01
 1.95995830000000E+03  -6.12315000000000E+01
 1.96004170000000E+03  -5.45236000000000E+01
 1.96012500000000E+03  -4.75849000000000E+01
 1.96020830000000E+03  -4.28769000000000E+01
 1.96029170000000E+03  -2.90154000000000E+01
 1.96037500000000E+03  -1.96152000000000E+01
 1.96045830000000E+03  -7.29210000000000E+00
 1.96054170000000E+03  -1.11229000000000E+01
 1.96062500000000E+03  -5.41530000000000E+00
 1.96070830000000E+03   7.21550000000000E+00
 1.96079170000000E+03   2.11537000000000E+01
 1.96087500000000E+03   2.83228000000000E+01
 1.96095830000000E+03   4.07995000000000E+01
 1.96104170000000E+03   4.93529000000000E+01
 1.96112500000000E+03   5.37527000000000E+01
 1.96120830000000E+03   5.14600000000000E+01
 1.96129170000000E+03   6.07825000000000E+01
 1.96137500000000E+03   5.62590000000000E+01
 1.96145830000000E+03   4.72739000000000E+01
 1.96154170000000E+03   5.25963000000000E+01
 1.96162500000000E+03   5.69958000000000E+01
 1.96170830000000E+03   4.25490000000000E+01
 1.96179170000000E+03   2.81789000000000E+01
 1.96187500000000E+03   3.01936000000000E+01
 1.96195830000000E+03   2.43621000000000E+01
 1.96204170000000E+03   2.00688000000000E+01
 1.96212500000000E+03   2.04679000000000E+01
 1.96220830000000E+03   1.57132000000000E+01
 1.96229170000000E+03   1.55736000000000E+01
 1.96237500000000E+03   1.58800000000000E+00
 1.96245830000000E+03  -2.62850000000000E+00
 1.96254170000000E+03  -3.52297000000000E+01
 1.96262500000000E+03  -6.26770000000000E+01
 1.96270830000000E+03  -7.42782000000000E+01
 1.96279170000000E+03  -7.78027000000000E+01
 1.96287500000000E+03  -8.08655000000000E+01
 1.96295830000000E+03  -8.33900000000000E+01
 1.96304170000000E+03  -8.38377000000000E+01
 1.96312500000000E+03  -7.76699000000000E+01
 1.96320830000000E+03  -8.03483000000000E+01
 1.96329170000000E+03  -7.59500000000000E+01
 1.96337500000000E+03  -5.60131000000000E+01
 1.96345830000000E+03  -5.40762000000000E+01
 1.96354170000000E+03  -5.87550000000000E+01
 1.96362500000000E+03  -3.78952000000000E+01
 1.96370830000000E+03  -4.58047000000000E+01
 1.96379170000000E+03  -4.20989000000000E+01
 1.96387500000000E+03  -3.23931000000000E+01
 1.96395830000000E+03  -2.02258000000000E+01
 1.96404170000000E+03  -1.41356000000000E+01
 1.96412500000000E+03  -6.42990000000000E+00
 1.96420830000000E+03  -3.72430000000000E+00
 1.96429170000000E+03  -3.63430000000000E+00
 1.96437500000000E+03  -1.39030000000000E+00
 1.96445830000000E+03  -1.70694000000000E+01
 1.96454170000000E+03  -7.90260000000000E+00
 1.96462500000000E+03  -3.58180000000000E+00
 1.96470830000000E+03  -9.49180000000000E+00
 1.96479170000000E+03   1.05979000000000E+01
 1.96487500000000E+03   1.57647000000000E+01
 1.96495830000000E+03   1.81623000000000E+01
 1.96504170000000E+03   2.33288000000000E+01
 1.96512500000000E+03   2.28031000000000E+01
 1.96520830000000E+03   2.88159000000000E+01
 1.96529170000000E+03   2.41361000000000E+01
 1.96537500000000E+03   3.13026000000000E+01
 1.96545830000000E+03   4.42383000000000E+01
 1.96554170000000E+03   3.07122000000000E+01
 1.96562500000000E+03   2.92632000000000E+01
 1.96570830000000E+03   3.92757000000000E+01
 1.96579170000000E+03   4.25956000000000E+01
 1.96587500000000E+03   4.31465000000000E+01
 1.96595830000000E+03   5.01588000000000E+01
 1.96604170000000E+03   5.64786000000000E+01
 1.96612500000000E+03   5.67216000000000E+01
 1.96620830000000E+03   6.59645000000000E+01
 1.96629170000000E+03   6.56688000000000E+01
 1.96637500000000E+03   7.29117000000000E+01
 1.96645830000000E+03   8.27699000000000E+01
 1.96654170000000E+03   6.47817000000000E+01
 1.96662500000000E+03   7.96398000000000E+01
 1.96670830000000E+03   9.14209000000000E+01
 1.96679170000000E+03   7.98172000000000E+01
 1.96687500000000E+03   8.58290000000000E+01
 1.96695830000000E+03   8.42254000000000E+01
 1.96704170000000E+03   7.80061000000000E+01
 1.96712500000000E+03   7.62486000000000E+01
 1.96720830000000E+03   7.48756000000000E+01
 1.96729170000000E+03   9.11946000000000E+01
 1.96737500000000E+03   9.10523000000000E+01
 1.96745830000000E+03   9.89099000000000E+01
 1.96754170000000E+03   8.73827000000000E+01
 1.96762500000000E+03   7.20095000000000E+01
 1.96770830000000E+03   6.84054000000000E+01
 1.96779170000000E+03   4.35703000000000E+01
 1.96787500000000E+03   3.90431000000000E+01
 1.96795830000000E+03   3.69004000000000E+01
 1.96804170000000E+03   3.79883000000000E+01
 1.96812500000000E+03   4.26917000000000E+01
 1.96820830000000E+03   4.68566000000000E+01
 1.96829170000000E+03   5.46366000000000E+01
 1.96837500000000E+03   2.69553000000000E+01
 1.96845830000000E+03   2.02739000000000E+01
 1.96854170000000E+03   1.36140000000000E+00
 1.96862500000000E+03  -1.19354000000000E+01
 1.96870830000000E+03  -2.63862000000000E+01
 1.96879170000000E+03  -3.51449000000000E+01
 1.96887500000000E+03  -3.33651000000000E+01
 1.96895830000000E+03  -3.12775000000000E+01
 1.96904170000000E+03  -3.21902000000000E+01
 1.96912500000000E+03  -2.54105000000000E+01
 1.96920830000000E+03  -2.71693000000000E+01
 1.96929170000000E+03  -2.80052000000000E+01
 1.96937500000000E+03  -1.08410000000000E+01
 1.96945830000000E+03  -2.36768000000000E+01
 1.96954170000000E+03  -3.43590000000000E+01
 1.96962500000000E+03  -2.79642000000000E+01
 1.96970830000000E+03  -2.46463000000000E+01
 1.96979170000000E+03   2.82520000000000E+00
 1.96987500000000E+03  -2.47240000000000E+00
 1.96995830000000E+03  -6.69320000000000E+00
 1.97004170000000E+03   3.77820000000000E+00
 1.97012500000000E+03   2.71120000000000E+00
 1.97020830000000E+03   1.49030000000000E+00
 1.97029170000000E+03   1.26538000000000E+01
 1.97037500000000E+03   1.85098000000000E+01
 1.97045830000000E+03  -1.73266000000000E+01
 1.97054170000000E+03  -6.24800000000000E-01
 1.97062500000000E+03   5.92330000000000E+00
 1.97070830000000E+03  -1.09902000000000E+01
 1.97079170000000E+03  -2.32116000000000E+01
 1.97087500000000E+03  -3.81251000000000E+01
 1.97095830000000E+03  -3.36541000000000E+01
 1.97104170000000E+03  -3.15680000000000E+01
 1.97112500000000E+03  -3.73279000000000E+01
 1.97120830000000E+03  -4.00109000000000E+01
 1.97129170000000E+03  -4.40787000000000E+01
 1.97137500000000E+03  -4.46849000000000E+01
 1.97145830000000E+03  -6.12911000000000E+01
 1.97154170000000E+03  -7.72052000000000E+01
 1.97162500000000E+03  -9.46577000000000E+01
 1.97170830000000E+03  -1.05110200000000E+02
 1.97179170000000E+03  -9.76398000000000E+01
 1.97187500000000E+03  -8.88617000000000E+01
 1.97195830000000E+03  -7.86220000000000E+01
 1.97204170000000E+03  -7.89980000000000E+01
 1.97212500000000E+03  -7.61430000000000E+01
 1.97220830000000E+03  -8.04420000000000E+01
 1.97229170000000E+03  -7.68181000000000E+01
 1.97237500000000E+03  -5.89633000000000E+01
 1.97245830000000E+03  -7.11085000000000E+01
 1.97254170000000E+03  -7.75617000000000E+01
 1.97262500000000E+03  -5.06301000000000E+01
 1.97270830000000E+03  -4.70832000000000E+01
 1.97279170000000E+03  -3.76134000000000E+01
 1.97287500000000E+03  -4.38359000000000E+01
 1.97295830000000E+03  -5.13660000000000E+01
 1.97304170000000E+03  -4.95887000000000E+01
 1.97312500000000E+03  -5.25036000000000E+01
 1.97320830000000E+03  -4.79569000000000E+01
 1.97329170000000E+03  -4.41028000000000E+01
 1.97337500000000E+03  -1.70948000000000E+01
 1.97345830000000E+03  -2.21637000000000E+01
 1.97354170000000E+03  -2.12328000000000E+01
 1.97362500000000E+03  -1.62249000000000E+01
 1.97370830000000E+03  -4.06785000000000E+01
 1.97379170000000E+03  -4.93632000000000E+01
 1.97387500000000E+03  -5.68169000000000E+01
 1.97395830000000E+03  -5.56554000000000E+01
 1.97404170000000E+03  -4.51863000000000E+01
 1.97412500000000E+03  -5.20248000000000E+01
 1.97420830000000E+03  -3.47865000000000E+01
 1.97429170000000E+03  -2.70868000000000E+01
 1.97437500000000E+03  -1.70793000000000E+01
 1.97445830000000E+03  -1.50718000000000E+01
 1.97454170000000E+03  -1.09877000000000E+01
 1.97462500000000E+03  -2.69034000000000E+01
 1.97470830000000E+03  -2.92038000000000E+01
 1.97479170000000E+03  -2.03506000000000E+01
 1.97487500000000E+03  -1.37280000000000E+01
 1.97495830000000E+03  -1.24131000000000E+01
 1.97504170000000E+03  -8.56000000000000E+00
 1.97512500000000E+03  -1.39376000000000E+01
 1.97520830000000E+03  -2.08440000000000E+00
 1.97529170000000E+03  -1.50776000000000E+01
 1.97537500000000E+03  -2.10707000000000E+01
 1.97545830000000E+03  -2.66023000000000E+01
 1.97554170000000E+03  -3.85187000000000E+01
 1.97562500000000E+03  -6.75119000000000E+01
 1.97570830000000E+03  -6.98898000000000E+01
 1.97579170000000E+03  -7.91910000000000E+01
 1.97587500000000E+03  -7.91075000000000E+01
 1.97595830000000E+03  -7.43316000000000E+01
 1.97604170000000E+03  -7.00176000000000E+01
 1.97612500000000E+03  -7.44726000000000E+01
 1.97620830000000E+03  -7.01585000000000E+01
 1.97629170000000E+03  -7.20753000000000E+01
 1.97637500000000E+03  -6.17613000000000E+01
 1.97645830000000E+03  -6.17550000000000E+01
 1.97654170000000E+03  -6.57489000000000E+01
 1.97662500000000E+03  -7.95889000000000E+01
 1.97670830000000E+03  -7.15058000000000E+01
 1.97679170000000E+03  -5.01922000000000E+01
 1.97687500000000E+03  -4.81092000000000E+01
 1.97695830000000E+03  -4.24878000000000E+01
 1.97704170000000E+03  -3.54820000000000E+01
 1.97712500000000E+03  -3.39376000000000E+01
 1.97720830000000E+03  -2.29318000000000E+01
 1.97729170000000E+03  -1.39261000000000E+01
 1.97737500000000E+03   1.40797000000000E+01
 1.97745830000000E+03   9.23920000000000E+00
 1.97754170000000E+03   1.21678000000000E+01
 1.97762500000000E+03  -1.82660000000000E+00
 1.97770830000000E+03   3.40980000000000E+00
 1.97779170000000E+03  -6.04640000000000E+00
 1.97787500000000E+03  -1.87332000000000E+01
 1.97795830000000E+03  -6.42010000000000E+00
 1.97804170000000E+03  -2.33800000000000E+00
 1.97812500000000E+03   4.36600000000000E-01
 1.97820830000000E+03   1.92111000000000E+01
 1.97829170000000E+03   2.16008000000000E+01
 1.97837500000000E+03   2.42983000000000E+01
 1.97845830000000E+03  -1.39273000000000E+01
 1.97854170000000E+03  -2.01531000000000E+01
 1.97862500000000E+03  -3.51481000000000E+01
 1.97870830000000E+03  -1.94507000000000E+01
 1.97879170000000E+03  -3.02921000000000E+01
 1.97887500000000E+03  -2.38257000000000E+01
 1.97895830000000E+03  -2.05900000000000E+01
 1.97904170000000E+03  -1.97392000000000E+01
 1.97912500000000E+03  -1.75806000000000E+01
 1.97920830000000E+03  -1.43451000000000E+01
 1.97929170000000E+03  -3.48022000000000E+01
 1.97937500000000E+03  -2.59514000000000E+01
 1.97945830000000E+03  -1.94084000000000E+01
 1.97954170000000E+03  -1.78655000000000E+01
 1.97962500000000E+03  -2.11688000000000E+01
 1.97970830000000E+03  -2.12412000000000E+01
 1.97979170000000E+03  -2.36986000000000E+01
 1.97987500000000E+03  -3.15404000000000E+01
 1.97995830000000E+03  -2.36130000000000E+01
 1.98004170000000E+03  -1.46090000000000E+01
 1.98012500000000E+03  -8.52780000000000E+00
 1.98020830000000E+03  -4.98520000000000E+00
 1.98029170000000E+03   5.71100000000000E+00
 1.98037500000000E+03   1.48689000000000E+01
 1.98045830000000E+03   1.57960000000000E+01
 1.98054170000000E+03   8.56900000000000E+00
 1.98062500000000E+03   8.41900000000000E+00
 1.98070830000000E+03   1.83460000000000E+01
 1.98079170000000E+03   1.31188000000000E+01
 1.98087500000000E+03   1.14303000000000E+01
 1.98095830000000E+03   2.42033000000000E+01
 1.98104170000000E+03   2.40529000000000E+01
 1.98112500000000E+03   2.46719000000000E+01
 1.98120830000000E+03   2.01370000000000E+01
 1.98129170000000E+03   3.44481000000000E+01
 1.98137500000000E+03   4.01438000000000E+01
 1.98145830000000E+03   4.54550000000000E+01
 1.98154170000000E+03   3.43043000000000E+01
 1.98162500000000E+03   1.61538000000000E+01
 1.98170830000000E+03   2.18494000000000E+01
 1.98179170000000E+03   1.57755000000000E+01
 1.98187500000000E+03   2.32403000000000E+01
 1.98195830000000E+03   2.15511000000000E+01
 1.98204170000000E+03   1.52463000000000E+01
 1.98212500000000E+03   2.16340000000000E+01
 1.98220830000000E+03   2.09447000000000E+01
 1.98229170000000E+03   2.50244000000000E+01
 1.98237500000000E+03   2.04888000000000E+01
 1.98245830000000E+03   1.67994000000000E+01
 1.98254170000000E+03   3.53405000000000E+01
 1.98262500000000E+03   2.33432000000000E+01
 1.98270830000000E+03   3.57305000000000E+01
 1.98279170000000E+03   3.69638000000000E+01
 1.98287500000000E+03   4.21203000000000E+01
 1.98295830000000E+03   4.29690000000000E+01
 1.98304170000000E+03   4.11252000000000E+01
 1.98312500000000E+03   4.25892000000000E+01
 1.98320830000000E+03   4.97455000000000E+01
 1.98329170000000E+03   6.52861000000000E+01
 1.98337500000000E+03   6.90577000000000E+01
 1.98345830000000E+03   6.25984000000000E+01
 1.98354170000000E+03   6.66005000000000E+01
 1.98362500000000E+03   2.84488000000000E+01
 1.98370830000000E+03   2.49894000000000E+01
 1.98379170000000E+03   1.02990000000000E+01
 1.98387500000000E+03   3.83950000000000E+00
 1.98395830000000E+03   1.91840000000000E+00
 1.98404170000000E+03   5.22790000000000E+00
 1.98412500000000E+03   6.15290000000000E+00
 1.98420830000000E+03   2.10778000000000E+01
 1.98429170000000E+03   2.22333000000000E+01
 1.98437500000000E+03   1.13119000000000E+01
 1.98445830000000E+03   4.15980000000000E+00
 1.98454170000000E+03  -5.99260000000000E+00
 1.98462500000000E+03  -4.17602000000000E+01
 1.98470830000000E+03  -3.62202000000000E+01
 1.98479170000000E+03  -2.00650000000000E+01
 1.98487500000000E+03  -1.49866000000000E+01
 1.98495830000000E+03  -8.44670000000000E+00
 1.98504170000000E+03  -6.98400000000000E+00
 1.98512500000000E+03   2.01740000000000E+00
 1.98520830000000E+03   1.12494000000000E+01
 1.98529170000000E+03  -9.03400000000000E-01
 1.98537500000000E+03  -6.44070000000000E+00
 1.98545830000000E+03  -3.05490000000000E+00
 1.98554170000000E+03   6.09980000000000E+00
 1.98562500000000E+03  -2.39761000000000E+01
 1.98570830000000E+03  -1.53597000000000E+01
 1.98579170000000E+03  -2.03589000000000E+01
 1.98587500000000E+03  -2.86657000000000E+01
 1.98595830000000E+03  -2.86649000000000E+01
 1.98604170000000E+03  -2.75104000000000E+01
 1.98612500000000E+03  -2.55866000000000E+01
 1.98620830000000E+03  -3.15090000000000E+01
 1.98629170000000E+03  -2.15854000000000E+01
 1.98637500000000E+03  -6.50790000000000E+00
 1.98645830000000E+03   2.64650000000000E+00
 1.98654170000000E+03  -2.31993000000000E+01
 1.98662500000000E+03  -4.01219000000000E+01
 1.98670830000000E+03  -1.85061000000000E+01
 1.98679170000000E+03  -2.08905000000000E+01
 1.98687500000000E+03  -1.69671000000000E+01
 1.98695830000000E+03  -1.37361000000000E+01
 1.98704170000000E+03  -7.50530000000000E+00
 1.98712500000000E+03  -3.27430000000000E+00
 1.98720830000000E+03   2.49500000000000E+00
 1.98729170000000E+03   6.57190000000000E+00
 1.98737500000000E+03   2.26420000000000E+00
 1.98745830000000E+03  -6.35120000000000E+00
 1.98754170000000E+03  -1.07361000000000E+01
 1.98762500000000E+03   2.07254000000000E+01
 1.98770830000000E+03   3.41868000000000E+01
 1.98779170000000E+03   2.99556000000000E+01
 1.98787500000000E+03   3.15707000000000E+01
 1.98795830000000E+03   3.58781000000000E+01
 1.98804170000000E+03   4.38007000000000E+01
 1.98812500000000E+03   4.90310000000000E+01
 1.98820830000000E+03   5.37998000000000E+01
 1.98829170000000E+03   4.77991000000000E+01
 1.98837500000000E+03   5.15678000000000E+01
 1.98845830000000E+03   5.79519000000000E+01
 1.98854170000000E+03   5.87972000000000E+01
 1.98862500000000E+03   5.74119000000000E+01
 1.98870830000000E+03   4.70266000000000E+01
 1.98879170000000E+03   2.53333000000000E+01
 1.98887500000000E+03   3.04094000000000E+01
 1.98895830000000E+03   3.09470000000000E+01
 1.98904170000000E+03   2.81766000000000E+01
 1.98912500000000E+03   2.69449000000000E+01
 1.98920830000000E+03   2.03285000000000E+01
 1.98929170000000E+03   1.97119000000000E+01
 1.98937500000000E+03   2.07107000000000E+01
 1.98945830000000E+03   2.46327000000000E+01
 1.98954170000000E+03   2.34005000000000E+01
 1.98962500000000E+03   4.70915000000000E+01
 1.98970830000000E+03   4.27825000000000E+01
 1.98979170000000E+03   3.00887000000000E+01
 1.98987500000000E+03   3.16258000000000E+01
 1.98995830000000E+03   3.78551000000000E+01
 1.99004170000000E+03   4.22380000000000E+01
 1.99012500000000E+03   4.88519000000000E+01
 1.99020830000000E+03   5.41580000000000E+01
 1.99029170000000E+03   6.34638000000000E+01
 1.99037500000000E+03   6.06929000000000E+01
 1.99045830000000E+03   6.25373000000000E+01
 1.99054170000000E+03   5.14584000000000E+01
 1.99062500000000E+03   1.86874000000000E+01
 1.99070830000000E+03  -2.35453000000000E+01
 1.99079170000000E+03  -4.04705000000000E+01
 1.99087500000000E+03  -4.70878000000000E+01
 1.99095830000000E+03  -3.47052000000000E+01
 1.99104170000000E+03  -3.83229000000000E+01
 1.99112500000000E+03  -4.00942000000000E+01
 1.99120830000000E+03  -3.84041000000000E+01
 1.99129170000000E+03  -4.39449000000000E+01
 1.99137500000000E+03  -4.31010000000000E+01
 1.99145830000000E+03  -4.50264000000000E+01
 1.99154170000000E+03  -5.61059000000000E+01
 1.99162500000000E+03  -5.58775000000000E+01
 1.99170830000000E+03  -3.74184000000000E+01
 1.99179170000000E+03  -2.56519000000000E+01
 1.99187500000000E+03  -2.67314000000000E+01
 1.99195830000000E+03  -2.11186000000000E+01
 1.99204170000000E+03  -2.20445000000000E+01
 1.99212500000000E+03  -1.03549000000000E+01
 1.99220830000000E+03  -5.66530000000000E+00
 1.99229170000000E+03  -7.74520000000000E+00
 1.99237500000000E+03   5.63660000000000E+00
 1.99245830000000E+03  -1.36630000000000E+00
 1.99254170000000E+03   1.19383000000000E+01
 1.99262500000000E+03   1.51661000000000E+01
 1.99270830000000E+03  -1.22160000000000E+00
 1.99279170000000E+03  -1.26095000000000E+01
 1.99287500000000E+03  -2.01510000000000E+01
 1.99295830000000E+03  -1.46158000000000E+01
 1.99304170000000E+03  -6.84990000000000E+00
 1.99312500000000E+03  -4.85320000000000E+00
 1.99320830000000E+03  -1.00104000000000E+01
 1.99329170000000E+03  -1.26293000000000E+01
 1.99337500000000E+03  -2.18635000000000E+01
 1.99345830000000E+03  -1.92515000000000E+01
 1.99354170000000E+03  -4.63990000000000E+00
 1.99362500000000E+03  -4.34126000000000E+01
 1.99370830000000E+03  -3.38778000000000E+01
 1.99379170000000E+03  -2.44970000000000E+01
 1.99387500000000E+03  -1.85776000000000E+01
 1.99395830000000E+03  -9.50440000000000E+00
 1.99404170000000E+03  -1.20469000000000E+01
 1.99412500000000E+03  -9.12760000000000E+00
 1.99420830000000E+03  -2.08400000000000E-01
 1.99429170000000E+03   3.17200000000000E+00
 1.99437500000000E+03   1.29373000000000E+01
 1.99445830000000E+03   3.90102000000000E+01
 1.99454170000000E+03   3.12367000000000E+01
 1.99462500000000E+03   3.39249000000000E+01
 1.99470830000000E+03   6.43053000000000E+01
 1.99479170000000E+03   5.06855000000000E+01
 1.99487500000000E+03   4.96043000000000E+01
 1.99495830000000E+03   5.18308000000000E+01
 1.99504170000000E+03   4.84416000000000E+01
 1.99512500000000E+03   5.25910000000000E+01
 1.99520830000000E+03   5.65097000000000E+01
 1.99529170000000E+03   5.12742000000000E+01
 1.99537500000000E+03   5.28081000000000E+01
 1.99545830000000E+03   3.31112000000000E+01
 1.99554170000000E+03  -6.97060000000000E+00
 1.99562500000000E+03  -3.28984000000000E+01
 1.99570830000000E+03  -7.33647000000000E+01
 1.99579170000000E+03  -9.77543000000000E+01
 1.99587500000000E+03  -9.85283000000000E+01
 1.99595830000000E+03  -9.63024000000000E+01
 1.99604170000000E+03  -9.68460000000000E+01
 1.99612500000000E+03  -9.52356000000000E+01
 1.99620830000000E+03  -9.73176000000000E+01
 1.99629170000000E+03  -9.98613000000000E+01
 1.99637500000000E+03  -8.79434000000000E+01
 1.99645830000000E+03  -1.00256300000000E+02
 1.99654170000000E+03  -1.01415500000000E+02
 1.99662500000000E+03  -7.07285000000000E+01
 1.99670830000000E+03  -6.17338000000000E+01
 1.99679170000000E+03  -4.87394000000000E+01
 1.99687500000000E+03  -4.33602000000000E+01
 1.99695830000000E+03  -3.97503000000000E+01
 1.99704170000000E+03  -4.19867000000000E+01
 1.99712500000000E+03  -4.33000000000000E+01
 1.99720830000000E+03  -4.00748000000000E+01
 1.99729170000000E+03  -2.72345000000000E+01
 1.99737500000000E+03  -3.70864000000000E+01
 1.99745830000000E+03  -5.23229000000000E+01
 1.99754170000000E+03  -3.77135000000000E+01
 1.99762500000000E+03  -1.91040000000000E+01
 1.99770830000000E+03  -3.28022000000000E+01
 1.99779170000000E+03  -2.81160000000000E+01
 1.99787500000000E+03  -2.91989000000000E+01
 1.99795830000000E+03  -2.38203000000000E+01
 1.99804170000000E+03  -1.55189000000000E+01
 1.99812500000000E+03  -7.37120000000000E+00
 1.99820830000000E+03   1.46880000000000E+00
 1.99829170000000E+03   2.01546000000000E+01
 1.99837500000000E+03   1.51484000000000E+01
 1.99845830000000E+03   2.68344000000000E+01
 1.99854170000000E+03   3.31355000000000E+01
 1.99862500000000E+03   3.98214000000000E+01
 1.99870830000000E+03   3.15072000000000E+01
 1.99879170000000E+03   2.95774000000000E+01
 1.99887500000000E+03   2.01862000000000E+01
 1.99895830000000E+03   2.50258000000000E+01
 1.99904170000000E+03   2.36343000000000E+01
 1.99912500000000E+03   1.98584000000000E+01
 1.99920830000000E+03   2.46978000000000E+01
 1.99929170000000E+03   2.21523000000000E+01
 1.99937500000000E+03   7.76080000000000E+00
 1.99945830000000E+03   2.66770000000000E+01
 1.99954170000000E+03   2.59006000000000E+01
 1.99962500000000E+03   2.95090000000000E+01
 1.99970830000000E+03   1.36558000000000E+01
 1.99979170000000E+03   1.03409000000000E+01
 1.99987500000000E+03   1.35645000000000E+01
 1.99995830000000E+03   1.77111000000000E+01
 2.00004170000000E+03   2.20114000000000E+01
 2.00012500000000E+03   2.20811000000000E+01
 2.00020830000000E+03   2.13814000000000E+01
 2.00029170000000E+03   2.46046000000000E+01
 2.00037500000000E+03   3.18280000000000E+01
 2.00045830000000E+03   3.78205000000000E+01
 2.00054170000000E+03   1.60435000000000E+01
 2.00062500000000E+03   4.34370000000000E+00
 2.00070830000000E+03  -1.16640000000000E+01
 2.00079170000000E+03  -1.12872000000000E+01
 2.00087500000000E+03  -1.58334000000000E+01
 2.00095830000000E+03  -1.49181000000000E+01
 2.00104170000000E+03  -1.05414000000000E+01
 2.00112500000000E+03  -8.62620000000000E+00
 2.00120830000000E+03   9.75050000000000E+00
 2.00129170000000E+03   2.38193000000000E+01
 2.00137500000000E+03   2.57343000000000E+01
 2.00145830000000E+03   2.32647000000000E+01
 2.00154170000000E+03   2.13334000000000E+01
 2.00162500000000E+03   4.43252000000000E+01
 2.00170830000000E+03   4.66247000000000E+01
 2.00179170000000E+03   4.40778000000000E+01
 2.00187500000000E+03   3.96849000000000E+01
 2.00195830000000E+03   4.85997000000000E+01
 2.00204170000000E+03   5.08219000000000E+01
 2.00212500000000E+03   5.10442000000000E+01
 2.00220830000000E+03   4.80357000000000E+01
 2.00229170000000E+03   4.20270000000000E+01
 2.00237500000000E+03   3.16338000000000E+01
 2.00245830000000E+03   8.00980000000000E+00
 2.00254170000000E+03   1.33856000000000E+01
 2.00262500000000E+03  -6.31550000000000E+00
 2.00270830000000E+03  -3.83242000000000E+01
 2.00279170000000E+03  -4.21794000000000E+01
 2.00287500000000E+03  -3.76498000000000E+01
 2.00295830000000E+03  -3.29664000000000E+01
 2.00304170000000E+03  -3.05140000000000E+01
 2.00312500000000E+03  -2.88307000000000E+01
 2.00320830000000E+03  -2.73013000000000E+01
 2.00329170000000E+03  -2.24644000000000E+01
 2.00337500000000E+03  -2.92428000000000E+01
 2.00345830000000E+03  -2.54058000000000E+01
 2.00354170000000E+03  -2.87680000000000E+00
 2.00362500000000E+03  -7.65530000000000E+00
 2.00370830000000E+03  -4.51080000000000E+00
 2.00379170000000E+03  -4.44350000000000E+00
 2.00387500000000E+03  -3.83750000000000E+00
 2.00395830000000E+03  -1.54700000000000E-01
 2.00404170000000E+03  -1.06000000000000E-02
 2.00412500000000E+03   4.44140000000000E+00
 2.00420830000000E+03   1.31240000000000E+01
 2.00429170000000E+03   1.48834000000000E+01
 2.00437500000000E+03   1.81044000000000E+01
 2.00445830000000E+03   2.44024000000000E+01
 2.00454170000000E+03   3.11616000000000E+01
 2.00462500000000E+03   1.25363000000000E+01
 2.00470830000000E+03  -1.55050000000000E+00
 2.00479170000000E+03  -7.91400000000000E-01
 2.00487500000000E+03   1.35240000000000E+00
 2.00495830000000E+03   2.03470000000000E+00
 2.00504170000000E+03   2.87050000000000E+00
 2.00512500000000E+03   6.47580000000000E+00
 2.00520830000000E+03   3.08090000000000E+00
 2.00529170000000E+03  -6.23720000000000E+00
 2.00537500000000E+03   2.13710000000000E+00
 2.00545830000000E+03  -3.25780000000000E+00
 2.00554170000000E+03  -2.61915000000000E+01
 2.00562500000000E+03  -4.77404000000000E+01
 2.00570830000000E+03  -4.97509000000000E+01
 2.00579170000000E+03  -4.49155000000000E+01
 2.00587500000000E+03  -4.20030000000000E+01
 2.00595830000000E+03  -4.50136000000000E+01
 2.00604170000000E+03  -4.65629000000000E+01
 2.00612500000000E+03  -4.21891000000000E+01
 2.00620830000000E+03  -4.02768000000000E+01
 2.00629170000000E+03  -2.93647000000000E+01
 2.00637500000000E+03  -7.76020000000000E+00
 2.00645830000000E+03  -9.23260000000000E+00
 2.00654170000000E+03   1.34485000000000E+01
 2.00662500000000E+03   3.00529000000000E+01
 2.00670830000000E+03   3.82726000000000E+01
 2.00679170000000E+03   3.43382000000000E+01
 2.00687500000000E+03   3.46347000000000E+01
 2.00695830000000E+03   3.93928000000000E+01
 2.00704170000000E+03   5.56121000000000E+01
 2.00712500000000E+03   6.27546000000000E+01
 2.00720830000000E+03   6.42048000000000E+01
 2.00729170000000E+03   5.69625000000000E+01
 2.00737500000000E+03   5.57972000000000E+01
 2.00745830000000E+03   4.08626000000000E+01
 2.00754170000000E+03   3.92355000000000E+01
 2.00762500000000E+03   1.66085000000000E+01
 2.00770830000000E+03   2.82123000000000E+01
 2.00779170000000E+03   1.91235000000000E+01
 2.00787500000000E+03   2.08040000000000E+01
 2.00795830000000E+03   2.07923000000000E+01
 2.00804170000000E+03   2.13956000000000E+01
 2.00812500000000E+03   1.93837000000000E+01
 2.00820830000000E+03   1.66795000000000E+01
 2.00829170000000E+03   2.27443000000000E+01
 2.00837500000000E+03   3.31938000000000E+01
 2.00845830000000E+03   1.28740000000000E+01
 2.00854170000000E+03   1.69400000000000E-01
 2.00862500000000E+03  -1.49966000000000E+01
 2.00870830000000E+03  -1.92396000000000E+01
 2.00879170000000E+03  -4.51751000000000E+01
 2.00887500000000E+03  -4.65720000000000E+01
 2.00895830000000E+03  -3.95075000000000E+01
 2.00904170000000E+03  -3.35201000000000E+01
 2.00912500000000E+03  -3.50710000000000E+01
 2.00920830000000E+03  -3.95450000000000E+01
 2.00929170000000E+03  -3.51731000000000E+01
 2.00937500000000E+03  -3.17242000000000E+01
 2.00945830000000E+03  -3.59676000000000E+01
 2.00954170000000E+03  -3.86728000000000E+01
 2.00962500000000E+03  -3.61471000000000E+01
 2.00970830000000E+03  -3.40060000000000E+01
 2.00979170000000E+03  -4.24806000000000E+01
 2.00987500000000E+03  -3.92627000000000E+01
 2.00995830000000E+03  -3.68910000000000E+01
 2.01004170000000E+03  -3.48272000000000E+01
 2.01012500000000E+03  -3.34556000000000E+01
 2.01020830000000E+03  -3.07764000000000E+01
 2.01029170000000E+03  -2.18666000000000E+01
 2.01037500000000E+03  -1.86490000000000E+01
 2.01045830000000E+03  -3.70469000000000E+01
 2.01054170000000E+03  -4.03680000000000E+01
 2.01062500000000E+03  -3.39967000000000E+01
 2.01070830000000E+03  -4.62408000000000E+01
 2.01079170000000E+03  -5.06391000000000E+01
 2.01087500000000E+03  -4.48833000000000E+01
 2.01095830000000E+03  -3.68199000000000E+01
 2.01104170000000E+03  -2.82951000000000E+01
 2.01112500000000E+03  -1.99241000000000E+01
 2.01120830000000E+03  -1.74762000000000E+01
 2.01129170000000E+03  -1.59517000000000E+01
 2.01137500000000E+03  -2.34269000000000E+01
 2.01145830000000E+03  -1.21000000000000E+00
 2.01154170000000E+03   1.14683000000000E+01
 2.01162500000000E+03  -5.00710000000000E+00
 2.01170830000000E+03  -1.25595000000000E+01
 2.01179170000000E+03  -3.57370000000000E+00
 2.01187500000000E+03  -2.20310000000000E+00
 2.01195830000000E+03   4.75200000000000E-01
 2.01204170000000E+03   1.99930000000000E+00
 2.01212500000000E+03  -1.49000000000000E-02
 2.01220830000000E+03   2.74010000000000E+00
 2.01229170000000E+03   1.11030000000000E+00
 2.01237500000000E+03   6.94210000000000E+00
 2.01245830000000E+03   1.05431000000000E+01
 2.01254170000000E+03  -1.86253000000000E+01
 2.01262500000000E+03  -4.14859000000000E+01
 2.01270830000000E+03  -4.77312000000000E+01
 2.01279170000000E+03  -4.45921000000000E+01
 2.01287500000000E+03  -4.26067000000000E+01
 2.01295830000000E+03  -4.26983000000000E+01
 2.01304170000000E+03  -4.64824000000000E+01
 2.01312500000000E+03  -4.71895000000000E+01
 2.01320830000000E+03  -4.51273000000000E+01
 2.01329170000000E+03  -4.59116000000000E+01
 2.01337500000000E+03  -4.27726000000000E+01
 2.01345830000000E+03  -3.93260000000000E+01
 2.01354170000000E+03  -4.63412000000000E+01
 2.01362500000000E+03  -4.07409000000000E+01
 2.01370830000000E+03  -3.79098000000000E+01
 2.01379170000000E+03  -2.11559000000000E+01
 2.01387500000000E+03  -1.95557000000000E+01
 2.01395830000000E+03  -2.15709000000000E+01
 2.01404170000000E+03  -1.66633000000000E+01
 2.01412500000000E+03  -5.98630000000000E+00
 2.01420830000000E+03  -6.07860000000000E+00
 2.01429170000000E+03   1.36730000000000E+00
 2.01437500000000E+03  -6.64810000000000E+00
 2.01445830000000E+03  -1.35590000000000E+00
 2.01454170000000E+03   2.24370000000000E+00
 2.01462500000000E+03  -3.07960000000000E+00
 2.01470830000000E+03  -1.10183000000000E+01
 2.01479170000000E+03  -1.15727000000000E+01
 2.01487500000000E+03  -9.28080000000000E+00
 2.01495830000000E+03  -9.98890000000000E+00
 2.01504170000000E+03  -2.08180000000000E+00
 2.01512500000000E+03   1.33000000000000E-01
 2.01520830000000E+03  -4.98300000000000E-01
 2.01529170000000E+03  -1.97600000000000E+00
 2.01537500000000E+03   1.28541000000000E+01
 2.01545830000000E+03   2.52996000000000E+01
 2.01554170000000E+03   1.42832000000000E+01
 2.01562500000000E+03   5.34400000000000E+00
 2.01570830000000E+03   2.71240000000000E+00
 2.01579170000000E+03   6.61900000000000E+00
 2.01587500000000E+03   1.12950000000000E+01
 2.01595830000000E+03   1.21247000000000E+01
 2.01604170000000E+03   2.09543000000000E+01
 2.01612500000000E+03   2.07070000000000E+01
 2.01620830000000E+03   2.55367000000000E+01
 2.01629170000000E+03   1.62891000000000E+01
 2.01637500000000E+03   2.18879000000000E+01
 2.01645830000000E+03   2.94820000000000E+00
 2.01654170000000E+03  -6.76100000000000E+00
 2.01662500000000E+03  -1.77778000000000E+01
 2.01670830000000E+03  -3.05638000000000E+01
 2.01679170000000E+03  -2.59655000000000E+01
 2.01687500000000E+03  -3.16747000000000E+01
 2.01695830000000E+03  -2.58455000000000E+01
 2.01704170000000E+03  -2.33242000000000E+01
 2.01712500000000E+03  -2.21105000000000E+01
 2.01720830000000E+03  -1.68968000000000E+01
 2.01729170000000E+03  -4.60640000000000E+00
 2.01737500000000E+03   1.79148000000000E+01
 2.01745830000000E+03   2.98207000000000E+01
 2.01754170000000E+03   3.41878000000000E+01
 2.01762500000000E+03   2.04782000000000E+01
 2.01770830000000E+03   1.25377000000000E+01
 2.01779170000000E+03   1.09047000000000E+01
 2.01787500000000E+03   8.27190000000000E+00
 2.01795830000000E+03   9.25430000000000E+00
 2.01804170000000E+03   1.54430000000000E+00
 2.01812500000000E+03   3.21900000000000E+00
 2.01820830000000E+03   6.97050000000000E+00
 2.01829170000000E+03   7.56800000000000E+00
 2.01837500000000E+03  -1.66036000000000E+01
 2.01845830000000E+03  -2.43906000000000E+01
 2.01854170000000E+03  -2.72548000000000E+01
 2.01862500000000E+03  -3.60420000000000E+01
 2.01870830000000E+03  -1.18292000000000E+01
 2.01879170000000E+03  -1.00012000000000E+01
 2.01887500000000E+03  -8.63460000000000E+00
 2.01895830000000E+03  -6.72960000000000E+00
 2.01904170000000E+03   2.32890000000000E+00
 2.01912500000000E+03   1.20031000000000E+01
 2.01920830000000E+03   1.72156000000000E+01
 2.01929170000000E+03   2.31202000000000E+01
 2.01937500000000E+03   2.20249000000000E+01
 2.01945830000000E+03   4.33142000000000E+01
 2.01954170000000E+03   4.59110000000000E+01
 2.01962500000000E+03   5.84310000000000E+01
 2.01970830000000E+03   5.14125000000000E+01
 2.01979170000000E+03   2.93168000000000E+01
 2.01987500000000E+03   3.45289000000000E+01
 2.01995830000000E+03   4.00487000000000E+01
 2.02004170000000E+03   4.82606000000000E+01
 2.02012500000000E+03   5.02418000000000E+01
 2.02020830000000E+03   5.11461000000000E+01
 2.02029170000000E+03   5.14347000000000E+01
 2.02037500000000E+03   4.82619000000000E+01
 2.02045830000000E+03   4.73199000000000E+01
 2.02054170000000E+03   3.83776000000000E+01
 2.02062500000000E+03   1.45124000000000E+01
 2.02070830000000E+03  -1.20451000000000E+01
 2.02079170000000E+03  -1.09876000000000E+01
 2.02087500000000E+03  -8.37000000000000E-02
 2.02095830000000E+03   2.20480000000000E+00
 2.02104170000000E+03   1.18530000000000E+00
 2.02112500000000E+03   1.55060000000000E+00
 2.02120830000000E+03  -2.46880000000000E+00
 2.02129170000000E+03   6.28080000000000E+00
 2.02137500000000E+03   1.18767000000000E+01
 2.02145830000000E+03   8.31870000000000E+00
 2.02154170000000E+03   1.73758000000000E+01
 2.02162500000000E+03   3.42024000000000E+01
 2.02170830000000E+03   3.01058000000000E+01
 2.02179170000000E+03   2.57782000000000E+01
 2.02187500000000E+03   2.66815000000000E+01
 2.02195830000000E+03   2.50463000000000E+01
 2.02204170000000E+03   2.85647000000000E+01
 2.02212500000000E+03   2.56986000000000E+01
 2.02220830000000E+03   2.96017000000000E+01
 2.02229170000000E+03   3.83507000000000E+01
 2.02237500000000E+03   3.80999000000000E+01
 2.02245830000000E+03   3.28490000000000E+01
 2.02254170000000E+03   4.39825000000000E+01
 2.02262500000000E+03   3.15777000000000E+01
 2.02270830000000E+03   1.60190000000000E+01
 2.02279170000000E+03   2.57678000000000E+01
 2.02287500000000E+03   1.97474000000000E+01
 2.02295830000000E+03   1.97270000000000E+01
 2.02304170000000E+03   3.05525000000000E+01
 2.02312500000000E+03   4.00705000000000E+01
 2.02320830000000E+03   5.04346000000000E+01
 2.02329170000000E+03   5.87984000000000E+01
 2.02337500000000E+03   7.47778000000000E+01
 2.02345830000000E+03   8.25264000000000E+01
 2.02354170000000E+03   8.17939000000000E+01
 2.02362500000000E+03   7.13238000000000E+01
 2.02370830000000E+03   7.75946000000000E+01
 2.02379170000000E+03   7.90752000000000E+01
 2.02387500000000E+03   1.01219900000000E+02
 2.02395830000000E+03   1.39884400000000E+02
