 1.89104170000000E+03  -9.55516000000000E+01
 1.89112500000000E+03  -7.81887000000000E+01
 1.89120830000000E+03  -5.83339000000000E+01
 1.89129170000000E+03  -4.84347000000000E+01
 1.89137500000000E+03  -5.47761000000000E+01
 1.89145830000000E+03  -4.55479000000000E+01
 1.89154170000000E+03  -4.28047000000000E+01
 1.89162500000000E+03  -4.08053000000000E+01
 1.89170830000000E+03  -4.58060000000000E+01
 1.89179170000000E+03  -5.50376000000000E+01
 1.89187500000000E+03  -4.33463000000000E+01
 1.89195830000000E+03  -3.50398000000000E+01
 1.89204170000000E+03  -2.25026000000000E+01
 1.89212500000000E+03  -1.48117000000000E+01
 1.89220830000000E+03  -1.33518000000000E+01
 1.89229170000000E+03  -2.49689000000000E+01
 1.89237500000000E+03  -4.02015000000000E+01
 1.89245830000000E+03  -2.85882000000000E+01
 1.89254170000000E+03  -4.28210000000000E+01
 1.89262500000000E+03  -5.30542000000000E+01
 1.89270830000000E+03  -4.60566000000000E+01
 1.89279170000000E+03  -3.70592000000000E+01
 1.89287500000000E+03  -3.71389000000000E+01
 1.89295830000000E+03  -3.36033000000000E+01
 1.89304170000000E+03  -3.24524000000000E+01
 1.89312500000000E+03  -3.36864000000000E+01
 1.89320830000000E+03  -2.59974000000000E+01
 1.89329170000000E+03  -1.64624000000000E+01
 1.89337500000000E+03  -5.77370000000000E+00
 1.89345830000000E+03   7.53020000000000E+00
 1.89354170000000E+03   2.52630000000000E+00
 1.89362500000000E+03   2.33684000000000E+01
 1.89370830000000E+03   2.94411000000000E+01
 1.89379170000000E+03   1.32061000000000E+01
 1.89387500000000E+03   8.97080000000000E+00
 1.89395830000000E+03   1.50431000000000E+01
 1.89404170000000E+03   1.75768000000000E+01
 1.89412500000000E+03   2.42642000000000E+01
 1.89420830000000E+03   2.17976000000000E+01
 1.89429170000000E+03   2.63860000000000E+00
 1.89437500000000E+03  -1.07514000000000E+01
 1.89445830000000E+03  -1.20646000000000E+01
 1.89454170000000E+03  -3.03779000000000E+01
 1.89462500000000E+03  -3.99991000000000E+01
 1.89470830000000E+03  -5.75435000000000E+01
 1.89479170000000E+03  -5.53188000000000E+01
 1.89487500000000E+03  -5.39404000000000E+01
 1.89495830000000E+03  -4.77160000000000E+01
 1.89504170000000E+03  -3.83379000000000E+01
 1.89512500000000E+03  -3.08061000000000E+01
 1.89520830000000E+03  -2.91206000000000E+01
 1.89529170000000E+03  -1.88967000000000E+01
 1.89537500000000E+03  -1.47500000000000E+01
 1.89545830000000E+03  -1.23727000000000E+01
 1.89554170000000E+03  -1.56107000000000E+01
 1.89562500000000E+03  -2.23370000000000E+00
 1.89570830000000E+03   8.68170000000000E+00
 1.89579170000000E+03   1.02124000000000E+01
 1.89587500000000E+03   9.43520000000000E+00
 1.89595830000000E+03   2.52732000000000E+01
 1.89604170000000E+03   3.46496000000000E+01
 1.89612500000000E+03   3.21797000000000E+01
 1.89620830000000E+03   2.39403000000000E+01
 1.89629170000000E+03   9.77780000000000E+00
 1.89637500000000E+03  -2.00020000000000E+00
 1.89645830000000E+03  -1.47785000000000E+01
 1.89654170000000E+03  -3.64029000000000E+01
 1.89662500000000E+03  -4.28738000000000E+01
 1.89670830000000E+03  -5.31140000000000E+01
 1.89679170000000E+03  -6.28927000000000E+01
 1.89687500000000E+03  -6.12101000000000E+01
 1.89695830000000E+03  -5.97584000000000E+01
 1.89704170000000E+03  -5.54607000000000E+01
 1.89712500000000E+03  -5.74708000000000E+01
 1.89720830000000E+03  -5.05581000000000E+01
 1.89729170000000E+03  -5.07223000000000E+01
 1.89737500000000E+03  -3.99637000000000E+01
 1.89745830000000E+03  -4.45129000000000E+01
 1.89754170000000E+03  -2.26775000000000E+01
 1.89762500000000E+03   2.34500000000000E-01
 1.89770830000000E+03  -1.77660000000000E+00
 1.89779170000000E+03  -6.34000000000000E-01
 1.89787500000000E+03   4.35450000000000E+00
 1.89795830000000E+03   7.26600000000000E+00
 1.89804170000000E+03   2.18697000000000E+01
 1.89812500000000E+03   1.72424000000000E+01
 1.89820830000000E+03   2.60765000000000E+01
 1.89829170000000E+03   9.83360000000000E+00
 1.89837500000000E+03   8.82130000000000E+00
 1.89845830000000E+03   2.51165000000000E+01
 1.89854170000000E+03   3.49501000000000E+01
 1.89862500000000E+03   2.87835000000000E+01
 1.89870830000000E+03   2.83859000000000E+01
 1.89879170000000E+03   3.58345000000000E+01
 1.89887500000000E+03   4.28213000000000E+01
 1.89895830000000E+03   4.96541000000000E+01
 1.89904170000000E+03   5.43330000000000E+01
 1.89912500000000E+03   4.91655000000000E+01
 1.89920830000000E+03   5.99209000000000E+01
 1.89929170000000E+03   6.42148000000000E+01
 1.89937500000000E+03   9.12776000000000E+01
 1.89945830000000E+03   8.61096000000000E+01
 1.89954170000000E+03   5.58645000000000E+01
 1.89962500000000E+03   3.39269000000000E+01
 1.89970830000000E+03   1.96815000000000E+01
 1.89979170000000E+03   4.66680000000000E+00
 1.89987500000000E+03  -3.48200000000000E-01
 1.89995830000000E+03   3.40600000000000E+00
 1.90004170000000E+03   6.69850000000000E+00
 1.90012500000000E+03   3.91390000000000E+00
 1.90020830000000E+03   4.35990000000000E+00
 1.90029170000000E+03   3.34430000000000E+00
 1.90037500000000E+03  -2.05946000000000E+01
 1.90045830000000E+03  -3.26106000000000E+01
 1.90054170000000E+03  -2.82420000000000E+01
 1.90062500000000E+03  -2.46428000000000E+01
 1.90070830000000E+03  -2.60439000000000E+01
 1.90079170000000E+03  -2.35219000000000E+01
 1.90087500000000E+03  -2.80001000000000E+01
 1.90095830000000E+03  -2.70938000000000E+01
 1.90104170000000E+03  -3.05723000000000E+01
 1.90112500000000E+03  -3.25125000000000E+01
 1.90120830000000E+03  -4.06067000000000E+01
 1.90129170000000E+03  -4.73163000000000E+01
 1.90137500000000E+03  -4.88723000000000E+01
 1.90145830000000E+03  -4.27362000000000E+01
 1.90154170000000E+03  -3.69078000000000E+01
 1.90162500000000E+03  -4.34642000000000E+01
 1.90170830000000E+03  -4.32516000000000E+01
 1.90179170000000E+03  -4.40390000000000E+01
 1.90187500000000E+03  -4.16729000000000E+01
 1.90195830000000E+03  -3.29991000000000E+01
 1.90204170000000E+03  -2.34793000000000E+01
 1.90212500000000E+03  -1.09597000000000E+01
 1.90220830000000E+03  -1.03633000000000E+01
 1.90229170000000E+03  -2.07470000000000E+00
 1.90237500000000E+03  -8.63250000000000E+00
 1.90245830000000E+03   7.32700000000000E-01
 1.90254170000000E+03   2.63630000000000E+00
 1.90262500000000E+03  -7.38340000000000E+00
 1.90270830000000E+03  -1.09560000000000E+00
 1.90279170000000E+03  -5.77100000000000E-01
 1.90287500000000E+03   2.40950000000000E+01
 1.90312500000000E+03   4.97260000000000E+01
 1.90320830000000E+03   6.17053000000000E+01
 1.90329170000000E+03   5.62229000000000E+01
 1.90337500000000E+03   6.23558000000000E+01
 1.90345830000000E+03   4.97961000000000E+01
 1.90354170000000E+03   4.15441000000000E+01
 1.90362500000000E+03   3.72149000000000E+01
 1.90370830000000E+03  -5.19130000000000E+00
 1.90379170000000E+03  -1.30591000000000E+01
 1.90387500000000E+03  -2.73118000000000E+01
 1.90395830000000E+03  -2.09492000000000E+01
 1.90404170000000E+03  -1.05868000000000E+01
 1.90412500000000E+03  -4.68600000000000E+00
 1.90420830000000E+03  -2.75547000000000E+01
 1.90429170000000E+03  -2.78080000000000E+01
 1.90437500000000E+03  -1.89846000000000E+01
 1.90445830000000E+03  -2.07768000000000E+01
 1.90454170000000E+03  -4.49210000000000E+00
 1.90462500000000E+03   3.48470000000000E+00
 1.90470830000000E+03   8.46000000000000E-01
 1.90479170000000E+03   1.56687000000000E+01
 1.90487500000000E+03   1.62605000000000E+01
 1.90495830000000E+03   2.09290000000000E+01
 1.90504170000000E+03   2.59820000000000E+01
 1.90512500000000E+03   2.57272000000000E+01
 1.90520830000000E+03   2.16260000000000E+01
 1.90529170000000E+03   3.37556000000000E+01
 1.90537500000000E+03   2.41926000000000E+01
 1.90545830000000E+03   2.37833000000000E+01
 1.90554170000000E+03   1.82201000000000E+01
 1.90562500000000E+03   6.65670000000000E+00
 1.90570830000000E+03   1.25547000000000E+01
 1.90579170000000E+03   1.61449000000000E+01
 1.90587500000000E+03   1.49657000000000E+01
 1.90595830000000E+03   2.42479000000000E+01
 1.90604170000000E+03   3.64530000000000E+01
 1.90612500000000E+03   3.88887000000000E+01
 1.90620830000000E+03   3.43243000000000E+01
 1.90629170000000E+03   2.02983000000000E+01
 1.90637500000000E+03   1.35028000000000E+01
 1.90645830000000E+03   2.27072000000000E+01
 1.90654170000000E+03   1.34499000000000E+01
 1.90662500000000E+03   6.03860000000000E+00
 1.90670830000000E+03   1.03964000000000E+01
 1.90679170000000E+03  -2.70740000000000E+00
 1.90687500000000E+03   2.95780000000000E+00
 1.90695830000000E+03   1.02382000000000E+01
 1.90704170000000E+03   1.52877000000000E+01
 1.90712500000000E+03   2.27987000000000E+01
 1.90720830000000E+03   2.10786000000000E+01
 1.90729170000000E+03   1.95893000000000E+01
 1.90737500000000E+03   1.57152000000000E+01
 1.90745830000000E+03   2.37930000000000E+00
 1.90754170000000E+03   3.51100000000000E-01
 1.90762500000000E+03   5.39960000000000E+00
 1.90770830000000E+03  -1.55520000000000E+01
 1.90779170000000E+03  -2.89653000000000E+01
 1.90787500000000E+03  -3.17634000000000E+01
 1.90795830000000E+03  -3.28693000000000E+01
 1.90804170000000E+03  -3.29753000000000E+01
 1.90812500000000E+03  -3.19277000000000E+01
 1.90820830000000E+03  -4.55725000000000E+01
 1.90829170000000E+03  -6.19097000000000E+01
 1.90837500000000E+03  -6.03241000000000E+01
 1.90845830000000E+03  -5.45847000000000E+01
 1.90854170000000E+03  -4.24609000000000E+01
 1.90862500000000E+03  -5.05679000000000E+01
 1.90870830000000E+03  -7.22136000000000E+01
 1.90879170000000E+03  -5.99363000000000E+01
 1.90887500000000E+03  -5.48131000000000E+01
 1.90895830000000E+03  -4.71515000000000E+01
 1.90904170000000E+03  -3.04901000000000E+01
 1.90912500000000E+03  -1.69057000000000E+01
 1.90920830000000E+03  -2.42446000000000E+01
 1.90929170000000E+03  -1.97374000000000E+01
 1.90937500000000E+03  -4.15350000000000E+00
 1.90945830000000E+03  -6.95430000000000E+00
 1.90954170000000E+03   8.01400000000000E+00
 1.90962500000000E+03   7.98210000000000E+00
 1.90970830000000E+03   7.71920000000000E+00
 1.90979170000000E+03   2.15333000000000E+01
 1.90987500000000E+03   2.81932000000000E+01
 1.90995830000000E+03   3.56223000000000E+01
 1.91004170000000E+03   4.22820000000000E+01
 1.91012500000000E+03   3.20954000000000E+01
 1.91020830000000E+03   2.21394000000000E+01
 1.91029170000000E+03   1.80295000000000E+01
 1.91037500000000E+03   1.05347000000000E+01
 1.91045830000000E+03  -4.98600000000000E-01
 1.91054170000000E+03  -7.05000000000000E-02
 1.91062500000000E+03  -2.41190000000000E+00
 1.91070830000000E+03  -1.10611000000000E+01
 1.91079170000000E+03  -3.55650000000000E+00
 1.91087500000000E+03  -4.89820000000000E+00
 1.91095830000000E+03  -3.08630000000000E+00
 1.91104170000000E+03   2.80240000000000E+00
 1.91112500000000E+03   2.38330000000000E+00
 1.91120830000000E+03   1.45794000000000E+01
 1.91129170000000E+03   1.23139000000000E+01
 1.91137500000000E+03   2.23559000000000E+01
 1.91145830000000E+03   1.64746000000000E+01
 1.91154170000000E+03   6.43940000000000E+00
 1.91162500000000E+03   5.78870000000000E+00
 1.91170830000000E+03  -7.01610000000000E+00
 1.91179170000000E+03  -7.44000000000000E-01
 1.91187500000000E+03   3.74000000000000E-01
 1.91195830000000E+03   1.08765000000000E+01
 1.91204170000000E+03   1.19174000000000E+01
 1.91212500000000E+03   1.77273000000000E+01
 1.91220830000000E+03   2.01524000000000E+01
 1.91229170000000E+03   4.34670000000000E+00
 1.91237500000000E+03   1.24639000000000E+01
 1.91245830000000E+03   2.37347000000000E+01
 1.91254170000000E+03   1.90055000000000E+01
 1.91262500000000E+03   3.56607000000000E+01
 1.91270830000000E+03   4.57003000000000E+01
 1.91279170000000E+03   4.85091000000000E+01
 1.91287500000000E+03   4.38562000000000E+01
 1.91295830000000E+03   4.78185000000000E+01
 1.91304170000000E+03   4.99345000000000E+01
 1.91312500000000E+03   5.84350000000000E+01
 1.91320830000000E+03   4.50891000000000E+01
 1.91329170000000E+03   3.65124000000000E+01
 1.91337500000000E+03   5.98586000000000E+01
 1.91345830000000E+03   7.27431000000000E+01
 1.91354170000000E+03   6.29352000000000E+01
 1.91362500000000E+03   7.83579000000000E+01
 1.91370830000000E+03   7.18574000000000E+01
 1.91379170000000E+03   6.12029000000000E+01
 1.91387500000000E+03   6.41636000000000E+01
 1.91395830000000E+03   7.05857000000000E+01
 1.91404170000000E+03   6.65461000000000E+01
 1.91412500000000E+03   6.23526000000000E+01
 1.91420830000000E+03   6.70050000000000E+01
 1.91429170000000E+03   6.50419000000000E+01
 1.91437500000000E+03   6.78479000000000E+01
 1.91445830000000E+03   5.31922000000000E+01
 1.91454170000000E+03   2.66903000000000E+01
 1.91462500000000E+03   6.80350000000000E+00
 1.91470830000000E+03  -4.23720000000000E+00
 1.91479170000000E+03  -7.12420000000000E+00
 1.91487500000000E+03  -1.09345000000000E+01
 1.91495830000000E+03  -1.29757000000000E+01
 1.91504170000000E+03  -5.17080000000000E+00
 1.91512500000000E+03  -2.21230000000000E+00
 1.91520830000000E+03  -1.48470000000000E+00
 1.91529170000000E+03  -2.61418000000000E+01
 1.91537500000000E+03  -1.85683000000000E+01
 1.91545830000000E+03  -2.32257000000000E+01
 1.91554170000000E+03  -1.12679000000000E+01
 1.91562500000000E+03  -8.23330000000000E+00
 1.91570830000000E+03  -9.19890000000000E+00
 1.91579170000000E+03  -1.13184000000000E+01
 1.91587500000000E+03  -1.18996000000000E+01
 1.91595830000000E+03  -6.01950000000000E+00
 1.91604170000000E+03  -2.16300000000000E-01
 1.91612500000000E+03   2.43280000000000E+00
 1.91620830000000E+03   5.43300000000000E-01
 1.91629170000000E+03   1.11520000000000E+00
 1.91637500000000E+03   1.63792000000000E+01
 1.91645830000000E+03   1.10277000000000E+01
 1.91654170000000E+03   4.44540000000000E+00
 1.91662500000000E+03  -2.29064000000000E+01
 1.91670830000000E+03  -3.57968000000000E+01
 1.91679170000000E+03  -2.98411000000000E+01
 1.91687500000000E+03  -3.40395000000000E+01
 1.91695830000000E+03  -3.35457000000000E+01
 1.91704170000000E+03  -3.34366000000000E+01
 1.91712500000000E+03  -3.86354000000000E+01
 1.91720830000000E+03  -3.33728000000000E+01
 1.91729170000000E+03  -3.19564000000000E+01
 1.91737500000000E+03  -2.49249000000000E+01
 1.91745830000000E+03  -2.13550000000000E+01
 1.91754170000000E+03  -1.33238000000000E+01
 1.91762500000000E+03  -3.98500000000000E+00
 1.91770830000000E+03  -1.18002000000000E+01
 1.91779170000000E+03  -1.26155000000000E+01
 1.91787500000000E+03  -2.43540000000000E+01
 1.91795830000000E+03  -8.16970000000000E+00
 1.91804170000000E+03  -2.93100000000000E-01
 1.91812500000000E+03   6.89100000000000E+00
 1.91820830000000E+03   2.06903000000000E+01
 1.91829170000000E+03   7.72030000000000E+00
 1.91837500000000E+03   1.90390000000000E+00
 1.91845830000000E+03  -1.13741000000000E+01
 1.91854170000000E+03  -3.22676000000000E+01
 1.91862500000000E+03  -4.74690000000000E+01
 1.91870830000000E+03  -6.05937000000000E+01
 1.91879170000000E+03  -5.14876000000000E+01
 1.91887500000000E+03  -5.07664000000000E+01
 1.91895830000000E+03  -2.82761000000000E+01
 1.91904170000000E+03  -2.57859000000000E+01
 1.91912500000000E+03  -1.21420000000000E+01
 1.91920830000000E+03  -8.80590000000000E+00
 1.91929170000000E+03  -2.00854000000000E+01
 1.91937500000000E+03  -3.18266000000000E+01
 1.91945830000000E+03  -3.52602000000000E+01
 1.91954170000000E+03  -3.35401000000000E+01
 1.91962500000000E+03  -1.57432000000000E+01
 1.91970830000000E+03  -8.25420000000000E+00
 1.91979170000000E+03   1.85010000000000E+00
 1.91987500000000E+03   7.49270000000000E+00
 1.91995830000000E+03   2.63659000000000E+01
 1.92004170000000E+03   3.01620000000000E+01
 1.92012500000000E+03   3.30349000000000E+01
 1.92020830000000E+03   1.97538000000000E+01
 1.92029170000000E+03  -4.75810000000000E+00
 1.92037500000000E+03  -1.36549000000000E+01
 1.92045830000000E+03  -1.79364000000000E+01
 1.92054170000000E+03   1.32040000000000E+00
 1.92062500000000E+03  -7.03830000000000E+00
 1.92070830000000E+03  -7.70490000000000E+00
 1.92079170000000E+03  -1.12946000000000E+01
 1.92087500000000E+03  -1.47307000000000E+01
 1.92095830000000E+03  -7.78230000000000E+00
 1.92104170000000E+03  -3.68020000000000E+00
 1.92112500000000E+03  -3.50140000000000E+00
 1.92120830000000E+03  -3.01490000000000E+00
 1.92129170000000E+03   6.16370000000000E+00
 1.92137500000000E+03   1.89575000000000E+01
 1.92145830000000E+03   4.09050000000000E+01
 1.92154170000000E+03   4.94678000000000E+01
 1.92162500000000E+03   2.91073000000000E+01
 1.92170830000000E+03   3.49005000000000E+01
 1.92179170000000E+03   1.90783000000000E+01
 1.92187500000000E+03   2.77943000000000E+01
 1.92195830000000E+03   4.11255000000000E+01
 1.92204170000000E+03   4.72259000000000E+01
 1.92212500000000E+03   4.78646000000000E+01
 1.92220830000000E+03   4.61185000000000E+01
 1.92229170000000E+03   3.76030000000000E+01
 1.92237500000000E+03   3.58566000000000E+01
 1.92245830000000E+03   4.01870000000000E+01
 1.92254170000000E+03   3.64404000000000E+01
 1.92262500000000E+03   3.10782000000000E+01
 1.92270830000000E+03   1.76389000000000E+01
 1.92279170000000E+03   3.27640000000000E+00
 1.92287500000000E+03   1.21445000000000E+01
 1.92295830000000E+03   1.99356000000000E+01
 1.92304170000000E+03   2.09573000000000E+01
 1.92312500000000E+03   2.29019000000000E+01
 1.92320830000000E+03   2.48464000000000E+01
 1.92329170000000E+03   3.97907000000000E+01
 1.92337500000000E+03   5.02734000000000E+01
 1.92345830000000E+03   4.61405000000000E+01
 1.92354170000000E+03   3.52382000000000E+01
 1.92362500000000E+03   2.47974000000000E+01
 1.92370830000000E+03   2.87410000000000E+01
 1.92379170000000E+03   3.92229000000000E+01
 1.92387500000000E+03   4.88585000000000E+01
 1.92395830000000E+03   5.72632000000000E+01
 1.92404170000000E+03   5.75140000000000E+01
 1.92412500000000E+03   5.56107000000000E+01
 1.92420830000000E+03   5.29380000000000E+01
 1.92429170000000E+03   4.54960000000000E+01
 1.92437500000000E+03   2.55154000000000E+01
 1.92445830000000E+03   1.55346000000000E+01
 1.92454170000000E+03   2.26306000000000E+01
 1.92462500000000E+03   3.19572000000000E+01
 1.92470830000000E+03   2.65914000000000E+01
 1.92479170000000E+03   2.74562000000000E+01
 1.92487500000000E+03   2.80901000000000E+01
 1.92495830000000E+03   4.21854000000000E+01
 1.92504170000000E+03   3.76651000000000E+01
 1.92512500000000E+03   3.61447000000000E+01
 1.92520830000000E+03   4.21626000000000E+01
 1.92529170000000E+03   4.37958000000000E+01
 1.92537500000000E+03   4.57365000000000E+01
 1.92545830000000E+03   5.66771000000000E+01
 1.92554170000000E+03   4.93098000000000E+01
 1.92562500000000E+03   2.36347000000000E+01
 1.92570830000000E+03   2.31902000000000E+01
 1.92579170000000E+03   1.97456000000000E+01
 1.92587500000000E+03   2.18392000000000E+01
 1.92595830000000E+03   3.10866000000000E+01
 1.92604170000000E+03   2.77954000000000E+01
 1.92612500000000E+03   4.08117000000000E+01
 1.92620830000000E+03   4.15971000000000E+01
 1.92629170000000E+03   4.00747000000000E+01
 1.92637500000000E+03   3.00906000000000E+01
 1.92645830000000E+03   3.36448000000000E+01
 1.92654170000000E+03   2.41219000000000E+01
 1.92662500000000E+03   2.58297000000000E+01
 1.92670830000000E+03   3.04604000000000E+01
 1.92679170000000E+03   3.62448000000000E+01
 1.92687500000000E+03   4.31829000000000E+01
 1.92695830000000E+03   5.65055000000000E+01
 1.92704170000000E+03   6.12894000000000E+01
 1.92712500000000E+03   6.56886000000000E+01
 1.92720830000000E+03   6.06261000000000E+01
 1.92729170000000E+03   6.65635000000000E+01
 1.92737500000000E+03   5.78084000000000E+01
 1.92745830000000E+03   4.37455000000000E+01
 1.92754170000000E+03   3.30671000000000E+01
 1.92762500000000E+03   2.96192000000000E+01
 1.92770830000000E+03   1.15559000000000E+01
 1.92779170000000E+03   6.03080000000000E+00
 1.92787500000000E+03  -1.09559000000000E+01
 1.92795830000000E+03  -1.17350000000000E+00
 1.92804170000000E+03   4.07030000000000E+00
 1.92812500000000E+03   9.85230000000000E+00
 1.92820830000000E+03   9.48040000000000E+00
 1.92829170000000E+03   9.95450000000000E+00
 1.92837500000000E+03   2.89000000000000E+00
 1.92845830000000E+03   3.97920000000000E+00
 1.92854170000000E+03   5.76050000000000E+00
 1.92862500000000E+03  -1.91506000000000E+01
 1.92870830000000E+03  -2.53695000000000E+01
 1.92879170000000E+03  -8.12710000000000E+00
 1.92887500000000E+03  -5.77100000000000E-01
 1.92895830000000E+03   1.45882000000000E+01
 1.92904170000000E+03   1.33687000000000E+01
 1.92912500000000E+03   6.61050000000000E+00
 1.92920830000000E+03   5.31380000000000E+00
 1.92929170000000E+03   1.29400000000000E+01
 1.92937500000000E+03   9.18140000000000E+00
 1.92945830000000E+03   5.73040000000000E+00
 1.92954170000000E+03   7.35620000000000E+00
 1.92962500000000E+03   2.67410000000000E+00
 1.92970830000000E+03   2.12996000000000E+01
 1.92979170000000E+03   1.25403000000000E+01
 1.92987500000000E+03   9.16550000000000E+00
 1.92995830000000E+03   1.02521000000000E+01
 1.93004170000000E+03   1.27231000000000E+01
 1.93012500000000E+03   1.18863000000000E+01
 1.93020830000000E+03  -3.02750000000000E+00
 1.93029170000000E+03  -3.01850000000000E+00
 1.93037500000000E+03  -1.54800000000000E+00
 1.93045830000000E+03  -1.20008000000000E+01
 1.93054170000000E+03  -1.49921000000000E+01
 1.93062500000000E+03  -3.61375000000000E+01
 1.93070830000000E+03  -2.98214000000000E+01
 1.93079170000000E+03  -3.18132000000000E+01
 1.93087500000000E+03  -2.35744000000000E+01
 1.93095830000000E+03  -9.18190000000000E+00
 1.93104170000000E+03   4.59510000000000E+00
 1.93112500000000E+03   3.06430000000000E+00
 1.93120830000000E+03   3.07180000000000E+00
 1.93129170000000E+03   2.63099000000000E+01
 1.93137500000000E+03   9.31710000000000E+00
 1.93145830000000E+03   9.24720000000000E+00
 1.93154170000000E+03   2.42541000000000E+01
 1.93162500000000E+03   2.01070000000000E+01
 1.93170830000000E+03   2.94213000000000E+01
 1.93179170000000E+03   3.35816000000000E+01
 1.93187500000000E+03   3.84341000000000E+01
 1.93195830000000E+03   4.73633000000000E+01
 1.93204170000000E+03   4.76001000000000E+01
 1.93212500000000E+03   4.46829000000000E+01
 1.93220830000000E+03   5.40733000000000E+01
 1.93229170000000E+03   5.60789000000000E+01
 1.93237500000000E+03   4.26228000000000E+01
 1.93245830000000E+03   5.09358000000000E+01
 1.93254170000000E+03   2.44025000000000E+01
 1.93262500000000E+03   1.26383000000000E+01
 1.93270830000000E+03   3.95080000000000E+00
 1.93279170000000E+03   1.16479000000000E+01
 1.93287500000000E+03   9.96010000000000E+00
 1.93295830000000E+03   1.18877000000000E+01
 1.93304170000000E+03   1.73535000000000E+01
 1.93312500000000E+03   2.39730000000000E+01
 1.93320830000000E+03   1.82078000000000E+01
 1.93329170000000E+03   2.44240000000000E+00
 1.93337500000000E+03  -1.25539000000000E+01
 1.93345830000000E+03  -2.28580000000000E+01
 1.93354170000000E+03  -2.75469000000000E+01
 1.93362500000000E+03  -1.06206000000000E+01
 1.93370830000000E+03  -1.69251000000000E+01
 1.93379170000000E+03  -2.41529000000000E+01
 1.93387500000000E+03  -2.53808000000000E+01
 1.93395830000000E+03  -2.13012000000000E+01
 1.93404170000000E+03  -1.03756000000000E+01
 1.93412500000000E+03  -9.68090000000000E+00
 1.93420830000000E+03  -1.88325000000000E+01
 1.93429170000000E+03  -3.90730000000000E+00
 1.93437500000000E+03   1.24850000000000E+00
 1.93445830000000E+03  -6.72700000000000E-01
 1.93454170000000E+03   3.02130000000000E+00
 1.93462500000000E+03   1.76382000000000E+01
 1.93470830000000E+03  -1.20660000000000E+00
 1.93479170000000E+03   2.87160000000000E+00
 1.93487500000000E+03   9.56500000000000E+00
 1.93495830000000E+03   9.64290000000000E+00
 1.93504170000000E+03   2.61052000000000E+01
 1.93512500000000E+03   2.29520000000000E+01
 1.93520830000000E+03   2.91833000000000E+01
 1.93529170000000E+03   4.28760000000000E+01
 1.93537500000000E+03   2.55685000000000E+01
 1.93545830000000E+03   1.82609000000000E+01
 1.93554170000000E+03   2.90301000000000E+01
 1.93562500000000E+03   2.28761000000000E+01
 1.93570830000000E+03  -4.20120000000000E+00
 1.93579170000000E+03   1.33670000000000E+00
 1.93587500000000E+03  -6.97160000000000E+00
 1.93595830000000E+03  -2.03100000000000E-01
 1.93604170000000E+03   5.87280000000000E+00
 1.93612500000000E+03  -9.74400000000000E-01
 1.93620830000000E+03  -6.05250000000000E+00
 1.93629170000000E+03  -5.20770000000000E+00
 1.93637500000000E+03  -2.04400000000000E+01
 1.93645830000000E+03  -4.36480000000000E+00
 1.93654170000000E+03  -1.66743000000000E+01
 1.93662500000000E+03  -2.45224000000000E+01
 1.93670830000000E+03  -2.86014000000000E+01
 1.93679170000000E+03  -2.76036000000000E+01
 1.93687500000000E+03  -3.20675000000000E+01
 1.93695830000000E+03  -1.82239000000000E+01
 1.93704170000000E+03  -8.14960000000000E+00
 1.93712500000000E+03  -1.11525000000000E+01
 1.93720830000000E+03  -7.77080000000000E+00
 1.93729170000000E+03  -9.77390000000000E+00
 1.93737500000000E+03  -1.90849000000000E+01
 1.93745830000000E+03  -3.02421000000000E+01
 1.93754170000000E+03  -3.65533000000000E+01
 1.93762500000000E+03  -2.71724000000000E+01
 1.93770830000000E+03  -8.71470000000000E+00
 1.93779170000000E+03   1.25890000000000E+01
 1.93787500000000E+03   2.44310000000000E+01
 1.93795830000000E+03   3.95806000000000E+01
 1.93804170000000E+03   4.33454000000000E+01
 1.93812500000000E+03   4.21101000000000E+01
 1.93820830000000E+03   4.30285000000000E+01
 1.93829170000000E+03   4.44852000000000E+01
 1.93837500000000E+03   6.07879000000000E+01
 1.93845830000000E+03   4.17828000000000E+01
 1.93854170000000E+03   4.50852000000000E+01
 1.93862500000000E+03   4.10797000000000E+01
 1.93870830000000E+03   3.79972000000000E+01
 1.93879170000000E+03   2.09146000000000E+01
 1.93887500000000E+03   2.75490000000000E+00
 1.93895830000000E+03   6.13350000000000E+00
 1.93904170000000E+03   6.66580000000000E+00
 1.93912500000000E+03   6.59500000000000E-01
 1.93920830000000E+03  -9.27000000000000E+00
 1.93929170000000E+03  -2.63535000000000E+01
 1.93937500000000E+03  -4.35141000000000E+01
 1.93945830000000E+03  -5.86748000000000E+01
 1.93954170000000E+03  -5.61434000000000E+01
 1.93962500000000E+03  -6.54582000000000E+01
 1.93970830000000E+03  -7.64655000000000E+01
 1.93979170000000E+03  -8.30884000000000E+01
 1.93987500000000E+03  -9.08652000000000E+01
 1.93995830000000E+03  -8.40268000000000E+01
 1.94004170000000E+03  -8.12655000000000E+01
 1.94012500000000E+03  -7.82735000000000E+01
 1.94020830000000E+03  -6.28202000000000E+01
 1.94029170000000E+03  -6.31362000000000E+01
 1.94037500000000E+03  -4.32216000000000E+01
 1.94045830000000E+03  -4.20763000000000E+01
 1.94054170000000E+03  -5.67005000000000E+01
 1.94062500000000E+03  -6.15555000000000E+01
 1.94070830000000E+03  -5.83338000000000E+01
 1.94079170000000E+03  -7.12661000000000E+01
 1.94087500000000E+03  -6.67370000000000E+01
 1.94095830000000E+03  -5.84388000000000E+01
 1.94104170000000E+03  -5.28330000000000E+01
 1.94112500000000E+03  -4.85351000000000E+01
 1.94120830000000E+03  -5.90835000000000E+01
 1.94129170000000E+03  -7.10936000000000E+01
 1.94137500000000E+03  -8.59499000000000E+01
 1.94145830000000E+03  -8.51141000000000E+01
 1.94154170000000E+03  -9.91246000000000E+01
 1.94162500000000E+03  -9.88276000000000E+01
 1.94170830000000E+03  -1.07069100000000E+02
 1.94179170000000E+03  -1.11080100000000E+02
 1.94187500000000E+03  -9.71681000000000E+01
 1.94195830000000E+03  -8.56409000000000E+01
 1.94204170000000E+03  -7.68830000000000E+01
 1.94212500000000E+03  -7.93561000000000E+01
 1.94220830000000E+03  -8.32908000000000E+01
 1.94229170000000E+03  -6.71488000000000E+01
 1.94237500000000E+03  -5.61607000000000E+01
 1.94245830000000E+03  -2.83266000000000E+01
 1.94254170000000E+03  -4.07235000000000E+01
 1.94262500000000E+03  -1.09667000000000E+01
 1.94270830000000E+03   1.55930000000000E+00
 1.94279170000000E+03   4.03927000000000E+01
 1.94287500000000E+03   5.66876000000000E+01
 1.94295830000000E+03   6.56747000000000E+01
 1.94304170000000E+03   7.29692000000000E+01
 1.94312500000000E+03   7.92637000000000E+01
 1.94320830000000E+03   8.57118000000000E+01
 1.94329170000000E+03   8.39290000000000E+01
 1.94337500000000E+03   6.92230000000000E+01
 1.94345830000000E+03   5.48246000000000E+01
 1.94354170000000E+03   6.31183000000000E+01
 1.94362500000000E+03   6.27965000000000E+01
 1.94370830000000E+03   5.11668000000000E+01
 1.94379170000000E+03   4.90755000000000E+01
 1.94387500000000E+03   3.46763000000000E+01
 1.94395830000000E+03   3.68154000000000E+01
 1.94404170000000E+03   3.61852000000000E+01
 1.94412500000000E+03   3.03240000000000E+01
 1.94420830000000E+03   2.23858000000000E+01
 1.94429170000000E+03   1.34474000000000E+01
 1.94437500000000E+03   1.01243000000000E+01
 1.94445830000000E+03   4.18570000000000E+00
 1.94454170000000E+03  -1.75310000000000E+00
 1.94462500000000E+03  -2.13844000000000E+01
 1.94470830000000E+03  -1.26312000000000E+01
 1.94479170000000E+03  -1.18012000000000E+01
 1.94487500000000E+03  -8.35590000000000E+00
 1.94495830000000E+03   1.62760000000000E+00
 1.94504170000000E+03   8.53410000000000E+00
 1.94512500000000E+03   1.22097000000000E+01
 1.94520830000000E+03   1.04236000000000E+01
 1.94529170000000E+03   1.44065000000000E+01
 1.94537500000000E+03   2.00817000000000E+01
 1.94545830000000E+03   2.37567000000000E+01
 1.94554170000000E+03   2.81238000000000E+01
 1.94562500000000E+03   4.67985000000000E+01
 1.94570830000000E+03   4.28577000000000E+01
 1.94579170000000E+03   4.43013000000000E+01
 1.94587500000000E+03   3.62833000000000E+01
 1.94595830000000E+03   4.53420000000000E+01
 1.94604170000000E+03   4.04006000000000E+01
 1.94612500000000E+03   4.06898000000000E+01
 1.94620830000000E+03   4.66712000000000E+01
 1.94629170000000E+03   4.27293000000000E+01
 1.94637500000000E+03   2.56335000000000E+01
 1.94645830000000E+03   8.46060000000000E+00
 1.94654170000000E+03  -1.56355000000000E+01
 1.94662500000000E+03  -4.06549000000000E+01
 1.94670830000000E+03  -6.40590000000000E+01
 1.94679170000000E+03  -5.78478000000000E+01
 1.94687500000000E+03  -7.92522000000000E+01
 1.94695830000000E+03  -7.57337000000000E+01
 1.94704170000000E+03  -7.97538000000000E+01
 1.94712500000000E+03  -8.75432000000000E+01
 1.94720830000000E+03  -9.11790000000000E+01
 1.94729170000000E+03  -1.02584100000000E+02
 1.94737500000000E+03  -9.15278000000000E+01
 1.94745830000000E+03  -7.68563000000000E+01
 1.94754170000000E+03  -6.26465000000000E+01
 1.94762500000000E+03  -5.00522000000000E+01
 1.94770830000000E+03  -2.31503000000000E+01
 1.94779170000000E+03  -1.52487000000000E+01
 1.94787500000000E+03  -1.80394000000000E+01
 1.94795830000000E+03   1.86200000000000E+00
 1.94804170000000E+03   9.53250000000000E+00
 1.94812500000000E+03   1.60490000000000E+01
 1.94820830000000E+03   3.43346000000000E+01
 1.94829170000000E+03   4.22354000000000E+01
 1.94837500000000E+03   5.13669000000000E+01
 1.94845830000000E+03   4.47290000000000E+01
 1.94854170000000E+03   5.07832000000000E+01
 1.94862500000000E+03   6.11450000000000E+01
 1.94870830000000E+03   5.86605000000000E+01
 1.94879170000000E+03   6.30989000000000E+01
 1.94887500000000E+03   6.57679000000000E+01
 1.94895830000000E+03   7.59753000000000E+01
 1.94904170000000E+03   7.96440000000000E+01
 1.94912500000000E+03   8.43127000000000E+01
 1.94920830000000E+03   7.22119000000000E+01
 1.94929170000000E+03   6.42648000000000E+01
 1.94937500000000E+03   4.93945000000000E+01
 1.94945830000000E+03   5.54472000000000E+01
 1.94954170000000E+03   4.62689000000000E+01
 1.94962500000000E+03   3.34751000000000E+01
 1.94970830000000E+03   1.99889000000000E+01
 1.94979170000000E+03   3.01179000000000E+01
 1.94987500000000E+03   2.00159000000000E+01
 1.94995830000000E+03   2.69908000000000E+01
 1.95004170000000E+03   2.84270000000000E+01
 1.95012500000000E+03   2.29401000000000E+01
 1.95020830000000E+03   2.77606000000000E+01
 1.95029170000000E+03   4.04272000000000E+01
 1.95037500000000E+03   3.50167000000000E+01
 1.95045830000000E+03   3.47599000000000E+01
 1.95054170000000E+03   1.21184000000000E+01
 1.95062500000000E+03   1.09210000000000E+00
 1.95070830000000E+03  -9.39590000000000E+00
 1.95079170000000E+03  -1.09610000000000E+01
 1.95087500000000E+03  -2.33723000000000E+01
 1.95095830000000E+03  -2.43992000000000E+01
 1.95104170000000E+03  -2.39647000000000E+01
 1.95112500000000E+03  -2.98381000000000E+01
 1.95120830000000E+03  -2.61731000000000E+01
 1.95129170000000E+03  -5.03544000000000E+01
 1.95137500000000E+03  -6.21512000000000E+01
 1.95145830000000E+03  -4.76405000000000E+01
 1.95154170000000E+03  -4.05146000000000E+01
 1.95162500000000E+03  -3.05426000000000E+01
 1.95170830000000E+03  -2.68785000000000E+01
 1.95179170000000E+03  -2.59838000000000E+01
 1.95187500000000E+03  -2.67046000000000E+01
 1.95195830000000E+03  -6.88700000000000E+00
 1.95204170000000E+03   3.93030000000000E+00
 1.95212500000000E+03   6.43990000000000E+00
 1.95220830000000E+03   1.48724000000000E+01
 1.95229170000000E+03   1.41508000000000E+01
 1.95237500000000E+03   2.33523000000000E+01
 1.95245830000000E+03   2.09382000000000E+01
 1.95254170000000E+03   5.37000000000000E+00
 1.95262500000000E+03  -3.27510000000000E+00
 1.95270830000000E+03  -1.08435000000000E+01
 1.95279170000000E+03  -1.10440000000000E+00
 1.95287500000000E+03   6.63460000000000E+00
 1.95295830000000E+03   1.06043000000000E+01
 1.95304170000000E+03   1.16507000000000E+01
 1.95312500000000E+03   2.03123000000000E+01
 1.95320830000000E+03   2.20508000000000E+01
 1.95329170000000E+03   1.61736000000000E+01
 1.95337500000000E+03   1.56041000000000E+01
 1.95345830000000E+03   1.59575000000000E+01
 1.95354170000000E+03   2.17722000000000E+01
 1.95362500000000E+03  -7.64390000000000E+00
 1.95370830000000E+03  -2.39063000000000E+01
 1.95379170000000E+03  -2.97074000000000E+01
 1.95387500000000E+03  -3.85855000000000E+01
 1.95395830000000E+03  -3.90022000000000E+01
 1.95404170000000E+03  -2.75730000000000E+01
 1.95412500000000E+03  -2.99130000000000E+01
 1.95420830000000E+03  -2.84071000000000E+01
 1.95429170000000E+03  -2.75168000000000E+01
 1.95437500000000E+03  -3.21650000000000E+01
 1.95445830000000E+03  -2.27364000000000E+01
 1.95454170000000E+03  -2.15388000000000E+01
 1.95462500000000E+03  -2.61874000000000E+01
 1.95470830000000E+03  -7.37470000000000E+00
 1.95479170000000E+03   6.66870000000000E+00
 1.95487500000000E+03   1.97888000000000E+01
 1.95495830000000E+03   3.34473000000000E+01
 1.95504170000000E+03   3.95671000000000E+01
 1.95512500000000E+03   3.01484000000000E+01
 1.95520830000000E+03   3.37295000000000E+01
 1.95529170000000E+03   3.07720000000000E+01
 1.95537500000000E+03   3.03528000000000E+01
 1.95545830000000E+03   4.75489000000000E+01
 1.95554170000000E+03   3.90524000000000E+01
 1.95562500000000E+03   2.53251000000000E+01
 1.95570830000000E+03   1.56746000000000E+01
 1.95579170000000E+03   1.84085000000000E+01
 1.95587500000000E+03   2.26039000000000E+01
 1.95595830000000E+03   2.32606000000000E+01
 1.95604170000000E+03   2.99171000000000E+01
 1.95612500000000E+03   3.81890000000000E+01
 1.95620830000000E+03   4.19991000000000E+01
 1.95629170000000E+03   4.31168000000000E+01
 1.95637500000000E+03   3.56189000000000E+01
 1.95645830000000E+03   2.69671000000000E+01
 1.95654170000000E+03   1.55458000000000E+01
 1.95662500000000E+03   1.30476000000000E+01
 1.95670830000000E+03   1.21645000000000E+01
 1.95679170000000E+03   1.42044000000000E+01
 1.95687500000000E+03   1.44749000000000E+01
 1.95695830000000E+03   1.58991000000000E+01
 1.95704170000000E+03   1.53232000000000E+01
 1.95712500000000E+03   7.82400000000000E+00
 1.95720830000000E+03   1.08632000000000E+01
 1.95729170000000E+03   2.33637000000000E+01
 1.95737500000000E+03   1.80949000000000E+01
 1.95745830000000E+03   2.34413000000000E+01
 1.95754170000000E+03   1.91722000000000E+01
 1.95762500000000E+03   1.81337000000000E+01
 1.95770830000000E+03   4.09510000000000E+00
 1.95779170000000E+03   6.44090000000000E+00
 1.95787500000000E+03   1.65559000000000E+01
 1.95795830000000E+03   2.15168000000000E+01
 1.95804170000000E+03   2.79391000000000E+01
 1.95812500000000E+03   2.32074000000000E+01
 1.95820830000000E+03   3.52449000000000E+01
 1.95829170000000E+03   1.84360000000000E+01
 1.95837500000000E+03   8.62700000000000E+00
 1.95845830000000E+03   1.25870000000000E+01
 1.95854170000000E+03   2.39200000000000E-01
 1.95870830000000E+03  -8.45670000000000E+00
 1.95879170000000E+03  -1.55742000000000E+01
 1.95887500000000E+03  -1.32302000000000E+01
 1.95895830000000E+03   3.44400000000000E-01
 1.95904170000000E+03   4.61110000000000E+00
 1.95912500000000E+03   9.57000000000000E+00
 1.95920830000000E+03   8.29800000000000E+00
 1.95929170000000E+03   1.18719000000000E+01
 1.95937500000000E+03  -1.06311000000000E+01
 1.95945830000000E+03  -2.00574000000000E+01
 1.95954170000000E+03  -3.20223000000000E+01
 1.95962500000000E+03  -6.05258000000000E+01
 1.95970830000000E+03  -8.17218000000000E+01
 1.95979170000000E+03  -8.43025000000000E+01
 1.95987500000000E+03  -8.91141000000000E+01
 1.95995830000000E+03  -7.90028000000000E+01
 1.96004170000000E+03  -7.91225000000000E+01
 1.96012500000000E+03  -7.68576000000000E+01
 1.96020830000000E+03  -7.83621000000000E+01
 1.96029170000000E+03  -9.37899000000000E+01
 1.96037500000000E+03  -1.01063900000000E+02
 1.96045830000000E+03  -8.81073000000000E+01
 1.96054170000000E+03  -8.46894000000000E+01
 1.96062500000000E+03  -8.15792000000000E+01
 1.96070830000000E+03  -4.83923000000000E+01
 1.96079170000000E+03  -2.83594000000000E+01
 1.96087500000000E+03  -1.09420000000000E+01
 1.96095830000000E+03   8.47530000000000E+00
 1.96104170000000E+03   2.02770000000000E+01
 1.96112500000000E+03   3.33862000000000E+01
 1.96120830000000E+03   3.51877000000000E+01
 1.96129170000000E+03   3.22197000000000E+01
 1.96137500000000E+03   5.00209000000000E+01
 1.96145830000000E+03   5.64373000000000E+01
 1.96154170000000E+03   6.50073000000000E+01
 1.96162500000000E+03   7.94234000000000E+01
 1.96170830000000E+03   7.12240000000000E+01
 1.96179170000000E+03   4.78705000000000E+01
 1.96187500000000E+03   4.72862000000000E+01
 1.96195830000000E+03   4.74710000000000E+01
 1.96204170000000E+03   4.11940000000000E+01
 1.96212500000000E+03   4.28400000000000E+01
 1.96220830000000E+03   3.61782000000000E+01
 1.96229170000000E+03   3.62084000000000E+01
 1.96237500000000E+03   3.04694000000000E+01
 1.96245830000000E+03   2.51917000000000E+01
 1.96254170000000E+03   1.59139000000000E+01
 1.96262500000000E+03  -4.82560000000000E+00
 1.96270830000000E+03  -3.06421000000000E+01
 1.96279170000000E+03  -3.76897000000000E+01
 1.96287500000000E+03  -4.11219000000000E+01
 1.96295830000000E+03  -3.87850000000000E+01
 1.96304170000000E+03  -4.19099000000000E+01
 1.96312500000000E+03  -4.66502000000000E+01
 1.96320830000000E+03  -5.58523000000000E+01
 1.96329170000000E+03  -5.32083000000000E+01
 1.96337500000000E+03  -5.17953000000000E+01
 1.96345830000000E+03  -4.05362000000000E+01
 1.96354170000000E+03  -4.23543000000000E+01
 1.96362500000000E+03  -3.39416000000000E+01
 1.96370830000000E+03  -4.19907000000000E+01
 1.96379170000000E+03  -3.41938000000000E+01
 1.96387500000000E+03  -1.80124000000000E+01
 1.96395830000000E+03  -4.29260000000000E+00
 1.96404170000000E+03   3.58070000000000E+00
 1.96412500000000E+03   7.99250000000000E+00
 1.96420830000000E+03   1.68657000000000E+01
 1.96429170000000E+03   1.01232000000000E+01
 1.96437500000000E+03   1.18422000000000E+01
 1.96445830000000E+03   4.86880000000000E+00
 1.96454170000000E+03  -1.18180000000000E+00
 1.96462500000000E+03  -1.92470000000000E+00
 1.96470830000000E+03  -1.02063000000000E+01
 1.96479170000000E+03  -8.72700000000000E-01
 1.96487500000000E+03  -1.30840000000000E+00
 1.96495830000000E+03   2.10190000000000E+00
 1.96504170000000E+03   9.66590000000000E+00
 1.96512500000000E+03   7.76820000000000E+00
 1.96520830000000E+03   7.02420000000000E+00
 1.96529170000000E+03   2.51080000000000E+00
 1.96537500000000E+03   6.38200000000000E+00
 1.96545830000000E+03  -6.05480000000000E+00
 1.96554170000000E+03  -2.33378000000000E+01
 1.96562500000000E+03  -2.64671000000000E+01
 1.96570830000000E+03  -2.55966000000000E+01
 1.96579170000000E+03  -2.91878000000000E+01
 1.96587500000000E+03  -2.57791000000000E+01
 1.96595830000000E+03  -1.29859000000000E+01
 1.96604170000000E+03  -6.42370000000000E+00
 1.96612500000000E+03  -9.70770000000000E+00
 1.96620830000000E+03   3.62350000000000E+00
 1.96629170000000E+03   8.00600000000000E-01
 1.96637500000000E+03  -1.04069000000000E+01
 1.96645830000000E+03  -8.99920000000000E+00
 1.96654170000000E+03  -1.73609000000000E+01
 1.96662500000000E+03  -1.64580000000000E+00
 1.96670830000000E+03   1.98383000000000E+01
 1.96679170000000E+03   2.02454000000000E+01
 1.96687500000000E+03   2.91139000000000E+01
 1.96695830000000E+03   4.08284000000000E+01
 1.96704170000000E+03   4.46197000000000E+01
 1.96712500000000E+03   4.51031000000000E+01
 1.96720830000000E+03   4.72018000000000E+01
 1.96729170000000E+03   4.99157000000000E+01
 1.96737500000000E+03   5.50911000000000E+01
 1.96745830000000E+03   7.69586000000000E+01
 1.96754170000000E+03   8.09797000000000E+01
 1.96762500000000E+03   8.38469000000000E+01
 1.96770830000000E+03   8.78678000000000E+01
 1.96779170000000E+03   6.82731000000000E+01
 1.96787500000000E+03   6.16784000000000E+01
 1.96795830000000E+03   6.26219000000000E+01
 1.96804170000000E+03   5.60268000000000E+01
 1.96812500000000E+03   5.14316000000000E+01
 1.96820830000000E+03   3.59901000000000E+01
 1.96829170000000E+03   3.50868000000000E+01
 1.96837500000000E+03   1.12604000000000E+01
 1.96845830000000E+03  -2.18150000000000E+00
 1.96854170000000E+03  -3.33160000000000E+01
 1.96862500000000E+03  -5.18351000000000E+01
 1.96870830000000E+03  -6.75852000000000E+01
 1.96879170000000E+03  -8.22585000000000E+01
 1.96887500000000E+03  -8.85473000000000E+01
 1.96895830000000E+03  -8.50670000000000E+01
 1.96904170000000E+03  -7.91255000000000E+01
 1.96912500000000E+03  -7.95685000000000E+01
 1.96920830000000E+03  -6.88579000000000E+01
 1.96929170000000E+03  -4.84552000000000E+01
 1.96937500000000E+03  -3.64372000000000E+01
 1.96945830000000E+03  -4.64963000000000E+01
 1.96954170000000E+03  -5.67863000000000E+01
 1.96962500000000E+03  -4.56149000000000E+01
 1.96970830000000E+03  -4.55975000000000E+01
 1.96979170000000E+03  -2.80418000000000E+01
 1.96987500000000E+03  -2.47939000000000E+01
 1.96995830000000E+03  -1.73923000000000E+01
 1.97004170000000E+03  -6.06780000000000E+00
 1.97012500000000E+03  -7.82030000000000E+00
 1.97020830000000E+03   1.27320000000000E+00
 1.97029170000000E+03   3.52030000000000E+00
 1.97037500000000E+03  -6.54040000000000E+00
 1.97045830000000E+03  -1.99858000000000E+01
 1.97054170000000E+03  -1.05083000000000E+01
 1.97062500000000E+03   6.27670000000000E+00
 1.97070830000000E+03   5.23200000000000E-01
 1.97079170000000E+03   1.30790000000000E+00
 1.97087500000000E+03  -7.29210000000000E+00
 1.97095830000000E+03  -2.35380000000000E+00
 1.97104170000000E+03   2.12280000000000E+00
 1.97112500000000E+03  -5.09300000000000E+00
 1.97120830000000E+03  -5.61660000000000E+00
 1.97129170000000E+03  -2.52510000000000E+00
 1.97137500000000E+03  -5.12590000000000E+00
 1.97145830000000E+03   3.65770000000000E+00
 1.97154170000000E+03  -2.55589000000000E+01
 1.97162500000000E+03  -4.09294000000000E+01
 1.97170830000000E+03  -5.91463000000000E+01
 1.97179170000000E+03  -5.30556000000000E+01
 1.97187500000000E+03  -5.30419000000000E+01
 1.97195830000000E+03  -4.25669000000000E+01
 1.97204170000000E+03  -4.27074000000000E+01
 1.97212500000000E+03  -4.56942000000000E+01
 1.97220830000000E+03  -4.67581000000000E+01
 1.97229170000000E+03  -4.47452000000000E+01
 1.97237500000000E+03  -4.12709000000000E+01
 1.97245830000000E+03  -5.24121000000000E+01
 1.97254170000000E+03  -7.17073000000000E+01
 1.97262500000000E+03  -4.06180000000000E+01
 1.97270830000000E+03  -2.17597000000000E+01
 1.97279170000000E+03  -4.36310000000000E+00
 1.97287500000000E+03  -6.12040000000000E+00
 1.97295830000000E+03   5.58370000000000E+00
 1.97304170000000E+03   1.07491000000000E+01
 1.97312500000000E+03   1.66068000000000E+01
 1.97320830000000E+03   1.80027000000000E+01
 1.97329170000000E+03   1.90138000000000E+01
 1.97337500000000E+03   3.52557000000000E+01
 1.97345830000000E+03   1.64973000000000E+01
 1.97354170000000E+03   1.40465000000000E+01
 1.97362500000000E+03  -3.25060000000000E+00
 1.97370830000000E+03  -2.87017000000000E+01
 1.97379170000000E+03  -3.83837000000000E+01
 1.97387500000000E+03  -3.55274000000000E+01
 1.97404170000000E+03  -1.56614000000000E+01
 1.97412500000000E+03  -1.18824000000000E+01
 1.97420830000000E+03  -1.04882000000000E+01
 1.97429170000000E+03  -9.86340000000000E+00
 1.97437500000000E+03  -9.93100000000000E+00
 1.97445830000000E+03   8.07810000000000E+00
 1.97454170000000E+03   5.54860000000000E+00
 1.97462500000000E+03   7.86520000000000E+00
 1.97470830000000E+03   5.79700000000000E+00
 1.97479170000000E+03   1.98055000000000E+01
 1.97487500000000E+03   3.03524000000000E+01
 1.97495830000000E+03   3.98223000000000E+01
 1.97504170000000E+03   4.00611000000000E+01
 1.97512500000000E+03   2.71460000000000E+01
 1.97520830000000E+03   2.89231000000000E+01
 1.97529170000000E+03   2.77769000000000E+01
 1.97537500000000E+03   1.83999000000000E+01
 1.97545830000000E+03   3.16381000000000E+01
 1.97554170000000E+03   2.29530000000000E+01
 1.97562500000000E+03  -8.57830000000000E+00
 1.97570830000000E+03  -1.51098000000000E+01
 1.97579170000000E+03  -1.66415000000000E+01
 1.97587500000000E+03  -1.82502000000000E+01
 1.97595830000000E+03  -9.78210000000000E+00
 1.97604170000000E+03  -7.77580000000000E+00
 1.97612500000000E+03  -1.28464000000000E+01
 1.97620830000000E+03  -1.83018000000000E+01
 1.97629170000000E+03  -4.18344000000000E+01
 1.97637500000000E+03  -4.95209000000000E+01
 1.97645830000000E+03  -4.52075000000000E+01
 1.97654170000000E+03  -6.89713000000000E+01
 1.97662500000000E+03  -9.36582000000000E+01
 1.97670830000000E+03  -8.63452000000000E+01
 1.97679170000000E+03  -8.00325000000000E+01
 1.97687500000000E+03  -8.24121000000000E+01
 1.97695830000000E+03  -7.10996000000000E+01
 1.97704170000000E+03  -6.54027000000000E+01
 1.97712500000000E+03  -7.09367000000000E+01
 1.97720830000000E+03  -6.07015000000000E+01
 1.97729170000000E+03  -5.29281000000000E+01
 1.97737500000000E+03  -2.01548000000000E+01
 1.97745830000000E+03  -2.30739000000000E+01
 1.97754170000000E+03  -2.59933000000000E+01
 1.97762500000000E+03  -3.50666000000000E+01
 1.97770830000000E+03  -2.93707000000000E+01
 1.97779170000000E+03  -3.85213000000000E+01
 1.97787500000000E+03  -5.30565000000000E+01
 1.97795830000000E+03  -4.46688000000000E+01
 1.97804170000000E+03  -4.35121000000000E+01
 1.97812500000000E+03  -4.46632000000000E+01
 1.97820830000000E+03  -2.30452000000000E+01
 1.97829170000000E+03  -1.99658000000000E+01
 1.97837500000000E+03  -8.42500000000000E+00
 1.97845830000000E+03  -3.71151000000000E+01
 1.97854170000000E+03  -3.94208000000000E+01
 1.97862500000000E+03  -4.63420000000000E+01
 1.97870830000000E+03  -3.88787000000000E+01
 1.97879170000000E+03  -4.71848000000000E+01
 1.97887500000000E+03  -4.03372000000000E+01
 1.97895830000000E+03  -2.72589000000000E+01
 1.97904170000000E+03  -1.49501000000000E+01
 1.97912500000000E+03  -8.94910000000000E+00
 1.97920830000000E+03  -4.09700000000000E-01
 1.97929170000000E+03  -2.76398000000000E+01
 1.97937500000000E+03  -3.07930000000000E+01
 1.97945830000000E+03  -4.58695000000000E+01
 1.97954170000000E+03  -4.62538000000000E+01
 1.97962500000000E+03  -5.84075000000000E+01
 1.97970830000000E+03  -7.07152000000000E+01
 1.97979170000000E+03  -6.70231000000000E+01
 1.97987500000000E+03  -4.46387000000000E+01
 1.97995830000000E+03  -3.27929000000000E+01
 1.98004170000000E+03  -1.52551000000000E+01
 1.98012500000000E+03  -2.04096000000000E+01
 1.98020830000000E+03  -2.65643000000000E+01
 1.98029170000000E+03  -4.76423000000000E+01
 1.98079170000000E+03  -4.94206000000000E+01
 1.98087500000000E+03  -6.32688000000000E+01
 1.98095830000000E+03  -6.02709000000000E+01
 1.98104170000000E+03  -4.13502000000000E+01
 1.98112500000000E+03  -1.23527000000000E+01
 1.98120830000000E+03   1.15678000000000E+01
 1.98129170000000E+03   3.06420000000000E+01
 1.98137500000000E+03   4.78699000000000E+01
 1.98145830000000E+03   5.41746000000000E+01
 1.98154170000000E+03   4.00175000000000E+01
 1.98162500000000E+03   2.50142000000000E+01
 1.98170830000000E+03   1.91646000000000E+01
 1.98179170000000E+03   2.90070000000000E+01
 1.98187500000000E+03   3.77725000000000E+01
 1.98195830000000E+03   3.90764000000000E+01
 1.98204170000000E+03   3.45338000000000E+01
 1.98212500000000E+03   3.49142000000000E+01
 1.98220830000000E+03   3.56022000000000E+01
 1.98229170000000E+03   2.69823000000000E+01
 1.98237500000000E+03   2.36700000000000E+01
 1.98245830000000E+03   1.08191000000000E+01
 1.98254170000000E+03   2.78910000000000E+01
 1.98262500000000E+03   1.91937000000000E+01
 1.98270830000000E+03   3.01885000000000E+01
 1.98279170000000E+03   2.97985000000000E+01
 1.98287500000000E+03   2.17930000000000E+01
 1.98295830000000E+03   2.20951000000000E+01
 1.98304170000000E+03   3.07815000000000E+01
 1.98312500000000E+03   3.26987000000000E+01
 1.98320830000000E+03   3.67695000000000E+01
 1.98329170000000E+03   4.95325000000000E+01
 1.98337500000000E+03   7.09108000000000E+01
 1.98345830000000E+03   6.92889000000000E+01
 1.98354170000000E+03   6.37437000000000E+01
 1.98362500000000E+03   2.18908000000000E+01
 1.98370830000000E+03   1.04223000000000E+01
 1.98379170000000E+03  -4.89260000000000E+00
 1.98387500000000E+03  -9.36130000000000E+00
 1.98395830000000E+03  -4.44560000000000E+00
 1.98404170000000E+03   1.62200000000000E-01
 1.98412500000000E+03  -4.38390000000000E+00
 1.98420830000000E+03  -3.14800000000000E-01
 1.98429170000000E+03   3.67720000000000E+00
 1.98437500000000E+03  -2.47155000000000E+01
 1.98445830000000E+03  -2.60314000000000E+01
 1.98454170000000E+03  -2.57322000000000E+01
 1.98462500000000E+03  -2.91253000000000E+01
 1.98470830000000E+03  -7.90320000000000E+00
 1.98479170000000E+03   1.40879000000000E+01
 1.98512500000000E+03   3.12800000000000E+00
 1.98570830000000E+03  -2.24960000000000E+00
 1.98579170000000E+03  -1.86449000000000E+01
 1.98587500000000E+03  -3.00402000000000E+01
 1.98595830000000E+03  -3.60510000000000E+01
 1.98604170000000E+03  -3.49083000000000E+01
 1.98612500000000E+03  -4.86117000000000E+01
 1.98620830000000E+03  -3.11614000000000E+01
 1.98629170000000E+03  -3.43268000000000E+01
 1.98637500000000E+03  -3.11076000000000E+01
 1.98645830000000E+03  -2.18885000000000E+01
 1.98654170000000E+03  -3.60543000000000E+01
 1.98662500000000E+03  -4.19125000000000E+01
 1.98670830000000E+03  -3.65400000000000E+01
 1.98679170000000E+03  -3.67832000000000E+01
 1.98687500000000E+03  -2.56417000000000E+01
 1.98695830000000E+03  -1.67312000000000E+01
 1.98704170000000E+03  -8.05180000000000E+00
 1.98712500000000E+03  -5.29540000000000E+00
 1.98720830000000E+03   7.38390000000000E+00
 1.98729170000000E+03  -1.13217000000000E+01
 1.98737500000000E+03  -1.91042000000000E+01
 1.98745830000000E+03  -2.03484000000000E+01
 1.98754170000000E+03  -3.07467000000000E+01
 1.98762500000000E+03  -2.14528000000000E+01
 1.98770830000000E+03  -2.28512000000000E+01
 1.98779170000000E+03  -1.06346000000000E+01
 1.98787500000000E+03  -7.41800000000000E+00
 1.98795830000000E+03  -2.74000000000000E+00
 1.98804170000000E+03  -1.67770000000000E+00
 1.98812500000000E+03   6.53850000000000E+00
 1.98820830000000E+03   1.13699000000000E+01
 1.98829170000000E+03  -1.79890000000000E+00
 1.98837500000000E+03   1.61860000000000E+01
 1.98845830000000E+03   2.90170000000000E+01
 1.98854170000000E+03   3.35400000000000E+01
 1.98862500000000E+03   4.67553000000000E+01
 1.98870830000000E+03   5.25089000000000E+01
 1.98879170000000E+03   4.75700000000000E+01
 1.98887500000000E+03   5.32464000000000E+01
 1.98895830000000E+03   6.99996000000000E+01
 1.98904170000000E+03   7.35217000000000E+01
 1.98912500000000E+03   8.51208000000000E+01
 1.98920830000000E+03   7.91043000000000E+01
 1.98929170000000E+03   7.65491000000000E+01
 1.98937500000000E+03   8.34554000000000E+01
 1.98945830000000E+03   8.28231000000000E+01
 1.98954170000000E+03   8.08828000000000E+01
 1.98962500000000E+03   8.56348000000000E+01
 1.98970830000000E+03   8.63098000000000E+01
 1.98979170000000E+03   7.80614000000000E+01
 1.98987500000000E+03   8.27360000000000E+01
 1.98995830000000E+03   8.27952000000000E+01
 1.99004170000000E+03   8.38540000000000E+01
 1.99012500000000E+03   8.70667000000000E+01
 1.99020830000000E+03   8.28947000000000E+01
 1.99029170000000E+03   8.07993000000000E+01
 1.99037500000000E+03   7.43961000000000E+01
 1.99045830000000E+03   6.59928000000000E+01
 1.99054170000000E+03   5.60508000000000E+01
 1.99062500000000E+03   2.51857000000000E+01
 1.99070830000000E+03  -1.39103000000000E+01
 1.99079170000000E+03  -3.99296000000000E+01
 1.99087500000000E+03  -4.44875000000000E+01
 1.99095830000000E+03  -3.21224000000000E+01
 1.99104170000000E+03  -2.35268000000000E+01
 1.99112500000000E+03  -2.79312000000000E+01
 1.99120830000000E+03  -2.39512000000000E+01
 1.99129170000000E+03  -2.78176000000000E+01
 1.99137500000000E+03  -2.49148000000000E+01
 1.99162500000000E+03  -3.15150000000000E+01
 1.99170830000000E+03  -3.53051000000000E+01
 1.99187500000000E+03  -4.29627000000000E+01
 1.99195830000000E+03  -3.26762000000000E+01
 1.99204170000000E+03  -1.06978000000000E+01
 1.99212500000000E+03   6.89600000000000E+00
 1.99220830000000E+03   1.29513000000000E+01
 1.99229170000000E+03   1.46780000000000E+00
 1.99237500000000E+03   1.06110000000000E+00
 1.99245830000000E+03  -1.34560000000000E+00
 1.99254170000000E+03   6.09350000000000E+00
 1.99262500000000E+03  -1.59700000000000E-01
 1.99270830000000E+03  -9.95150000000000E+00
 1.99279170000000E+03  -2.12820000000000E+01
 1.99287500000000E+03  -2.79972000000000E+01
 1.99295830000000E+03  -1.87125000000000E+01
 1.99304170000000E+03  -2.81270000000000E+00
 1.99312500000000E+03  -1.23745000000000E+01
 1.99320830000000E+03  -3.04748000000000E+01
 1.99329170000000E+03  -4.92678000000000E+01
 1.99337500000000E+03  -4.19069000000000E+01
 1.99345830000000E+03  -4.43154000000000E+01
 1.99362500000000E+03  -6.59022000000000E+01
 1.99370830000000E+03  -8.14649000000000E+01
 1.99379170000000E+03  -8.88741000000000E+01
 1.99387500000000E+03  -9.25911000000000E+01
 1.99395830000000E+03  -6.99235000000000E+01
 1.99404170000000E+03  -6.13331000000000E+01
 1.99412500000000E+03  -6.24351000000000E+01
 1.99420830000000E+03  -6.87680000000000E+01
 1.99429170000000E+03  -6.14088000000000E+01
 1.99437500000000E+03  -4.61266000000000E+01
 1.99445830000000E+03  -1.69984000000000E+01
 1.99454170000000E+03  -1.79473000000000E+01
 1.99462500000000E+03  -8.89630000000000E+00
 1.99470830000000E+03   1.86930000000000E+01
 1.99479170000000E+03   1.82052000000000E+01
 1.99487500000000E+03   2.38711000000000E+01
 1.99495830000000E+03   3.17677000000000E+01
 1.99504170000000E+03   2.55871000000000E+01
 1.99512500000000E+03   2.90988000000000E+01
 1.99520830000000E+03   2.67642000000000E+01
 1.99529170000000E+03   3.36601000000000E+01
 1.99537500000000E+03   3.80944000000000E+01
 1.99545830000000E+03   2.27593000000000E+01
 1.99554170000000E+03  -1.18837000000000E+01
 1.99562500000000E+03  -3.58344000000000E+01
 1.99570830000000E+03  -7.61699000000000E+01
 1.99579170000000E+03  -9.81980000000000E+01
 1.99587500000000E+03  -1.10072200000000E+02
 1.99595830000000E+03  -1.07638900000000E+02
 1.99604170000000E+03  -1.01359700000000E+02
 1.99612500000000E+03  -1.11157400000000E+02
 1.99620830000000E+03  -1.19416900000000E+02
 1.99629170000000E+03  -1.17522700000000E+02
 1.99637500000000E+03  -1.19013200000000E+02
 1.99645830000000E+03  -1.26580800000000E+02
 1.99654170000000E+03  -1.22071700000000E+02
 1.99662500000000E+03  -9.12549000000000E+01
 1.99670830000000E+03  -7.02075000000000E+01
 1.99679170000000E+03  -4.15450000000000E+01
 1.99687500000000E+03  -3.11133000000000E+01
 1.99695830000000E+03  -2.49125000000000E+01
 1.99704170000000E+03  -2.86351000000000E+01
 1.99712500000000E+03  -3.85115000000000E+01
 1.99720830000000E+03  -1.88496000000000E+01
 1.99729170000000E+03   1.65820000000000E+00
 1.99737500000000E+03  -7.37250000000000E+00
 1.99745830000000E+03  -2.17879000000000E+01
 1.99754170000000E+03  -1.58960000000000E+01
 1.99762500000000E+03   9.96000000000000E-01
 1.99770830000000E+03  -1.03430000000000E+01
 1.99779170000000E+03  -2.26053000000000E+01
 1.99787500000000E+03  -3.21753000000000E+01
 1.99795830000000E+03  -2.40532000000000E+01
 1.99804170000000E+03  -7.77750000000000E+00
 1.99812500000000E+03   8.57510000000000E+00
 1.99820830000000E+03   1.14661000000000E+01
 1.99829170000000E+03   6.81830000000000E+00
 1.99837500000000E+03  -8.06030000000000E+00
 1.99845830000000E+03   4.44560000000000E+00
 1.99854170000000E+03   1.47204000000000E+01
 1.99862500000000E+03   2.25337000000000E+01
 1.99870830000000E+03   3.73150000000000E+00
 1.99879170000000E+03   5.54430000000000E+00
 1.99887500000000E+03   9.89560000000000E+00
 1.99895830000000E+03   1.34006000000000E+01
 1.99904170000000E+03   1.29823000000000E+01
 1.99912500000000E+03   3.33200000000000E-01
 1.99920830000000E+03  -1.34699000000000E+01
 1.99929170000000E+03  -7.65790000000000E+00
 1.99937500000000E+03  -1.30767000000000E+01
 1.99945830000000E+03   8.12000000000000E-01
 1.99954170000000E+03   4.00820000000000E+00
 1.99962500000000E+03   8.43510000000000E+00
 1.99970830000000E+03  -5.99600000000000E-01
 1.99979170000000E+03   3.65400000000000E-01
 1.99987500000000E+03  -3.36200000000000E+00
 1.99995830000000E+03   8.67980000000000E+00
 2.00004170000000E+03   1.97981000000000E+01
 2.00012500000000E+03   2.48396000000000E+01
 2.00020830000000E+03   1.94193000000000E+01
 2.00029170000000E+03   1.93065000000000E+01
 2.00037500000000E+03   1.11937000000000E+01
 2.00045830000000E+03   1.40038000000000E+01
 2.00054170000000E+03  -3.41720000000000E+00
 2.00062500000000E+03  -1.61458000000000E+01
 2.00070830000000E+03  -3.24131000000000E+01
 2.00079170000000E+03  -4.06806000000000E+01
 2.00087500000000E+03  -3.71789000000000E+01
 2.00095830000000E+03  -2.73697000000000E+01
 2.00104170000000E+03  -2.62531000000000E+01
 2.00112500000000E+03  -2.70595000000000E+01
 2.00120830000000E+03  -2.77892000000000E+01
 2.00129170000000E+03  -1.02884000000000E+01
 2.00137500000000E+03   1.12124000000000E+01
 2.00145830000000E+03   1.93285000000000E+01
 2.00154170000000E+03   2.93673000000000E+01
 2.00162500000000E+03   5.69446000000000E+01
 2.00170830000000E+03   7.16756000000000E+01
 2.00179170000000E+03   7.83294000000000E+01
 2.00187500000000E+03   8.29063000000000E+01
 2.00195830000000E+03   9.15599000000000E+01
 2.00204170000000E+03   9.45210000000000E+01
 2.00212500000000E+03   9.11743000000000E+01
 2.00220830000000E+03   8.76737000000000E+01
 2.00229170000000E+03   8.13266000000000E+01
 2.00237500000000E+03   6.53642000000000E+01
 2.00245830000000E+03   2.77862000000000E+01
 2.00254170000000E+03   3.02848000000000E+01
 2.00262500000000E+03   4.01420000000000E+00
 2.00270830000000E+03  -2.87181000000000E+01
 2.00279170000000E+03  -4.33737000000000E+01
 2.00287500000000E+03  -4.24140000000000E+01
 2.00295830000000E+03  -3.31467000000000E+01
 2.00304170000000E+03  -3.19566000000000E+01
 2.00312500000000E+03  -2.64588000000000E+01
 2.00320830000000E+03  -2.02689000000000E+01
 2.00329170000000E+03  -1.38485000000000E+01
 2.00337500000000E+03  -1.38127000000000E+01
 2.00345830000000E+03   3.83830000000000E+00
 2.00354170000000E+03   1.98737000000000E+01
 2.00362500000000E+03   1.83706000000000E+01
 2.00370830000000E+03   2.38674000000000E+01
 2.00379170000000E+03   2.48254000000000E+01
 2.00387500000000E+03   3.23218000000000E+01
 2.00395830000000E+03   4.18951000000000E+01
 2.00404170000000E+03   4.51603000000000E+01
 2.00412500000000E+03   4.68102000000000E+01
 2.00420830000000E+03   5.23830000000000E+01
 2.00429170000000E+03   4.98017000000000E+01
 2.00437500000000E+03   5.32973000000000E+01
 2.00445830000000E+03   6.87158000000000E+01
 2.00454170000000E+03   7.58263000000000E+01
 2.00462500000000E+03   7.27830000000000E+01
 2.00470830000000E+03   5.85088000000000E+01
 2.00479170000000E+03   5.51574000000000E+01
 2.00487500000000E+03   6.31906000000000E+01
 2.00495830000000E+03   6.63005000000000E+01
 2.00504170000000E+03   6.65641000000000E+01
 2.00512500000000E+03   6.96737000000000E+01
 2.00520830000000E+03   7.17063000000000E+01
 2.00529170000000E+03   5.50463000000000E+01
 2.00537500000000E+03   5.97710000000000E+01
 2.00545830000000E+03   5.00339000000000E+01
 2.00554170000000E+03   2.02196000000000E+01
 2.00562500000000E+03  -8.13310000000000E+00
 2.00570830000000E+03  -1.71783000000000E+01
 2.00579170000000E+03  -1.25315000000000E+01
 2.00587500000000E+03  -9.26930000000000E+00
 2.00595830000000E+03  -9.08410000000000E+00
 2.00604170000000E+03  -1.57454000000000E+01
 2.00612500000000E+03  -2.17144000000000E+01
 2.00620830000000E+03  -2.85297000000000E+01
 2.00629170000000E+03  -2.81914000000000E+01
 2.00637500000000E+03  -7.62240000000000E+00
 2.00645830000000E+03  -2.66890000000000E+00
 2.00654170000000E+03   1.72843000000000E+01
 2.00662500000000E+03   2.06991000000000E+01
 2.00670830000000E+03   2.69599000000000E+01
 2.00679170000000E+03   3.82973000000000E+01
 2.00687500000000E+03   4.63270000000000E+01
 2.00695830000000E+03   5.35873000000000E+01
 2.00704170000000E+03   6.86166000000000E+01
 2.00712500000000E+03   7.75689000000000E+01
 2.00720830000000E+03   9.02903000000000E+01
 2.00729170000000E+03   8.95499000000000E+01
 2.00737500000000E+03   9.29634000000000E+01
 2.00745830000000E+03   7.73767000000000E+01
 2.00754170000000E+03   6.67128000000000E+01
 2.00762500000000E+03   5.37412000000000E+01
 2.00770830000000E+03   7.42310000000000E+01
 2.00779170000000E+03   7.14128000000000E+01
 2.00787500000000E+03   6.55177000000000E+01
 2.00795830000000E+03   6.50840000000000E+01
 2.00804170000000E+03   7.21115000000000E+01
 2.00812500000000E+03   5.45236000000000E+01
 2.00820830000000E+03   6.09356000000000E+01
 2.00829170000000E+03   5.48858000000000E+01
 2.00837500000000E+03   4.83744000000000E+01
 2.00845830000000E+03   3.18629000000000E+01
 2.00862500000000E+03   1.71470000000000E+01
 2.00870830000000E+03   6.25050000000000E+00
 2.00879170000000E+03  -1.76464000000000E+01
 2.00887500000000E+03  -3.14663000000000E+01
 2.00895830000000E+03  -2.64403000000000E+01
 2.00904170000000E+03  -1.10299000000000E+01
 2.00912500000000E+03  -1.01579000000000E+01
 2.00920830000000E+03  -1.26707000000000E+01
 2.00929170000000E+03  -1.01069000000000E+01
 2.00937500000000E+03  -2.63123000000000E+01
 2.00945830000000E+03  -4.15948000000000E+01
 2.00954170000000E+03  -5.38007000000000E+01
 2.00962500000000E+03  -5.33911000000000E+01
 2.00970830000000E+03  -5.09817000000000E+01
 2.00979170000000E+03  -4.37265000000000E+01
 2.00987500000000E+03  -2.60866000000000E+01
 2.00995830000000E+03  -1.55238000000000E+01
 2.01012500000000E+03  -4.62960000000000E+00
 2.01020830000000E+03  -5.83640000000000E+00
 2.01029170000000E+03  -1.37359000000000E+01
 2.01037500000000E+03  -1.53277000000000E+01
 2.01045830000000E+03  -1.33811000000000E+01
 2.01054170000000E+03  -1.07425000000000E+01
 2.01062500000000E+03  -1.59501000000000E+01
 2.01070830000000E+03  -9.92710000000000E+00
 2.01079170000000E+03  -6.36590000000000E+00
 2.01087500000000E+03  -3.55000000000000E-02
 2.01095830000000E+03   8.21790000000000E+00
 2.01104170000000E+03   7.93250000000000E+00
 2.01112500000000E+03   9.18560000000000E+00
 2.01120830000000E+03   1.16693000000000E+01
 2.01129170000000E+03   1.69989000000000E+01
 2.01137500000000E+03   2.62515000000000E+01
 2.01145830000000E+03   4.35040000000000E+01
 2.01154170000000E+03   4.91408000000000E+01
 2.01162500000000E+03   4.59315000000000E+01
 2.01170830000000E+03   5.45682000000000E+01
 2.01179170000000E+03   6.06661000000000E+01
 2.01187500000000E+03   5.86871000000000E+01
 2.01195830000000E+03   6.31695000000000E+01
 2.01204170000000E+03   6.20362000000000E+01
 2.01212500000000E+03   6.50568000000000E+01
 2.01220830000000E+03   7.50003000000000E+01
 2.01229170000000E+03   7.28666000000000E+01
 2.01237500000000E+03   7.10406000000000E+01
 2.01245830000000E+03   5.92144000000000E+01
 2.01254170000000E+03   3.61572000000000E+01
 2.01262500000000E+03   2.24077000000000E+01
 2.01270830000000E+03   4.65800000000000E+00
 2.01279170000000E+03  -2.78430000000000E+00
 2.01287500000000E+03  -7.84200000000000E+00
 2.01295830000000E+03  -7.82280000000000E+00
 2.01304170000000E+03  -9.11170000000000E+00
 2.01312500000000E+03  -1.03236000000000E+01
 2.01320830000000E+03  -1.26896000000000E+01
 2.01329170000000E+03  -3.10558000000000E+01
 2.01337500000000E+03  -3.11143000000000E+01
 2.01345830000000E+03  -2.38653000000000E+01
 2.01354170000000E+03  -3.44627000000000E+01
 2.01362500000000E+03  -4.20602000000000E+01
 2.01370830000000E+03  -3.77346000000000E+01
 2.01379170000000E+03  -2.24864000000000E+01
 2.01387500000000E+03  -1.96227000000000E+01
 2.01395830000000E+03  -1.62976000000000E+01
 2.01404170000000E+03  -1.58190000000000E+01
 2.01412500000000E+03  -1.45711000000000E+01
 2.01420830000000E+03  -2.03234000000000E+01
 2.01429170000000E+03  -2.70760000000000E+01
 2.01437500000000E+03  -3.71363000000000E+01
 2.01445830000000E+03  -4.30428000000000E+01
 2.01454170000000E+03  -5.01035000000000E+01
 2.01462500000000E+03  -4.13181000000000E+01
 2.01470830000000E+03  -4.32251000000000E+01
 2.01479170000000E+03  -4.17478000000000E+01
 2.01487500000000E+03  -3.58089000000000E+01
 2.01495830000000E+03  -2.73317000000000E+01
 2.01504170000000E+03  -1.84702000000000E+01
 2.01512500000000E+03  -2.19164000000000E+01
 2.01520830000000E+03  -2.93627000000000E+01
 2.01529170000000E+03  -4.27325000000000E+01
 2.01537500000000E+03  -2.84868000000000E+01
 2.01545830000000E+03  -9.39510000000000E+00
 2.01554170000000E+03  -2.16883000000000E+01
 2.01562500000000E+03  -2.49815000000000E+01
 2.01570830000000E+03  -3.05056000000000E+01
 2.01579170000000E+03  -2.64147000000000E+01
 2.01587500000000E+03  -3.07083000000000E+01
 2.01595830000000E+03  -3.84636000000000E+01
 2.01604170000000E+03  -3.51423000000000E+01
 2.01612500000000E+03  -3.42826000000000E+01
 2.01620830000000E+03  -2.38845000000000E+01
 2.01629170000000E+03  -3.36406000000000E+01
 2.01637500000000E+03  -2.16274000000000E+01
 2.01645830000000E+03  -2.30759000000000E+01
 2.01654170000000E+03  -3.11401000000000E+01
 2.01662500000000E+03  -3.50504000000000E+01
 2.01670830000000E+03  -4.66532000000000E+01
 2.01679170000000E+03  -3.21794000000000E+01
 2.01687500000000E+03  -3.32440000000000E+01
 2.01695830000000E+03  -2.00011000000000E+01
 2.01704170000000E+03  -7.45070000000000E+00
 2.01712500000000E+03  -5.97730000000000E+00
 2.01720830000000E+03  -1.24271000000000E+01
 2.01729170000000E+03  -3.56960000000000E+00
 2.01737500000000E+03   2.24419000000000E+01
 2.01745830000000E+03   3.59147000000000E+01
 2.01754170000000E+03   2.82526000000000E+01
 2.01762500000000E+03   3.21325000000000E+01
 2.01770830000000E+03   5.04168000000000E+01
 2.01779170000000E+03   6.55735000000000E+01
 2.01787500000000E+03   7.35552000000000E+01
 2.01795830000000E+03   9.85725000000000E+01
