 1.92179170000000E+03   2.48140000000000E+00
 1.92187500000000E+03   6.59450000000000E+00
 1.92195830000000E+03   7.41370000000000E+00
 1.92204170000000E+03   2.52710000000000E+00
 1.92212500000000E+03   2.12740000000000E+00
 1.92220830000000E+03   1.72594000000000E+01
 1.92229170000000E+03   2.48770000000000E+01
 1.92237500000000E+03   1.62832000000000E+01
 1.92245830000000E+03   4.53540000000000E+00
 1.92254170000000E+03  -2.44350000000000E+00
 1.92262500000000E+03   2.26990000000000E+00
 1.92270830000000E+03  -5.17060000000000E+00
 1.92279170000000E+03  -3.45770000000000E+00
 1.92287500000000E+03   5.25540000000000E+00
 1.92295830000000E+03   8.91400000000000E-01
 1.92304170000000E+03  -4.70380000000000E+00
 1.92312500000000E+03  -9.14510000000000E+00
 1.92320830000000E+03  -6.35570000000000E+00
 1.92329170000000E+03  -1.01051000000000E+01
 1.92337500000000E+03  -1.33929000000000E+01
 1.92345830000000E+03  -2.46809000000000E+01
 1.92354170000000E+03  -2.98154000000000E+01
 1.92362500000000E+03  -2.70267000000000E+01
 1.92370830000000E+03  -2.81612000000000E+01
 1.92379170000000E+03  -2.32192000000000E+01
 1.92387500000000E+03  -2.69694000000000E+01
 1.92395830000000E+03  -3.58736000000000E+01
 1.92404170000000E+03  -3.40090000000000E+01
 1.92412500000000E+03  -2.57596000000000E+01
 1.92420830000000E+03  -3.43340000000000E+00
 1.92429170000000E+03   9.04620000000000E+00
 1.92437500000000E+03   3.21820000000000E+00
 1.92445830000000E+03  -7.53290000000000E+00
 1.92454170000000E+03   1.86930000000000E+00
 1.92462500000000E+03   1.29640000000000E+01
 1.92470830000000E+03   1.34432000000000E+01
 1.92479170000000E+03   1.97681000000000E+01
 1.92487500000000E+03   2.58624000000000E+01
 1.92495830000000E+03   3.19565000000000E+01
 1.92504170000000E+03   3.68964000000000E+01
 1.92512500000000E+03   4.62979000000000E+01
 1.92520830000000E+03   5.10070000000000E+01
 1.92529170000000E+03   3.69464000000000E+01
 1.92537500000000E+03   2.64245000000000E+01
 1.92545830000000E+03   1.23639000000000E+01
 1.92554170000000E+03   2.76450000000000E+00
 1.92562500000000E+03  -1.47579000000000E+01
 1.92570830000000E+03  -2.67420000000000E+01
 1.92579170000000E+03  -3.18803000000000E+01
 1.92587500000000E+03  -3.58647000000000E+01
 1.92595830000000E+03  -3.74646000000000E+01
 1.92604170000000E+03  -4.09879000000000E+01
 1.92612500000000E+03  -4.07419000000000E+01
 1.92620830000000E+03  -3.78807000000000E+01
 1.92629170000000E+03  -4.04814000000000E+01
 1.92637500000000E+03  -4.53897000000000E+01
 1.92645830000000E+03  -5.59135000000000E+01
 1.92654170000000E+03  -5.82069000000000E+01
 1.92662500000000E+03  -5.37310000000000E+01
 1.92670830000000E+03  -4.06398000000000E+01
 1.92679170000000E+03  -2.83952000000000E+01
 1.92687500000000E+03  -2.46121000000000E+01
 1.92695830000000E+03  -2.08290000000000E+01
 1.92704170000000E+03  -2.64310000000000E+01
 1.92712500000000E+03  -2.38021000000000E+01
 1.92720830000000E+03  -2.27887000000000E+01
 1.92729170000000E+03  -3.14680000000000E+01
 1.92737500000000E+03  -3.82241000000000E+01
 1.92745830000000E+03  -3.55958000000000E+01
 1.92754170000000E+03  -4.94294000000000E+01
 1.92762500000000E+03  -4.87244000000000E+01
 1.92770830000000E+03  -4.54042000000000E+01
 1.92779170000000E+03  -4.93151000000000E+01
 1.92787500000000E+03  -4.59952000000000E+01
 1.92795830000000E+03  -4.78292000000000E+01
 1.92804170000000E+03  -5.27406000000000E+01
 1.92812500000000E+03  -4.54980000000000E+01
 1.92820830000000E+03  -3.84093000000000E+01
 1.92829170000000E+03  -3.04750000000000E+01
 1.92837500000000E+03  -3.16174000000000E+01
 1.92845830000000E+03  -2.76061000000000E+01
 1.92854170000000E+03  -3.91337000000000E+01
 1.92862500000000E+03  -1.96612000000000E+01
 1.92870830000000E+03  -1.80350000000000E+01
 1.92879170000000E+03  -1.50246000000000E+01
 1.92887500000000E+03  -1.40909000000000E+01
 1.92895830000000E+03  -9.92660000000000E+00
 1.92904170000000E+03  -5.91660000000000E+00
 1.92912500000000E+03  -2.82960000000000E+00
 1.92920830000000E+03   4.02660000000000E+00
 1.92929170000000E+03   4.97700000000000E-01
 1.92937500000000E+03  -7.18490000000000E+00
 1.92945830000000E+03  -1.96369000000000E+01
 1.92954170000000E+03  -2.07815000000000E+01
 1.92962500000000E+03  -9.46450000000000E+00
 1.92970830000000E+03  -1.93016000000000E+01
 1.92979170000000E+03  -1.19851000000000E+01
 1.92987500000000E+03  -1.61301000000000E+01
 1.92995830000000E+03  -1.35829000000000E+01
 1.93004170000000E+03  -2.82669000000000E+01
 1.93012500000000E+03  -2.77969000000000E+01
 1.93020830000000E+03  -3.10963000000000E+01
 1.93029170000000E+03  -3.10884000000000E+01
 1.93037500000000E+03  -3.66958000000000E+01
 1.93045830000000E+03  -4.51494000000000E+01
 1.93054170000000E+03  -4.81420000000000E+01
 1.93062500000000E+03  -5.30574000000000E+01
 1.93070830000000E+03  -5.00500000000000E+01
 1.93079170000000E+03  -4.98122000000000E+01
 1.93087500000000E+03  -5.84973000000000E+01
 1.93095830000000E+03  -5.80287000000000E+01
 1.93104170000000E+03  -6.17144000000000E+01
 1.93112500000000E+03  -6.50154000000000E+01
 1.93120830000000E+03  -6.43165000000000E+01
 1.93129170000000E+03  -5.56180000000000E+01
 1.93137500000000E+03  -6.85347000000000E+01
 1.93145830000000E+03  -6.99131000000000E+01
 1.93154170000000E+03  -7.22151000000000E+01
 1.93162500000000E+03  -6.49784000000000E+01
 1.93170830000000E+03  -7.43572000000000E+01
 1.93179170000000E+03  -8.46596000000000E+01
 1.93187500000000E+03  -7.85772000000000E+01
 1.93195830000000E+03  -6.94180000000000E+01
 1.93204170000000E+03  -7.11054000000000E+01
 1.93212500000000E+03  -6.43311000000000E+01
 1.93220830000000E+03  -3.92493000000000E+01
 1.93229170000000E+03  -3.36294000000000E+01
 1.93237500000000E+03  -3.00863000000000E+01
 1.93245830000000E+03  -2.41587000000000E+01
 1.93254170000000E+03  -2.16162000000000E+01
 1.93262500000000E+03  -1.95351000000000E+01
 1.93270830000000E+03  -2.04541000000000E+01
 1.93279170000000E+03  -4.52730000000000E+00
 1.93287500000000E+03   3.01490000000000E+00
 1.93295830000000E+03   9.17240000000000E+00
 1.93304170000000E+03   1.12526000000000E+01
 1.93312500000000E+03   2.74867000000000E+01
 1.93320830000000E+03   3.52591000000000E+01
 1.93329170000000E+03   3.71850000000000E+01
 1.93337500000000E+03   3.44187000000000E+01
 1.93345830000000E+03   1.94215000000000E+01
 1.93354170000000E+03   7.42390000000000E+00
 1.93362500000000E+03  -4.96700000000000E-01
 1.93370830000000E+03  -4.72510000000000E+00
 1.93379170000000E+03  -3.56930000000000E+00
 1.93387500000000E+03  -8.02870000000000E+00
 1.93395830000000E+03  -1.38729000000000E+01
 1.93404170000000E+03  -2.37176000000000E+01
 1.93412500000000E+03  -3.23313000000000E+01
 1.93420830000000E+03  -3.51759000000000E+01
 1.93429170000000E+03  -2.84056000000000E+01
 1.93437500000000E+03  -4.39428000000000E+01
 1.93445830000000E+03  -5.02494000000000E+01
 1.93454170000000E+03  -4.22487000000000E+01
 1.93462500000000E+03  -3.87094000000000E+01
 1.93470830000000E+03  -3.66318000000000E+01
 1.93479170000000E+03  -2.58623000000000E+01
 1.93487500000000E+03  -2.11696000000000E+01
 1.93495830000000E+03  -2.16309000000000E+01
 1.93504170000000E+03  -2.00157000000000E+01
 1.93512500000000E+03  -1.27850000000000E+01
 1.93520830000000E+03   2.67640000000000E+00
 1.93529170000000E+03   8.06040000000000E+00
 1.93537500000000E+03   6.90610000000000E+00
 1.93545830000000E+03   1.52090000000000E+00
 1.93554170000000E+03  -5.78780000000000E+00
 1.93562500000000E+03  -1.24040000000000E+01
 1.93570830000000E+03  -1.57128000000000E+01
 1.93579170000000E+03  -1.28680000000000E+01
 1.93587500000000E+03  -9.10010000000000E+00
 1.93595830000000E+03  -1.56310000000000E+00
 1.93604170000000E+03  -5.56500000000000E+00
 1.93612500000000E+03   1.27950000000000E+00
 1.93620830000000E+03   1.21238000000000E+01
 1.93629170000000E+03   1.84292000000000E+01
 1.93637500000000E+03   7.19630000000000E+00
 1.93645830000000E+03  -2.42140000000000E+00
 1.93654170000000E+03   1.57590000000000E+00
 1.93662500000000E+03   1.49579000000000E+01
 1.93670830000000E+03   1.64167000000000E+01
 1.93679170000000E+03   2.44136000000000E+01
 1.93687500000000E+03   3.16414000000000E+01
 1.93695830000000E+03   2.60229000000000E+01
 1.93704170000000E+03   1.40193000000000E+01
 1.93712500000000E+03   2.13236000000000E+01
 1.93720830000000E+03   3.25508000000000E+01
 1.93729170000000E+03   3.30083000000000E+01
 1.93737500000000E+03   2.06199000000000E+01
 1.93745830000000E+03   1.83082000000000E+01
 1.93754170000000E+03   8.22690000000000E+00
 1.93762500000000E+03   4.99180000000000E+00
 1.93770830000000E+03  -2.08950000000000E+00
 1.93779170000000E+03  -7.94050000000000E+00
 1.93787500000000E+03  -6.32980000000000E+00
 1.93795830000000E+03  -1.01039000000000E+01
 1.93804170000000E+03  -1.21860000000000E+01
 1.93812500000000E+03  -1.16527000000000E+01
 1.93820830000000E+03  -7.65790000000000E+00
 1.93829170000000E+03  -3.66360000000000E+00
 1.93837500000000E+03  -3.20760000000000E+00
 1.93845830000000E+03  -4.36720000000000E+00
 1.93854170000000E+03  -8.60400000000000E+00
 1.93862500000000E+03  -1.26100000000000E+01
 1.93870830000000E+03  -1.26161000000000E+01
 1.93879170000000E+03  -1.44688000000000E+01
 1.93887500000000E+03  -2.78280000000000E+00
 1.93895830000000E+03  -3.25090000000000E+00
 1.93904170000000E+03  -2.71940000000000E+00
 1.93912500000000E+03  -2.03390000000000E+00
 1.93920830000000E+03   1.57284000000000E+01
 1.93929170000000E+03   1.78748000000000E+01
 1.93937500000000E+03   3.55990000000000E+00
 1.93945830000000E+03  -1.70628000000000E+01
 1.93954170000000E+03  -3.04553000000000E+01
 1.93962500000000E+03  -3.46937000000000E+01
 1.93970830000000E+03  -3.07015000000000E+01
 1.93979170000000E+03  -3.60943000000000E+01
 1.93987500000000E+03  -3.11793000000000E+01
 1.93995830000000E+03  -3.96491000000000E+01
 1.94004170000000E+03  -4.21962000000000E+01
 1.94012500000000E+03  -3.07432000000000E+01
 1.94020830000000E+03  -1.48287000000000E+01
 1.94029170000000E+03  -1.57609000000000E+01
 1.94037500000000E+03  -2.26160000000000E+01
 1.94045830000000E+03  -2.82404000000000E+01
 1.94054170000000E+03  -2.00961000000000E+01
 1.94062500000000E+03  -1.16439000000000E+01
 1.94070830000000E+03  -1.14226000000000E+01
 1.94079170000000E+03  -9.74020000000000E+00
 1.94087500000000E+03  -6.98080000000000E+00
 1.94095830000000E+03  -5.29840000000000E+00
 1.94104170000000E+03  -6.00100000000000E+00
 1.94112500000000E+03  -6.47280000000000E+00
 1.94120830000000E+03  -1.18677000000000E+01
 1.94129170000000E+03  -1.93400000000000E+01
 1.94137500000000E+03  -2.91968000000000E+01
 1.94145830000000E+03  -3.69768000000000E+01
 1.94154170000000E+03  -4.09880000000000E+01
 1.94162500000000E+03  -4.12298000000000E+01
 1.94170830000000E+03  -4.94718000000000E+01
 1.94179170000000E+03  -3.94065000000000E+01
 1.94187500000000E+03  -3.26487000000000E+01
 1.94195830000000E+03  -2.35065000000000E+01
 1.94204170000000E+03  -2.63647000000000E+01
 1.94212500000000E+03  -1.86073000000000E+01
 1.94220830000000E+03  -6.46550000000000E+00
 1.94229170000000E+03   4.98360000000000E+00
 1.94237500000000E+03   3.58660000000000E+00
 1.94245830000000E+03  -5.11810000000000E+00
 1.94254170000000E+03  -6.97720000000000E+00
 1.94262500000000E+03  -1.09899000000000E+01
 1.94270830000000E+03  -1.28490000000000E+01
 1.94279170000000E+03   2.91600000000000E-01
 1.94287500000000E+03   6.43230000000000E+00
 1.94295830000000E+03   7.34200000000000E+00
 1.94304170000000E+03   4.32830000000000E+00
 1.94312500000000E+03   1.30070000000000E+01
 1.94320830000000E+03   2.73010000000000E+01
 1.94329170000000E+03   3.59791000000000E+01
 1.94337500000000E+03   2.16574000000000E+01
 1.94345830000000E+03   1.45663000000000E+01
 1.94354170000000E+03   1.92441000000000E+01
 1.94362500000000E+03   2.34604000000000E+01
 1.94370830000000E+03   3.56766000000000E+01
 1.94379170000000E+03   4.05846000000000E+01
 1.94387500000000E+03   4.68775000000000E+01
 1.94395830000000E+03   5.20163000000000E+01
 1.94404170000000E+03   5.79240000000000E+01
 1.94412500000000E+03   6.39856000000000E+01
 1.94420830000000E+03   6.77394000000000E+01
 1.94429170000000E+03   6.72620000000000E+01
 1.94437500000000E+03   5.78617000000000E+01
 1.94445830000000E+03   4.83074000000000E+01
 1.94454170000000E+03   4.50603000000000E+01
 1.94462500000000E+03   3.45057000000000E+01
 1.94470830000000E+03   2.97972000000000E+01
 1.94479170000000E+03   3.02420000000000E+01
 1.94487500000000E+03   2.74562000000000E+01
 1.94495830000000E+03   2.06703000000000E+01
 1.94504170000000E+03   1.33455000000000E+01
 1.94512500000000E+03   6.71310000000000E+00
 1.94520830000000E+03   1.25421000000000E+01
 1.94529170000000E+03   2.16784000000000E+01
 1.94537500000000E+03   1.31995000000000E+01
 1.94545830000000E+03   1.01819000000000E+01
 1.94554170000000E+03   1.22409000000000E+01
 1.94562500000000E+03   9.14610000000000E+00
 1.94570830000000E+03   2.13589000000000E+01
 1.94579170000000E+03   3.30328000000000E+01
 1.94587500000000E+03   3.46300000000000E+01
 1.94595830000000E+03   3.53039000000000E+01
 1.94604170000000E+03   3.62081000000000E+01
 1.94612500000000E+03   3.48048000000000E+01
 1.94620830000000E+03   4.72476000000000E+01
 1.94629170000000E+03   5.70745000000000E+01
 1.94637500000000E+03   5.42092000000000E+01
 1.94645830000000E+03   5.05746000000000E+01
 1.94654170000000E+03   4.47088000000000E+01
 1.94662500000000E+03   3.90739000000000E+01
 1.94670830000000E+03   3.99773000000000E+01
 1.94679170000000E+03   3.54956000000000E+01
 1.94687500000000E+03   3.10911000000000E+01
 1.94695830000000E+03   3.72248000000000E+01
 1.94704170000000E+03   3.90505000000000E+01
 1.94712500000000E+03   4.16455000000000E+01
 1.94720830000000E+03   5.82404000000000E+01
 1.94729170000000E+03   6.15271000000000E+01
 1.94737500000000E+03   6.25063000000000E+01
 1.94745830000000E+03   5.82546000000000E+01
 1.94754170000000E+03   5.95409000000000E+01
 1.94762500000000E+03   6.81351000000000E+01
 1.94770830000000E+03   8.64214000000000E+01
 1.94779170000000E+03   1.03553500000000E+02
 1.94787500000000E+03   1.17839500000000E+02
 1.94795830000000E+03   1.28356200000000E+02
 1.94804170000000E+03   1.21257100000000E+02
 1.94812500000000E+03   1.26158100000000E+02
 1.94820830000000E+03   1.45366700000000E+02
 1.94829170000000E+03   1.50267100000000E+02
 1.94837500000000E+03   1.45783100000000E+02
 1.94845830000000E+03   1.28145000000000E+02
 1.94854170000000E+03   1.11968100000000E+02
 1.94862500000000E+03   1.08176000000000E+02
 1.94870830000000E+03   9.73837000000000E+01
 1.94879170000000E+03   8.84371000000000E+01
 1.94887500000000E+03   8.77215000000000E+01
 1.94895830000000E+03   8.83903000000000E+01
 1.94904170000000E+03   8.52895000000000E+01
 1.94912500000000E+03   8.88042000000000E+01
 1.94920830000000E+03   9.86264000000000E+01
 1.94929170000000E+03   9.90636000000000E+01
 1.94937500000000E+03   7.96548000000000E+01
 1.94945830000000E+03   6.85536000000000E+01
 1.94954170000000E+03   5.62981000000000E+01
 1.94962500000000E+03   5.83504000000000E+01
 1.94970830000000E+03   5.47872000000000E+01
 1.94979170000000E+03   5.87620000000000E+01
 1.94987500000000E+03   6.36600000000000E+01
 1.94995830000000E+03   5.58656000000000E+01
 1.95004170000000E+03   3.61477000000000E+01
 1.95012500000000E+03   3.65838000000000E+01
 1.95020830000000E+03   4.41736000000000E+01
 1.95029170000000E+03   4.16091000000000E+01
 1.95037500000000E+03   1.48140000000000E+01
 1.95045830000000E+03   1.00957000000000E+01
 1.95054170000000E+03   1.22300000000000E+00
 1.95062500000000E+03   3.11980000000000E+00
 1.95070830000000E+03   5.47800000000000E+00
 1.95079170000000E+03   7.60490000000000E+00
 1.95087500000000E+03   9.19360000000000E+00
 1.95095830000000E+03   8.93600000000000E+00
 1.95104170000000E+03   3.29330000000000E+00
 1.95112500000000E+03   1.35738000000000E+01
 1.95120830000000E+03   1.57004000000000E+01
 1.95129170000000E+03   2.37496000000000E+01
 1.95137500000000E+03   1.69528000000000E+01
 1.95145830000000E+03   1.97712000000000E+01
 1.95154170000000E+03   1.73584000000000E+01
 1.95162500000000E+03   2.36381000000000E+01
 1.95170830000000E+03   3.03792000000000E+01
 1.95179170000000E+03   2.80429000000000E+01
 1.95187500000000E+03   3.27068000000000E+01
 1.95195830000000E+03   2.68321000000000E+01
 1.95204170000000E+03   2.11877000000000E+01
 1.95212500000000E+03   2.82358000000000E+01
 1.95220830000000E+03   4.15914000000000E+01
 1.95229170000000E+03   4.60236000000000E+01
 1.95237500000000E+03   2.70712000000000E+01
 1.95245830000000E+03   2.28110000000000E+01
 1.95254170000000E+03   1.52427000000000E+01
 1.95262500000000E+03   7.98230000000000E+00
 1.95270830000000E+03   3.72170000000000E+00
 1.95279170000000E+03  -9.00000000000000E-04
 1.95287500000000E+03  -2.64640000000000E+00
 1.95295830000000E+03  -1.75360000000000E+00
 1.95304170000000E+03   2.90800000000000E+00
 1.95312500000000E+03   1.03390000000000E+01
 1.95320830000000E+03   2.26929000000000E+01
 1.95329170000000E+03   2.35849000000000E+01
 1.95337500000000E+03   1.67078000000000E+01
 1.95345830000000E+03   1.19844000000000E+01
 1.95354170000000E+03   3.72200000000000E+00
 1.95362500000000E+03   1.12291000000000E+01
 1.95370830000000E+03   1.44284000000000E+01
 1.95379170000000E+03   2.17041000000000E+01
 1.95387500000000E+03   3.19800000000000E+01
 1.95395830000000E+03   4.57942000000000E+01
 1.95404170000000E+03   4.39156000000000E+01
 1.95412500000000E+03   4.15757000000000E+01
 1.95420830000000E+03   4.08510000000000E+01
 1.95429170000000E+03   3.28951000000000E+01
 1.95437500000000E+03   1.88624000000000E+01
 1.95445830000000E+03   2.67580000000000E+00
 1.95454170000000E+03   3.56560000000000E+00
 1.95462500000000E+03   3.76330000000000E+00
 1.95470830000000E+03  -3.50070000000000E+00
 1.95479170000000E+03   5.85030000000000E+00
 1.95487500000000E+03   1.07398000000000E+01
 1.95495830000000E+03   1.09370000000000E+01
 1.95504170000000E+03   3.90290000000000E+00
 1.95512500000000E+03   1.15613000000000E+01
 1.95520830000000E+03   2.56041000000000E+01
 1.95529170000000E+03   3.66465000000000E+01
 1.95537500000000E+03   3.04583000000000E+01
 1.95545830000000E+03   2.55008000000000E+01
 1.95554170000000E+03   3.43889000000000E+01
 1.95562500000000E+03   2.80464000000000E+01
 1.95570830000000E+03   2.42423000000000E+01
 1.95579170000000E+03   2.74377000000000E+01
 1.95587500000000E+03   2.93255000000000E+01
 1.95595830000000E+03   2.12902000000000E+01
 1.95604170000000E+03   2.71600000000000E+00
 1.95612500000000E+03   2.68030000000000E+00
 1.95620830000000E+03   1.02920000000000E+00
 1.95629170000000E+03   4.30070000000000E+00
 1.95637500000000E+03  -8.88920000000000E+00
 1.95645830000000E+03  -2.26946000000000E+01
 1.95654170000000E+03  -3.05005000000000E+01
 1.95662500000000E+03  -2.93831000000000E+01
 1.95670830000000E+03  -1.63428000000000E+01
 1.95679170000000E+03  -1.21491000000000E+01
 1.95687500000000E+03  -1.87830000000000E+00
 1.95695830000000E+03  -1.91540000000000E+00
 1.95704170000000E+03   4.43180000000000E+00
 1.95712500000000E+03   2.71637000000000E+01
 1.95720830000000E+03   3.65108000000000E+01
 1.95729170000000E+03   4.51652000000000E+01
 1.95737500000000E+03   3.97429000000000E+01
 1.95745830000000E+03   3.47819000000000E+01
 1.95754170000000E+03   4.62051000000000E+01
 1.95762500000000E+03   4.10131000000000E+01
 1.95770830000000E+03   4.00517000000000E+01
 1.95779170000000E+03   3.86283000000000E+01
 1.95787500000000E+03   4.28205000000000E+01
 1.95795830000000E+03   3.93203000000000E+01
 1.95804170000000E+03   3.03580000000000E+01
 1.95812500000000E+03   2.23190000000000E+01
 1.95820830000000E+03   1.75875000000000E+01
 1.95829170000000E+03   2.36248000000000E+01
 1.95837500000000E+03   8.81620000000000E+00
 1.95845830000000E+03  -1.83880000000000E+00
 1.95854170000000E+03  -7.95580000000000E+00
 1.95862500000000E+03  -1.31495000000000E+01
 1.95870830000000E+03  -3.80480000000000E+00
 1.95879170000000E+03  -8.53760000000000E+00
 1.95887500000000E+03  -1.37317000000000E+01
 1.95895830000000E+03  -8.61830000000000E+00
 1.95904170000000E+03  -8.42840000000000E+00
 1.95912500000000E+03  -4.46910000000000E+00
 1.95920830000000E+03   8.87460000000000E+00
 1.95929170000000E+03   1.46795000000000E+01
 1.95937500000000E+03   7.86910000000000E+00
 1.95945830000000E+03   6.44320000000000E+00
 1.95954170000000E+03   8.55530000000000E+00
 1.95962500000000E+03   1.25138000000000E+01
 1.95970830000000E+03   1.60106000000000E+01
 1.95979170000000E+03   1.92761000000000E+01
 1.95987500000000E+03   2.79264000000000E+01
 1.95995830000000E+03   3.65766000000000E+01
 1.96004170000000E+03   3.82263000000000E+01
 1.96012500000000E+03   4.21839000000000E+01
 1.96020830000000E+03   6.22953000000000E+01
 1.96029170000000E+03   6.69446000000000E+01
 1.96037500000000E+03   5.56710000000000E+01
 1.96045830000000E+03   4.15511000000000E+01
 1.96054170000000E+03   3.21230000000000E+01
 1.96062500000000E+03   2.10798000000000E+01
 1.96070830000000E+03   2.35749000000000E+01
 1.96079170000000E+03   2.13771000000000E+01
 1.96087500000000E+03   2.81027000000000E+01
 1.96095830000000E+03   2.08281000000000E+01
 1.96104170000000E+03   9.55310000000000E+00
 1.96112500000000E+03   4.35510000000000E+00
 1.96120830000000E+03   9.46480000000000E+00
 1.96129170000000E+03   3.11240000000000E+00
 1.96137500000000E+03  -2.08600000000000E+00
 1.96145830000000E+03  -7.05370000000000E+00
 1.96154170000000E+03  -1.64835000000000E+01
 1.96162500000000E+03  -6.68230000000000E+00
 1.96170830000000E+03   1.15034000000000E+01
 1.96179170000000E+03   5.38090000000000E+00
 1.96187500000000E+03   1.82586000000000E+01
 1.96195830000000E+03   2.33670000000000E+01
 1.96204170000000E+03   3.31672000000000E+01
 1.96212500000000E+03   4.43521000000000E+01
 1.96220830000000E+03   5.66908000000000E+01
 1.96229170000000E+03   5.89521000000000E+01
 1.96237500000000E+03   5.30598000000000E+01
 1.96245830000000E+03   4.14749000000000E+01
 1.96254170000000E+03   4.39666000000000E+01
 1.96262500000000E+03   5.16122000000000E+01
 1.96270830000000E+03   3.63347000000000E+01
 1.96279170000000E+03   1.96721000000000E+01
 1.96287500000000E+03   2.71635000000000E+01
 1.96295830000000E+03   1.72701000000000E+01
 1.96304170000000E+03   2.91470000000000E+00
 1.96312500000000E+03  -3.97890000000000E+00
 1.96320830000000E+03   4.66580000000000E+00
 1.96329170000000E+03   3.69460000000000E+00
 1.96337500000000E+03  -1.01225000000000E+01
 1.96345830000000E+03  -3.38629000000000E+01
 1.96354170000000E+03  -4.76806000000000E+01
 1.96362500000000E+03  -6.24982000000000E+01
 1.96370830000000E+03  -6.83928000000000E+01
 1.96379170000000E+03  -6.32879000000000E+01
 1.96387500000000E+03  -5.27982000000000E+01
 1.96395830000000E+03  -5.26163000000000E+01
 1.96404170000000E+03  -5.82811000000000E+01
 1.96412500000000E+03  -5.10226000000000E+01
 1.96420830000000E+03  -3.43796000000000E+01
 1.96429170000000E+03  -3.68140000000000E+01
 1.96437500000000E+03  -4.60174000000000E+01
 1.96445830000000E+03  -5.07595000000000E+01
 1.96454170000000E+03  -4.14251000000000E+01
 1.96462500000000E+03  -3.40136000000000E+01
 1.96470830000000E+03  -2.69868000000000E+01
 1.96479170000000E+03  -1.67298000000000E+01
 1.96487500000000E+03  -1.56264000000000E+01
 1.96495830000000E+03  -2.50616000000000E+01
 1.96504170000000E+03  -2.93434000000000E+01
 1.96512500000000E+03  -2.67789000000000E+01
 1.96520830000000E+03  -1.67530000000000E+01
 1.96529170000000E+03  -2.35737000000000E+01
 1.96537500000000E+03  -3.06250000000000E+01
 1.96545830000000E+03  -3.62918000000000E+01
 1.96554170000000E+03  -3.26515000000000E+01
 1.96562500000000E+03  -3.27032000000000E+01
 1.96570830000000E+03  -2.96781000000000E+01
 1.96579170000000E+03  -2.71151000000000E+01
 1.96587500000000E+03  -2.21672000000000E+01
 1.96595830000000E+03  -9.29640000000000E+00
 1.96604170000000E+03  -4.11840000000000E+00
 1.96612500000000E+03  -3.01710000000000E+00
 1.96620830000000E+03   8.39170000000000E+00
 1.96629170000000E+03   2.03080000000000E+00
 1.96637500000000E+03  -7.17600000000000E+00
 1.96645830000000E+03  -1.37676000000000E+01
 1.96654170000000E+03  -1.82828000000000E+01
 1.96662500000000E+03  -2.69516000000000E+01
 1.96670830000000E+03  -2.81590000000000E+01
 1.96679170000000E+03  -2.65976000000000E+01
 1.96687500000000E+03  -1.98822000000000E+01
 1.96695830000000E+03  -1.45516000000000E+01
 1.96704170000000E+03  -2.82214000000000E+01
 1.96712500000000E+03  -2.71219000000000E+01
 1.96720830000000E+03  -9.09930000000000E+00
 1.96729170000000E+03  -8.46190000000000E+00
 1.96737500000000E+03  -1.13628000000000E+01
 1.96745830000000E+03  -1.02637000000000E+01
 1.96754170000000E+03  -1.17806000000000E+01
 1.96762500000000E+03  -4.29720000000000E+00
 1.96770830000000E+03  -8.35250000000000E+00
 1.96779170000000E+03  -2.56210000000000E+00
 1.96787500000000E+03  -4.46370000000000E+00
 1.96795830000000E+03  -5.67330000000000E+00
 1.96804170000000E+03  -1.91140000000000E+01
 1.96812500000000E+03  -8.63150000000000E+00
 1.96820830000000E+03   1.85080000000000E+00
 1.96829170000000E+03  -2.89810000000000E+00
 1.96837500000000E+03  -1.23391000000000E+01
 1.96845830000000E+03  -2.40879000000000E+01
 1.96854170000000E+03  -3.46834000000000E+01
 1.96862500000000E+03  -3.23555000000000E+01
 1.96870830000000E+03  -3.94125000000000E+01
 1.96879170000000E+03  -3.17007000000000E+01
 1.96887500000000E+03  -3.01425000000000E+01
 1.96895830000000E+03  -2.38922000000000E+01
 1.96904170000000E+03  -2.61039000000000E+01
 1.96912500000000E+03  -1.74693000000000E+01
 1.96920830000000E+03  -5.75780000000000E+00
 1.96929170000000E+03  -8.93000000000000E-01
 1.96937500000000E+03  -6.56650000000000E+00
 1.96945830000000E+03  -7.08620000000000E+00
 1.96954170000000E+03  -5.76030000000000E+00
 1.96962500000000E+03  -7.97270000000000E+00
 1.96970830000000E+03  -1.43390000000000E+01
 1.96979170000000E+03  -9.01350000000000E+00
 1.96987500000000E+03  -2.76470000000000E+00
 1.96995830000000E+03   3.79160000000000E+00
 1.97004170000000E+03  -9.60300000000000E-01
 1.97012500000000E+03   6.72700000000000E-01
 1.97020830000000E+03   4.15170000000000E+00
 1.97029170000000E+03   1.10917000000000E+01
 1.97037500000000E+03   1.87810000000000E+00
 1.97045830000000E+03   1.81820000000000E+00
 1.97054170000000E+03  -7.80700000000000E-01
 1.97062500000000E+03  -3.61010000000000E+00
 1.97070830000000E+03  -3.62800000000000E-01
 1.97079170000000E+03  -1.92800000000000E-01
 1.97087500000000E+03  -1.40730000000000E+00
 1.97095830000000E+03  -1.23730000000000E+00
 1.97104170000000E+03  -9.76010000000000E+00
 1.97112500000000E+03  -2.97500000000000E+00
 1.97120830000000E+03   1.10408000000000E+01
 1.97129170000000E+03   2.22099000000000E+01
 1.97137500000000E+03   1.53792000000000E+01
 1.97145830000000E+03   1.41637000000000E+01
 1.97154170000000E+03   8.48620000000000E+00
 1.97162500000000E+03   1.09628000000000E+01
 1.97170830000000E+03   2.00546000000000E+01
 1.97179170000000E+03   2.96075000000000E+01
 1.97187500000000E+03   4.71606000000000E+01
 1.97195830000000E+03   5.64827000000000E+01
 1.97204170000000E+03   5.17275000000000E+01
 1.97212500000000E+03   6.12801000000000E+01
 1.97220830000000E+03   6.66019000000000E+01
 1.97229170000000E+03   6.74616000000000E+01
 1.97237500000000E+03   6.29369000000000E+01
 1.97245830000000E+03   5.11813000000000E+01
 1.97254170000000E+03   5.25021000000000E+01
 1.97262500000000E+03   6.02077000000000E+01
 1.97270830000000E+03   7.19132000000000E+01
 1.97279170000000E+03   7.60798000000000E+01
 1.97287500000000E+03   7.86312000000000E+01
 1.97295830000000E+03   6.67978000000000E+01
 1.97304170000000E+03   6.22716000000000E+01
 1.97312500000000E+03   7.18226000000000E+01
 1.97320830000000E+03   8.11426000000000E+01
 1.97329170000000E+03   9.11545000000000E+01
 1.97337500000000E+03   8.30896000000000E+01
 1.97345830000000E+03   6.37939000000000E+01
 1.97354170000000E+03   5.68822000000000E+01
 1.97362500000000E+03   5.16631000000000E+01
 1.97370830000000E+03   3.91361000000000E+01
 1.97379170000000E+03   2.75318000000000E+01
 1.97387500000000E+03   3.11584000000000E+01
 1.97395830000000E+03   3.55541000000000E+01
 1.97404170000000E+03   3.94877000000000E+01
 1.97412500000000E+03   4.38831000000000E+01
 1.97420830000000E+03   5.13553000000000E+01
 1.97429170000000E+03   4.92116000000000E+01
 1.97437500000000E+03   3.27605000000000E+01
 1.97445830000000E+03   2.33092000000000E+01
 1.97454170000000E+03   1.94728000000000E+01
 1.97462500000000E+03   2.76365000000000E+01
 1.97470830000000E+03   2.36464000000000E+01
 1.97479170000000E+03   2.96557000000000E+01
 1.97487500000000E+03   4.29729000000000E+01
 1.97495830000000E+03   4.80592000000000E+01
 1.97504170000000E+03   4.42219000000000E+01
 1.97512500000000E+03   4.25387000000000E+01
 1.97520830000000E+03   4.67015000000000E+01
 1.97529170000000E+03   4.82485000000000E+01
 1.97537500000000E+03   4.01802000000000E+01
 1.97545830000000E+03   3.89580000000000E+01
 1.97554170000000E+03   2.98122000000000E+01
 1.97562500000000E+03   2.06666000000000E+01
 1.97570830000000E+03   1.05209000000000E+01
 1.97579170000000E+03   1.09131000000000E+01
 1.97587500000000E+03   1.25363000000000E+01
 1.97595830000000E+03   9.92860000000000E+00
 1.97604170000000E+03  -2.29500000000000E+00
 1.97612500000000E+03  -2.36450000000000E+00
 1.97620830000000E+03   7.96600000000000E-01
 1.97629170000000E+03  -5.65810000000000E+00
 1.97637500000000E+03  -2.23435000000000E+01
 1.97645830000000E+03  -3.08751000000000E+01
 1.97654170000000E+03  -4.74072000000000E+01
 1.97662500000000E+03  -5.03237000000000E+01
 1.97670830000000E+03  -3.56250000000000E+01
 1.97679170000000E+03  -3.63883000000000E+01
 1.97687500000000E+03  -3.06129000000000E+01
 1.97695830000000E+03  -2.79146000000000E+01
 1.97704170000000E+03  -3.92938000000000E+01
 1.97712500000000E+03  -3.60573000000000E+01
 1.97720830000000E+03  -3.37440000000000E+01
 1.97729170000000E+03  -3.68159000000000E+01
 1.97737500000000E+03  -3.24260000000000E+01
 1.97745830000000E+03  -3.13439000000000E+01
 1.97754170000000E+03  -4.21854000000000E+01
 1.97762500000000E+03  -2.91036000000000E+01
 1.97770830000000E+03  -1.71758000000000E+01
 1.97779170000000E+03  -1.63254000000000E+01
 1.97787500000000E+03  -1.07825000000000E+01
 1.97795830000000E+03  -1.48551000000000E+01
 1.97804170000000E+03  -2.16975000000000E+01
 1.97812500000000E+03  -1.86935000000000E+01
 1.97820830000000E+03  -8.68960000000000E+00
 1.97829170000000E+03  -4.07080000000000E+00
 1.97837500000000E+03   4.08660000000000E+00
 1.97845830000000E+03  -1.19099000000000E+01
 1.97854170000000E+03  -2.65224000000000E+01
 1.97862500000000E+03  -2.09038000000000E+01
 1.97870830000000E+03  -2.75162000000000E+01
 1.97879170000000E+03  -2.75906000000000E+01
 1.97887500000000E+03  -2.88186000000000E+01
 1.97895830000000E+03  -2.30468000000000E+01
 1.97904170000000E+03  -2.05062000000000E+01
 1.97912500000000E+03  -1.94270000000000E+01
 1.97920830000000E+03  -7.73250000000000E+00
 1.97929170000000E+03  -1.48846000000000E+01
 1.97937500000000E+03  -2.60366000000000E+01
 1.97945830000000E+03  -3.85733000000000E+01
 1.97954170000000E+03  -2.90336000000000E+01
 1.97962500000000E+03  -1.36475000000000E+01
 1.97970830000000E+03  -9.80000000000000E+00
 1.97979170000000E+03  -3.79920000000000E+00
 1.97987500000000E+03   3.35570000000000E+00
 1.97995830000000E+03   8.66430000000000E+00
 1.98004170000000E+03   4.34000000000000E-01
 1.98012500000000E+03  -8.10390000000000E+00
 1.98020830000000E+03  -4.41110000000000E+00
 1.98029170000000E+03  -1.24880000000000E+01
 1.98037500000000E+03  -1.86416000000000E+01
 1.98045830000000E+03  -2.21800000000000E+01
 1.98054170000000E+03  -3.07189000000000E+01
 1.98062500000000E+03  -4.48730000000000E+01
 1.98070830000000E+03  -5.24118000000000E+01
 1.98079170000000E+03  -5.57204000000000E+01
 1.98087500000000E+03  -5.31826000000000E+01
 1.98095830000000E+03  -6.58757000000000E+01
 1.98104170000000E+03  -6.90308000000000E+01
 1.98112500000000E+03  -6.25703000000000E+01
 1.98120830000000E+03  -5.08792000000000E+01
 1.98129170000000E+03  -5.21117000000000E+01
 1.98137500000000E+03  -4.79594000000000E+01
 1.98145830000000E+03  -5.48071000000000E+01
 1.98154170000000E+03  -6.61939000000000E+01
 1.98162500000000E+03  -6.52727000000000E+01
 1.98170830000000E+03  -5.61979000000000E+01
 1.98179170000000E+03  -5.53543000000000E+01
 1.98187500000000E+03  -5.05105000000000E+01
 1.98195830000000E+03  -4.73591000000000E+01
 1.98204170000000E+03  -4.20544000000000E+01
 1.98212500000000E+03  -4.25956000000000E+01
 1.98220830000000E+03  -3.95985000000000E+01
 1.98229170000000E+03  -3.33711000000000E+01
 1.98237500000000E+03  -2.56820000000000E+01
 1.98245830000000E+03  -2.83777000000000E+01
 1.98254170000000E+03  -1.27661000000000E+01
 1.98262500000000E+03   7.61490000000000E+00
 1.98270830000000E+03   2.23035000000000E+01
 1.98279170000000E+03   2.43761000000000E+01
 1.98287500000000E+03   2.87567000000000E+01
 1.98295830000000E+03   3.75987000000000E+01
 1.98304170000000E+03   3.68248000000000E+01
 1.98312500000000E+03   4.05126000000000E+01
 1.98320830000000E+03   5.26619000000000E+01
 1.98329170000000E+03   6.24260000000000E+01
 1.98337500000000E+03   5.58057000000000E+01
 1.98345830000000E+03   4.11853000000000E+01
 1.98354170000000E+03   3.76413000000000E+01
 1.98362500000000E+03   2.00206000000000E+01
 1.98370830000000E+03   1.30921000000000E+01
 1.98379170000000E+03   1.03939000000000E+01
 1.98387500000000E+03   6.54200000000000E+00
 1.98395830000000E+03   1.06900000000000E+01
 1.98404170000000E+03  -2.08570000000000E+00
 1.98412500000000E+03  -6.86100000000000E+00
 1.98420830000000E+03   2.90190000000000E+00
 1.98429170000000E+03   7.97200000000000E+00
 1.98437500000000E+03   4.58080000000000E+00
 1.98445830000000E+03   1.65100000000000E+00
 1.98454170000000E+03   8.74600000000000E-01
 1.98462500000000E+03  -8.36320000000000E+00
 1.98470830000000E+03  -3.98570000000000E+00
 1.98479170000000E+03  -1.06088000000000E+01
 1.98487500000000E+03  -9.69310000000000E+00
 1.98495830000000E+03  -8.16220000000000E+00
 1.98504170000000E+03  -7.55490000000000E+00
 1.98512500000000E+03   9.97570000000000E+00
 1.98520830000000E+03   2.46600000000000E+01
 1.98529170000000E+03   3.53438000000000E+01
 1.98537500000000E+03   2.49510000000000E+01
 1.98545830000000E+03   2.86560000000000E+00
 1.98554170000000E+03  -8.68180000000000E+00
 1.98562500000000E+03  -6.45970000000000E+00
 1.98570830000000E+03  -7.69930000000000E+00
 1.98579170000000E+03   8.29800000000000E-01
 1.98587500000000E+03   1.50515000000000E+01
 1.98595830000000E+03   1.88884000000000E+01
 1.98604170000000E+03   1.94940000000000E+01
 1.98612500000000E+03   1.68691000000000E+01
 1.98620830000000E+03   1.43978000000000E+01
 1.98629170000000E+03   8.23380000000000E+00
 1.98637500000000E+03  -3.54540000000000E+00
 1.98645830000000E+03  -2.24780000000000E+00
 1.98654170000000E+03   7.04930000000000E+00
 1.98662500000000E+03   1.84235000000000E+01
 1.98670830000000E+03   2.77207000000000E+01
 1.98679170000000E+03   3.37096000000000E+01
 1.98687500000000E+03   3.06219000000000E+01
 1.98695830000000E+03   1.83801000000000E+01
 1.98704170000000E+03   9.67640000000000E+00
 1.98712500000000E+03   1.03574000000000E+01
 1.98720830000000E+03   1.65768000000000E+01
 1.98729170000000E+03   1.62572000000000E+01
 1.98737500000000E+03   1.27071000000000E+01
 1.98745830000000E+03  -5.68930000000000E+00
 1.98754170000000E+03  -2.00862000000000E+01
 1.98762500000000E+03  -2.74829000000000E+01
 1.98770830000000E+03  -4.04182000000000E+01
 1.98779170000000E+03  -4.79694000000000E+01
 1.98787500000000E+03  -4.82896000000000E+01
 1.98795830000000E+03  -4.79177000000000E+01
 1.98804170000000E+03  -4.97001000000000E+01
 1.98812500000000E+03  -5.19438000000000E+01
 1.98820830000000E+03  -4.36491000000000E+01
 1.98829170000000E+03  -3.85858000000000E+01
 1.98837500000000E+03  -4.75222000000000E+01
 1.98845830000000E+03  -5.76896000000000E+01
 1.98854170000000E+03  -5.50882000000000E+01
 1.98862500000000E+03  -5.68712000000000E+01
 1.98870830000000E+03  -4.87313000000000E+01
 1.98879170000000E+03  -4.32073000000000E+01
 1.98887500000000E+03  -4.47599000000000E+01
 1.98895830000000E+03  -4.93127000000000E+01
 1.98904170000000E+03  -5.52507000000000E+01
 1.98912500000000E+03  -4.68038000000000E+01
 1.98920830000000E+03  -3.22801000000000E+01
 1.98929170000000E+03  -3.23723000000000E+01
 1.98937500000000E+03  -4.86181000000000E+01
 1.98945830000000E+03  -5.73256000000000E+01
 1.98954170000000E+03  -6.85721000000000E+01
 1.98962500000000E+03  -7.42798000000000E+01
 1.98970830000000E+03  -6.69108000000000E+01
 1.98979170000000E+03  -7.33885000000000E+01
 1.98987500000000E+03  -7.14044000000000E+01
 1.98995830000000E+03  -6.71128000000000E+01
 1.99004170000000E+03  -5.97447000000000E+01
 1.99012500000000E+03  -5.16072000000000E+01
 1.99020830000000E+03  -4.19313000000000E+01
 1.99029170000000E+03  -4.37945000000000E+01
 1.99037500000000E+03  -4.64266000000000E+01
 1.99045830000000E+03  -4.36743000000000E+01
 1.99054170000000E+03  -3.09224000000000E+01
 1.99062500000000E+03  -2.27088000000000E+01
 1.99070830000000E+03  -1.18800000000000E+01
 1.99079170000000E+03  -1.25132000000000E+01
 1.99087500000000E+03  -8.38500000000000E-01
 1.99095830000000E+03   1.15284000000000E+01
 1.99104170000000E+03   1.36640000000000E+01
 1.99112500000000E+03   1.99537000000000E+01
 1.99120830000000E+03   3.24740000000000E+01
 1.99129170000000E+03   3.77630000000000E+01
 1.99137500000000E+03   3.48984000000000E+01
 1.99145830000000E+03   1.98029000000000E+01
 1.99154170000000E+03   1.77838000000000E+01
 1.99162500000000E+03   1.34572000000000E+01
 1.99170830000000E+03   1.28998000000000E+01
 1.99179170000000E+03   1.34956000000000E+01
 1.99187500000000E+03   2.30148000000000E+01
 1.99195830000000E+03   2.95338000000000E+01
 1.99204170000000E+03   1.72062000000000E+01
 1.99212500000000E+03   1.47249000000000E+01
 1.99220830000000E+03   2.04743000000000E+01
 1.99229170000000E+03   1.96847000000000E+01
 1.99237500000000E+03   1.16646000000000E+01
 1.99245830000000E+03  -8.17200000000000E-01
 1.99254170000000E+03   1.40850000000000E+01
 1.99262500000000E+03   2.29106000000000E+01
 1.99270830000000E+03   1.61976000000000E+01
 1.99279170000000E+03   2.43302000000000E+01
 1.99287500000000E+03   2.44631000000000E+01
 1.99295830000000E+03   1.72881000000000E+01
 1.99304170000000E+03   2.42030000000000E+00
 1.99312500000000E+03   8.01430000000000E+00
 1.99320830000000E+03   1.23774000000000E+01
 1.99329170000000E+03   1.44322000000000E+01
 1.99337500000000E+03   4.94890000000000E+00
 1.99345830000000E+03  -5.22690000000000E+00
 1.99354170000000E+03  -1.16341000000000E+01
 1.99362500000000E+03  -2.04255000000000E+01
 1.99370830000000E+03  -3.03710000000000E+01
 1.99379170000000E+03  -3.11632000000000E+01
 1.99387500000000E+03  -2.44935000000000E+01
 1.99395830000000E+03  -2.76702000000000E+01
 1.99404170000000E+03  -3.62320000000000E+01
 1.99412500000000E+03  -3.35628000000000E+01
 1.99420830000000E+03  -2.68937000000000E+01
 1.99429170000000E+03  -1.54560000000000E+01
 1.99437500000000E+03  -2.58641000000000E+01
 1.99445830000000E+03  -1.68108000000000E+01
 1.99454170000000E+03  -1.86043000000000E+01
 1.99462500000000E+03  -1.96282000000000E+01
 1.99470830000000E+03  -1.33446000000000E+01
 1.99479170000000E+03  -4.75380000000000E+00
 1.99487500000000E+03   1.09141000000000E+01
 1.99495830000000E+03   1.17357000000000E+01
 1.99504170000000E+03   1.87107000000000E+01
 1.99512500000000E+03   4.76859000000000E+01
 1.99520830000000E+03   7.03533000000000E+01
 1.99529170000000E+03   7.80201000000000E+01
 1.99537500000000E+03   6.38411000000000E+01
 1.99545830000000E+03   6.23542000000000E+01
 1.99554170000000E+03   4.07898000000000E+01
 1.99562500000000E+03   3.21488000000000E+01
 1.99570830000000E+03   3.24307000000000E+01
 1.99579170000000E+03   1.90967000000000E+01
 1.99587500000000E+03   1.26091000000000E+01
 1.99595830000000E+03   3.35210000000000E+00
 1.99604170000000E+03  -1.09823000000000E+01
 1.99612500000000E+03  -1.30857000000000E+01
 1.99620830000000E+03  -2.62662000000000E+01
 1.99629170000000E+03  -3.46780000000000E+01
 1.99637500000000E+03  -4.54741000000000E+01
 1.99645830000000E+03  -4.96550000000000E+01
 1.99654170000000E+03  -5.86057000000000E+01
 1.99662500000000E+03  -5.46330000000000E+01
 1.99670830000000E+03  -4.48144000000000E+01
 1.99679170000000E+03  -2.76116000000000E+01
 1.99687500000000E+03  -1.84086000000000E+01
 1.99695830000000E+03  -7.35960000000000E+00
 1.99704170000000E+03  -2.08030000000000E+00
 1.99712500000000E+03   1.37377000000000E+01
 1.99720830000000E+03   2.47863000000000E+01
 1.99729170000000E+03   2.59112000000000E+01
 1.99737500000000E+03   9.42110000000000E+00
 1.99745830000000E+03  -1.83840000000000E+00
 1.99754170000000E+03  -5.25230000000000E+00
 1.99762500000000E+03   1.10263000000000E+01
 1.99770830000000E+03   1.00741000000000E+01
 1.99779170000000E+03   1.07367000000000E+01
 1.99787500000000E+03   1.13995000000000E+01
 1.99795830000000E+03   8.06230000000000E+00
 1.99804170000000E+03  -5.89100000000000E+00
 1.99812500000000E+03  -9.53620000000000E+00
 1.99820830000000E+03  -1.34893000000000E+01
 1.99829170000000E+03  -2.20583000000000E+01
 1.99837500000000E+03  -3.38579000000000E+01
 1.99845830000000E+03  -3.48883000000000E+01
 1.99854170000000E+03  -3.50731000000000E+01
 1.99862500000000E+03  -2.53346000000000E+01
 1.99870830000000E+03  -3.70578000000000E+01
 1.99879170000000E+03  -3.36277000000000E+01
 1.99887500000000E+03  -2.55050000000000E+01
 1.99895830000000E+03  -2.73055000000000E+01
 1.99904170000000E+03  -2.39527000000000E+01
 1.99912500000000E+03  -9.21510000000000E+00
 1.99920830000000E+03   1.01378000000000E+01
 1.99929170000000E+03   2.37210000000000E+01
 1.99937500000000E+03   2.40736000000000E+01
 1.99945830000000E+03   2.70415000000000E+01
 1.99954170000000E+03   2.46242000000000E+01
 1.99962500000000E+03   1.95917000000000E+01
 1.99970830000000E+03   1.24053000000000E+01
 1.99979170000000E+03   1.15261000000000E+01
 1.99987500000000E+03   1.19548000000000E+01
 1.99995830000000E+03   3.46030000000000E+00
 2.00004170000000E+03   4.81130000000000E+00
 2.00012500000000E+03   1.43935000000000E+01
 2.00020830000000E+03   2.08985000000000E+01
 2.00029170000000E+03   1.70184000000000E+01
 2.00037500000000E+03   7.29240000000000E+00
 2.00045830000000E+03  -2.35680000000000E+00
 2.00054170000000E+03  -1.53143000000000E+01
 2.00062500000000E+03  -2.23484000000000E+01
 2.00070830000000E+03  -1.53057000000000E+01
 2.00079170000000E+03  -2.30328000000000E+01
 2.00087500000000E+03  -1.71443000000000E+01
 2.00095830000000E+03  -2.14867000000000E+01
 2.00104170000000E+03  -1.81373000000000E+01
 2.00112500000000E+03  -2.50184000000000E+01
 2.00120830000000E+03  -2.12842000000000E+01
 2.00129170000000E+03  -2.55507000000000E+01
 2.00137500000000E+03  -3.50476000000000E+01
 2.00145830000000E+03  -4.36985000000000E+01
 2.00154170000000E+03  -5.51192000000000E+01
 2.00162500000000E+03  -5.02319000000000E+01
 2.00170830000000E+03  -4.47294000000000E+01
 2.00179170000000E+03  -4.28428000000000E+01
 2.00187500000000E+03  -3.27252000000000E+01
 2.00195830000000E+03  -3.03770000000000E+01
 2.00204170000000E+03  -2.91831000000000E+01
 2.00212500000000E+03  -2.14506000000000E+01
 2.00220830000000E+03  -6.48740000000000E+00
 2.00229170000000E+03  -2.90930000000000E+00
 2.00237500000000E+03  -1.51772000000000E+01
 2.00245830000000E+03  -2.79836000000000E+01
 2.00254170000000E+03  -4.17137000000000E+01
 2.00262500000000E+03  -3.83666000000000E+01
 2.00270830000000E+03  -2.77888000000000E+01
 2.00279170000000E+03  -1.64424000000000E+01
 2.00287500000000E+03  -1.49419000000000E+01
 2.00295830000000E+03  -1.92107000000000E+01
 2.00304170000000E+03  -3.77878000000000E+01
 2.00312500000000E+03  -4.33646000000000E+01
 2.00320830000000E+03  -3.88646000000000E+01
 2.00329170000000E+03  -4.10575000000000E+01
 2.00337500000000E+03  -5.19425000000000E+01
 2.00345830000000E+03  -5.61352000000000E+01
 2.00354170000000E+03  -5.87132000000000E+01
 2.00362500000000E+03  -4.90600000000000E+01
 2.00370830000000E+03  -4.46378000000000E+01
 2.00379170000000E+03  -5.92931000000000E+01
 2.00387500000000E+03  -7.31020000000000E+01
 2.00395830000000E+03  -7.84494000000000E+01
 2.00404170000000E+03  -7.77974000000000E+01
 2.00412500000000E+03  -6.56836000000000E+01
 2.00420830000000E+03  -4.83392000000000E+01
 2.00429170000000E+03  -4.89953000000000E+01
 2.00437500000000E+03  -5.84204000000000E+01
 2.00445830000000E+03  -7.36918000000000E+01
 2.00454170000000E+03  -6.96560000000000E+01
 2.00462500000000E+03  -5.86969000000000E+01
 2.00470830000000E+03  -6.18918000000000E+01
 2.00479170000000E+03  -5.48565000000000E+01
 2.00487500000000E+03  -3.90516000000000E+01
 2.00495830000000E+03  -2.63239000000000E+01
 2.00504170000000E+03  -2.46736000000000E+01
 2.00512500000000E+03  -1.49461000000000E+01
 2.00520830000000E+03   3.55050000000000E+00
 2.00529170000000E+03   1.01234000000000E+01
 2.00537500000000E+03  -5.68800000000000E+00
 2.00545830000000E+03  -1.71149000000000E+01
 2.00554170000000E+03  -1.60808000000000E+01
 2.00562500000000E+03  -2.58157000000000E+01
 2.00570830000000E+03  -3.32430000000000E+01
 2.00579170000000E+03  -3.19017000000000E+01
 2.00587500000000E+03  -2.77140000000000E+01
 2.00595830000000E+03  -3.45263000000000E+01
 2.00604170000000E+03  -4.61854000000000E+01
 2.00612500000000E+03  -4.21520000000000E+01
 2.00620830000000E+03  -3.81955000000000E+01
 2.00629170000000E+03  -4.88550000000000E+01
 2.00637500000000E+03  -6.12066000000000E+01
 2.00645830000000E+03  -6.24044000000000E+01
 2.00654170000000E+03  -6.17567000000000E+01
 2.00662500000000E+03  -6.33394000000000E+01
 2.00670830000000E+03  -6.16146000000000E+01
 2.00679170000000E+03  -6.01212000000000E+01
 2.00687500000000E+03  -4.83197000000000E+01
 2.00695830000000E+03  -4.55953000000000E+01
 2.00704170000000E+03  -4.07177000000000E+01
 2.00712500000000E+03  -3.19166000000000E+01
 2.00720830000000E+03  -1.95004000000000E+01
 2.00729170000000E+03  -1.76231000000000E+01
 2.00737500000000E+03  -2.27456000000000E+01
 2.00745830000000E+03  -3.23297000000000E+01
 2.00754170000000E+03  -4.16068000000000E+01
 2.00762500000000E+03  -4.79604000000000E+01
 2.00770830000000E+03  -5.14681000000000E+01
 2.00779170000000E+03  -4.20532000000000E+01
 2.00787500000000E+03  -3.61766000000000E+01
 2.00795830000000E+03  -5.04539000000000E+01
 2.00804170000000E+03  -5.91933000000000E+01
 2.00812500000000E+03  -5.31632000000000E+01
 2.00820830000000E+03  -3.66717000000000E+01
 2.00829170000000E+03  -3.61038000000000E+01
 2.00837500000000E+03  -4.50742000000000E+01
 2.00845830000000E+03  -6.05062000000000E+01
 2.00854170000000E+03  -7.26310000000000E+01
 2.00862500000000E+03  -7.90633000000000E+01
 2.00870830000000E+03  -7.08804000000000E+01
 2.00879170000000E+03  -6.50826000000000E+01
 2.00887500000000E+03  -6.71307000000000E+01
 2.00895830000000E+03  -6.12558000000000E+01
 2.00904170000000E+03  -5.29200000000000E+01
 2.00912500000000E+03  -5.26609000000000E+01
 2.00920830000000E+03  -3.87095000000000E+01
 2.00929170000000E+03  -4.36818000000000E+01
 2.00937500000000E+03  -4.12692000000000E+01
 2.00945830000000E+03  -3.73183000000000E+01
 2.00954170000000E+03  -2.85218000000000E+01
 2.00962500000000E+03  -1.34173000000000E+01
 2.00970830000000E+03   6.22550000000000E+00
 2.00979170000000E+03   4.71390000000000E+00
 2.00987500000000E+03   6.97180000000000E+00
 2.00995830000000E+03   1.15260000000000E+00
 2.01004170000000E+03  -1.12825000000000E+01
 2.01012500000000E+03  -5.17890000000000E+00
 2.01020830000000E+03   8.30920000000000E+00
 2.01029170000000E+03  -6.74170000000000E+00
 2.01037500000000E+03  -1.50231000000000E+01
 2.01045830000000E+03  -4.11508000000000E+01
 2.01054170000000E+03  -6.23560000000000E+01
 2.01062500000000E+03  -6.87147000000000E+01
 2.01070830000000E+03  -6.97659000000000E+01
 2.01079170000000E+03  -8.08177000000000E+01
 2.01087500000000E+03  -7.44846000000000E+01
 2.01095830000000E+03  -7.16900000000000E+01
 2.01104170000000E+03  -6.44346000000000E+01
 2.01112500000000E+03  -5.07172000000000E+01
 2.01120830000000E+03  -4.69231000000000E+01
 2.01129170000000E+03  -4.95911000000000E+01
 2.01137500000000E+03  -5.44896000000000E+01
 2.01145830000000E+03  -6.34652000000000E+01
 2.01154170000000E+03  -6.92874000000000E+01
 2.01162500000000E+03  -6.26479000000000E+01
 2.01170830000000E+03  -5.94700000000000E+01
 2.01179170000000E+03  -5.38312000000000E+01
 2.01187500000000E+03  -3.77305000000000E+01
 2.01195830000000E+03  -2.37069000000000E+01
 2.01204170000000E+03  -2.36069000000000E+01
 2.01212500000000E+03  -1.98913000000000E+01
 2.01220830000000E+03  -2.29451000000000E+01
 2.01229170000000E+03  -2.35378000000000E+01
 2.01237500000000E+03  -1.80534000000000E+01
 2.01245830000000E+03  -2.20306000000000E+01
 2.01254170000000E+03  -2.25469000000000E+01
 2.01262500000000E+03  -1.62937000000000E+01
 2.01270830000000E+03  -1.33483000000000E+01
 2.01279170000000E+03  -5.24960000000000E+00
 2.01287500000000E+03  -3.91980000000000E+00
 2.01295830000000E+03  -1.38979000000000E+01
 2.01304170000000E+03  -2.83381000000000E+01
 2.01312500000000E+03  -1.94704000000000E+01
 2.01320830000000E+03  -1.22181000000000E+01
 2.01329170000000E+03  -3.96640000000000E+00
 2.01337500000000E+03  -7.25290000000000E+00
 2.01345830000000E+03  -2.36165000000000E+01
 2.01354170000000E+03  -2.88268000000000E+01
 2.01362500000000E+03  -2.34214000000000E+01
 2.01370830000000E+03  -1.27084000000000E+01
 2.01379170000000E+03  -4.53450000000000E+00
 2.01387500000000E+03  -2.59110000000000E+00
 2.01395830000000E+03  -1.49390000000000E+00
 2.01404170000000E+03   6.98720000000000E+00
 2.01412500000000E+03   2.10841000000000E+01
 2.01420830000000E+03   3.41039000000000E+01
 2.01429170000000E+03   3.29692000000000E+01
 2.01437500000000E+03   2.46041000000000E+01
 2.01445830000000E+03   2.44697000000000E+01
 2.01454170000000E+03   2.78731000000000E+01
 2.01462500000000E+03   3.50460000000000E+01
 2.01470830000000E+03   3.26034000000000E+01
 2.01479170000000E+03   3.02371000000000E+01
 2.01487500000000E+03   2.87173000000000E+01
 2.01495830000000E+03   2.25051000000000E+01
 2.01504170000000E+03   2.09076000000000E+01
 2.01512500000000E+03   2.34643000000000E+01
 2.01520830000000E+03   2.47132000000000E+01
 2.01529170000000E+03   3.19615000000000E+01
 2.01537500000000E+03   3.59793000000000E+01
 2.01545830000000E+03   3.87662000000000E+01
 2.01554170000000E+03   3.69371000000000E+01
 2.01562500000000E+03   3.45699000000000E+01
 2.01570830000000E+03   3.35872000000000E+01
 2.01579170000000E+03   4.09115000000000E+01
 2.01587500000000E+03   4.58516000000000E+01
 2.01595830000000E+03   5.27915000000000E+01
 2.01604170000000E+03   5.33462000000000E+01
 2.01612500000000E+03   5.39781000000000E+01
 2.01620830000000E+03   5.60714000000000E+01
 2.01629170000000E+03   6.45488000000000E+01
 2.01637500000000E+03   5.11034000000000E+01
 2.01645830000000E+03   4.02732000000000E+01
 2.01654170000000E+03   2.39809000000000E+01
 2.01662500000000E+03   1.28427000000000E+01
 2.01670830000000E+03   6.85830000000000E+00
 2.01679170000000E+03   9.64250000000000E+00
 2.01687500000000E+03   2.42700000000000E+00
 2.01695830000000E+03   7.49800000000000E-01
 2.01704170000000E+03  -1.06202000000000E+01
 2.01712500000000E+03   1.70230000000000E+00
 2.01720830000000E+03   2.06401000000000E+01
 2.01729170000000E+03   2.55004000000000E+01
 2.01737500000000E+03   1.15148000000000E+01
 2.01745830000000E+03  -3.93250000000000E+00
 2.01754170000000E+03  -1.69188000000000E+01
 2.01762500000000E+03  -1.55202000000000E+01
 2.01770830000000E+03  -3.50630000000000E+00
 2.01779170000000E+03   1.89160000000000E+00
 2.01787500000000E+03  -3.47950000000000E+00
 2.01795830000000E+03  -5.15830000000000E+00
 2.01804170000000E+03  -3.83780000000000E+00
 2.01812500000000E+03  -2.67080000000000E+00
 2.01820830000000E+03  -1.19300000000000E-01
 2.01829170000000E+03  -1.12607000000000E+01
 2.01837500000000E+03  -1.23249000000000E+01
 2.01845830000000E+03  -1.56970000000000E+01
 2.01854170000000E+03  -1.59157000000000E+01
 2.01862500000000E+03  -2.44190000000000E+00
 2.01870830000000E+03   1.10318000000000E+01
 2.01879170000000E+03   9.65880000000000E+00
 2.01887500000000E+03   1.75937000000000E+01
 2.01895830000000E+03   2.65286000000000E+01
 2.01904170000000E+03   3.86936000000000E+01
 2.01912500000000E+03   4.41666000000000E+01
 2.01920830000000E+03   6.24856000000000E+01
 2.01929170000000E+03   7.24194000000000E+01
 2.01937500000000E+03   7.93535000000000E+01
 2.01945830000000E+03   7.07490000000000E+01
 2.01954170000000E+03   6.42978000000000E+01
 2.01962500000000E+03   6.60776000000000E+01
 2.01970830000000E+03   6.23958000000000E+01
 2.01979170000000E+03   6.08672000000000E+01
 2.01987500000000E+03   6.21081000000000E+01
 2.01995830000000E+03   6.34259000000000E+01
 2.02004170000000E+03   6.44353000000000E+01
 2.02012500000000E+03   6.44451000000000E+01
 2.02020830000000E+03   7.49932000000000E+01
 2.02029170000000E+03   7.76176000000000E+01
 2.02037500000000E+03   7.13192000000000E+01
 2.02045830000000E+03   5.34054000000000E+01
 2.02054170000000E+03   4.87217000000000E+01
 2.02062500000000E+03   5.34229000000000E+01
 2.02070830000000E+03   5.78163000000000E+01
 2.02079170000000E+03   6.05937000000000E+01
 2.02087500000000E+03   5.57560000000000E+01
 2.02095830000000E+03   5.39951000000000E+01
 2.02104170000000E+03   4.78491000000000E+01
 2.02112500000000E+03   4.45494000000000E+01
 2.02120830000000E+03   4.90189000000000E+01
 2.02129170000000E+03   4.40262000000000E+01
 2.02137500000000E+03   3.79570000000000E+01
 2.02145830000000E+03   2.54260000000000E+01
 2.02154170000000E+03   3.10483000000000E+01
 2.02162500000000E+03   3.10555000000000E+01
 2.02170830000000E+03   2.45241000000000E+01
 2.02179170000000E+03   2.12229000000000E+01
 2.02187500000000E+03   2.80759000000000E+01
 2.02195830000000E+03   3.80825000000000E+01
 2.02204170000000E+03   3.30117000000000E+01
 2.02212500000000E+03   3.44796000000000E+01
 2.02220830000000E+03   4.85627000000000E+01
 2.02229170000000E+03   5.57222000000000E+01
 2.02237500000000E+03   5.64205000000000E+01
 2.02245830000000E+03   4.81955000000000E+01
 2.02254170000000E+03   4.34315000000000E+01
 2.02262500000000E+03   3.38216000000000E+01
 2.02270830000000E+03   4.28270000000000E+01
 2.02279170000000E+03   5.50626000000000E+01
 2.02287500000000E+03   6.54523000000000E+01
 2.02295830000000E+03   6.93803000000000E+01
 2.02304170000000E+03   6.36155000000000E+01
 2.02312500000000E+03   7.10048000000000E+01
 2.02320830000000E+03   8.37016000000000E+01
 2.02329170000000E+03   8.70133000000000E+01
 2.02337500000000E+03   8.38637000000000E+01
 2.02345830000000E+03   7.25601000000000E+01
 2.02354170000000E+03   7.41662000000000E+01
 2.02362500000000E+03   8.68611000000000E+01
 2.02370830000000E+03   1.04271100000000E+02
 2.02379170000000E+03   1.07856300000000E+02
 2.02387500000000E+03   1.12183400000000E+02
 2.02395830000000E+03   1.13712800000000E+02
