 1.92487500000000E+03  -6.77680000000000E+01
 1.92495830000000E+03  -5.79819000000000E+01
 1.92504170000000E+03  -4.56326000000000E+01
 1.92512500000000E+03  -3.42885000000000E+01
 1.92520830000000E+03  -2.47667000000000E+01
 1.92529170000000E+03  -1.61117000000000E+01
 1.92537500000000E+03  -1.30463000000000E+01
 1.92545830000000E+03  -8.39800000000000E-01
 1.92554170000000E+03   1.02126000000000E+01
 1.92562500000000E+03   1.63422000000000E+01
 1.92570830000000E+03   2.41641000000000E+01
 1.92579170000000E+03   2.74474000000000E+01
 1.92587500000000E+03   3.54232000000000E+01
 1.92595830000000E+03   4.06298000000000E+01
 1.92604170000000E+03   4.37592000000000E+01
 1.92612500000000E+03   4.51966000000000E+01
 1.92620830000000E+03   4.28648000000000E+01
 1.92629170000000E+03   3.91481000000000E+01
 1.92637500000000E+03   3.28933000000000E+01
 1.92645830000000E+03   3.22538000000000E+01
 1.92654170000000E+03   2.08449000000000E+01
 1.92662500000000E+03   7.82080000000000E+00
 1.92670830000000E+03  -8.18600000000000E-01
 1.92679170000000E+03  -8.30440000000000E+00
 1.92687500000000E+03  -1.36361000000000E+01
 1.92695830000000E+03  -1.23524000000000E+01
 1.92704170000000E+03  -1.25304000000000E+01
 1.92712500000000E+03  -1.27082000000000E+01
 1.92720830000000E+03  -1.24245000000000E+01
 1.92729170000000E+03  -9.29480000000000E+00
 1.92737500000000E+03  -6.16490000000000E+00
 1.92745830000000E+03  -1.65030000000000E+00
 1.92754170000000E+03  -1.82820000000000E+00
 1.92762500000000E+03   2.68630000000000E+00
 1.92770830000000E+03   1.35480000000000E+00
 1.92779170000000E+03   1.86920000000000E+00
 1.92787500000000E+03   5.23000000000000E+00
 1.92795830000000E+03   1.25908000000000E+01
 1.92804170000000E+03   1.58745000000000E+01
 1.92812500000000E+03   2.10815000000000E+01
 1.92820830000000E+03   2.15962000000000E+01
 1.92829170000000E+03   1.95723000000000E+01
 1.92837500000000E+03   1.77793000000000E+01
 1.92845830000000E+03   1.78325000000000E+01
 1.92854170000000E+03   1.78855000000000E+01
 1.92862500000000E+03   1.58619000000000E+01
 1.92870830000000E+03   1.14536000000000E+01
 1.92879170000000E+03   1.66605000000000E+01
 1.92887500000000E+03   2.33292000000000E+01
 1.92895830000000E+03   2.66902000000000E+01
 1.92904170000000E+03   3.18971000000000E+01
 1.92912500000000E+03   3.38736000000000E+01
 1.92920830000000E+03   3.41577000000000E+01
 1.92929170000000E+03   3.37493000000000E+01
 1.92937500000000E+03   3.16489000000000E+01
 1.92945830000000E+03   2.63176000000000E+01
 1.92954170000000E+03   2.14478000000000E+01
 1.92962500000000E+03   1.61166000000000E+01
 1.92970830000000E+03   1.47085000000000E+01
 1.92979170000000E+03   1.26848000000000E+01
 1.92987500000000E+03   7.58450000000000E+00
 1.92995830000000E+03   8.56110000000000E+00
 1.93004170000000E+03   1.30759000000000E+01
 1.93012500000000E+03   1.59756000000000E+01
 1.93020830000000E+03   1.69522000000000E+01
 1.93029170000000E+03   1.72363000000000E+01
 1.93037500000000E+03   2.00592000000000E+01
 1.93045830000000E+03   2.34205000000000E+01
 1.93054170000000E+03   2.64739000000000E+01
 1.93062500000000E+03   3.14506000000000E+01
 1.93070830000000E+03   3.08119000000000E+01
 1.93079170000000E+03   3.23269000000000E+01
 1.93087500000000E+03   3.42267000000000E+01
 1.93095830000000E+03   3.96650000000000E+01
 1.93104170000000E+03   4.60262000000000E+01
 1.93112500000000E+03   4.81569000000000E+01
 1.93120830000000E+03   4.72106000000000E+01
 1.93129170000000E+03   4.49565000000000E+01
 1.93137500000000E+03   3.93949000000000E+01
 1.93145830000000E+03   2.98333000000000E+01
 1.93154170000000E+03   2.14253000000000E+01
 1.93162500000000E+03   2.00945000000000E+01
 1.93170830000000E+03   1.07637000000000E+01
 1.93179170000000E+03   9.35580000000000E+00
 1.93187500000000E+03   9.17890000000000E+00
 1.93195830000000E+03   9.46360000000000E+00
 1.93204170000000E+03   1.22865000000000E+01
 1.93212500000000E+03   1.09558000000000E+01
 1.93220830000000E+03   1.07790000000000E+01
 1.93229170000000E+03   7.37120000000000E+00
 1.93237500000000E+03   4.80980000000000E+00
 1.93245830000000E+03   1.17140000000000E+00
 1.93254170000000E+03   3.14830000000000E+00
 1.93262500000000E+03  -1.25920000000000E+00
 1.93270830000000E+03  -7.28210000000000E+00
 1.93279170000000E+03  -9.76670000000000E+00
 1.93287500000000E+03  -1.67127000000000E+01
 1.93295830000000E+03  -1.97355000000000E+01
 1.93304170000000E+03  -1.68355000000000E+01
 1.93312500000000E+03  -1.86275000000000E+01
 1.93320830000000E+03  -2.25734000000000E+01
 1.93329170000000E+03  -3.09041000000000E+01
 1.93337500000000E+03  -3.72346000000000E+01
 1.93345830000000E+03  -4.37188000000000E+01
 1.93354170000000E+03  -4.67418000000000E+01
 1.93362500000000E+03  -5.35337000000000E+01
 1.93370830000000E+03  -4.99411000000000E+01
 1.93379170000000E+03  -4.85024000000000E+01
 1.93387500000000E+03  -4.49866000000000E+01
 1.93395830000000E+03  -3.73939000000000E+01
 1.93404170000000E+03  -3.10321000000000E+01
 1.93412500000000E+03  -2.95932000000000E+01
 1.93420830000000E+03  -2.39235000000000E+01
 1.93429170000000E+03  -2.90232000000000E+01
 1.93437500000000E+03  -2.78150000000000E+01
 1.93445830000000E+03  -2.42222000000000E+01
 1.93454170000000E+03  -2.30142000000000E+01
 1.93462500000000E+03  -2.05752000000000E+01
 1.93470830000000E+03  -2.07515000000000E+01
 1.93479170000000E+03  -2.32358000000000E+01
 1.93487500000000E+03  -2.59506000000000E+01
 1.93495830000000E+03  -2.23576000000000E+01
 1.93504170000000E+03  -1.86111000000000E+01
 1.93512500000000E+03  -1.64027000000000E+01
 1.93520830000000E+03  -1.65790000000000E+01
 1.93529170000000E+03  -2.14478000000000E+01
 1.93537500000000E+03  -2.13932000000000E+01
 1.93545830000000E+03  -2.11079000000000E+01
 1.93554170000000E+03  -2.80535000000000E+01
 1.93562500000000E+03  -2.79989000000000E+01
 1.93570830000000E+03  -2.91751000000000E+01
 1.93579170000000E+03  -3.05053000000000E+01
 1.93587500000000E+03  -2.81430000000000E+01
 1.93595830000000E+03  -2.46268000000000E+01
 1.93604170000000E+03  -2.21877000000000E+01
 1.93612500000000E+03  -1.85946000000000E+01
 1.93620830000000E+03  -1.61553000000000E+01
 1.93629170000000E+03  -1.39469000000000E+01
 1.93637500000000E+03  -1.12768000000000E+01
 1.93645830000000E+03  -7.91430000000000E+00
 1.93654170000000E+03  -1.11675000000000E+01
 1.93662500000000E+03  -7.34350000000000E+00
 1.93670830000000E+03  -9.82710000000000E+00
 1.93679170000000E+03  -1.36956000000000E+01
 1.93687500000000E+03  -6.79460000000000E+00
 1.93695830000000E+03  -3.89360000000000E+00
 1.93704170000000E+03   4.39180000000000E+00
 1.93712500000000E+03   7.67740000000000E+00
 1.93720830000000E+03   9.11690000000000E+00
 1.93729170000000E+03   5.86400000000000E+00
 1.93737500000000E+03   1.91890000000000E+00
 1.93745830000000E+03  -1.03100000000000E-01
 1.93754170000000E+03  -5.09900000000000E-01
 1.93762500000000E+03   2.37400000000000E-01
 1.93770830000000E+03  -5.86150000000000E+00
 1.93779170000000E+03  -6.49900000000000E+00
 1.93787500000000E+03  -4.82860000000000E+00
 1.93795830000000E+03  -5.00430000000000E+00
 1.93804170000000E+03  -3.10330000000000E+00
 1.93812500000000E+03  -3.74060000000000E+00
 1.93820830000000E+03  -4.83930000000000E+00
 1.93829170000000E+03  -1.03998000000000E+01
 1.93837500000000E+03  -1.45755000000000E+01
 1.93845830000000E+03  -1.31357000000000E+01
 1.93854170000000E+03  -1.75423000000000E+01
 1.93862500000000E+03  -2.59487000000000E+01
 1.93870830000000E+03  -3.17397000000000E+01
 1.93879170000000E+03  -2.90693000000000E+01
 1.93887500000000E+03  -2.57833000000000E+01
 1.93895830000000E+03  -2.05743000000000E+01
 1.93904170000000E+03  -1.60577000000000E+01
 1.93912500000000E+03  -1.08486000000000E+01
 1.93920830000000E+03  -4.25480000000000E+00
 1.93929170000000E+03  -8.92100000000000E-01
 1.93937500000000E+03   8.54790000000000E+00
 1.93945830000000E+03   1.32955000000000E+01
 1.93954170000000E+03   1.17352000000000E+01
 1.93962500000000E+03   1.29444000000000E+01
 1.93970830000000E+03   2.07690000000000E+01
 1.93979170000000E+03   2.67473000000000E+01
 1.93987500000000E+03   2.84181000000000E+01
 1.93995830000000E+03   2.92427000000000E+01
 1.94004170000000E+03   2.99903000000000E+01
 1.94012500000000E+03   3.23534000000000E+01
 1.94020830000000E+03   3.26397000000000E+01
 1.94029170000000E+03   2.61565000000000E+01
 1.94037500000000E+03   2.26735000000000E+01
 1.94045830000000E+03   2.20367000000000E+01
 1.94054170000000E+03   1.95536000000000E+01
 1.94062500000000E+03   2.59168000000000E+01
 1.94070830000000E+03   3.20493000000000E+01
 1.94079170000000E+03   2.93354000000000E+01
 1.94087500000000E+03   3.00833000000000E+01
 1.94095830000000E+03   3.16005000000000E+01
 1.94104170000000E+03   3.79636000000000E+01
 1.94112500000000E+03   4.29423000000000E+01
 1.94120830000000E+03   4.83826000000000E+01
 1.94129170000000E+03   5.38996000000000E+01
 1.94137500000000E+03   5.77245000000000E+01
 1.94145830000000E+03   5.99341000000000E+01
 1.94154170000000E+03   5.10665000000000E+01
 1.94162500000000E+03   4.98915000000000E+01
 1.94170830000000E+03   4.08703000000000E+01
 1.94179170000000E+03   3.25413000000000E+01
 1.94187500000000E+03   3.02124000000000E+01
 1.94195830000000E+03   3.18836000000000E+01
 1.94204170000000E+03   3.61700000000000E+01
 1.94212500000000E+03   3.73797000000000E+01
 1.94220830000000E+03   3.76663000000000E+01
 1.94229170000000E+03   3.23373000000000E+01
 1.94237500000000E+03   2.15471000000000E+01
 1.94245830000000E+03   9.91070000000000E+00
 1.94254170000000E+03   2.65870000000000E+00
 1.94262500000000E+03  -3.36230000000000E+00
 1.94270830000000E+03  -1.26141000000000E+01
 1.94279170000000E+03  -1.81737000000000E+01
 1.94287500000000E+03  -1.83485000000000E+01
 1.94295830000000E+03  -1.29079000000000E+01
 1.94304170000000E+03  -1.11598000000000E+01
 1.94312500000000E+03  -9.48840000000000E+00
 1.94320830000000E+03  -9.20150000000000E+00
 1.94329170000000E+03  -1.19149000000000E+01
 1.94337500000000E+03  -1.30127000000000E+01
 1.94345830000000E+03  -7.72580000000000E+00
 1.94354170000000E+03  -7.43920000000000E+00
 1.94362500000000E+03  -7.61380000000000E+00
 1.94370830000000E+03  -1.94230000000000E+00
 1.94379170000000E+03   2.26750000000000E+00
 1.94387500000000E+03   6.01600000000000E+00
 1.94395830000000E+03   2.30290000000000E+00
 1.94404170000000E+03   1.89740000000000E+00
 1.94412500000000E+03   4.95360000000000E+00
 1.94420830000000E+03   7.62520000000000E+00
 1.94429170000000E+03   4.21970000000000E+00
 1.94437500000000E+03   2.66060000000000E+00
 1.94445830000000E+03  -1.05230000000000E+00
 1.94454170000000E+03  -8.07320000000000E+00
 1.94462500000000E+03  -1.10938000000000E+01
 1.94470830000000E+03  -1.91913000000000E+01
 1.94479170000000E+03  -3.05967000000000E+01
 1.94487500000000E+03  -3.30788000000000E+01
 1.94495830000000E+03  -2.68686000000000E+01
 1.94504170000000E+03  -1.41201000000000E+01
 1.94512500000000E+03  -6.06370000000000E+00
 1.94520830000000E+03  -2.23800000000000E+00
 1.94529170000000E+03  -3.64330000000000E+00
 1.94537500000000E+03  -5.50990000000000E+00
 1.94545830000000E+03  -5.91500000000000E+00
 1.94554170000000E+03  -8.85870000000000E+00
 1.94562500000000E+03  -1.13407000000000E+01
 1.94570830000000E+03  -1.08226000000000E+01
 1.94579170000000E+03  -6.84320000000000E+00
 1.94587500000000E+03  -7.09700000000000E-01
 1.94595830000000E+03   5.19300000000000E+00
 1.94604170000000E+03   5.94170000000000E+00
 1.94612500000000E+03   2.69060000000000E+00
 1.94620830000000E+03   3.43950000000000E+00
 1.94629170000000E+03   1.88300000000000E-01
 1.94637500000000E+03  -1.13970000000000E+00
 1.94645830000000E+03   2.22460000000000E+00
 1.94654170000000E+03   2.05040000000000E+00
 1.94662500000000E+03   3.03010000000000E+00
 1.94670830000000E+03   4.70220000000000E+00
 1.94679170000000E+03   3.14340000000000E+00
 1.94687500000000E+03   4.89240000000000E+00
 1.94695830000000E+03   6.87230000000000E+00
 1.94704170000000E+03   2.23650000000000E+00
 1.94712500000000E+03  -5.93750000000000E+00
 1.94720830000000E+03  -1.26499000000000E+01
 1.94729170000000E+03  -2.24394000000000E+01
 1.94737500000000E+03  -2.60749000000000E+01
 1.94745830000000E+03  -2.62488000000000E+01
 1.94820830000000E+03  -2.47370000000000E+01
 1.94829170000000E+03  -3.50648000000000E+01
 1.94837500000000E+03  -4.01616000000000E+01
 1.94845830000000E+03  -4.26430000000000E+01
 1.94854170000000E+03  -3.50477000000000E+01
 1.94862500000000E+03  -3.19137000000000E+01
 1.94870830000000E+03  -2.55489000000000E+01
 1.94920830000000E+03  -1.52833000000000E+01
 1.94929170000000E+03  -8.14940000000000E+00
 1.94937500000000E+03  -4.39990000000000E+00
 1.94945830000000E+03  -7.88110000000000E+00
 1.94954170000000E+03  -1.65163000000000E+01
 1.94962500000000E+03  -2.79206000000000E+01
 1.94970830000000E+03  -4.47864000000000E+01
 1.94979170000000E+03  -4.11908000000000E+01
 1.94987500000000E+03  -3.82874000000000E+01
 1.94995830000000E+03  -3.56916000000000E+01
 1.95004170000000E+03  -3.09421000000000E+01
 1.95012500000000E+03  -3.01924000000000E+01
 1.95020830000000E+03  -2.96735000000000E+01
 1.95029170000000E+03  -3.22317000000000E+01
 1.95037500000000E+03  -3.43281000000000E+01
 1.95045830000000E+03  -3.42707000000000E+01
 1.95054170000000E+03  -3.76750000000000E+01
 1.95062500000000E+03  -3.69252000000000E+01
 1.95070830000000E+03  -3.35600000000000E+01
 1.95079170000000E+03  -2.88104000000000E+01
 1.95087500000000E+03  -2.52145000000000E+01
 1.95095830000000E+03  -1.88492000000000E+01
 1.95104170000000E+03  -1.07919000000000E+01
 1.95112500000000E+03  -8.42670000000000E+00
 1.95120830000000E+03   9.25000000000000E-02
 1.95129170000000E+03   4.14980000000000E+00
 1.95137500000000E+03   7.28440000000000E+00
 1.95145830000000E+03   1.01882000000000E+01
 1.95154170000000E+03   1.07841000000000E+01
 1.95162500000000E+03   1.66879000000000E+01
 1.95170830000000E+03   1.88994000000000E+01
 1.95179170000000E+03   2.01107000000000E+01
 1.95187500000000E+03   2.06300000000000E+01
 1.95195830000000E+03   2.04569000000000E+01
 1.95204170000000E+03   1.88991000000000E+01
 1.95212500000000E+03   1.71107000000000E+01
 1.95220830000000E+03   1.60146000000000E+01
 1.95229170000000E+03   9.22600000000000E+00
 1.95237500000000E+03   4.36070000000000E+00
 1.95245830000000E+03   6.49300000000000E-01
 1.95254170000000E+03  -2.83150000000000E+00
 1.95262500000000E+03  -4.00440000000000E+00
 1.95270830000000E+03  -4.63890000000000E+00
 1.95279170000000E+03  -7.65810000000000E+00
 1.95287500000000E+03  -1.13695000000000E+01
 1.95295830000000E+03  -8.92690000000000E+00
 1.95304170000000E+03  -2.33080000000000E+00
 1.95312500000000E+03   2.65600000000000E-01
 1.95320830000000E+03  -4.45600000000000E-01
 1.95329170000000E+03  -4.38790000000000E+00
 1.95337500000000E+03  -6.63760000000000E+00
 1.95345830000000E+03  -1.33488000000000E+01
 1.95354170000000E+03  -1.32910000000000E+01
 1.95362500000000E+03  -1.69252000000000E+01
 1.95370830000000E+03  -2.03287000000000E+01
 1.95379170000000E+03  -2.45016000000000E+01
 1.95387500000000E+03  -2.37512000000000E+01
 1.95395830000000E+03  -2.34623000000000E+01
 1.95570830000000E+03  -3.17784000000000E+01
 1.95579170000000E+03  -4.15663000000000E+01
 1.95587500000000E+03  -5.06617000000000E+01
 1.95595830000000E+03  -5.76032000000000E+01
 1.95604170000000E+03  -5.91603000000000E+01
 1.95612500000000E+03  -5.55633000000000E+01
 1.95620830000000E+03  -5.01201000000000E+01
 1.95629170000000E+03  -5.30618000000000E+01
 1.95637500000000E+03  -4.80801000000000E+01
 1.95645830000000E+03  -4.54831000000000E+01
 1.95654170000000E+03  -4.05016000000000E+01
 1.95662500000000E+03  -3.59815000000000E+01
 1.95670830000000E+03  -3.49998000000000E+01
 1.95679170000000E+03  -3.09413000000000E+01
 1.95687500000000E+03  -2.66519000000000E+01
 1.95695830000000E+03  -1.67470000000000E+01
 1.95704170000000E+03  -6.38090000000000E+00
 1.95712500000000E+03   2.13940000000000E+00
 1.95720830000000E+03   5.65970000000000E+00
 1.95729170000000E+03   1.13336000000000E+01
 1.95737500000000E+03   1.86231000000000E+01
 1.95745830000000E+03   2.78357000000000E+01
 1.95754170000000E+03   3.56635000000000E+01
 1.95762500000000E+03   4.01839000000000E+01
 1.95770830000000E+03   4.28581000000000E+01
 1.95779170000000E+03   4.66860000000000E+01
 1.95787500000000E+03   4.83602000000000E+01
 1.95795830000000E+03   4.86498000000000E+01
 1.95804170000000E+03   4.75547000000000E+01
 1.95812500000000E+03   5.04597000000000E+01
 1.95820830000000E+03   5.35186000000000E+01
 1.95829170000000E+03   5.64235000000000E+01
 1.95837500000000E+03   5.57902000000000E+01
 1.95845830000000E+03   5.49261000000000E+01
 1.95854170000000E+03   5.12156000000000E+01
 1.95862500000000E+03   4.86592000000000E+01
 1.95870830000000E+03   4.49490000000000E+01
 1.95879170000000E+03   4.10078000000000E+01
 1.95887500000000E+03   4.08361000000000E+01
 1.95895830000000E+03   4.58183000000000E+01
 1.95904170000000E+03   5.36464000000000E+01
 1.95912500000000E+03   6.00901000000000E+01
 1.95920830000000E+03   5.99184000000000E+01
 1.95929170000000E+03   5.74389000000000E+01
 1.95937500000000E+03   5.21134000000000E+01
 1.95945830000000E+03   5.36341000000000E+01
 1.95954170000000E+03   4.76161000000000E+01
 1.95962500000000E+03   3.64446000000000E+01
 1.95970830000000E+03   2.88115000000000E+01
 1.95979170000000E+03   2.54089000000000E+01
 1.95987500000000E+03   2.61605000000000E+01
 1.95995830000000E+03   2.46044000000000E+01
 1.96004170000000E+03   2.14327000000000E+01
 1.96012500000000E+03   1.56458000000000E+01
 1.96020830000000E+03   9.55120000000000E+00
 1.96029170000000E+03   2.07190000000000E+00
 1.96037500000000E+03  -7.48420000000000E+00
 1.96045830000000E+03  -1.37325000000000E+01
 1.96054170000000E+03  -2.25964000000000E+01
 1.96062500000000E+03  -2.93832000000000E+01
 1.96070830000000E+03  -3.26315000000000E+01
 1.96079170000000E+03  -3.58800000000000E+01
 1.96087500000000E+03  -4.12051000000000E+01
 1.96095830000000E+03  -4.39149000000000E+01
 1.96104170000000E+03  -3.98557000000000E+01
 1.96112500000000E+03  -3.34885000000000E+01
 1.96120830000000E+03  -3.01213000000000E+01
 1.96129170000000E+03  -3.32928000000000E+01
 1.96137500000000E+03  -3.62333000000000E+01
 1.96145830000000E+03  -3.59429000000000E+01
 1.96154170000000E+03  -3.63451000000000E+01
 1.96162500000000E+03  -4.05163000000000E+01
 1.96170830000000E+03  -4.43798000000000E+01
 1.96179170000000E+03  -4.24743000000000E+01
 1.96187500000000E+03  -4.07223000000000E+01
 1.96195830000000E+03  -3.57396000000000E+01
 1.96204170000000E+03  -3.42955000000000E+01
 1.96212500000000E+03  -3.35436000000000E+01
 1.96220830000000E+03  -3.55608000000000E+01
 1.96229170000000E+03  -3.74244000000000E+01
 1.96237500000000E+03  -4.04416000000000E+01
 1.96245830000000E+03  -4.25357000000000E+01
 1.96254170000000E+03  -4.27069000000000E+01
 1.96262500000000E+03  -4.45702000000000E+01
 1.96270830000000E+03  -4.78181000000000E+01
 1.96279170000000E+03  -4.35278000000000E+01
 1.96287500000000E+03  -4.03910000000000E+01
 1.96295830000000E+03  -3.33312000000000E+01
 1.96304170000000E+03  -2.25023000000000E+01
 1.96312500000000E+03  -1.12117000000000E+01
 1.96320830000000E+03  -3.38260000000000E+00
 1.96329170000000E+03  -2.16910000000000E+00
 1.96337500000000E+03  -1.33990000000000E+00
 1.96345830000000E+03   6.48920000000000E+00
 1.96354170000000E+03   8.93360000000000E+00
 1.96362500000000E+03   2.22430000000000E+00
 1.96370830000000E+03  -3.10030000000000E+00
 1.96379170000000E+03  -4.19440000000000E+00
 1.96387500000000E+03  -7.21130000000000E+00
 1.96395830000000E+03  -9.99740000000000E+00
 1.96404170000000E+03  -1.34761000000000E+01
 1.96412500000000E+03  -1.52622000000000E+01
 1.96420830000000E+03  -1.98944000000000E+01
 1.96429170000000E+03  -2.87576000000000E+01
 1.96437500000000E+03  -3.69283000000000E+01
 1.96445830000000E+03  -4.37143000000000E+01
 1.96454170000000E+03  -5.16544000000000E+01
 1.96462500000000E+03  -5.11327000000000E+01
 1.96470830000000E+03  -4.70725000000000E+01
 1.96479170000000E+03  -3.99356000000000E+01
 1.96487500000000E+03  -3.87216000000000E+01
 1.96495830000000E+03  -3.16614000000000E+01
 1.96504170000000E+03  -2.42936000000000E+01
 1.96512500000000E+03  -1.46180000000000E+01
 1.96520830000000E+03  -9.40390000000000E+00
 1.96529170000000E+03  -6.26690000000000E+00
 1.96537500000000E+03  -3.12970000000000E+00
 1.96545830000000E+03   5.85370000000000E+00
 1.96554170000000E+03   1.17600000000000E+01
 1.96562500000000E+03   1.08972000000000E+01
 1.96570830000000E+03   9.34220000000000E+00
 1.96579170000000E+03   1.10178000000000E+01
 1.96587500000000E+03   1.43089000000000E+01
 1.96595830000000E+03   2.68309000000000E+01
 1.96604170000000E+03   3.98142000000000E+01
 1.96612500000000E+03   4.71823000000000E+01
 1.96629170000000E+03   4.52261000000000E+01
 1.96637500000000E+03   3.65943000000000E+01
 1.96645830000000E+03   3.10394000000000E+01
 1.96654170000000E+03   3.04074000000000E+01
 1.96662500000000E+03   2.15448000000000E+01
 1.96670830000000E+03   1.48362000000000E+01
 1.96679170000000E+03   1.42042000000000E+01
 1.96687500000000E+03   1.63417000000000E+01
 1.96695830000000E+03   2.20177000000000E+01
 1.96704170000000E+03   2.84627000000000E+01
 1.96712500000000E+03   3.62926000000000E+01
 1.96720830000000E+03   3.58917000000000E+01
 1.96729170000000E+03   3.12598000000000E+01
 1.96737500000000E+03   3.06282000000000E+01
 1.96745830000000E+03   3.25351000000000E+01
 1.96754170000000E+03   3.42109000000000E+01
 1.96762500000000E+03   3.21178000000000E+01
 1.96770830000000E+03   2.79478000000000E+01
 1.96779170000000E+03   2.61622000000000E+01
 1.96787500000000E+03   2.71460000000000E+01
 1.96795830000000E+03   2.39761000000000E+01
 1.96804170000000E+03   1.98059000000000E+01
 1.96812500000000E+03   1.56359000000000E+01
 1.96820830000000E+03   7.92750000000000E+00
 1.96829170000000E+03   2.14200000000000E+00
 1.96837500000000E+03   1.97210000000000E+00
 1.96845830000000E+03  -2.42850000000000E+00
 1.96854170000000E+03  -9.06300000000000E-01
 1.96862500000000E+03  -3.15300000000000E+00
 1.96870830000000E+03  -8.47670000000000E+00
 1.96879170000000E+03  -5.33910000000000E+00
 1.96887500000000E+03  -2.27810000000000E+00
 1.96895830000000E+03  -6.33000000000000E-02
 1.96904170000000E+03   4.22830000000000E+00
 1.96912500000000E+03   8.75080000000000E+00
 1.96920830000000E+03   1.18888000000000E+01
 1.96929170000000E+03   1.50266000000000E+01
 1.96937500000000E+03   1.81645000000000E+01
 1.96945830000000E+03   1.86872000000000E+01
 1.96954170000000E+03   1.40557000000000E+01
 1.96962500000000E+03   8.50150000000000E+00
 1.96970830000000E+03   8.33180000000000E+00
 1.96979170000000E+03   6.54660000000000E+00
 1.96987500000000E+03   6.83850000000000E+00
 1.96995830000000E+03   8.59200000000000E+00
 1.97004170000000E+03   1.21915000000000E+01
 1.97012500000000E+03   1.38680000000000E+01
 1.97020830000000E+03   1.20831000000000E+01
 1.97029170000000E+03   8.37490000000000E+00
 1.97037500000000E+03   1.35920000000000E+00
 1.97045830000000E+03  -9.42560000000000E+00
 1.97054170000000E+03  -1.78261000000000E+01
 1.97062500000000E+03  -1.96110000000000E+01
 1.97070830000000E+03  -2.80112000000000E+01
 1.97079170000000E+03  -3.57193000000000E+01
 1.97087500000000E+03  -3.47349000000000E+01
 1.97095830000000E+03  -3.15966000000000E+01
 1.97104170000000E+03  -2.63815000000000E+01
 1.97112500000000E+03  -2.35509000000000E+01
 1.97120830000000E+03  -2.55664000000000E+01
 1.97129170000000E+03  -3.11206000000000E+01
 1.97137500000000E+03  -3.83668000000000E+01
 1.97145830000000E+03  -4.32285000000000E+01
 1.97154170000000E+03  -4.28595000000000E+01
 1.97162500000000E+03  -4.23365000000000E+01
 1.97170830000000E+03  -3.89673000000000E+01
 1.97179170000000E+03  -3.32906000000000E+01
 1.97187500000000E+03  -2.89982000000000E+01
 1.97195830000000E+03  -2.04752000000000E+01
 1.97204170000000E+03  -1.57215000000000E+01
 1.97212500000000E+03  -1.14291000000000E+01
 1.97220830000000E+03  -8.52140000000000E+00
 1.97229170000000E+03  -1.69070000000000E+00
 1.97237500000000E+03   7.75550000000000E+00
 1.97245830000000E+03   2.09710000000000E+01
 1.97254170000000E+03   2.31863000000000E+01
 1.97262500000000E+03   2.69403000000000E+01
 1.97270830000000E+03   2.60790000000000E+01
 1.97279170000000E+03   1.90636000000000E+01
 1.97287500000000E+03   1.79714000000000E+01
 1.97295830000000E+03   1.88024000000000E+01
 1.97304170000000E+03   1.60178000000000E+01
 1.97312500000000E+03   1.42335000000000E+01
 1.97320830000000E+03   3.75680000000000E+00
 1.97329170000000E+03  -6.25850000000000E+00
 1.97337500000000E+03  -2.11967000000000E+01
 1.97345830000000E+03  -3.42887000000000E+01
 1.97354170000000E+03  -4.83040000000000E+01
 1.97362500000000E+03  -5.38575000000000E+01
 1.97370830000000E+03  -6.10264000000000E+01
 1.97379170000000E+03  -6.18877000000000E+01
 1.97387500000000E+03  -5.49797000000000E+01
 1.97395830000000E+03  -4.83793000000000E+01
 1.97404170000000E+03  -4.17790000000000E+01
 1.97412500000000E+03  -3.88709000000000E+01
 1.97420830000000E+03  -3.45782000000000E+01
 1.97429170000000E+03  -3.19779000000000E+01
 1.97437500000000E+03  -3.12236000000000E+01
 1.97445830000000E+03  -2.73923000000000E+01
 1.97454170000000E+03  -2.75612000000000E+01
 1.97462500000000E+03  -3.09607000000000E+01
 1.97470830000000E+03  -3.04371000000000E+01
 1.97479170000000E+03  -3.12982000000000E+01
 1.97487500000000E+03  -3.33131000000000E+01
 1.97495830000000E+03  -3.49432000000000E+01
 1.97504170000000E+03  -3.51121000000000E+01
 1.97512500000000E+03  -3.83576000000000E+01
 1.97520830000000E+03  -3.80646000000000E+01
 1.97529170000000E+03  -4.62334000000000E+01
 1.97537500000000E+03  -4.94020000000000E+01
 1.97545830000000E+03  -5.38013000000000E+01
 1.97554170000000E+03  -5.58931000000000E+01
 1.97562500000000E+03  -5.46770000000000E+01
 1.97570830000000E+03  -5.34609000000000E+01
 1.97579170000000E+03  -5.36295000000000E+01
 1.97587500000000E+03  -4.86442000000000E+01
 1.97595830000000E+03  -3.94280000000000E+01
 1.97604170000000E+03  -2.99812000000000E+01
 1.97612500000000E+03  -2.91497000000000E+01
 1.97620830000000E+03  -2.08565000000000E+01
 1.97629170000000E+03  -1.84866000000000E+01
 1.97637500000000E+03  -9.73190000000000E+00
 1.97645830000000E+03  -5.15700000000000E-01
 1.97654170000000E+03   7.31580000000000E+00
 1.97662500000000E+03   7.37830000000000E+00
 1.97670830000000E+03   2.28690000000000E+00
 1.97679170000000E+03  -1.42010000000000E+00
 1.97687500000000E+03  -2.04990000000000E+00
 1.97695830000000E+03  -3.60280000000000E+00
 1.97704170000000E+03  -4.07890000000000E+00
 1.97712500000000E+03  -4.93940000000000E+00
 1.97720830000000E+03  -2.33840000000000E+00
 1.97729170000000E+03  -6.73760000000000E+00
 1.97737500000000E+03  -8.29030000000000E+00
 1.97745830000000E+03  -1.15354000000000E+01
 1.97754170000000E+03  -1.52422000000000E+01
 1.97762500000000E+03  -1.64873000000000E+01
 1.97770830000000E+03  -1.41939000000000E+01
 1.97779170000000E+03  -1.15929000000000E+01
 1.97787500000000E+03  -5.37640000000000E+00
 1.97795830000000E+03  -1.85210000000000E+00
 1.97804170000000E+03   1.67190000000000E+00
 1.97812500000000E+03   3.19620000000000E+00
 1.97820830000000E+03   4.48970000000000E+00
 1.97829170000000E+03   6.24460000000000E+00
 1.97837500000000E+03   5.61510000000000E+00
 1.97845830000000E+03   3.83170000000000E+00
 1.97854170000000E+03   2.58670000000000E+00
 1.97862500000000E+03  -1.96590000000000E+00
 1.97870830000000E+03  -7.13380000000000E+00
 1.97879170000000E+03  -1.04558000000000E+01
 1.97887500000000E+03  -9.39290000000000E+00
 1.97895830000000E+03  -7.25310000000000E+00
 1.97904170000000E+03  -1.72880000000000E+00
 1.97912500000000E+03   3.48800000000000E+00
 1.97920830000000E+03   7.78170000000000E+00
 1.97929170000000E+03   4.07520000000000E+00
 1.97937500000000E+03  -2.47720000000000E+00
 1.97945830000000E+03  -4.02960000000000E+00
 1.97954170000000E+03  -3.73600000000000E+00
 1.97962500000000E+03  -2.36530000000000E+00
 1.97970830000000E+03  -2.84070000000000E+00
 1.97979170000000E+03  -3.31630000000000E+00
 1.97987500000000E+03  -1.79170000000000E+00
 1.97995830000000E+03   2.73290000000000E+00
 1.98004170000000E+03   3.71890000000000E+00
 1.98012500000000E+03   7.01280000000000E+00
 1.98020830000000E+03   6.61440000000000E+00
 1.98029170000000E+03   1.98500000000000E+00
 1.98037500000000E+03  -5.67200000000000E-01
 1.98045830000000E+03   1.18830000000000E+00
 1.98054170000000E+03   9.75000000000000E-02
 1.98062500000000E+03  -5.45470000000000E+00
 1.98070830000000E+03  -1.40838000000000E+01
 1.98079170000000E+03  -1.54053000000000E+01
 1.98087500000000E+03  -1.04190000000000E+01
 1.98095830000000E+03  -5.43260000000000E+00
 1.98104170000000E+03  -4.46500000000000E-01
 1.98112500000000E+03   4.07840000000000E+00
 1.98120830000000E+03   1.37250000000000E+00
 1.98129170000000E+03  -4.10500000000000E-01
 1.98137500000000E+03  -2.27020000000000E+00
 1.98145830000000E+03  -3.12990000000000E+00
 1.98154170000000E+03  -8.98980000000000E+00
 1.98162500000000E+03  -1.40802000000000E+01
 1.98170830000000E+03  -1.35553000000000E+01
 1.98179170000000E+03  -1.62613000000000E+01
 1.98187500000000E+03  -1.38901000000000E+01
 1.98195830000000E+03  -1.59036000000000E+01
 1.98204170000000E+03  -1.49172000000000E+01
 1.98212500000000E+03  -1.17768000000000E+01
 1.98220830000000E+03  -2.79020000000000E+00
 1.98229170000000E+03   5.04240000000000E+00
 1.98237500000000E+03   1.63367000000000E+01
 1.98245830000000E+03   2.55541000000000E+01
 1.98254170000000E+03   3.85406000000000E+01
 1.98262500000000E+03   4.82965000000000E+01
 1.98270830000000E+03   5.11293000000000E+01
 1.98279170000000E+03   5.32697000000000E+01
 1.98287500000000E+03   6.17949000000000E+01
 1.98295830000000E+03   7.21662000000000E+01
 1.98304170000000E+03   8.69990000000000E+01
 1.98312500000000E+03   9.92165000000000E+01
 1.98320830000000E+03   1.09357100000000E+02
 1.98329170000000E+03   1.08266800000000E+02
 1.98337500000000E+03   1.02176700000000E+02
 1.98345830000000E+03   8.87020000000000E+01
 1.98354170000000E+03   7.89194000000000E+01
 1.98362500000000E+03   6.35217000000000E+01
 1.98370830000000E+03   5.76624000000000E+01
 1.98379170000000E+03   5.49568000000000E+01
 1.98387500000000E+03   5.60207000000000E+01
 1.98395830000000E+03   5.86230000000000E+01
 1.98404170000000E+03   5.79943000000000E+01
 1.98412500000000E+03   5.50582000000000E+01
 1.98420830000000E+03   5.41991000000000E+01
 1.98429170000000E+03   4.25705000000000E+01
 1.98437500000000E+03   3.18652000000000E+01
 1.98445830000000E+03   2.86984000000000E+01
 1.98454170000000E+03   2.70698000000000E+01
 1.98462500000000E+03   2.39030000000000E+01
 1.98470830000000E+03   1.95055000000000E+01
 1.98479170000000E+03   1.58770000000000E+01
 1.98487500000000E+03   1.37872000000000E+01
 1.98495830000000E+03   1.12359000000000E+01
 1.98504170000000E+03   1.17613000000000E+01
 1.98512500000000E+03   7.13300000000000E+00
 1.98520830000000E+03   3.42790000000000E+00
 1.98529170000000E+03  -5.35430000000000E+00
 1.98537500000000E+03  -9.75170000000000E+00
 1.98545830000000E+03  -1.08414000000000E+01
 1.98554170000000E+03  -1.45467000000000E+01
 1.98562500000000E+03  -1.56364000000000E+01
 1.98570830000000E+03  -1.86491000000000E+01
 1.98579170000000E+03  -1.48159000000000E+01
 1.98587500000000E+03  -1.29055000000000E+01
 1.98595830000000E+03  -9.30280000000000E+00
 1.98604170000000E+03  -5.23870000000000E+00
 1.98612500000000E+03  -5.17450000000000E+00
 1.98620830000000E+03  -3.41790000000000E+00
 1.98629170000000E+03  -4.73840000000000E+00
 1.98637500000000E+03  -1.90480000000000E+00
 1.98645830000000E+03   2.39030000000000E+00
 1.98654170000000E+03   4.06980000000000E+00
 1.98662500000000E+03   1.04419000000000E+01
 1.98670830000000E+03   8.42930000000000E+00
 1.98679170000000E+03   1.04166000000000E+01
 1.98687500000000E+03   1.58656000000000E+01
 1.98695830000000E+03   1.68532000000000E+01
 1.98704170000000E+03   2.37636000000000E+01
 1.98712500000000E+03   2.69049000000000E+01
 1.98720830000000E+03   3.07387000000000E+01
 1.98729170000000E+03   3.03414000000000E+01
 1.98737500000000E+03   3.17905000000000E+01
 1.98745830000000E+03   2.39320000000000E+01
 1.98754170000000E+03   1.53040000000000E+01
 1.98762500000000E+03   1.32917000000000E+01
 1.98770830000000E+03   6.58700000000000E+00
 1.98779170000000E+03   7.34370000000000E+00
 1.98787500000000E+03   6.17750000000000E+00
 1.98795830000000E+03   1.54990000000000E+00
 1.98804170000000E+03   6.30660000000000E+00
 1.98812500000000E+03   5.37130000000000E+00
 1.98820830000000E+03   6.12820000000000E+00
 1.98829170000000E+03   1.03890000000000E+00
 1.98837500000000E+03  -8.28100000000000E+00
 1.98845830000000E+03  -2.01394000000000E+01
 1.98854170000000E+03  -2.76133000000000E+01
 1.98862500000000E+03  -3.53178000000000E+01
 1.98870830000000E+03  -3.99453000000000E+01
 1.98879170000000E+03  -4.21884000000000E+01
 1.98887500000000E+03  -4.02775000000000E+01
 1.98895830000000E+03  -3.42896000000000E+01
 1.98904170000000E+03  -2.62249000000000E+01
 1.98912500000000E+03  -2.53909000000000E+01
 1.98920830000000E+03  -2.04029000000000E+01
 1.98929170000000E+03  -2.34152000000000E+01
 1.98937500000000E+03  -2.07349000000000E+01
 1.98945830000000E+03  -1.43623000000000E+01
 1.98954170000000E+03  -7.98990000000000E+00
 1.98962500000000E+03  -3.92490000000000E+00
 1.98970830000000E+03   2.75540000000000E+00
 1.98979170000000E+03   5.82020000000000E+00
 1.98987500000000E+03   8.42360000000000E+00
 1.98995830000000E+03   1.37194000000000E+01
 1.99004170000000E+03   1.93996000000000E+01
 1.99012500000000E+03   2.15416000000000E+01
 1.99020830000000E+03   2.74528000000000E+01
 1.99029170000000E+03   3.05946000000000E+01
 1.99037500000000E+03   3.61212000000000E+01
 1.99045830000000E+03   3.38017000000000E+01
 1.99054170000000E+03   3.43282000000000E+01
 1.99062500000000E+03   3.60087000000000E+01
 1.99070830000000E+03   3.58431000000000E+01
 1.99079170000000E+03   3.30619000000000E+01
 1.99087500000000E+03   2.96655000000000E+01
 1.99095830000000E+03   3.23461000000000E+01
 1.99104170000000E+03   3.35650000000000E+01
 1.99112500000000E+03   3.27071000000000E+01
 1.99120830000000E+03   3.41570000000000E+01
 1.99129170000000E+03   3.35298000000000E+01
 1.99137500000000E+03   3.00566000000000E+01
 1.99145830000000E+03   2.56603000000000E+01
 1.99154170000000E+03   3.09562000000000E+01
 1.99162500000000E+03   3.57139000000000E+01
 1.99170830000000E+03   4.13946000000000E+01
 1.99179170000000E+03   4.70751000000000E+01
 1.99187500000000E+03   5.46790000000000E+01
 1.99195830000000E+03   5.98982000000000E+01
 1.99204170000000E+03   6.67326000000000E+01
 1.99212500000000E+03   6.95673000000000E+01
 1.99220830000000E+03   7.14789000000000E+01
 1.99229170000000E+03   7.15441000000000E+01
 1.99237500000000E+03   7.13788000000000E+01
 1.99245830000000E+03   6.72905000000000E+01
 1.99254170000000E+03   7.08173000000000E+01
 1.99262500000000E+03   6.46521000000000E+01
 1.99270830000000E+03   5.61022000000000E+01
 1.99279170000000E+03   4.44753000000000E+01
 1.99287500000000E+03   4.26947000000000E+01
 1.99295830000000E+03   4.56064000000000E+01
 1.99304170000000E+03   5.26718000000000E+01
 1.99312500000000E+03   5.20451000000000E+01
 1.99320830000000E+03   5.09569000000000E+01
 1.99329170000000E+03   5.14839000000000E+01
 1.99337500000000E+03   4.65496000000000E+01
 1.99345830000000E+03   3.66922000000000E+01
 1.99354170000000E+03   3.12961000000000E+01
 1.99362500000000E+03   1.75157000000000E+01
 1.99370830000000E+03   1.24276000000000E+01
 1.99379170000000E+03   4.18540000000000E+00
 1.99387500000000E+03   1.32810000000000E+00
 1.99395830000000E+03  -2.22150000000000E+00
 1.99404170000000E+03  -3.46360000000000E+00
 1.99412500000000E+03  -3.78240000000000E+00
 1.99420830000000E+03  -4.33200000000000E+00
 1.99429170000000E+03  -5.80480000000000E+00
 1.99437500000000E+03  -1.16620000000000E+01
 1.99445830000000E+03  -1.49808000000000E+01
 1.99454170000000E+03  -1.45305000000000E+01
 1.99462500000000E+03  -1.26184000000000E+01
 1.99470830000000E+03  -9.62940000000000E+00
 1.99479170000000E+03  -1.47945000000000E+01
 1.99487500000000E+03  -1.21900000000000E+01
 1.99495830000000E+03  -7.50870000000000E+00
 1.99504170000000E+03  -1.51980000000000E+00
 1.99512500000000E+03   4.00770000000000E+00
 1.99520830000000E+03   4.30450000000000E+00
 1.99529170000000E+03   9.85700000000000E-01
 1.99537500000000E+03  -4.17900000000000E+00
 1.99545830000000E+03  -4.72830000000000E+00
 1.99554170000000E+03  -9.12400000000000E+00
 1.99562500000000E+03  -1.20579000000000E+01
 1.99570830000000E+03  -1.84533000000000E+01
 1.99579170000000E+03  -2.30797000000000E+01
 1.99587500000000E+03  -1.74751000000000E+01
 1.99595830000000E+03  -1.19474000000000E+01
 1.99604170000000E+03  -9.49680000000000E+00
 1.99612500000000E+03  -6.66140000000000E+00
 1.99620830000000E+03  -6.82600000000000E+00
 1.99629170000000E+03  -8.75990000000000E+00
 1.99637500000000E+03  -1.13091000000000E+01
 1.99645830000000E+03  -1.28582000000000E+01
 1.99654170000000E+03  -1.66383000000000E+01
 1.99662500000000E+03  -1.61105000000000E+01
 1.99670830000000E+03  -1.39672000000000E+01
 1.99679170000000E+03  -1.25165000000000E+01
 1.99687500000000E+03  -4.50200000000000E-01
 1.99695830000000E+03   7.69310000000000E+00
 1.99704170000000E+03   1.69900000000000E+01
 1.99712500000000E+03   2.89026000000000E+01
 1.99720830000000E+03   3.96613000000000E+01
 1.99729170000000E+03   4.98813000000000E+01
 1.99737500000000E+03   6.33324000000000E+01
 1.99745830000000E+03   7.90911000000000E+01
 1.99754170000000E+03   9.10036000000000E+01
 1.99762500000000E+03   9.74547000000000E+01
 1.99770830000000E+03   1.02290400000000E+02
 1.99779170000000E+03   9.72798000000000E+01
 1.99787500000000E+03   9.83463000000000E+01
 1.99795830000000E+03   9.36436000000000E+01
 1.99804170000000E+03   9.47869000000000E+01
 1.99812500000000E+03   9.63919000000000E+01
 1.99820830000000E+03   9.15354000000000E+01
 1.99829170000000E+03   7.92941000000000E+01
 1.99837500000000E+03   6.25915000000000E+01
 1.99845830000000E+03   3.91197000000000E+01
 1.99854170000000E+03   1.99554000000000E+01
 1.99862500000000E+03   6.37500000000000E-01
 1.99870830000000E+03  -1.04497000000000E+01
 1.99879170000000E+03  -1.86140000000000E+01
 1.99887500000000E+03  -1.51626000000000E+01
 1.99895830000000E+03  -1.33267000000000E+01
 1.99904170000000E+03  -1.12601000000000E+01
 1.99912500000000E+03  -1.74241000000000E+01
 1.99920830000000E+03  -2.68958000000000E+01
 1.99929170000000E+03  -3.60600000000000E+01
 1.99937500000000E+03  -4.51470000000000E+01
 1.99945830000000E+03  -5.18494000000000E+01
 1.99954170000000E+03  -5.13981000000000E+01
 1.99962500000000E+03  -5.41774000000000E+01
 1.99970830000000E+03  -5.07259000000000E+01
 1.99979170000000E+03  -5.05054000000000E+01
 1.99987500000000E+03  -4.63616000000000E+01
 1.99995830000000E+03  -4.17562000000000E+01
 2.00004170000000E+03  -3.63817000000000E+01
 2.00012500000000E+03  -3.52379000000000E+01
 2.00020830000000E+03  -3.17094000000000E+01
 2.00029170000000E+03  -3.11041000000000E+01
 2.00037500000000E+03  -3.24986000000000E+01
 2.00045830000000E+03  -3.28931000000000E+01
 2.00054170000000E+03  -3.27494000000000E+01
 2.00062500000000E+03  -3.45285000000000E+01
 2.00070830000000E+03  -3.35383000000000E+01
 2.00079170000000E+03  -3.81638000000000E+01
 2.00087500000000E+03  -3.25582000000000E+01
 2.00095830000000E+03  -3.00295000000000E+01
 2.00104170000000E+03  -3.15011000000000E+01
 2.00112500000000E+03  -3.16647000000000E+01
 2.00120830000000E+03  -2.95975000000000E+01
 2.00129170000000E+03  -3.29921000000000E+01
 2.00137500000000E+03  -3.66172000000000E+01
 2.00145830000000E+03  -3.84731000000000E+01
 2.00154170000000E+03  -3.80214000000000E+01
 2.00162500000000E+03  -3.79542000000000E+01
 2.00170830000000E+03  -4.02715000000000E+01
 2.00179170000000E+03  -4.42044000000000E+01
 2.00187500000000E+03  -4.21371000000000E+01
 2.00195830000000E+03  -4.30698000000000E+01
 2.00204170000000E+03  -4.08489000000000E+01
 2.00212500000000E+03  -4.00123000000000E+01
 2.00220830000000E+03  -3.73295000000000E+01
 2.00229170000000E+03  -4.02624000000000E+01
 2.00237500000000E+03  -3.61181000000000E+01
 2.00245830000000E+03  -3.24353000000000E+01
 2.00254170000000E+03  -2.95988000000000E+01
 2.00262500000000E+03  -2.20698000000000E+01
 2.00270830000000E+03  -2.74639000000000E+01
 2.00279170000000E+03  -2.59351000000000E+01
 2.00287500000000E+03  -2.25599000000000E+01
 2.00295830000000E+03  -1.64155000000000E+01
 2.00304170000000E+03  -1.05020000000000E+01
 2.00312500000000E+03  -7.04990000000000E+00
 2.00320830000000E+03  -2.98230000000000E+00
 2.00329170000000E+03  -2.22700000000000E-01
 2.00337500000000E+03  -8.47400000000000E-01
 2.00345830000000E+03  -6.62600000000000E+00
 2.00354170000000E+03  -7.71240000000000E+00
 2.00362500000000E+03  -1.19524000000000E+01
 2.00370830000000E+03  -1.65771000000000E+01
 2.00379170000000E+03  -1.22020000000000E+01
 2.00387500000000E+03  -5.51890000000000E+00
 2.00395830000000E+03   2.70260000000000E+00
 2.00404170000000E+03   6.00090000000000E+00
 2.00412500000000E+03   6.60710000000000E+00
 2.00420830000000E+03   1.19825000000000E+01
 2.00429170000000E+03   1.35886000000000E+01
 2.00437500000000E+03   7.88710000000000E+00
 2.00445830000000E+03   9.72410000000000E+00
 2.00454170000000E+03   1.40225000000000E+01
 2.00462500000000E+03   1.73980000000000E+01
 2.00470830000000E+03   1.90812000000000E+01
 2.00479170000000E+03   1.73797000000000E+01
 2.00487500000000E+03   2.22168000000000E+01
 2.00495830000000E+03   2.14385000000000E+01
 2.00504170000000E+03   2.41216000000000E+01
 2.00512500000000E+03   2.82664000000000E+01
 2.00520830000000E+03   2.73344000000000E+01
 2.00529170000000E+03   1.98636000000000E+01
 2.00537500000000E+03   1.26239000000000E+01
 2.00545830000000E+03   6.61500000000000E+00
 2.00554170000000E+03  -3.62490000000000E+00
 2.00562500000000E+03  -1.31723000000000E+01
 2.00570830000000E+03  -2.61043000000000E+01
 2.00579170000000E+03  -2.94210000000000E+01
 2.00587500000000E+03  -2.87376000000000E+01
 2.00595830000000E+03  -2.85157000000000E+01
 2.00604170000000E+03  -2.04478000000000E+01
 2.00612500000000E+03  -2.01489000000000E+01
 2.00620830000000E+03  -1.88500000000000E+01
 2.00629170000000E+03  -1.59359000000000E+01
 2.00637500000000E+03  -1.50985000000000E+01
 2.00645830000000E+03  -1.45688000000000E+01
 2.00654170000000E+03  -1.40393000000000E+01
 2.00662500000000E+03  -1.39711000000000E+01
 2.00670830000000E+03  -1.83644000000000E+01
 2.00679170000000E+03  -1.69117000000000E+01
 2.00687500000000E+03  -1.64589000000000E+01
 2.00695830000000E+03  -1.63137000000000E+01
 2.00704170000000E+03  -1.16302000000000E+01
 2.00712500000000E+03  -1.38696000000000E+01
 2.00720830000000E+03  -1.54936000000000E+01
 2.00729170000000E+03  -2.37331000000000E+01
 2.00737500000000E+03  -3.22033000000000E+01
 2.00745830000000E+03  -3.97503000000000E+01
 2.00754170000000E+03  -4.65283000000000E+01
 2.00762500000000E+03  -5.33060000000000E+01
 2.00770830000000E+03  -6.09299000000000E+01
 2.00779170000000E+03  -6.14771000000000E+01
 2.00787500000000E+03  -5.71009000000000E+01
 2.00795830000000E+03  -4.73402000000000E+01
 2.00804170000000E+03  -3.67334000000000E+01
 2.00812500000000E+03  -2.97418000000000E+01
 2.00820830000000E+03  -2.53656000000000E+01
 2.00829170000000E+03  -2.50665000000000E+01
 2.00837500000000E+03  -2.30749000000000E+01
 2.00845830000000E+03  -2.07756000000000E+01
 2.00854170000000E+03  -2.09380000000000E+01
 2.00862500000000E+03  -2.07925000000000E+01
 2.00870830000000E+03  -1.78777000000000E+01
 2.00879170000000E+03  -1.24247000000000E+01
 2.00887500000000E+03  -5.74070000000000E+00
 2.00895830000000E+03  -2.28740000000000E+00
 2.00904170000000E+03  -3.91120000000000E+00
 2.00912500000000E+03  -8.07330000000000E+00
 2.00920830000000E+03  -1.16200000000000E+01
 2.00929170000000E+03  -1.20130000000000E+01
 2.00937500000000E+03  -1.32520000000000E+01
 2.00945830000000E+03  -8.49090000000000E+00
 2.00954170000000E+03  -5.80700000000000E+00
 2.00962500000000E+03  -4.59000000000000E-02
 2.00970830000000E+03  -1.28480000000000E+00
 2.00979170000000E+03  -2.44700000000000E+00
 2.00987500000000E+03   4.31420000000000E+00
 2.00995830000000E+03   7.22920000000000E+00
 2.01004170000000E+03   8.68250000000000E+00
 2.01012500000000E+03   9.05900000000000E+00
 2.01020830000000E+03   5.43560000000000E+00
 2.01037500000000E+03  -4.42680000000000E+00
 2.01045830000000E+03  -1.45117000000000E+01
 2.01054170000000E+03  -1.98275000000000E+01
 2.01062500000000E+03  -3.16816000000000E+01
 2.01070830000000E+03  -4.25357000000000E+01
 2.01079170000000E+03  -4.76977000000000E+01
 2.01087500000000E+03  -4.13979000000000E+01
 2.01095830000000E+03  -3.36365000000000E+01
 2.01104170000000E+03  -2.49523000000000E+01
 2.01112500000000E+03  -1.90371000000000E+01
 2.01120830000000E+03  -1.61988000000000E+01
 2.01129170000000E+03  -1.72068000000000E+01
 2.01137500000000E+03  -1.92146000000000E+01
 2.01145830000000E+03  -1.90685000000000E+01
 2.01154170000000E+03  -2.07688000000000E+01
 2.01162500000000E+03  -2.29304000000000E+01
 2.01170830000000E+03  -2.24766000000000E+01
 2.01179170000000E+03  -1.94076000000000E+01
 2.01187500000000E+03  -1.68769000000000E+01
 2.01195830000000E+03  -1.14231000000000E+01
 2.01204170000000E+03  -8.43090000000000E+00
 2.01212500000000E+03  -5.13090000000000E+00
 2.01220830000000E+03   9.22000000000000E-02
 2.01229170000000E+03   4.54590000000000E+00
 2.01237500000000E+03   6.53830000000000E+00
 2.01245830000000E+03   1.03769000000000E+01
 2.01254170000000E+03   8.67680000000000E+00
 2.01262500000000E+03   7.13080000000000E+00
 2.01270830000000E+03   6.89240000000000E+00
 2.01279170000000E+03   8.34620000000000E+00
 2.01287500000000E+03   1.05695000000000E+01
 2.01295830000000E+03   1.07927000000000E+01
 2.01304170000000E+03   9.24660000000000E+00
 2.01312500000000E+03   8.23910000000000E+00
 2.01320830000000E+03   5.77010000000000E+00
 2.01329170000000E+03   2.22400000000000E+00
 2.01337500000000E+03  -2.55260000000000E+00
 2.01345830000000E+03  -3.09850000000000E+00
 2.01354170000000E+03  -2.33680000000000E+00
 2.01362500000000E+03  -1.34420000000000E+00
 2.01370830000000E+03   4.17600000000000E-01
 2.01379170000000E+03   4.25630000000000E+00
 2.01387500000000E+03   1.14028000000000E+01
 2.01395830000000E+03   1.86262000000000E+01
 2.01404170000000E+03   2.56187000000000E+01
 2.01412500000000E+03   2.91499000000000E+01
 2.01420830000000E+03   3.99888000000000E+01
 2.01429170000000E+03   4.53660000000000E+01
 2.01437500000000E+03   4.39741000000000E+01
 2.01445830000000E+03   4.77362000000000E+01
 2.01454170000000E+03   4.83441000000000E+01
 2.01462500000000E+03   4.89523000000000E+01
 2.01470830000000E+03   5.34067000000000E+01
 2.01479170000000E+03   5.55532000000000E+01
 2.01487500000000E+03   5.80845000000000E+01
 2.01495830000000E+03   6.04620000000000E+01
 2.01504170000000E+03   6.69163000000000E+01
 2.01512500000000E+03   6.86784000000000E+01
 2.01520830000000E+03   8.00559000000000E+01
 2.01529170000000E+03   8.38949000000000E+01
 2.01537500000000E+03   8.41186000000000E+01
 2.01545830000000E+03   8.97269000000000E+01
 2.01554170000000E+03   8.44890000000000E+01
 2.01562500000000E+03   8.39435000000000E+01
 2.01570830000000E+03   8.04750000000000E+01
 2.01579170000000E+03   7.31601000000000E+01
 2.01587500000000E+03   6.86917000000000E+01
 2.01595830000000E+03   6.66078000000000E+01
 2.01604170000000E+03   6.42930000000000E+01
 2.01612500000000E+03   5.88246000000000E+01
 2.01620830000000E+03   5.65100000000000E+01
 2.01629170000000E+03   4.12722000000000E+01
 2.01637500000000E+03   2.49576000000000E+01
 2.01645830000000E+03   1.12585000000000E+01
 2.01654170000000E+03  -1.21010000000000E+00
 2.01662500000000E+03  -6.60150000000000E+00
 2.01670830000000E+03  -1.35313000000000E+01
 2.01679170000000E+03  -2.03075000000000E+01
 2.01687500000000E+03  -1.85451000000000E+01
 2.01695830000000E+03  -1.28595000000000E+01
 2.01704170000000E+03  -8.78950000000000E+00
 2.01712500000000E+03  -6.18080000000000E+00
 2.01720830000000E+03  -5.57210000000000E+00
 2.01729170000000E+03  -7.11740000000000E+00
 2.01737500000000E+03  -9.20100000000000E+00
 2.01745830000000E+03  -9.43840000000000E+00
 2.01754170000000E+03  -1.09068000000000E+01
 2.01762500000000E+03  -1.14519000000000E+01
 2.01770830000000E+03  -1.52277000000000E+01
 2.01779170000000E+03  -1.87729000000000E+01
 2.01787500000000E+03  -1.65487000000000E+01
 2.01795830000000E+03  -1.28629000000000E+01
 2.01804170000000E+03  -9.33120000000000E+00
 2.01812500000000E+03  -6.10700000000000E+00
 2.01820830000000E+03  -5.80580000000000E+00
 2.01829170000000E+03  -3.73550000000000E+00
 2.01837500000000E+03  -2.35740000000000E+00
 2.01845830000000E+03  -5.94600000000000E-01
 2.01854170000000E+03  -1.44740000000000E+00
 2.01862500000000E+03  -3.22300000000000E+00
 2.01870830000000E+03  -6.15250000000000E+00
 2.01879170000000E+03  -2.92830000000000E+00
 2.01887500000000E+03   3.73000000000000E-01
 2.01895830000000E+03   4.36670000000000E+00
 2.01904170000000E+03   5.66780000000000E+00
 2.01912500000000E+03   3.66150000000000E+00
 2.01920830000000E+03   3.34750000000000E+00
 2.01929170000000E+03   4.17900000000000E-01
 2.01937500000000E+03  -6.65300000000000E-01
 2.01945830000000E+03  -4.28690000000000E+00
 2.01954170000000E+03  -7.83180000000000E+00
 2.01962500000000E+03  -8.68420000000000E+00
 2.01970830000000E+03  -8.53650000000000E+00
 2.01979170000000E+03  -1.01583000000000E+01
 2.01987500000000E+03  -1.02414000000000E+01
 2.01995830000000E+03  -7.78600000000000E+00
 2.02004170000000E+03  -5.71550000000000E+00
 2.02012500000000E+03  -2.02930000000000E+00
 2.02020830000000E+03   1.50310000000000E+00
 2.02029170000000E+03  -1.34940000000000E+00
 2.02037500000000E+03  -6.50930000000000E+00
 2.02045830000000E+03  -1.61308000000000E+01
 2.02054170000000E+03  -2.09832000000000E+01
 2.02062500000000E+03  -2.67584000000000E+01
 2.02070830000000E+03  -3.56875000000000E+01
 2.02079170000000E+03  -3.74629000000000E+01
 2.02087500000000E+03  -3.36997000000000E+01
 2.02095830000000E+03  -2.87826000000000E+01
 2.02104170000000E+03  -2.36349000000000E+01
 2.02112500000000E+03  -2.01024000000000E+01
 2.02120830000000E+03  -2.14160000000000E+01
 2.02129170000000E+03  -2.45759000000000E+01
 2.02137500000000E+03  -3.01203000000000E+01
 2.02145830000000E+03  -2.86646000000000E+01
 2.02154170000000E+03  -2.79014000000000E+01
 2.02162500000000E+03  -2.99073000000000E+01
 2.02170830000000E+03  -2.87593000000000E+01
 2.02179170000000E+03  -2.72268000000000E+01
 2.02187500000000E+03  -2.73864000000000E+01
 2.02195830000000E+03  -2.30076000000000E+01
 2.02204170000000E+03  -2.28597000000000E+01
 2.02212500000000E+03  -2.14039000000000E+01
 2.02220830000000E+03  -1.80250000000000E+01
 2.02229170000000E+03  -1.81848000000000E+01
 2.02237500000000E+03  -2.13443000000000E+01
 2.02245830000000E+03  -2.01193000000000E+01
 2.02254170000000E+03  -2.16636000000000E+01
 2.02262500000000E+03  -2.39769000000000E+01
 2.02270830000000E+03  -2.77518000000000E+01
 2.02279170000000E+03  -2.82961000000000E+01
 2.02287500000000E+03  -1.98401000000000E+01
 2.02295830000000E+03  -1.49226000000000E+01
 2.02304170000000E+03  -9.77460000000000E+00
 2.02312500000000E+03  -1.78010000000000E+00
 2.02320830000000E+03   2.21440000000000E+00
 2.02329170000000E+03   3.97790000000000E+00
 2.02337500000000E+03   8.81850000000000E+00
 2.02345830000000E+03   1.66592000000000E+01
 2.02354170000000E+03   1.75766000000000E+01
 2.02362500000000E+03   1.81096000000000E+01
 2.02370830000000E+03   1.63349000000000E+01
 2.02379170000000E+03   1.70985000000000E+01
 2.02387500000000E+03   1.75547000000000E+01
 2.02395830000000E+03   1.62416000000000E+01
 2.02404170000000E+03   1.82360000000000E+01
 2.02412500000000E+03   1.54614000000000E+01
 2.02420830000000E+03   1.06868000000000E+01
 2.02429170000000E+03   5.29670000000000E+00
 2.02437500000000E+03  -7.55480000000000E+00
 2.02445830000000E+03  -1.97139000000000E+01
 2.02454170000000E+03  -2.81233000000000E+01
 2.02462500000000E+03  -3.01233000000000E+01
 2.02470830000000E+03  -3.00915000000000E+01
 2.02479170000000E+03  -2.36841000000000E+01
 2.02487500000000E+03  -1.32598000000000E+01
 2.02495830000000E+03  -2.66890000000000E+00
