 1.90504170000000E+03  -3.03952000000000E+01
 1.90512500000000E+03  -2.76671000000000E+01
 1.90520830000000E+03  -2.07961000000000E+01
 1.90529170000000E+03  -1.84252000000000E+01
 1.90537500000000E+03  -2.08724000000000E+01
 1.90545830000000E+03  -2.70165000000000E+01
 1.90554170000000E+03  -2.82354000000000E+01
 1.90562500000000E+03  -3.06721000000000E+01
 1.90570830000000E+03  -3.28780000000000E+01
 1.90579170000000E+03  -3.46225000000000E+01
 1.90587500000000E+03  -3.08284000000000E+01
 1.90595830000000E+03  -3.11881000000000E+01
 1.90604170000000E+03  -2.68557000000000E+01
 1.90612500000000E+03  -2.06770000000000E+01
 1.90620830000000E+03  -1.28060000000000E+01
 1.90629170000000E+03  -1.01659000000000E+01
 1.90637500000000E+03  -4.60260000000000E+00
 1.90645830000000E+03   2.73000000000000E+00
 1.90654170000000E+03   1.26778000000000E+01
 1.90662500000000E+03   1.34719000000000E+01
 1.90670830000000E+03   1.35737000000000E+01
 1.90679170000000E+03   1.03676000000000E+01
 1.90687500000000E+03   1.34694000000000E+01
 1.90695830000000E+03   1.64174000000000E+01
 1.90704170000000E+03   2.32883000000000E+01
 1.90712500000000E+03   3.00054000000000E+01
 1.90720830000000E+03   3.31842000000000E+01
 1.90729170000000E+03   3.06704000000000E+01
 1.90737500000000E+03   2.63876000000000E+01
 1.90745830000000E+03   1.96433000000000E+01
 1.90754170000000E+03   1.38988000000000E+01
 1.90762500000000E+03   1.02313000000000E+01
 1.90770830000000E+03   1.41024000000000E+01
 1.90779170000000E+03   1.46656000000000E+01
 1.90787500000000E+03   2.27674000000000E+01
 1.90795830000000E+03   2.45615000000000E+01
 1.90804170000000E+03   2.20478000000000E+01
 1.90812500000000E+03   1.93803000000000E+01
 1.90820830000000E+03   1.50206000000000E+01
 1.90829170000000E+03   1.11223000000000E+01
 1.90837500000000E+03   3.53180000000000E+00
 1.90845830000000E+03  -2.98180000000000E+00
 1.90854170000000E+03  -8.95710000000000E+00
 1.90862500000000E+03  -1.49322000000000E+01
 1.90870830000000E+03  -1.90611000000000E+01
 1.90879170000000E+03  -2.51133000000000E+01
 1.90887500000000E+03  -3.32423000000000E+01
 1.90895830000000E+03  -4.51405000000000E+01
 1.90904170000000E+03  -5.28080000000000E+01
 1.90912500000000E+03  -5.97062000000000E+01
 1.90920830000000E+03  -6.71429000000000E+01
 1.90929170000000E+03  -7.50412000000000E+01
 1.90937500000000E+03  -8.57086000000000E+01
 1.90945830000000E+03  -8.98376000000000E+01
 1.90954170000000E+03  -9.69667000000000E+01
 1.90962500000000E+03  -9.94802000000000E+01
 1.90970830000000E+03  -1.02686100000000E+02
 1.90979170000000E+03  -1.03969100000000E+02
 1.90987500000000E+03  -1.07328800000000E+02
 1.90995830000000E+03  -1.05303900000000E+02
 1.91004170000000E+03  -9.81253000000000E+01
 1.91012500000000E+03  -9.18696000000000E+01
 1.91020830000000E+03  -7.88447000000000E+01
 1.91029170000000E+03  -6.46661000000000E+01
 1.91037500000000E+03  -5.49489000000000E+01
 1.91045830000000E+03  -4.85394000000000E+01
 1.91054170000000E+03  -4.44377000000000E+01
 1.91062500000000E+03  -3.73359000000000E+01
 1.91070830000000E+03  -3.30033000000000E+01
 1.91079170000000E+03  -2.98247000000000E+01
 1.91087500000000E+03  -3.57998000000000E+01
 1.91095830000000E+03  -3.78518000000000E+01
 1.91104170000000E+03  -3.30578000000000E+01
 1.91112500000000E+03  -3.24175000000000E+01
 1.91120830000000E+03  -3.67772000000000E+01
 1.91129170000000E+03  -4.46755000000000E+01
 1.91137500000000E+03  -5.62660000000000E+01
 1.91145830000000E+03  -6.40872000000000E+01
 1.91154170000000E+03  -6.63702000000000E+01
 1.91162500000000E+03  -6.64991000000000E+01
 1.91170830000000E+03  -6.91665000000000E+01
 1.91179170000000E+03  -7.11417000000000E+01
 1.91187500000000E+03  -6.80399000000000E+01
 1.91195830000000E+03  -5.71688000000000E+01
 1.91204170000000E+03  -4.97594000000000E+01
 1.91212500000000E+03  -4.98884000000000E+01
 1.91220830000000E+03  -4.82481000000000E+01
 1.91229170000000E+03  -4.51464000000000E+01
 1.91237500000000E+03  -4.26599000000000E+01
 1.91245830000000E+03  -3.87888000000000E+01
 1.91254170000000E+03  -3.84564000000000E+01
 1.91262500000000E+03  -3.64315000000000E+01
 1.91270830000000E+03  -3.30219000000000E+01
 1.91279170000000E+03  -2.86894000000000E+01
 1.91287500000000E+03  -2.20491000000000E+01
 1.91295830000000E+03  -1.64858000000000E+01
 1.91304170000000E+03  -1.42302000000000E+01
 1.91312500000000E+03  -1.32053000000000E+01
 1.91320830000000E+03  -9.41110000000000E+00
 1.91329170000000E+03  -6.92480000000000E+00
 1.91337500000000E+03  -6.05370000000000E+00
 1.91345830000000E+03  -8.56730000000000E+00
 1.91354170000000E+03  -1.03886000000000E+01
 1.91362500000000E+03  -8.44060000000000E+00
 1.91370830000000E+03  -5.49260000000000E+00
 1.91379170000000E+03  -3.31400000000000E+00
 1.91387500000000E+03   4.94170000000000E+00
 1.91395830000000E+03   9.73590000000000E+00
 1.91404170000000E+03   1.54530000000000E+01
 1.91412500000000E+03   2.11702000000000E+01
 1.91420830000000E+03   2.78875000000000E+01
 1.91429170000000E+03   2.99122000000000E+01
 1.91437500000000E+03   3.16295000000000E+01
 1.91445830000000E+03   3.66544000000000E+01
 1.91454170000000E+03   3.76792000000000E+01
 1.91462500000000E+03   4.06272000000000E+01
 1.91470830000000E+03   4.56522000000000E+01
 1.91479170000000E+03   4.73693000000000E+01
 1.91487500000000E+03   4.41634000000000E+01
 1.91495830000000E+03   4.45730000000000E+01
 1.91504170000000E+03   5.19824000000000E+01
 1.91512500000000E+03   5.83920000000000E+01
 1.91520830000000E+03   6.50323000000000E+01
 1.91529170000000E+03   6.72109000000000E+01
 1.91537500000000E+03   6.75436000000000E+01
 1.91545830000000E+03   7.00300000000000E+01
 1.91554170000000E+03   7.05933000000000E+01
 1.91562500000000E+03   7.49259000000000E+01
 1.91570830000000E+03   7.36432000000000E+01
 1.91579170000000E+03   6.90526000000000E+01
 1.91587500000000E+03   6.60776000000000E+01
 1.91595830000000E+03   6.57179000000000E+01
 1.91604170000000E+03   5.94350000000000E+01
 1.91612500000000E+03   4.54600000000000E+01
 1.91620830000000E+03   3.90234000000000E+01
 1.91629170000000E+03   3.32789000000000E+01
 1.91637500000000E+03   2.66116000000000E+01
 1.91645830000000E+03   2.53289000000000E+01
 1.91654170000000E+03   1.95844000000000E+01
 1.91662500000000E+03   1.43017000000000E+01
 1.91670830000000E+03   8.09590000000000E+00
 1.91679170000000E+03  -6.11010000000000E+00
 1.91687500000000E+03  -1.07005000000000E+01
 1.91695830000000E+03  -1.05986000000000E+01
 1.91704170000000E+03  -7.42000000000000E+00
 1.91712500000000E+03  -3.77960000000000E+00
 1.91720830000000E+03   9.15000000000000E-02
 1.91729170000000E+03   4.24000000000000E-01
 1.91737500000000E+03  -2.47410000000000E+00
 1.91745830000000E+03   8.58500000000000E-01
 1.91754170000000E+03   1.65260000000000E+00
 1.91762500000000E+03   7.54500000000000E-01
 1.91770830000000E+03  -7.14360000000000E+00
 1.91779170000000E+03  -1.08111000000000E+01
 1.91787500000000E+03  -3.47850000000000E+00
 1.91795830000000E+03  -5.91500000000000E+00
 1.91804170000000E+03  -1.21210000000000E+01
 1.91812500000000E+03  -1.76345000000000E+01
 1.91820830000000E+03  -2.10711000000000E+01
 1.91829170000000E+03  -2.16616000000000E+01
 1.91837500000000E+03  -3.07136000000000E+01
 1.91845830000000E+03  -3.83809000000000E+01
 1.91854170000000E+03  -4.59715000000000E+01
 1.91862500000000E+03  -5.24080000000000E+01
 1.91870830000000E+03  -5.29985000000000E+01
 1.91879170000000E+03  -4.53582000000000E+01
 1.91887500000000E+03  -4.05640000000000E+01
 1.91895830000000E+03  -3.50775000000000E+01
 1.91904170000000E+03  -2.60527000000000E+01
 1.91912500000000E+03  -1.49508000000000E+01
 1.91920830000000E+03  -5.41200000000000E-01
 1.91929170000000E+03   1.08682000000000E+01
 1.91937500000000E+03   1.65855000000000E+01
 1.91945830000000E+03   2.51490000000000E+01
 1.91954170000000E+03   3.57892000000000E+01
 1.91962500000000E+03   4.55065000000000E+01
 1.91970830000000E+03   5.68391000000000E+01
 1.91979170000000E+03   6.47101000000000E+01
 1.91987500000000E+03   7.13505000000000E+01
 1.91995830000000E+03   8.25293000000000E+01
 1.92004170000000E+03   9.81695000000000E+01
 1.92012500000000E+03   1.11656100000000E+02
 1.92020830000000E+03   1.17450300000000E+02
 1.92029170000000E+03   1.14013600000000E+02
 1.92037500000000E+03   1.06115500000000E+02
 1.92045830000000E+03   1.02217400000000E+02
 1.92054170000000E+03   9.80884000000000E+01
 1.92062500000000E+03   9.70365000000000E+01
 1.92070830000000E+03   9.80615000000000E+01
 1.92079170000000E+03   9.60863000000000E+01
 1.92087500000000E+03   9.41113000000000E+01
 1.92095830000000E+03   9.09824000000000E+01
 1.92104170000000E+03   8.37765000000000E+01
 1.92112500000000E+03   7.33400000000000E+01
 1.92120830000000E+03   6.63650000000000E+01
 1.92129170000000E+03   6.00821000000000E+01
 1.92137500000000E+03   5.50302000000000E+01
 1.92145830000000E+03   5.46706000000000E+01
 1.92154170000000E+03   5.22339000000000E+01
 1.92162500000000E+03   5.02589000000000E+01
 1.92170830000000E+03   4.18993000000000E+01
 1.92179170000000E+03   3.10010000000000E+01
 1.92187500000000E+03   2.54876000000000E+01
 1.92195830000000E+03   2.18203000000000E+01
 1.92204170000000E+03   1.88451000000000E+01
 1.92212500000000E+03   1.97163000000000E+01
 1.92220830000000E+03   2.16644000000000E+01
 1.92229170000000E+03   1.73046000000000E+01
 1.92237500000000E+03   1.79450000000000E+01
 1.92245830000000E+03   1.59700000000000E+01
 1.92254170000000E+03   1.35333000000000E+01
 1.92262500000000E+03   9.86600000000000E+00
 1.92270830000000E+03   9.73720000000000E+00
 1.92279170000000E+03   9.14660000000000E+00
 1.92287500000000E+03   9.94090000000000E+00
 1.92295830000000E+03   7.65820000000000E+00
 1.92304170000000E+03   6.60610000000000E+00
 1.92312500000000E+03   8.78500000000000E+00
 1.92320830000000E+03   8.88690000000000E+00
 1.92329170000000E+03   6.45030000000000E+00
 1.92337500000000E+03   5.16760000000000E+00
 1.92345830000000E+03   2.65410000000000E+00
 1.92354170000000E+03   1.37130000000000E+00
 1.92362500000000E+03  -1.37290000000000E+00
 1.92370830000000E+03  -3.34790000000000E+00
 1.92379170000000E+03  -6.55380000000000E+00
 1.92387500000000E+03  -6.91340000000000E+00
 1.92395830000000E+03  -5.42680000000000E+00
 1.92404170000000E+03  -4.86350000000000E+00
 1.92412500000000E+03  -5.76160000000000E+00
 1.92420830000000E+03  -9.35190000000000E+00
 1.92429170000000E+03  -1.47117000000000E+01
 1.92437500000000E+03  -1.83790000000000E+01
 1.92445830000000E+03  -1.92001000000000E+01
 1.92454170000000E+03  -2.14060000000000E+01
 1.92462500000000E+03  -2.13040000000000E+01
 1.92470830000000E+03  -1.95867000000000E+01
 1.92479170000000E+03  -1.60234000000000E+01
 1.92487500000000E+03  -1.23830000000000E+01
 1.92495830000000E+03  -8.51180000000000E+00
 1.92504170000000E+03  -3.17920000000000E+00
 1.92512500000000E+03   5.15350000000000E+00
 1.92520830000000E+03   9.71700000000000E+00
 1.92529170000000E+03   1.65880000000000E+01
 1.92537500000000E+03   2.06900000000000E+01
 1.92545830000000E+03   2.28689000000000E+01
 1.92554170000000E+03   2.11245000000000E+01
 1.92562500000000E+03   2.07649000000000E+01
 1.92570830000000E+03   2.08669000000000E+01
 1.92579170000000E+03   2.31225000000000E+01
 1.92587500000000E+03   2.60707000000000E+01
 1.92595830000000E+03   2.87111000000000E+01
 1.92604170000000E+03   2.90436000000000E+01
 1.92612500000000E+03   2.72225000000000E+01
 1.92620830000000E+03   2.47860000000000E+01
 1.92629170000000E+03   2.14263000000000E+01
 1.92637500000000E+03   1.23744000000000E+01
 1.92645830000000E+03   1.03995000000000E+01
 1.92654170000000E+03   3.50130000000000E+00
 1.92662500000000E+03  -6.27500000000000E-01
 1.92670830000000E+03  -5.44860000000000E+00
 1.92679170000000E+03  -1.05007000000000E+01
 1.92687500000000E+03  -1.73987000000000E+01
 1.92695830000000E+03  -2.40660000000000E+01
 1.92704170000000E+03  -2.69642000000000E+01
 1.92712500000000E+03  -2.35545000000000E+01
 1.92720830000000E+03  -1.99141000000000E+01
 1.92729170000000E+03  -2.35815000000000E+01
 1.92737500000000E+03  -2.20949000000000E+01
 1.92745830000000E+03  -1.96083000000000E+01
 1.92754170000000E+03  -2.32757000000000E+01
 1.92762500000000E+03  -2.00968000000000E+01
 1.92770830000000E+03  -1.36871000000000E+01
 1.92779170000000E+03  -5.89300000000000E+00
 1.92787500000000E+03  -1.09870000000000E+00
 1.92795830000000E+03  -3.04500000000000E-01
 1.92804170000000E+03  -2.12570000000000E+00
 1.92812500000000E+03  -7.86990000000000E+00
 1.92820830000000E+03  -1.50756000000000E+01
 1.92829170000000E+03  -2.55122000000000E+01
 1.92837500000000E+03  -3.12564000000000E+01
 1.92845830000000E+03  -4.03083000000000E+01
 1.92854170000000E+03  -4.28218000000000E+01
 1.92862500000000E+03  -4.41045000000000E+01
 1.92870830000000E+03  -5.10794000000000E+01
 1.92879170000000E+03  -6.19776000000000E+01
 1.92887500000000E+03  -7.07987000000000E+01
 1.92895830000000E+03  -7.37736000000000E+01
 1.92904170000000E+03  -6.87487000000000E+01
 1.92912500000000E+03  -6.08775000000000E+01
 1.92920830000000E+03  -5.44678000000000E+01
 1.92929170000000E+03  -4.96737000000000E+01
 1.92937500000000E+03  -4.32640000000000E+01
 1.92945830000000E+03  -3.59312000000000E+01
 1.92954170000000E+03  -2.80601000000000E+01
 1.92962500000000E+03  -2.86505000000000E+01
 1.92970830000000E+03  -2.87792000000000E+01
 1.92979170000000E+03  -2.82159000000000E+01
 1.92987500000000E+03  -2.22677000000000E+01
 1.92995830000000E+03  -1.57811000000000E+01
 1.93004170000000E+03  -7.67930000000000E+00
 1.93012500000000E+03  -4.26960000000000E+00
 1.93020830000000E+03   3.14010000000000E+00
 1.93029170000000E+03   6.54960000000000E+00
 1.93037500000000E+03   6.88240000000000E+00
 1.93045830000000E+03   3.52290000000000E+00
 1.93054170000000E+03   2.93240000000000E+00
 1.93062500000000E+03   6.49800000000000E-01
 1.93070830000000E+03   4.98260000000000E+00
 1.93079170000000E+03   9.08440000000000E+00
 1.93087500000000E+03   1.71864000000000E+01
 1.93095830000000E+03   2.01346000000000E+01
 1.93104170000000E+03   2.09287000000000E+01
 1.93112500000000E+03   1.70307000000000E+01
 1.93120830000000E+03   1.52097000000000E+01
 1.93129170000000E+03   1.24654000000000E+01
 1.93137500000000E+03   1.23366000000000E+01
 1.93145830000000E+03   1.05924000000000E+01
 1.93154170000000E+03   8.07890000000000E+00
 1.93162500000000E+03   2.33480000000000E+00
 1.93170830000000E+03   3.66750000000000E+00
 1.93179170000000E+03  -9.22900000000000E-01
 1.93187500000000E+03  -3.20550000000000E+00
 1.93195830000000E+03  -4.71890000000000E+00
 1.93204170000000E+03  -5.07860000000000E+00
 1.93212500000000E+03  -2.36120000000000E+00
 1.93220830000000E+03   2.43310000000000E+00
 1.93229170000000E+03   6.53500000000000E+00
 1.93237500000000E+03   7.79090000000000E+00
 1.93245830000000E+03   7.43130000000000E+00
 1.93254170000000E+03   4.53320000000000E+00
 1.93262500000000E+03   5.78910000000000E+00
 1.93270830000000E+03   7.73720000000000E+00
 1.93279170000000E+03   8.76220000000000E+00
 1.93287500000000E+03   1.19411000000000E+01
 1.93295830000000E+03   1.28124000000000E+01
 1.93304170000000E+03   1.24527000000000E+01
 1.93312500000000E+03   1.18624000000000E+01
 1.93320830000000E+03   9.34900000000000E+00
 1.93329170000000E+03   6.37400000000000E+00
 1.93337500000000E+03   2.24520000000000E+00
 1.93345830000000E+03  -3.49890000000000E+00
 1.93354170000000E+03  -7.62780000000000E+00
 1.93362500000000E+03  -9.67960000000000E+00
 1.93370830000000E+03  -9.57760000000000E+00
 1.93379170000000E+03  -1.01680000000000E+01
 1.93387500000000E+03  -1.63737000000000E+01
 1.93395830000000E+03  -2.28101000000000E+01
 1.93404170000000E+03  -2.80929000000000E+01
 1.93412500000000E+03  -3.15293000000000E+01
 1.93420830000000E+03  -2.93503000000000E+01
 1.93429170000000E+03  -3.01715000000000E+01
 1.93437500000000E+03  -3.30695000000000E+01
 1.93445830000000E+03  -3.97367000000000E+01
 1.93454170000000E+03  -4.43271000000000E+01
 1.93462500000000E+03  -4.89174000000000E+01
 1.93470830000000E+03  -4.71231000000000E+01
 1.93479170000000E+03  -4.17904000000000E+01
 1.93487500000000E+03  -3.72268000000000E+01
 1.93495830000000E+03  -3.31248000000000E+01
 1.93504170000000E+03  -2.87922000000000E+01
 1.93512500000000E+03  -1.79209000000000E+01
 1.93520830000000E+03  -7.51120000000000E+00
 1.93529170000000E+03  -1.56310000000000E+00
 1.93537500000000E+03   1.84660000000000E+00
 1.93545830000000E+03   3.10250000000000E+00
 1.93554170000000E+03   9.05050000000000E+00
 1.93562500000000E+03   1.45372000000000E+01
 1.93570830000000E+03   1.57931000000000E+01
 1.93579170000000E+03   1.86642000000000E+01
 1.93587500000000E+03   1.61509000000000E+01
 1.93595830000000E+03   1.32529000000000E+01
 1.93604170000000E+03   1.45087000000000E+01
 1.93612500000000E+03   2.09184000000000E+01
 1.93620830000000E+03   2.05589000000000E+01
 1.93629170000000E+03   1.68916000000000E+01
 1.93637500000000E+03   1.39936000000000E+01
 1.93645830000000E+03   1.26341000000000E+01
 1.93654170000000E+03   1.22745000000000E+01
 1.93662500000000E+03   8.83810000000000E+00
 1.93670830000000E+03  -3.67600000000000E-01
 1.93679170000000E+03   1.65740000000000E+00
 1.93687500000000E+03  -2.93290000000000E+00
 1.93695830000000E+03  -8.21540000000000E+00
 1.93704170000000E+03  -9.80580000000000E+00
 1.93712500000000E+03  -9.47300000000000E+00
 1.93720830000000E+03  -1.17556000000000E+01
 1.93729170000000E+03  -9.57670000000000E+00
 1.93737500000000E+03  -1.10901000000000E+01
 1.93745830000000E+03  -1.68342000000000E+01
 1.93754170000000E+03  -2.25784000000000E+01
 1.93762500000000E+03  -2.45533000000000E+01
 1.93770830000000E+03  -2.41435000000000E+01
 1.93779170000000E+03  -1.91185000000000E+01
 1.93787500000000E+03  -1.94780000000000E+01
 1.93795830000000E+03  -1.69913000000000E+01
 1.93804170000000E+03  -1.26587000000000E+01
 1.93812500000000E+03  -9.01810000000000E+00
 1.93820830000000E+03  -2.83910000000000E+00
 1.93829170000000E+03  -1.04490000000000E+00
 1.93837500000000E+03  -7.94290000000000E+00
 1.93845830000000E+03  -1.43793000000000E+01
 1.93854170000000E+03  -1.92004000000000E+01
 1.93862500000000E+03  -2.00214000000000E+01
 1.93870830000000E+03  -1.92271000000000E+01
 1.93879170000000E+03  -1.61251000000000E+01
 1.93887500000000E+03  -1.37154000000000E+01
 1.93895830000000E+03  -1.53056000000000E+01
 1.93904170000000E+03  -1.16652000000000E+01
 1.93912500000000E+03  -8.71700000000000E+00
 1.93920830000000E+03  -9.53800000000000E+00
 1.93929170000000E+03  -1.80515000000000E+01
 1.93937500000000E+03  -2.12571000000000E+01
 1.93945830000000E+03  -1.93089000000000E+01
 1.93954170000000E+03  -7.74540000000000E+00
 1.93962500000000E+03   2.89510000000000E+00
 1.93970830000000E+03   1.07664000000000E+01
 1.93979170000000E+03   9.71450000000000E+00
 1.93987500000000E+03   7.27810000000000E+00
 1.93995830000000E+03   9.99560000000000E+00
 1.94004170000000E+03   2.23283000000000E+01
 1.94012500000000E+03   2.94304000000000E+01
 1.94020830000000E+03   3.42248000000000E+01
 1.94029170000000E+03   4.34805000000000E+01
 1.94037500000000E+03   5.34288000000000E+01
 1.94045830000000E+03   5.68385000000000E+01
 1.94054170000000E+03   5.81712000000000E+01
 1.94062500000000E+03   5.45810000000000E+01
 1.94070830000000E+03   5.20677000000000E+01
 1.94079170000000E+03   4.93235000000000E+01
 1.94087500000000E+03   5.48102000000000E+01
 1.94095830000000E+03   5.96046000000000E+01
 1.94104170000000E+03   5.50142000000000E+01
 1.94112500000000E+03   5.04240000000000E+01
 1.94120830000000E+03   4.60646000000000E+01
 1.94129170000000E+03   4.10126000000000E+01
 1.94137500000000E+03   3.68840000000000E+01
 1.94145830000000E+03   3.22937000000000E+01
 1.94154170000000E+03   3.28572000000000E+01
 1.94162500000000E+03   3.59593000000000E+01
 1.94170830000000E+03   3.39076000000000E+01
 1.94179170000000E+03   3.03172000000000E+01
 1.94187500000000E+03   2.50347000000000E+01
 1.94195830000000E+03   1.71368000000000E+01
 1.94204170000000E+03   1.27772000000000E+01
 1.94212500000000E+03   1.61870000000000E+01
 1.94220830000000E+03   1.62891000000000E+01
 1.94229170000000E+03   2.10833000000000E+01
 1.94237500000000E+03   2.55700000000000E+01
 1.94245830000000E+03   2.68260000000000E+01
 1.94254170000000E+03   2.64664000000000E+01
 1.94262500000000E+03   2.30300000000000E+01
 1.94270830000000E+03   2.80552000000000E+01
 1.94279170000000E+03   3.21572000000000E+01
 1.94287500000000E+03   3.38746000000000E+01
 1.94295830000000E+03   3.77460000000000E+01
 1.94304170000000E+03   4.53864000000000E+01
 1.94312500000000E+03   5.88731000000000E+01
 1.94320830000000E+03   7.02060000000000E+01
 1.94329170000000E+03   7.68464000000000E+01
 1.94337500000000E+03   7.57947000000000E+01
 1.94345830000000E+03   7.64352000000000E+01
 1.94354170000000E+03   7.44603000000000E+01
 1.94362500000000E+03   7.80239000000000E+01
 1.94370830000000E+03   8.30491000000000E+01
 1.94379170000000E+03   7.23818000000000E+01
 1.94387500000000E+03   6.54839000000000E+01
 1.94395830000000E+03   6.72014000000000E+01
 1.94404170000000E+03   7.26880000000000E+01
 1.94412500000000E+03   7.27901000000000E+01
 1.94420830000000E+03   6.41999000000000E+01
 1.94429170000000E+03   5.56096000000000E+01
 1.94437500000000E+03   4.66348000000000E+01
 1.94445830000000E+03   3.80446000000000E+01
 1.94454170000000E+03   3.34542000000000E+01
 1.94462500000000E+03   3.17102000000000E+01
 1.94470830000000E+03   2.31969000000000E+01
 1.94479170000000E+03   1.53758000000000E+01
 1.94487500000000E+03   1.38626000000000E+01
 1.94495830000000E+03   1.32724000000000E+01
 1.94504170000000E+03   9.91280000000000E+00
 1.94512500000000E+03   2.32260000000000E+00
 1.94520830000000E+03  -1.90600000000000E-01
 1.94529170000000E+03  -7.81000000000000E-01
 1.94537500000000E+03  -2.06350000000000E+00
 1.94545830000000E+03  -8.07500000000000E-01
 1.94554170000000E+03  -2.44000000000000E-01
 1.94562500000000E+03  -8.34200000000000E-01
 1.94570830000000E+03  -3.57820000000000E+00
 1.94579170000000E+03  -2.09160000000000E+00
 1.94587500000000E+03  -3.60480000000000E+00
 1.94595830000000E+03  -2.11810000000000E+00
 1.94604170000000E+03   2.13770000000000E+00
 1.94612500000000E+03   7.62450000000000E+00
 1.94620830000000E+03   1.54189000000000E+01
 1.94629170000000E+03   1.69824000000000E+01
 1.94637500000000E+03   1.59307000000000E+01
 1.94645830000000E+03   1.67252000000000E+01
 1.94654170000000E+03   1.19041000000000E+01
 1.94662500000000E+03   7.31390000000000E+00
 1.94670830000000E+03   2.72370000000000E+00
 1.94679170000000E+03  -1.86660000000000E+00
 1.94687500000000E+03  -5.53370000000000E+00
 1.94695830000000E+03  -3.12390000000000E+00
 1.94704170000000E+03   9.78100000000000E-01
 1.94712500000000E+03   6.31100000000000E+00
 1.94720830000000E+03   8.02850000000000E+00
 1.94729170000000E+03   1.40536000000000E+01
 1.94737500000000E+03   1.53096000000000E+01
 1.94745830000000E+03   1.41810000000000E+01
 1.94754170000000E+03   1.12830000000000E+01
 1.94762500000000E+03   1.06928000000000E+01
 1.94770830000000E+03   9.64110000000000E+00
 1.94779170000000E+03   5.51230000000000E+00
 1.94787500000000E+03   2.38370000000000E+00
 1.94795830000000E+03   3.25510000000000E+00
 1.94804170000000E+03   1.51090000000000E+00
 1.94812500000000E+03  -3.54080000000000E+00
 1.94820830000000E+03  -9.13090000000000E+00
 1.94829170000000E+03  -1.04136000000000E+01
 1.94837500000000E+03  -1.57730000000000E+01
 1.94845830000000E+03  -1.59016000000000E+01
 1.94854170000000E+03  -8.26110000000000E+00
 1.94862500000000E+03  -6.08200000000000E+00
 1.94870830000000E+03  -2.21070000000000E+00
 1.94879170000000E+03   1.19900000000000E+00
 1.94887500000000E+03   8.53200000000000E+00
 1.94895830000000E+03   1.44803000000000E+01
 1.94904170000000E+03   1.61977000000000E+01
 1.94912500000000E+03   1.90690000000000E+01
 1.94920830000000E+03   2.00943000000000E+01
 1.94929170000000E+03   1.95040000000000E+01
 1.94937500000000E+03   1.44523000000000E+01
 1.94945830000000E+03   5.01600000000000E+00
 1.94954170000000E+03  -2.66600000000000E-01
 1.94962500000000E+03  -1.02414000000000E+01
 1.94970830000000E+03  -1.55238000000000E+01
 1.94979170000000E+03  -1.84988000000000E+01
 1.94987500000000E+03  -1.88581000000000E+01
 1.94995830000000E+03  -2.22175000000000E+01
 1.95004170000000E+03  -2.00386000000000E+01
 1.95012500000000E+03  -1.50133000000000E+01
 1.95020830000000E+03  -1.11419000000000E+01
 1.95029170000000E+03  -7.27070000000000E+00
 1.95037500000000E+03  -3.86080000000000E+00
 1.95045830000000E+03   1.85670000000000E+00
 1.95054170000000E+03   1.72800000000000E+00
 1.95062500000000E+03   6.76300000000000E-01
 1.95070830000000E+03   8.62000000000000E-02
 1.95079170000000E+03  -4.04260000000000E+00
 1.95087500000000E+03  -5.78660000000000E+00
 1.95095830000000E+03  -5.22290000000000E+00
 1.95104170000000E+03  -2.12080000000000E+00
 1.95112500000000E+03   3.13520000000000E+00
 1.95120830000000E+03   6.31430000000000E+00
 1.95129170000000E+03   9.26240000000000E+00
 1.95137500000000E+03   9.36460000000000E+00
 1.95145830000000E+03   4.31300000000000E+00
 1.95154170000000E+03  -3.04660000000000E+00
 1.95162500000000E+03   1.97870000000000E+00
 1.95170830000000E+03   5.85010000000000E+00
 1.95179170000000E+03   7.56750000000000E+00
 1.95187500000000E+03   1.25928000000000E+01
 1.95195830000000E+03   1.26950000000000E+01
 1.95204170000000E+03   1.34893000000000E+01
 1.95212500000000E+03   1.64376000000000E+01
 1.95220830000000E+03   1.53860000000000E+01
 1.95229170000000E+03   1.28726000000000E+01
 1.95237500000000E+03   9.89790000000000E+00
 1.95245830000000E+03   7.23080000000000E+00
 1.95254170000000E+03   6.17900000000000E+00
 1.95262500000000E+03   6.74270000000000E+00
 1.95270830000000E+03   9.21800000000000E-01
 1.95279170000000E+03  -5.36070000000000E+00
 1.95287500000000E+03  -7.10470000000000E+00
 1.95295830000000E+03  -9.77170000000000E+00
 1.95304170000000E+03  -5.66970000000000E+00
 1.95312500000000E+03   2.20170000000000E+00
 1.95320830000000E+03   2.30390000000000E+00
 1.95329170000000E+03   7.90600000000000E-01
 1.95337500000000E+03  -1.41490000000000E+00
 1.95345830000000E+03  -4.08200000000000E+00
 1.95354170000000E+03  -4.90300000000000E+00
 1.95362500000000E+03  -8.00800000000000E-01
 1.95370830000000E+03  -1.39090000000000E+00
 1.95379170000000E+03   1.78800000000000E+00
 1.95387500000000E+03   4.04410000000000E+00
 1.95395830000000E+03   8.38600000000000E-01
 1.95404170000000E+03   3.01760000000000E+00
 1.95412500000000E+03   5.19670000000000E+00
 1.95420830000000E+03   3.68350000000000E+00
 1.95429170000000E+03   6.17020000000000E+00
 1.95437500000000E+03   7.88770000000000E+00
 1.95445830000000E+03   8.68220000000000E+00
 1.95454170000000E+03   1.93810000000000E+00
 1.95462500000000E+03   1.17300000000000E-01
 1.95470830000000E+03  -4.93440000000000E+00
 1.95479170000000E+03  -1.06785000000000E+01
 1.95487500000000E+03  -1.78070000000000E+01
 1.95495830000000E+03  -3.03971000000000E+01
 1.95504170000000E+03  -3.61412000000000E+01
 1.95512500000000E+03  -3.81160000000000E+01
 1.95520830000000E+03  -4.10137000000000E+01
 1.95529170000000E+03  -4.44502000000000E+01
 1.95537500000000E+03  -4.92710000000000E+01
 1.95545830000000E+03  -6.01688000000000E+01
 1.95554170000000E+03  -6.96821000000000E+01
 1.95562500000000E+03  -7.11953000000000E+01
 1.95570830000000E+03  -7.67085000000000E+01
 1.95579170000000E+03  -7.80680000000000E+01
 1.95587500000000E+03  -7.35042000000000E+01
 1.95595830000000E+03  -6.87097000000000E+01
 1.95604170000000E+03  -5.75307000000000E+01
 1.95612500000000E+03  -4.80439000000000E+01
 1.95620830000000E+03  -4.25570000000000E+01
 1.95629170000000E+03  -4.10704000000000E+01
 1.95637500000000E+03  -3.95835000000000E+01
 1.95645830000000E+03  -3.78659000000000E+01
 1.95654170000000E+03  -2.93023000000000E+01
 1.95662500000000E+03  -2.00462000000000E+01
 1.95670830000000E+03  -1.43286000000000E+01
 1.95679170000000E+03  -1.02266000000000E+01
 1.95687500000000E+03  -8.89360000000000E+00
 1.95695830000000E+03  -6.94520000000000E+00
 1.95704170000000E+03  -2.84310000000000E+00
 1.95712500000000E+03   4.25910000000000E+00
 1.95720830000000E+03   6.97670000000000E+00
 1.95729170000000E+03   3.30950000000000E+00
 1.95737500000000E+03  -1.26700000000000E-01
 1.95745830000000E+03  -8.40910000000000E+00
 1.95754170000000E+03  -1.83839000000000E+01
 1.95762500000000E+03  -2.25125000000000E+01
 1.95770830000000E+03  -2.57179000000000E+01
 1.95779170000000E+03  -3.10005000000000E+01
 1.95787500000000E+03  -3.15905000000000E+01
 1.95795830000000E+03  -3.14883000000000E+01
 1.95804170000000E+03  -2.60016000000000E+01
 1.95812500000000E+03  -2.19763000000000E+01
 1.95820830000000E+03  -1.81048000000000E+01
 1.95829170000000E+03  -8.38740000000000E+00
 1.95837500000000E+03   3.25330000000000E+00
 1.95845830000000E+03   1.18171000000000E+01
 1.95854170000000E+03   2.19961000000000E+01
 1.95862500000000E+03   3.28676000000000E+01
 1.95870830000000E+03   3.78929000000000E+01
 1.95879170000000E+03   4.24565000000000E+01
 1.95887500000000E+03   5.40972000000000E+01
 1.95895830000000E+03   6.45071000000000E+01
 1.95904170000000E+03   7.37631000000000E+01
 1.95912500000000E+03   8.25576000000000E+01
 1.95920830000000E+03   8.85829000000000E+01
 1.95929170000000E+03   8.75312000000000E+01
 1.95937500000000E+03   8.00950000000000E+01
 1.95945830000000E+03   7.31203000000000E+01
 1.95954170000000E+03   6.42993000000000E+01
 1.95962500000000E+03   5.70939000000000E+01
 1.95970830000000E+03   5.08884000000000E+01
 1.95979170000000E+03   4.22982000000000E+01
 1.95987500000000E+03   3.18620000000000E+01
 1.95995830000000E+03   2.21181000000000E+01
 1.96004170000000E+03   1.09894000000000E+01
 1.96012500000000E+03   2.16860000000000E+00
 1.96020830000000E+03  -1.13446000000000E+01
 1.96029170000000E+03  -2.01655000000000E+01
 1.96037500000000E+03  -2.49864000000000E+01
 1.96045830000000E+03  -2.69610000000000E+01
 1.96054170000000E+03  -2.89359000000000E+01
 1.96062500000000E+03  -2.95259000000000E+01
 1.96070830000000E+03  -3.10390000000000E+01
 1.96079170000000E+03  -2.76292000000000E+01
 1.96087500000000E+03  -2.51424000000000E+01
 1.96095830000000E+03  -1.28093000000000E+01
 1.96104170000000E+03   3.69700000000000E-01
 1.96112500000000E+03   1.40873000000000E+01
 1.96120830000000E+03   2.87281000000000E+01
 1.96129170000000E+03   3.91378000000000E+01
 1.96137500000000E+03   3.71632000000000E+01
 1.96145830000000E+03   3.32654000000000E+01
 1.96154170000000E+03   3.80599000000000E+01
 1.96162500000000E+03   4.21621000000000E+01
 1.96170830000000E+03   4.60336000000000E+01
 1.96179170000000E+03   4.79819000000000E+01
 1.96187500000000E+03   4.80842000000000E+01
 1.96195830000000E+03   5.35710000000000E+01
 1.96204170000000E+03   5.12885000000000E+01
 1.96212500000000E+03   4.34677000000000E+01
 1.96220830000000E+03   3.62623000000000E+01
 1.96229170000000E+03   2.44413000000000E+01
 1.96237500000000E+03   1.73128000000000E+01
 1.96245830000000E+03   2.15690000000000E+01
 1.96254170000000E+03   2.72865000000000E+01
 1.96262500000000E+03   2.10810000000000E+01
 1.96270830000000E+03   1.50295000000000E+01
 1.96279170000000E+03   1.02085000000000E+01
 1.96287500000000E+03   1.13108000000000E+01
 1.96295830000000E+03   1.07207000000000E+01
 1.96304170000000E+03   7.82290000000000E+00
 1.96312500000000E+03   1.14636000000000E+01
 1.96320830000000E+03   1.76428000000000E+01
 1.96329170000000E+03   2.10526000000000E+01
 1.96337500000000E+03   2.48472000000000E+01
 1.96345830000000E+03   2.44879000000000E+01
 1.96354170000000E+03   1.59747000000000E+01
 1.96362500000000E+03   8.38470000000000E+00
 1.96370830000000E+03   6.33310000000000E+00
 1.96379170000000E+03   5.74290000000000E+00
 1.96387500000000E+03   6.53750000000000E+00
 1.96395830000000E+03   4.48590000000000E+00
 1.96404170000000E+03   1.04342000000000E+01
 1.96412500000000E+03   1.56904000000000E+01
 1.96420830000000E+03   1.39465000000000E+01
 1.96429170000000E+03   7.74090000000000E+00
 1.96437500000000E+03   3.15090000000000E+00
 1.96445830000000E+03   1.86860000000000E+00
 1.96454170000000E+03  -1.06200000000000E-01
 1.96462500000000E+03   4.57600000000000E-01
 1.96470830000000E+03   3.32910000000000E+00
 1.96479170000000E+03  -2.64570000000000E+00
 1.96487500000000E+03  -7.92800000000000E+00
 1.96495830000000E+03  -1.18257000000000E+01
 1.96504170000000E+03  -9.10820000000000E+00
 1.96512500000000E+03  -1.55443000000000E+01
 1.96520830000000E+03  -1.87497000000000E+01
 1.96529170000000E+03  -1.95707000000000E+01
 1.96537500000000E+03  -1.33915000000000E+01
 1.96545830000000E+03  -1.19045000000000E+01
 1.96554170000000E+03  -1.48024000000000E+01
 1.96562500000000E+03  -1.51616000000000E+01
 1.96570830000000E+03  -1.25209000000000E+01
 1.96579170000000E+03  -1.42649000000000E+01
 1.96587500000000E+03  -1.25472000000000E+01
 1.96595830000000E+03  -1.00603000000000E+01
 1.96604170000000E+03  -3.11200000000000E+00
 1.96612500000000E+03   1.45190000000000E+00
 1.96620830000000E+03   5.24650000000000E+00
 1.96629170000000E+03   6.50250000000000E+00
 1.96637500000000E+03   5.60480000000000E+00
 1.96645830000000E+03  -1.75450000000000E+00
 1.96654170000000E+03  -6.80620000000000E+00
 1.96662500000000E+03  -7.39620000000000E+00
 1.96670830000000E+03  -1.17554000000000E+01
 1.96679170000000E+03  -1.88840000000000E+01
 1.96687500000000E+03  -2.57817000000000E+01
 1.96695830000000E+03  -2.77563000000000E+01
 1.96704170000000E+03  -3.07311000000000E+01
 1.96712500000000E+03  -3.34749000000000E+01
 1.96720830000000E+03  -3.69111000000000E+01
 1.96729170000000E+03  -3.70397000000000E+01
 1.96737500000000E+03  -3.62451000000000E+01
 1.96745830000000E+03  -3.70658000000000E+01
 1.96754170000000E+03  -3.48868000000000E+01
 1.96762500000000E+03  -3.12460000000000E+01
 1.96770830000000E+03  -3.37591000000000E+01
 1.96779170000000E+03  -3.78877000000000E+01
 1.96787500000000E+03  -3.70930000000000E+01
 1.96795830000000E+03  -3.02215000000000E+01
 1.96804170000000E+03  -1.91193000000000E+01
 1.96812500000000E+03  -3.01700000000000E+00
 1.96820830000000E+03   6.93150000000000E+00
 1.96829170000000E+03   1.24182000000000E+01
 1.96837500000000E+03   1.58283000000000E+01
 1.96845830000000E+03   1.83152000000000E+01
 1.96854170000000E+03   2.26481000000000E+01
 1.96862500000000E+03   2.29812000000000E+01
 1.96870830000000E+03   2.44682000000000E+01
 1.96879170000000E+03   2.54934000000000E+01
 1.96887500000000E+03   3.61342000000000E+01
 1.96895830000000E+03   4.77750000000000E+01
 1.96904170000000E+03   5.56464000000000E+01
 1.96912500000000E+03   5.36718000000000E+01
 1.96920830000000E+03   5.06972000000000E+01
 1.96929170000000E+03   4.71071000000000E+01
 1.96937500000000E+03   4.13632000000000E+01
 1.96945830000000E+03   3.23117000000000E+01
 1.96954170000000E+03   2.61062000000000E+01
 1.96962500000000E+03   1.72855000000000E+01
 1.96970830000000E+03   8.77240000000000E+00
 1.96979170000000E+03  -2.12540000000000E+00
 1.96987500000000E+03  -6.25390000000000E+00
 1.96995830000000E+03  -1.36131000000000E+01
 1.97004170000000E+03  -2.15109000000000E+01
 1.97012500000000E+03  -2.67932000000000E+01
 1.97020830000000E+03  -2.36139000000000E+01
 1.97029170000000E+03  -2.79733000000000E+01
 1.97037500000000E+03  -3.07171000000000E+01
 1.97045830000000E+03  -3.53070000000000E+01
 1.97054170000000E+03  -3.56664000000000E+01
 1.97062500000000E+03  -4.31025000000000E+01
 1.97070830000000E+03  -4.79232000000000E+01
 1.97079170000000E+03  -4.90518000000000E+01
 1.97087500000000E+03  -4.70264000000000E+01
 1.97095830000000E+03  -4.24625000000000E+01
 1.97104170000000E+03  -3.46680000000000E+01
 1.97112500000000E+03  -2.84888000000000E+01
 1.97120830000000E+03  -2.83864000000000E+01
 1.97129170000000E+03  -3.44381000000000E+01
 1.97137500000000E+03  -3.68742000000000E+01
 1.97145830000000E+03  -4.14642000000000E+01
 1.97154170000000E+03  -4.27466000000000E+01
 1.97162500000000E+03  -4.35673000000000E+01
 1.97170830000000E+03  -3.83111000000000E+01
 1.97179170000000E+03  -3.79012000000000E+01
 1.97187500000000E+03  -3.80296000000000E+01
 1.97195830000000E+03  -3.91581000000000E+01
 1.97204170000000E+03  -3.92866000000000E+01
 1.97212500000000E+03  -3.89535000000000E+01
 1.97220830000000E+03  -3.73896000000000E+01
 1.97229170000000E+03  -3.56720000000000E+01
 1.97237500000000E+03  -3.81081000000000E+01
 1.97245830000000E+03  -4.03904000000000E+01
 1.97254170000000E+03  -4.49805000000000E+01
 1.97262500000000E+03  -4.30320000000000E+01
 1.97270830000000E+03  -4.40835000000000E+01
 1.97279170000000E+03  -4.11351000000000E+01
 1.97287500000000E+03  -3.65712000000000E+01
 1.97295830000000E+03  -3.29304000000000E+01
 1.97304170000000E+03  -2.48282000000000E+01
 1.97312500000000E+03  -1.98028000000000E+01
 1.97320830000000E+03  -1.82389000000000E+01
 1.97329170000000E+03  -1.85982000000000E+01
 1.97337500000000E+03  -1.51881000000000E+01
 1.97345830000000E+03  -7.77810000000000E+00
 1.97354170000000E+03   1.93950000000000E+00
 1.97362500000000E+03   1.18880000000000E+01
 1.97370830000000E+03   1.43750000000000E+01
 1.97379170000000E+03   1.75542000000000E+01
 1.97387500000000E+03   1.88104000000000E+01
 1.97395830000000E+03   2.09897000000000E+01
 1.97404170000000E+03   2.60149000000000E+01
 1.97412500000000E+03   3.66558000000000E+01
 1.97420830000000E+03   4.29120000000000E+01
 1.97429170000000E+03   4.50911000000000E+01
 1.97437500000000E+03   4.68089000000000E+01
 1.97445830000000E+03   4.36036000000000E+01
 1.97454170000000E+03   3.94750000000000E+01
 1.97462500000000E+03   3.04235000000000E+01
 1.97470830000000E+03   2.51413000000000E+01
 1.97479170000000E+03   2.17051000000000E+01
 1.97487500000000E+03   1.87305000000000E+01
 1.97495830000000E+03   1.29867000000000E+01
 1.97504170000000E+03   8.62740000000000E+00
 1.97512500000000E+03   6.19130000000000E+00
 1.97520830000000E+03  -6.78320000000000E+00
 1.97529170000000E+03  -1.84502000000000E+01
 1.97537500000000E+03  -2.72709000000000E+01
 1.97545830000000E+03  -3.60916000000000E+01
 1.97554170000000E+03  -3.85278000000000E+01
 1.97562500000000E+03  -4.35793000000000E+01
 1.97570830000000E+03  -4.78615000000000E+01
 1.97579170000000E+03  -5.09901000000000E+01
 1.97587500000000E+03  -5.27338000000000E+01
 1.97595830000000E+03  -5.19391000000000E+01
 1.97604170000000E+03  -5.06831000000000E+01
 1.97612500000000E+03  -4.47345000000000E+01
 1.97620830000000E+03  -3.78629000000000E+01
 1.97629170000000E+03  -3.28376000000000E+01
 1.97637500000000E+03  -2.56583000000000E+01
 1.97645830000000E+03  -2.10944000000000E+01
 1.97654170000000E+03  -1.43767000000000E+01
 1.97662500000000E+03  -1.78128000000000E+01
 1.97670830000000E+03  -2.00950000000000E+01
 1.97679170000000E+03  -1.88389000000000E+01
 1.97687500000000E+03  -1.89673000000000E+01
 1.97695830000000E+03  -1.62495000000000E+01
 1.97704170000000E+03  -1.23781000000000E+01
 1.97712500000000E+03  -4.50640000000000E+00
 1.97720830000000E+03  -2.71170000000000E+00
 1.97729170000000E+03  -5.14800000000000E+00
 1.97737500000000E+03  -3.43020000000000E+00
 1.97745830000000E+03  -1.71240000000000E+00
 1.97754170000000E+03  -2.53320000000000E+00
 1.97762500000000E+03  -3.43080000000000E+00
 1.97770830000000E+03   4.40800000000000E-01
 1.97779170000000E+03   1.23123000000000E+01
 1.97787500000000E+03   2.01070000000000E+01
 1.97795830000000E+03   2.27478000000000E+01
 1.97804170000000E+03   3.14655000000000E+01
 1.97812500000000E+03   3.22602000000000E+01
 1.97820830000000E+03   2.76703000000000E+01
 1.97829170000000E+03   3.05418000000000E+01
 1.97837500000000E+03   3.17980000000000E+01
 1.97845830000000E+03   2.55927000000000E+01
 1.97854170000000E+03   1.73104000000000E+01
 1.97862500000000E+03   1.06436000000000E+01
 1.97870830000000E+03   5.36130000000000E+00
 1.97879170000000E+03   5.92510000000000E+00
 1.97887500000000E+03   3.64290000000000E+00
 1.97895830000000E+03  -1.77700000000000E-01
 1.97904170000000E+03   2.77070000000000E+00
 1.97912500000000E+03  -1.51150000000000E+00
 1.97920830000000E+03   5.14000000000000E-01
 1.97929170000000E+03   5.07780000000000E+00
 1.97937500000000E+03  -2.04400000000000E-01
 1.97945830000000E+03  -3.17890000000000E+00
 1.97954170000000E+03   3.92330000000000E+00
 1.97962500000000E+03   1.10257000000000E+01
 1.97970830000000E+03   1.72051000000000E+01
 1.97979170000000E+03   1.92304000000000E+01
 1.97987500000000E+03   1.77174000000000E+01
 1.97995830000000E+03   1.66660000000000E+01
 1.98004170000000E+03   2.37683000000000E+01
 1.98012500000000E+03   2.87938000000000E+01
 1.98020830000000E+03   2.95885000000000E+01
 1.98029170000000E+03   2.99215000000000E+01
 1.98037500000000E+03   2.95624000000000E+01
 1.98045830000000E+03   3.45879000000000E+01
 1.98054170000000E+03   3.56902000000000E+01
 1.98062500000000E+03   3.44080000000000E+01
 1.98070830000000E+03   3.09720000000000E+01
 1.98079170000000E+03   3.59973000000000E+01
 1.98087500000000E+03   3.65613000000000E+01
 1.98095830000000E+03   3.82791000000000E+01
 1.98104170000000E+03   4.37660000000000E+01
 1.98112500000000E+03   4.80992000000000E+01
 1.98120830000000E+03   5.78170000000000E+01
 1.98129170000000E+03   6.58424000000000E+01
 1.98137500000000E+03   6.57140000000000E+01
 1.98145830000000E+03   6.39703000000000E+01
 1.98154170000000E+03   5.79957000000000E+01
 1.98162500000000E+03   5.57135000000000E+01
 1.98170830000000E+03   4.81236000000000E+01
 1.98179170000000E+03   4.00720000000000E+01
 1.98187500000000E+03   2.84822000000000E+01
 1.98195830000000E+03   2.48154000000000E+01
 1.98204170000000E+03   2.23792000000000E+01
 1.98212500000000E+03   1.52509000000000E+01
 1.98220830000000E+03   5.04560000000000E+00
 1.98229170000000E+03  -8.23670000000000E+00
 1.98237500000000E+03  -1.77497000000000E+01
 1.98245830000000E+03  -2.14165000000000E+01
 1.98254170000000E+03  -2.22373000000000E+01
 1.98262500000000E+03  -1.97502000000000E+01
 1.98270830000000E+03  -1.96478000000000E+01
 1.98279170000000E+03  -1.90839000000000E+01
 1.98287500000000E+03  -1.52123000000000E+01
 1.98295830000000E+03  -1.11098000000000E+01
 1.98304170000000E+03  -6.31520000000000E+00
 1.98312500000000E+03  -5.97400000000000E-01
 1.98320830000000E+03   1.58200000000000E+00
 1.98329170000000E+03   1.91510000000000E+00
 1.98337500000000E+03  -3.82860000000000E+00
 1.98345830000000E+03  -1.21108000000000E+01
 1.98354170000000E+03  -1.78547000000000E+01
 1.98362500000000E+03  -2.34445000000000E+01
 1.98370830000000E+03  -3.06498000000000E+01
 1.98379170000000E+03  -3.57013000000000E+01
 1.98387500000000E+03  -3.42143000000000E+01
 1.98395830000000E+03  -2.89580000000000E+01
 1.98404170000000E+03  -2.27787000000000E+01
 1.98412500000000E+03  -1.58301000000000E+01
 1.98420830000000E+03  -9.42000000000000E+00
 1.98429170000000E+03   5.28500000000000E-01
 1.98437500000000E+03   9.78480000000000E+00
 1.98445830000000E+03   2.28103000000000E+01
 1.98454170000000E+03   3.62972000000000E+01
 1.98462500000000E+03   4.69382000000000E+01
 1.98470830000000E+03   4.68098000000000E+01
 1.98479170000000E+03   4.59891000000000E+01
 1.98487500000000E+03   4.56300000000000E+01
 1.98495830000000E+03   4.83478000000000E+01
 1.98504170000000E+03   4.69886000000000E+01
 1.98512500000000E+03   4.54757000000000E+01
 1.98520830000000E+03   4.18089000000000E+01
 1.98529170000000E+03   3.62959000000000E+01
 1.98537500000000E+03   2.53983000000000E+01
 1.98545830000000E+03   1.07316000000000E+01
 1.98554170000000E+03  -2.55070000000000E+00
 1.98562500000000E+03  -1.18329000000000E+01
 1.98570830000000E+03  -2.04227000000000E+01
 1.98579170000000E+03  -2.42435000000000E+01
 1.98587500000000E+03  -2.76795000000000E+01
 1.98595830000000E+03  -3.01155000000000E+01
 1.98604170000000E+03  -3.96285000000000E+01
 1.98612500000000E+03  -4.39107000000000E+01
 1.98620830000000E+03  -4.85005000000000E+01
 1.98629170000000E+03  -5.51674000000000E+01
 1.98637500000000E+03  -5.86034000000000E+01
 1.98645830000000E+03  -6.29625000000000E+01
 1.98654170000000E+03  -6.07063000000000E+01
 1.98662500000000E+03  -5.79885000000000E+01
 1.98670830000000E+03  -5.83475000000000E+01
 1.98679170000000E+03  -5.91683000000000E+01
 1.98687500000000E+03  -5.74504000000000E+01
 1.98695830000000E+03  -5.35787000000000E+01
 1.98704170000000E+03  -5.25533000000000E+01
 1.98712500000000E+03  -4.68354000000000E+01
 1.98720830000000E+03  -4.65022000000000E+01
 1.98729170000000E+03  -4.83229000000000E+01
 1.98737500000000E+03  -4.21435000000000E+01
 1.98745830000000E+03  -3.71180000000000E+01
 1.98754170000000E+03  -3.01695000000000E+01
 1.98762500000000E+03  -1.90670000000000E+01
 1.98770830000000E+03  -1.33491000000000E+01
 1.98779170000000E+03  -6.47760000000000E+00
 1.98787500000000E+03   3.24030000000000E+00
 1.98795830000000E+03   1.20351000000000E+01
 1.98804170000000E+03   2.26759000000000E+01
 1.98812500000000E+03   3.49322000000000E+01
 1.98820830000000E+03   4.24962000000000E+01
 1.98829170000000E+03   4.95986000000000E+01
 1.98837500000000E+03   5.60857000000000E+01
 1.98845830000000E+03   5.50343000000000E+01
 1.98854170000000E+03   4.84444000000000E+01
 1.98862500000000E+03   4.58546000000000E+01
 1.98870830000000E+03   3.76494000000000E+01
 1.98879170000000E+03   3.15978000000000E+01
 1.98887500000000E+03   2.25465000000000E+01
 1.98895830000000E+03   1.64182000000000E+01
 1.98904170000000E+03   1.21360000000000E+01
 1.98912500000000E+03   3.54610000000000E+00
 1.98920830000000E+03   3.40900000000000E-01
 1.98929170000000E+03  -5.94130000000000E+00
 1.98937500000000E+03  -1.08388000000000E+01
 1.98945830000000E+03  -1.69671000000000E+01
 1.98954170000000E+03  -2.34032000000000E+01
 1.98962500000000E+03  -3.58392000000000E+01
 1.98970830000000E+03  -4.67367000000000E+01
 1.98979170000000E+03  -5.53266000000000E+01
 1.98987500000000E+03  -6.16087000000000E+01
 1.98995830000000E+03  -6.32755000000000E+01
 1.99004170000000E+03  -6.80193000000000E+01
 1.99012500000000E+03  -6.96860000000000E+01
 1.99020830000000E+03  -6.59681000000000E+01
 1.99029170000000E+03  -6.68657000000000E+01
 1.99037500000000E+03  -6.62248000000000E+01
 1.99045830000000E+03  -7.09684000000000E+01
 1.99054170000000E+03  -7.00199000000000E+01
 1.99062500000000E+03  -6.85328000000000E+01
 1.99070830000000E+03  -6.13534000000000E+01
 1.99079170000000E+03  -5.64818000000000E+01
 1.99087500000000E+03  -5.43793000000000E+01
 1.99095830000000E+03  -5.06614000000000E+01
 1.99104170000000E+03  -4.36359000000000E+01
 1.99112500000000E+03  -3.40719000000000E+01
 1.99120830000000E+03  -2.98924000000000E+01
 1.99129170000000E+03  -3.14824000000000E+01
 1.99137500000000E+03  -2.82260000000000E+01
 1.99145830000000E+03  -2.83543000000000E+01
 1.99154170000000E+03  -2.51750000000000E+01
 1.99162500000000E+03  -2.25340000000000E+01
 1.99170830000000E+03  -1.72776000000000E+01
 1.99179170000000E+03  -1.10983000000000E+01
 1.99187500000000E+03  -9.84200000000000E+00
 1.99195830000000E+03  -4.58560000000000E+00
 1.99204170000000E+03  -9.44800000000000E-01
 1.99212500000000E+03  -7.30000000000000E-02
 1.99220830000000E+03   3.10640000000000E+00
 1.99229170000000E+03   5.28570000000000E+00
 1.99237500000000E+03   1.26959000000000E+01
 1.99245830000000E+03   1.33369000000000E+01
 1.99254170000000E+03   1.46701000000000E+01
 1.99262500000000E+03   1.59264000000000E+01
 1.99270830000000E+03   1.79520000000000E+01
 1.99279170000000E+03   1.64390000000000E+01
 1.99287500000000E+03   1.73108000000000E+01
 1.99295830000000E+03   2.33364000000000E+01
 1.99304170000000E+03   2.43618000000000E+01
 1.99312500000000E+03   2.66182000000000E+01
 1.99320830000000E+03   2.54900000000000E+01
 1.99329170000000E+03   2.09001000000000E+01
 1.99337500000000E+03   1.40026000000000E+01
 1.99345830000000E+03   1.41280000000000E+00
 1.99354170000000E+03  -8.56170000000000E+00
 1.99362500000000E+03  -1.53053000000000E+01
 1.99370830000000E+03  -2.26644000000000E+01
 1.99379170000000E+03  -2.98697000000000E+01
 1.99387500000000E+03  -3.44594000000000E+01
 1.99395830000000E+03  -3.76646000000000E+01
 1.99404170000000E+03  -3.43314000000000E+01
 1.99412500000000E+03  -2.88443000000000E+01
 1.99420830000000E+03  -2.50494000000000E+01
 1.99429170000000E+03  -1.92547000000000E+01
 1.99437500000000E+03  -2.03060000000000E+01
 1.99445830000000E+03  -1.76650000000000E+01
 1.99454170000000E+03  -1.31011000000000E+01
 1.99462500000000E+03  -9.76780000000000E+00
 1.99470830000000E+03   6.42400000000000E-01
 1.99479170000000E+03   1.55141000000000E+01
 1.99487500000000E+03   1.89243000000000E+01
 1.99495830000000E+03   2.60269000000000E+01
 1.99504170000000E+03   3.64369000000000E+01
 1.99512500000000E+03   3.40010000000000E+01
 1.99520830000000E+03   3.38728000000000E+01
 1.99529170000000E+03   3.56675000000000E+01
 1.99537500000000E+03   3.64624000000000E+01
 1.99545830000000E+03   4.35649000000000E+01
 1.99554170000000E+03   4.69750000000000E+01
 1.99562500000000E+03   4.57699000000000E+01
 1.99570830000000E+03   4.44878000000000E+01
 1.99579170000000E+03   3.95902000000000E+01
 1.99587500000000E+03   3.16928000000000E+01
 1.99595830000000E+03   3.04876000000000E+01
 1.99604170000000E+03   3.27439000000000E+01
 1.99612500000000E+03   3.00003000000000E+01
 1.99620830000000E+03   3.51028000000000E+01
 1.99629170000000E+03   3.93591000000000E+01
 1.99637500000000E+03   4.03847000000000E+01
 1.99645830000000E+03   3.45642000000000E+01
 1.99654170000000E+03   2.52051000000000E+01
 1.99662500000000E+03   2.36922000000000E+01
 1.99670830000000E+03   2.72563000000000E+01
 1.99679170000000E+03   3.15895000000000E+01
 1.99687500000000E+03   3.31536000000000E+01
 1.99695830000000E+03   3.34100000000000E+01
 1.99704170000000E+03   3.82817000000000E+01
 1.99712500000000E+03   3.59996000000000E+01
 1.99720830000000E+03   3.66406000000000E+01
 1.99729170000000E+03   3.32046000000000E+01
 1.99737500000000E+03   2.19226000000000E+01
 1.99745830000000E+03   1.17944000000000E+01
 1.99754170000000E+03   6.28140000000000E+00
 1.99762500000000E+03  -9.23700000000000E-01
 1.99770830000000E+03  -6.43660000000000E+00
 1.99779170000000E+03  -1.26418000000000E+01
 1.99787500000000E+03  -2.03854000000000E+01
 1.99795830000000E+03  -2.89751000000000E+01
 1.99804170000000E+03  -3.64881000000000E+01
 1.99812500000000E+03  -3.87702000000000E+01
 1.99820830000000E+03  -3.93599000000000E+01
 1.99829170000000E+03  -4.85652000000000E+01
 1.99837500000000E+03  -5.46934000000000E+01
 1.99845830000000E+03  -5.80523000000000E+01
 1.99854170000000E+03  -5.75653000000000E+01
 1.99862500000000E+03  -5.63858000000000E+01
 1.99870830000000E+03  -5.16678000000000E+01
 1.99879170000000E+03  -5.21038000000000E+01
 1.99887500000000E+03  -5.29243000000000E+01
 1.99895830000000E+03  -4.92833000000000E+01
 1.99904170000000E+03  -4.35655000000000E+01
 1.99912500000000E+03  -3.35398000000000E+01
 1.99920830000000E+03  -2.60526000000000E+01
 1.99929170000000E+03  -2.41041000000000E+01
 1.99937500000000E+03  -1.77707000000000E+01
 1.99945830000000E+03  -1.52066000000000E+01
 1.99954170000000E+03  -1.37964000000000E+01
 1.99962500000000E+03  -1.82323000000000E+01
 1.99970830000000E+03  -1.94374000000000E+01
 1.99979170000000E+03  -2.02581000000000E+01
 1.99987500000000E+03  -1.81555000000000E+01
 1.99995830000000E+03  -1.36683000000000E+01
 2.00004170000000E+03  -1.26428000000000E+01
 2.00012500000000E+03  -1.39248000000000E+01
 2.00020830000000E+03  -1.63607000000000E+01
 2.00029170000000E+03  -2.64121000000000E+01
 2.00037500000000E+03  -3.64633000000000E+01
 2.00045830000000E+03  -4.22069000000000E+01
 2.00054170000000E+03  -4.64121000000000E+01
 2.00062500000000E+03  -4.44634000000000E+01
 2.00070830000000E+03  -4.42069000000000E+01
 2.00079170000000E+03  -4.41814000000000E+01
 2.00087500000000E+03  -4.33096000000000E+01
 2.00095830000000E+03  -4.36685000000000E+01
 2.00104170000000E+03  -4.16430000000000E+01
 2.00112500000000E+03  -3.93096000000000E+01
 2.00120830000000E+03  -3.49763000000000E+01
 2.00129170000000E+03  -3.69508000000000E+01
 2.00137500000000E+03  -3.54635000000000E+01
 2.00145830000000E+03  -3.23609000000000E+01
 2.00154170000000E+03  -3.14123000000000E+01
 2.00162500000000E+03  -3.50790000000000E+01
 2.00170830000000E+03  -3.85148000000000E+01
 2.00179170000000E+03  -3.57970000000000E+01
 2.00187500000000E+03  -3.65405000000000E+01
 2.00195830000000E+03  -3.64379000000000E+01
 2.00204170000000E+03  -3.68739000000000E+01
 2.00212500000000E+03  -4.29252000000000E+01
 2.00220830000000E+03  -4.09764000000000E+01
 2.00229170000000E+03  -3.88740000000000E+01
 2.00237500000000E+03  -3.64637000000000E+01
 2.00245830000000E+03  -3.82072000000000E+01
 2.00254170000000E+03  -3.77201000000000E+01
 2.00262500000000E+03  -4.24637000000000E+01
 2.00270830000000E+03  -3.45149000000000E+01
 2.00279170000000E+03  -3.07971000000000E+01
 2.00287500000000E+03  -2.52329000000000E+01
 2.00295830000000E+03  -1.37457000000000E+01
 2.00304170000000E+03  -6.72010000000000E+00
 2.00312500000000E+03   4.15170000000000E+00
 2.00320830000000E+03   2.30236000000000E+01
 2.00329170000000E+03   3.02029000000000E+01
 2.00337500000000E+03   2.90748000000000E+01
 2.00345830000000E+03   2.67159000000000E+01
 2.00354170000000E+03   2.85876000000000E+01
 2.00362500000000E+03   3.26902000000000E+01
 2.00370830000000E+03   3.69467000000000E+01
 2.00379170000000E+03   3.55107000000000E+01
 2.00387500000000E+03   4.38441000000000E+01
 2.00395830000000E+03   4.61005000000000E+01
 2.00404170000000E+03   4.04338000000000E+01
 2.00412500000000E+03   3.80749000000000E+01
 2.00420830000000E+03   3.60236000000000E+01
 2.00429170000000E+03   2.98184000000000E+01
 2.00437500000000E+03   2.57672000000000E+01
 2.00445830000000E+03   2.59467000000000E+01
 2.00454170000000E+03   2.95877000000000E+01
 2.00462500000000E+03   3.30749000000000E+01
 2.00470830000000E+03   3.16391000000000E+01
 2.00479170000000E+03   3.06646000000000E+01
 2.00487500000000E+03   3.29980000000000E+01
 2.00495830000000E+03   2.61776000000000E+01
 2.00504170000000E+03   2.01262000000000E+01
 2.00512500000000E+03   1.95366000000000E+01
 2.00520830000000E+03   2.30238000000000E+01
 2.00529170000000E+03   1.70494000000000E+01
 2.00537500000000E+03   8.07510000000000E+00
 2.00545830000000E+03   2.25460000000000E+00
 2.00554170000000E+03   1.89560000000000E+00
 2.00562500000000E+03  -6.94100000000000E-01
 2.00570830000000E+03  -2.51450000000000E+00
 2.00579170000000E+03  -4.64280000000000E+00
 2.00587500000000E+03  -5.54020000000000E+00
 2.00595830000000E+03  -6.36060000000000E+00
 2.00604170000000E+03  -9.50400000000000E-01
 2.00612500000000E+03   1.01522000000000E+01
 2.00620830000000E+03   1.51010000000000E+01
 2.00629170000000E+03   1.62035000000000E+01
 2.00637500000000E+03   2.36138000000000E+01
 2.00645830000000E+03   2.51011000000000E+01
 2.00654170000000E+03   2.38959000000000E+01
 2.00662500000000E+03   1.70755000000000E+01
 2.00670830000000E+03   1.72550000000000E+01
 2.00679170000000E+03   1.12806000000000E+01
 2.00687500000000E+03   8.53710000000000E+00
 2.00695830000000E+03   1.04090000000000E+01
 2.00704170000000E+03   1.15115000000000E+01
 2.00712500000000E+03   1.09218000000000E+01
 2.00720830000000E+03   2.10140000000000E+00
 2.00729170000000E+03  -4.56530000000000E+00
 2.00737500000000E+03  -7.30880000000000E+00
 2.00745830000000E+03  -1.18216000000000E+01
 2.00754170000000E+03  -1.49498000000000E+01
 2.00762500000000E+03  -1.66933000000000E+01
 2.00770830000000E+03  -1.65138000000000E+01
 2.00779170000000E+03  -2.04113000000000E+01
 2.00787500000000E+03  -1.73086000000000E+01
 2.00795830000000E+03  -1.24367000000000E+01
 2.00804170000000E+03  -6.71880000000000E+00
 2.00812500000000E+03  -1.46230000000000E+00
 2.00820830000000E+03  -1.82120000000000E+00
 2.00829170000000E+03  -1.25720000000000E+00
 2.00837500000000E+03   6.14700000000000E-01
 2.00845830000000E+03  -3.43650000000000E+00
 2.00854170000000E+03  -9.94930000000000E+00
 2.00862500000000E+03  -1.36159000000000E+01
 2.00870830000000E+03  -1.78209000000000E+01
 2.00879170000000E+03  -2.20261000000000E+01
 2.00887500000000E+03  -2.57696000000000E+01
 2.00895830000000E+03  -2.97439000000000E+01
 2.00904170000000E+03  -3.21798000000000E+01
 2.00912500000000E+03  -3.30771000000000E+01
 2.00920830000000E+03  -3.75898000000000E+01
 2.00929170000000E+03  -4.18719000000000E+01
 2.00937500000000E+03  -4.72308000000000E+01
 2.00945830000000E+03  -5.15897000000000E+01
 2.00954170000000E+03  -5.61026000000000E+01
 2.00962500000000E+03  -6.09999000000000E+01
 2.00970830000000E+03  -6.23587000000000E+01
 2.00979170000000E+03  -6.48716000000000E+01
 2.00987500000000E+03  -6.33074000000000E+01
 2.00995830000000E+03  -5.78201000000000E+01
 2.01004170000000E+03  -4.87176000000000E+01
 2.01012500000000E+03  -4.47688000000000E+01
 2.01020830000000E+03  -4.30507000000000E+01
 2.01029170000000E+03  -4.19482000000000E+01
 2.01037500000000E+03  -4.16917000000000E+01
 2.01045830000000E+03  -3.55121000000000E+01
 2.01054170000000E+03  -3.22557000000000E+01
 2.01062500000000E+03  -3.14607000000000E+01
 2.01070830000000E+03  -2.88965000000000E+01
 2.01079170000000E+03  -2.34093000000000E+01
 2.01087500000000E+03  -1.87682000000000E+01
 2.01095830000000E+03  -1.51270000000000E+01
 2.01104170000000E+03  -1.01784000000000E+01
 2.01112500000000E+03  -1.13834000000000E+01
 2.01120830000000E+03  -1.43576000000000E+01
 2.01129170000000E+03  -1.96397000000000E+01
 2.01137500000000E+03  -2.58447000000000E+01
 2.01145830000000E+03  -3.35112000000000E+01
 2.01154170000000E+03  -4.21779000000000E+01
 2.01162500000000E+03  -4.62291000000000E+01
 2.01170830000000E+03  -4.48187000000000E+01
 2.01179170000000E+03  -4.10239000000000E+01
 2.01187500000000E+03  -4.19212000000000E+01
 2.01195830000000E+03  -4.14339000000000E+01
 2.01204170000000E+03  -4.27159000000000E+01
 2.01212500000000E+03  -4.82286000000000E+01
 2.01220830000000E+03  -4.93567000000000E+01
 2.01229170000000E+03  -4.91003000000000E+01
 2.01237500000000E+03  -4.55361000000000E+01
 2.01245830000000E+03  -4.11257000000000E+01
 2.01254170000000E+03  -3.67924000000000E+01
 2.01262500000000E+03  -3.40743000000000E+01
 2.01270830000000E+03  -3.28178000000000E+01
 2.01279170000000E+03  -3.86383000000000E+01
 2.01287500000000E+03  -4.00741000000000E+01
 2.01295830000000E+03  -3.68175000000000E+01
 2.01304170000000E+03  -3.34842000000000E+01
 2.01312500000000E+03  -2.91507000000000E+01
 2.01320830000000E+03  -2.13557000000000E+01
 2.01329170000000E+03  -1.73301000000000E+01
 2.01337500000000E+03  -1.65351000000000E+01
 2.01345830000000E+03  -2.16632000000000E+01
 2.01354170000000E+03  -2.56375000000000E+01
 2.01362500000000E+03  -2.64579000000000E+01
 2.01370830000000E+03  -2.67398000000000E+01
 2.01379170000000E+03  -2.86373000000000E+01
 2.01387500000000E+03  -2.69961000000000E+01
 2.01395830000000E+03  -2.05088000000000E+01
 2.01404170000000E+03  -1.95600000000000E+01
 2.01412500000000E+03  -1.50727000000000E+01
 2.01420830000000E+03  -6.12390000000000E+00
 2.01429170000000E+03  -3.55980000000000E+00
 2.01437500000000E+03  -7.53400000000000E+00
 2.01445830000000E+03  -9.04660000000000E+00
 2.01454170000000E+03  -1.07902000000000E+01
 2.01462500000000E+03  -6.99520000000000E+00
 2.01470830000000E+03  -3.66170000000000E+00
 2.01479170000000E+03  -3.28400000000000E-01
 2.01487500000000E+03   6.31280000000000E+00
 2.01495830000000E+03   1.44924000000000E+01
 2.01504170000000E+03   8.28730000000000E+00
 2.01512500000000E+03   6.54380000000000E+00
 2.01520830000000E+03   4.26200000000000E+00
 2.01529170000000E+03  -2.02010000000000E+00
 2.01537500000000E+03  -8.84050000000000E+00
 2.01545830000000E+03  -1.04300000000000E+01
 2.01554170000000E+03  -7.78900000000000E+00
 2.01562500000000E+03  -4.55500000000000E-01
 2.01570830000000E+03  -4.42970000000000E+00
 2.01579170000000E+03  -1.48100000000000E+00
 2.01587500000000E+03   1.69870000000000E+00
 2.01595830000000E+03   4.49370000000000E+00
 2.01604170000000E+03   7.67320000000000E+00
 2.01612500000000E+03   1.60067000000000E+01
 2.01620830000000E+03   2.57248000000000E+01
 2.01629170000000E+03   3.24427000000000E+01
 2.01637500000000E+03   3.35455000000000E+01
 2.01645830000000E+03   3.72636000000000E+01
 2.01654170000000E+03   3.83662000000000E+01
 2.01662500000000E+03   3.95458000000000E+01
 2.01670830000000E+03   4.07255000000000E+01
 2.01679170000000E+03   5.32896000000000E+01
 2.01687500000000E+03   6.01616000000000E+01
 2.01695830000000E+03   6.28028000000000E+01
 2.01704170000000E+03   6.32900000000000E+01
 2.01712500000000E+03   7.37004000000000E+01
 2.01720830000000E+03   7.92647000000000E+01
 2.01729170000000E+03   7.89057000000000E+01
 2.01737500000000E+03   7.68546000000000E+01
 2.01745830000000E+03   7.81112000000000E+01
 2.01754170000000E+03   7.92138000000000E+01
 2.01762500000000E+03   7.92396000000000E+01
 2.01770830000000E+03   7.42654000000000E+01
 2.01779170000000E+03   6.79064000000000E+01
 2.01787500000000E+03   5.47015000000000E+01
 2.01795830000000E+03   4.63427000000000E+01
 2.01804170000000E+03   4.50607000000000E+01
 2.01812500000000E+03   4.80096000000000E+01
 2.01820830000000E+03   4.07277000000000E+01
 2.01829170000000E+03   3.57534000000000E+01
 2.01837500000000E+03   2.85484000000000E+01
 2.01845830000000E+03   2.00358000000000E+01
 2.01854170000000E+03   1.39076000000000E+01
 2.01862500000000E+03   5.01040000000000E+00
 2.01870830000000E+03  -3.48400000000000E-01
 2.01879170000000E+03  -5.53500000000000E-01
 2.01887500000000E+03   1.39540000000000E+00
 2.01895830000000E+03   1.80580000000000E+00
 2.01904170000000E+03   5.36990000000000E+00
 2.01912500000000E+03   1.04727000000000E+01
 2.01920830000000E+03   8.80620000000000E+00
 2.01929170000000E+03   8.90880000000000E+00
 2.01937500000000E+03   1.23962000000000E+01
 2.01945830000000E+03   2.14989000000000E+01
 2.01954170000000E+03   2.59092000000000E+01
 2.01962500000000E+03   2.51658000000000E+01
 2.01970830000000E+03   3.18840000000000E+01
 2.01979170000000E+03   4.00635000000000E+01
 2.01987500000000E+03   4.67047000000000E+01
 2.01995830000000E+03   5.58075000000000E+01
 2.02004170000000E+03   7.20639000000000E+01
 2.02012500000000E+03   7.92436000000000E+01
 2.02020830000000E+03   8.32695000000000E+01
 2.02029170000000E+03   9.12182000000000E+01
 2.02037500000000E+03   9.40133000000000E+01
 2.02045830000000E+03   9.31161000000000E+01
 2.02054170000000E+03   8.72956000000000E+01
 2.02062500000000E+03   9.00137000000000E+01
 2.02070830000000E+03   9.35781000000000E+01
 2.02079170000000E+03   9.12191000000000E+01
 2.02087500000000E+03   8.77834000000000E+01
 2.02095830000000E+03   8.48093000000000E+01
 2.02104170000000E+03   7.57580000000000E+01
 2.02112500000000E+03   6.77070000000000E+01
 2.02120830000000E+03   5.91944000000000E+01
 2.02129170000000E+03   4.76047000000000E+01
 2.02137500000000E+03   3.50921000000000E+01
 2.02145830000000E+03   2.63487000000000E+01
 2.02154170000000E+03   1.79128000000000E+01
 2.02162500000000E+03   1.30925000000000E+01
 2.02170830000000E+03   5.27220000000000E+00
 2.02179170000000E+03   1.60560000000000E+00
 2.02187500000000E+03   3.23800000000000E-01
 2.02195830000000E+03  -2.41960000000000E+00
 2.02204170000000E+03  -6.54780000000000E+00
 2.02212500000000E+03  -5.98340000000000E+00
 2.02220830000000E+03  -7.41910000000000E+00
 2.02229170000000E+03  -6.39340000000000E+00
 2.02237500000000E+03  -8.67530000000000E+00
 2.02245830000000E+03  -1.10340000000000E+01
 2.02254170000000E+03  -1.49314000000000E+01
 2.02262500000000E+03  -1.90594000000000E+01
 2.02270830000000E+03  -2.38027000000000E+01
 2.02279170000000E+03  -2.69309000000000E+01
 2.02287500000000E+03  -3.11358000000000E+01
 2.02295830000000E+03  -3.70330000000000E+01
 2.02304170000000E+03  -3.18534000000000E+01
 2.02312500000000E+03  -2.23660000000000E+01
 2.02320830000000E+03  -1.74940000000000E+01
 2.02329170000000E+03  -1.44683000000000E+01
 2.02337500000000E+03  -1.41348000000000E+01
 2.02345830000000E+03  -1.24166000000000E+01
 2.02354170000000E+03  -1.16473000000000E+01
 2.02362500000000E+03  -9.35100000000000E+00
 2.02370830000000E+03  -3.56990000000000E+00
 2.02379170000000E+03   4.19090000000000E+00
 2.02387500000000E+03   1.49240000000000E+01
 2.02395830000000E+03   2.86174000000000E+01
