 1.84854170000000E+03   5.52897000000000E+01
 1.84862500000000E+03   5.89967000000000E+01
 1.84870830000000E+03   7.81958000000000E+01
 1.84879170000000E+03   6.67392000000000E+01
 1.84887500000000E+03   5.51696000000000E+01
 1.84895830000000E+03   5.91817000000000E+01
 1.84904170000000E+03   6.33335000000000E+01
 1.84912500000000E+03   6.31777000000000E+01
 1.84920830000000E+03   6.44065000000000E+01
 1.84929170000000E+03   4.60197000000000E+01
 1.84937500000000E+03   4.97099000000000E+01
 1.84945830000000E+03   4.56309000000000E+01
 1.84954170000000E+03   2.90132000000000E+01
 1.84962500000000E+03   2.69341000000000E+01
 1.84970830000000E+03   4.05472000000000E+01
 1.84979170000000E+03   1.69294000000000E+01
 1.84987500000000E+03   1.89271000000000E+01
 1.84995830000000E+03   2.56939000000000E+01
 1.85004170000000E+03   2.83837000000000E+01
 1.85012500000000E+03   1.31504000000000E+01
 1.85020830000000E+03   1.36095000000000E+01
 1.85029170000000E+03   6.45300000000000E+00
 1.85037500000000E+03   1.11427000000000E+01
 1.85045830000000E+03   8.52470000000000E+00
 1.85054170000000E+03   1.22911000000000E+01
 1.85062500000000E+03   1.53653000000000E+01
 1.85070830000000E+03   2.72856000000000E+01
 1.85079170000000E+03   8.43660000000000E+00
 1.85087500000000E+03   1.54337000000000E+01
 1.85095830000000E+03   2.75077000000000E+01
 1.85104170000000E+03   3.71970000000000E+01
 1.85112500000000E+03   3.39633000000000E+01
 1.85120830000000E+03   5.22679000000000E+01
 1.85129170000000E+03   4.22648000000000E+01
 1.85137500000000E+03   5.15694000000000E+01
 1.85145830000000E+03   4.85662000000000E+01
 1.85154170000000E+03   3.92553000000000E+01
 1.85162500000000E+03   4.46366000000000E+01
 1.85170830000000E+03   5.07872000000000E+01
 1.85179170000000E+03   4.94761000000000E+01
 1.85187500000000E+03   4.62420000000000E+01
 1.85195830000000E+03   4.31617000000000E+01
 1.85204170000000E+03   3.86197000000000E+01
 1.85212500000000E+03   2.57700000000000E+01
 1.85220830000000E+03   1.72280000000000E+01
 1.85229170000000E+03   1.99360000000000E+00
 1.85237500000000E+03  -8.16380000000000E+00
 1.85245830000000E+03  -2.60136000000000E+01
 1.85254170000000E+03  -1.74021000000000E+01
 1.85262500000000E+03  -6.40580000000000E+00
 1.85270830000000E+03  -1.69480000000000E+01
 1.85279170000000E+03  -2.21058000000000E+01
 1.85287500000000E+03  -2.34173000000000E+01
 1.85295830000000E+03  -2.14982000000000E+01
 1.85304170000000E+03  -1.50407000000000E+01
 1.85312500000000E+03  -1.67370000000000E+01
 1.85320830000000E+03  -1.71256000000000E+01
 1.85329170000000E+03  -1.15144000000000E+01
 1.85337500000000E+03  -8.44160000000000E+00
 1.85345830000000E+03  -8.21500000000000E+00
 1.85354170000000E+03  -1.99885000000000E+01
 1.85362500000000E+03  -2.43004000000000E+01
 1.85370830000000E+03  -2.76124000000000E+01
 1.85379170000000E+03  -1.53861000000000E+01
 1.85387500000000E+03  -7.46740000000000E+00
 1.85395830000000E+03  -2.93330000000000E+00
 1.85404170000000E+03   1.98520000000000E+00
 1.85412500000000E+03  -1.94230000000000E+00
 1.85420830000000E+03   5.74540000000000E+00
 1.85429170000000E+03   7.81770000000000E+00
 1.85437500000000E+03   1.51208000000000E+01
 1.85445830000000E+03   1.40392000000000E+01
 1.85454170000000E+03   4.34959000000000E+01
 1.85462500000000E+03   6.16450000000000E+01
 1.85470830000000E+03   3.87171000000000E+01
 1.85479170000000E+03   3.22507000000000E+01
 1.85487500000000E+03   2.86304000000000E+01
 1.85495830000000E+03   2.02409000000000E+01
 1.85504170000000E+03   2.09281000000000E+01
 1.85512500000000E+03   2.26924000000000E+01
 1.85520830000000E+03   2.93796000000000E+01
 1.85529170000000E+03   1.72975000000000E+01
 1.85537500000000E+03   1.32155000000000E+01
 1.85545830000000E+03  -5.94350000000000E+00
 1.85554170000000E+03  -3.94880000000000E+00
 1.85562500000000E+03  -1.82618000000000E+01
 1.85570830000000E+03  -1.88055000000000E+01
 1.85579170000000E+03  -2.50330000000000E+00
 1.85587500000000E+03   5.10670000000000E+00
 1.85595830000000E+03   6.79360000000000E+00
 1.85604170000000E+03   1.96342000000000E+01
 1.85612500000000E+03   2.63979000000000E+01
 1.85620830000000E+03   2.20847000000000E+01
 1.85629170000000E+03   1.08482000000000E+01
 1.85637500000000E+03   1.11503000000000E+01
 1.85645830000000E+03   1.52985000000000E+01
 1.85654170000000E+03   2.40619000000000E+01
 1.85662500000000E+03   8.28690000000000E+00
 1.85670830000000E+03   6.89650000000000E+00
 1.85679170000000E+03  -1.03250000000000E+00
 1.85687500000000E+03  -6.42300000000000E+00
 1.85695830000000E+03  -1.31982000000000E+01
 1.85704170000000E+03  -1.11273000000000E+01
 1.85712500000000E+03  -9.90260000000000E+00
 1.85720830000000E+03  -1.56778000000000E+01
 1.85729170000000E+03  -1.92994000000000E+01
 1.85737500000000E+03  -2.69209000000000E+01
 1.85745830000000E+03  -3.63887000000000E+01
 1.85754170000000E+03  -3.68565000000000E+01
 1.85762500000000E+03  -4.14012000000000E+01
 1.85770830000000E+03  -4.08691000000000E+01
 1.85779170000000E+03  -3.87986000000000E+01
 1.85787500000000E+03  -3.04204000000000E+01
 1.85795830000000E+03  -2.66576000000000E+01
 1.85804170000000E+03  -2.18949000000000E+01
 1.85812500000000E+03  -2.51322000000000E+01
 1.85820830000000E+03  -3.79080000000000E+01
 1.85829170000000E+03  -4.02993000000000E+01
 1.85837500000000E+03  -4.07675000000000E+01
 1.85845830000000E+03  -4.04665000000000E+01
 1.85854170000000E+03  -4.55502000000000E+01
 1.85862500000000E+03  -4.97878000000000E+01
 1.85870830000000E+03  -4.26407000000000E+01
 1.85879170000000E+03  -2.05708000000000E+01
 1.85887500000000E+03  -2.52700000000000E+01
 1.85895830000000E+03  -2.44308000000000E+01
 1.85904170000000E+03  -1.33609000000000E+01
 1.85912500000000E+03  -9.29100000000000E+00
 1.85920830000000E+03  -1.22211000000000E+01
 1.85929170000000E+03  -1.26130000000000E+01
 1.85937500000000E+03  -2.13124000000000E+01
 1.85945830000000E+03  -3.16273000000000E+01
 1.85954170000000E+03  -3.17885000000000E+01
 1.85962500000000E+03  -2.19496000000000E+01
 1.85970830000000E+03  -2.84185000000000E+01
 1.85979170000000E+03  -4.08105000000000E+01
 1.85987500000000E+03  -5.40487000000000E+01
 1.85995830000000E+03  -5.62869000000000E+01
 1.86004170000000E+03  -4.78330000000000E+01
 1.86012500000000E+03  -6.03020000000000E+01
 1.86020830000000E+03  -6.16942000000000E+01
 1.86029170000000E+03  -6.58558000000000E+01
 1.86037500000000E+03  -6.20173000000000E+01
 1.86045830000000E+03  -5.87942000000000E+01
 1.86054170000000E+03  -6.00328000000000E+01
 1.86062500000000E+03  -5.14252000000000E+01
 1.86070830000000E+03  -4.65869000000000E+01
 1.86079170000000E+03  -3.98256000000000E+01
 1.86087500000000E+03  -1.98335000000000E+01
 1.86095830000000E+03  -1.30722000000000E+01
 1.86104170000000E+03  -1.05418000000000E+01
 1.86112500000000E+03  -1.05499000000000E+01
 1.86120830000000E+03   4.90360000000000E+00
 1.86129170000000E+03  -3.25850000000000E+00
 1.86137500000000E+03  -1.61128000000000E+01
 1.86145830000000E+03  -1.55056000000000E+01
 1.86154170000000E+03  -7.20630000000000E+00
 1.86162500000000E+03   3.09320000000000E+00
 1.86170830000000E+03  -2.60750000000000E+00
 1.86179170000000E+03  -1.37698000000000E+01
 1.86187500000000E+03  -1.43936000000000E+01
 1.86195830000000E+03  -2.33251000000000E+01
 1.86204170000000E+03  -1.69491000000000E+01
 1.86212500000000E+03  -7.49610000000000E+00
 1.86220830000000E+03  -1.68893000000000E+01
 1.86229170000000E+03  -4.13596000000000E+01
 1.86237500000000E+03  -4.25221000000000E+01
 1.86245830000000E+03  -4.84538000000000E+01
 1.86254170000000E+03  -6.23858000000000E+01
 1.86262500000000E+03  -5.93176000000000E+01
 1.86270830000000E+03  -5.58649000000000E+01
 1.86279170000000E+03  -4.90278000000000E+01
 1.86287500000000E+03  -3.91136000000000E+01
 1.86295830000000E+03  -3.63533000000000E+01
 1.86304170000000E+03  -3.39009000000000E+01
 1.86312500000000E+03  -3.52176000000000E+01
 1.86320830000000E+03  -4.58421000000000E+01
 1.86329170000000E+03  -4.74667000000000E+01
 1.86337500000000E+03  -4.09374000000000E+01
 1.86345830000000E+03  -3.31774000000000E+01
 1.86354170000000E+03  -1.80329000000000E+01
 1.86362500000000E+03  -4.27300000000000E+00
 1.86370830000000E+03  -2.62054000000000E+01
 1.86379170000000E+03  -2.62918000000000E+01
 1.86387500000000E+03  -3.35320000000000E+01
 1.86395830000000E+03  -3.42338000000000E+01
 1.86404170000000E+03  -2.64741000000000E+01
 1.86412500000000E+03  -1.20991000000000E+01
 1.86420830000000E+03  -1.28779000000000E+01
 1.86429170000000E+03   3.43100000000000E-01
 1.86437500000000E+03  -7.43500000000000E-01
 1.86445830000000E+03  -1.47532000000000E+01
 1.86454170000000E+03  -1.79169000000000E+01
 1.86462500000000E+03  -1.58498000000000E+01
 1.86470830000000E+03  -1.58596000000000E+01
 1.86479170000000E+03  -1.41004000000000E+01
 1.86487500000000E+03  -2.24949000000000E+01
 1.86495830000000E+03  -7.96640000000000E+00
 1.86504170000000E+03  -4.59190000000000E+00
 1.86512500000000E+03  -6.60200000000000E+00
 1.86520830000000E+03  -2.03044000000000E+01
 1.86529170000000E+03  -3.76223000000000E+01
 1.86537500000000E+03  -5.36325000000000E+01
 1.86545830000000E+03  -5.37966000000000E+01
 1.86554170000000E+03  -4.37300000000000E+01
 1.86562500000000E+03  -3.72788000000000E+01
 1.86570830000000E+03  -3.92122000000000E+01
 1.86579170000000E+03  -4.87611000000000E+01
 1.86587500000000E+03  -3.57716000000000E+01
 1.86595830000000E+03  -3.08590000000000E+01
 1.86604170000000E+03  -2.84850000000000E+01
 1.86612500000000E+03  -2.67263000000000E+01
 1.86620830000000E+03  -3.14292000000000E+01
 1.86629170000000E+03  -4.76707000000000E+01
 1.86637500000000E+03  -3.42199000000000E+01
 1.86645830000000E+03  -2.47691000000000E+01
 1.86654170000000E+03  -1.55492000000000E+01
 1.86662500000000E+03  -7.56000000000000E+00
 1.86670830000000E+03  -1.32632000000000E+01
 1.86679170000000E+03  -7.35700000000000E-01
 1.86687500000000E+03   9.86880000000000E+00
 1.86695830000000E+03   1.01655000000000E+01
 1.86704170000000E+03   2.15390000000000E+01
 1.86712500000000E+03   2.15279000000000E+01
 1.86720830000000E+03   1.52860000000000E+01
 1.86729170000000E+03   1.64286000000000E+01
 1.86737500000000E+03   4.63405000000000E+01
 1.86745830000000E+03   6.26369000000000E+01
 1.86754170000000E+03   5.57794000000000E+01
 1.86762500000000E+03   5.56912000000000E+01
 1.86770830000000E+03   6.76798000000000E+01
 1.86779170000000E+03   7.52068000000000E+01
 1.86787500000000E+03   7.45799000000000E+01
 1.86795830000000E+03   8.38761000000000E+01
 1.86804170000000E+03   9.33260000000000E+01
 1.86812500000000E+03   8.21606000000000E+01
 1.86820830000000E+03   8.19952000000000E+01
 1.86829170000000E+03   8.22142000000000E+01
 1.86837500000000E+03   9.03563000000000E+01
 1.86845830000000E+03   6.51907000000000E+01
 1.86854170000000E+03   3.47173000000000E+01
 1.86862500000000E+03   3.39363000000000E+01
 1.86870830000000E+03   3.23090000000000E+01
 1.86879170000000E+03   1.23739000000000E+01
 1.86887500000000E+03   5.15800000000000E-01
 1.86895830000000E+03  -8.03900000000000E-01
 1.86904170000000E+03  -2.27750000000000E+00
 1.86912500000000E+03  -3.59730000000000E+00
 1.86920830000000E+03   4.67500000000000E-01
 1.86929170000000E+03  -6.46780000000000E+00
 1.86937500000000E+03   1.04430000000000E+01
 1.86945830000000E+03   4.66160000000000E+00
 1.86954170000000E+03   7.41840000000000E+00
 1.86962500000000E+03   9.84000000000000E-02
 1.86970830000000E+03  -3.22170000000000E+00
 1.86979170000000E+03  -1.64650000000000E+01
 1.86987500000000E+03  -6.24670000000000E+00
 1.86995830000000E+03   5.87000000000000E-01
 1.87004170000000E+03   5.95900000000000E+00
 1.87012500000000E+03   7.25410000000000E+00
 1.87020830000000E+03   1.31840000000000E+00
 1.87029170000000E+03   2.07480000000000E+00
 1.87037500000000E+03  -3.86100000000000E+00
 1.87045830000000E+03  -1.37199000000000E+01
 1.87054170000000E+03  -2.13481000000000E+01
 1.87062500000000E+03  -3.95148000000000E+01
 1.87070830000000E+03  -2.28354000000000E+01
 1.87079170000000E+03  -1.17715000000000E+01
 1.87087500000000E+03  -8.61400000000000E-01
 1.87095830000000E+03   7.74100000000000E+00
 1.87104170000000E+03   2.26630000000000E+00
 1.87112500000000E+03   1.71480000000000E+00
 1.87120830000000E+03   7.78600000000000E-01
 1.87129170000000E+03  -7.69630000000000E+00
 1.87137500000000E+03  -1.31710000000000E+01
 1.87145830000000E+03  -1.52612000000000E+01
 1.87154170000000E+03  -3.01207000000000E+01
 1.87162500000000E+03  -4.48264000000000E+01
 1.87170830000000E+03  -3.19936000000000E+01
 1.87179170000000E+03  -3.01610000000000E+01
 1.87187500000000E+03  -3.80206000000000E+01
 1.87195830000000E+03  -3.93418000000000E+01
 1.87204170000000E+03  -4.52016000000000E+01
 1.87212500000000E+03  -3.90614000000000E+01
 1.87220830000000E+03  -5.33058000000000E+01
 1.87229170000000E+03  -6.04734000000000E+01
 1.87237500000000E+03  -5.54871000000000E+01
 1.87245830000000E+03  -5.95778000000000E+01
 1.87254170000000E+03  -5.68225000000000E+01
 1.87262500000000E+03  -5.87594000000000E+01
 1.87270830000000E+03  -4.84656000000000E+01
 1.87279170000000E+03  -4.87873000000000E+01
 1.87287500000000E+03  -4.66475000000000E+01
 1.87295830000000E+03  -4.03538000000000E+01
 1.87304170000000E+03  -3.19833000000000E+01
 1.87312500000000E+03  -2.88436000000000E+01
 1.87320830000000E+03  -3.74731000000000E+01
 1.87329170000000E+03  -3.29489000000000E+01
 1.87337500000000E+03  -3.22709000000000E+01
 1.87345830000000E+03  -2.12082000000000E+01
 1.87354170000000E+03  -1.28380000000000E+01
 1.87362500000000E+03   3.37840000000000E+00
 1.87370830000000E+03   7.44100000000000E+00
 1.87379170000000E+03   2.17341000000000E+01
 1.87387500000000E+03   2.89504000000000E+01
 1.87395830000000E+03   3.19359000000000E+01
 1.87404170000000E+03   3.26135000000000E+01
 1.87412500000000E+03   2.98297000000000E+01
 1.87420830000000E+03   2.85073000000000E+01
 1.87429170000000E+03   2.81848000000000E+01
 1.87437500000000E+03   3.70932000000000E+01
 1.87445830000000E+03   3.68477000000000E+01
 1.87454170000000E+03   1.49866000000000E+01
 1.87462500000000E+03   1.32794000000000E+01
 1.87470830000000E+03  -1.34278000000000E+01
 1.87479170000000E+03  -8.98130000000000E+00
 1.87487500000000E+03  -1.49194000000000E+01
 1.87495830000000E+03  -1.14728000000000E+01
 1.87504170000000E+03  -1.40265000000000E+01
 1.87512500000000E+03  -1.70416000000000E+01
 1.87520830000000E+03  -2.08260000000000E+01
 1.87529170000000E+03  -1.69951000000000E+01
 1.87537500000000E+03  -1.40873000000000E+01
 1.87545830000000E+03  -3.09487000000000E+01
 1.87554170000000E+03  -3.90411000000000E+01
 1.87562500000000E+03  -3.06718000000000E+01
 1.87570830000000E+03  -3.33026000000000E+01
 1.87579170000000E+03  -2.32412000000000E+01
 1.87587500000000E+03  -2.59490000000000E+01
 1.87595830000000E+03  -1.98876000000000E+01
 1.87604170000000E+03  -1.53649000000000E+01
 1.87612500000000E+03  -1.38420000000000E+01
 1.87620830000000E+03  -9.47310000000000E+00
 1.87629170000000E+03  -7.95040000000000E+00
 1.87637500000000E+03  -1.38123000000000E+01
 1.87645830000000E+03  -1.30588000000000E+01
 1.87654170000000E+03  -1.67671000000000E+01
 1.87662500000000E+03  -1.12445000000000E+01
 1.87670830000000E+03  -9.56810000000000E+00
 1.87679170000000E+03  -3.96880000000000E+00
 1.87687500000000E+03  -6.00200000000000E-01
 1.87695830000000E+03   3.69150000000000E+00
 1.87704170000000E+03   3.98300000000000E+00
 1.87712500000000E+03   8.04380000000000E+00
 1.87720830000000E+03   1.61046000000000E+01
 1.87729170000000E+03   1.27806000000000E+01
 1.87737500000000E+03   1.36105000000000E+01
 1.87745830000000E+03   6.44030000000000E+00
 1.87754170000000E+03   1.11931000000000E+01
 1.87762500000000E+03   2.60229000000000E+01
 1.87770830000000E+03   4.19296000000000E+01
 1.87779170000000E+03   4.60669000000000E+01
 1.87787500000000E+03   3.85888000000000E+01
 1.87795830000000E+03   5.15723000000000E+01
 1.87804170000000E+03   6.73248000000000E+01
 1.87812500000000E+03   6.76159000000000E+01
 1.87820830000000E+03   6.05223000000000E+01
 1.87829170000000E+03   5.11208000000000E+01
 1.87837500000000E+03   4.61810000000000E+01
 1.87845830000000E+03   4.47027000000000E+01
 1.87854170000000E+03   5.64550000000000E+01
 1.87862500000000E+03   6.14381000000000E+01
 1.87870830000000E+03   6.21904000000000E+01
 1.87879170000000E+03   4.92503000000000E+01
 1.87887500000000E+03   4.36179000000000E+01
 1.87895830000000E+03   4.82931000000000E+01
 1.87904170000000E+03   4.61221000000000E+01
 1.87912500000000E+03   3.55665000000000E+01
 1.87920830000000E+03   3.45493000000000E+01
 1.87929170000000E+03   3.43012000000000E+01
 1.87937500000000E+03   5.18993000000000E+01
 1.87945830000000E+03   4.81128000000000E+01
 1.87954170000000E+03   5.31723000000000E+01
 1.87962500000000E+03   3.59241000000000E+01
 1.87970830000000E+03   2.87529000000000E+01
 1.87979170000000E+03   2.11968000000000E+01
 1.87987500000000E+03   1.83332000000000E+01
 1.87995830000000E+03   2.58541000000000E+01
 1.88004170000000E+03   2.76825000000000E+01
 1.88012500000000E+03   2.73572000000000E+01
 1.88020830000000E+03   2.15703000000000E+01
 1.88029170000000E+03   3.03986000000000E+01
 1.88037500000000E+03   3.15347000000000E+01
 1.88045830000000E+03   2.73630000000000E+01
 1.88054170000000E+03   4.25758000000000E+01
 1.88062500000000E+03   3.77118000000000E+01
 1.88070830000000E+03   4.25400000000000E+01
 1.88079170000000E+03   4.15219000000000E+01
 1.88087500000000E+03   4.58885000000000E+01
 1.88095830000000E+03   5.30243000000000E+01
 1.88104170000000E+03   5.51600000000000E+01
 1.88112500000000E+03   6.69880000000000E+01
 1.88120830000000E+03   7.02775000000000E+01
 1.88129170000000E+03   7.33361000000000E+01
 1.88137500000000E+03   4.89332000000000E+01
 1.88145830000000E+03   3.26841000000000E+01
 1.88154170000000E+03   1.45118000000000E+01
 1.88162500000000E+03   5.80110000000000E+00
 1.88170830000000E+03   1.12442000000000E+01
 1.88179170000000E+03   1.03794000000000E+01
 1.88187500000000E+03   1.18225000000000E+01
 1.88195830000000E+03   1.48808000000000E+01
 1.88204170000000E+03   1.27852000000000E+01
 1.88212500000000E+03   1.15358000000000E+01
 1.88220830000000E+03   4.51710000000000E+00
 1.88229170000000E+03  -2.38095000000000E+01
 1.88237500000000E+03  -3.33667000000000E+01
 1.88245830000000E+03  -3.81548000000000E+01
 1.88254170000000E+03  -4.18660000000000E+01
 1.88262500000000E+03  -5.70388000000000E+01
 1.88270830000000E+03  -6.22116000000000E+01
 1.88279170000000E+03  -7.56153000000000E+01
 1.88287500000000E+03  -7.18651000000000E+01
 1.88295830000000E+03  -6.93457000000000E+01
 1.88304170000000E+03  -7.02111000000000E+01
 1.88312500000000E+03  -7.10764000000000E+01
 1.88320830000000E+03  -7.17110000000000E+01
 1.88329170000000E+03  -8.07303000000000E+01
 1.88337500000000E+03  -6.49804000000000E+01
 1.88345830000000E+03  -4.09227000000000E+01
 1.88354170000000E+03  -2.49422000000000E+01
 1.88362500000000E+03   4.23000000000000E-01
 1.88370830000000E+03   1.08651000000000E+01
 1.88379170000000E+03   8.46090000000000E+00
 1.88387500000000E+03   8.90290000000000E+00
 1.88395830000000E+03   1.91141000000000E+01
 1.88404170000000E+03   1.92482000000000E+01
 1.88412500000000E+03   2.26131000000000E+01
 1.88420830000000E+03   1.18242000000000E+01
 1.88429170000000E+03   4.88130000000000E+00
 1.88437500000000E+03   1.39384000000000E+01
 1.88445830000000E+03   1.52263000000000E+01
 1.88454170000000E+03  -1.51014000000000E+01
 1.88462500000000E+03  -3.03521000000000E+01
 1.88470830000000E+03  -4.32951000000000E+01
 1.88479170000000E+03  -3.90845000000000E+01
 1.88487500000000E+03  -3.77968000000000E+01
 1.88495830000000E+03  -2.75092000000000E+01
 1.88504170000000E+03  -2.89910000000000E+01
 1.88512500000000E+03  -2.69342000000000E+01
 1.88520830000000E+03  -2.68006000000000E+01
 1.88529170000000E+03  -1.79748000000000E+01
 1.88537500000000E+03  -2.08412000000000E+01
 1.88545830000000E+03  -3.56308000000000E+01
 1.88554170000000E+03  -3.41897000000000E+01
 1.88562500000000E+03  -3.66717000000000E+01
 1.88570830000000E+03  -4.19998000000000E+01
 1.88579170000000E+03  -5.04051000000000E+01
 1.88587500000000E+03  -5.48102000000000E+01
 1.88595830000000E+03  -4.96770000000000E+01
 1.88604170000000E+03  -4.63131000000000E+01
 1.88612500000000E+03  -4.41799000000000E+01
 1.88620830000000E+03  -4.69699000000000E+01
 1.88629170000000E+03  -5.46061000000000E+01
 1.88637500000000E+03  -7.13961000000000E+01
 1.88645830000000E+03  -7.48785000000000E+01
 1.88654170000000E+03  -8.57457000000000E+01
 1.88662500000000E+03  -1.01151200000000E+02
 1.88670830000000E+03  -8.55568000000000E+01
 1.88679170000000E+03  -6.84241000000000E+01
 1.88687500000000E+03  -6.05990000000000E+01
 1.88695830000000E+03  -4.78508000000000E+01
 1.88704170000000E+03  -4.14875000000000E+01
 1.88712500000000E+03  -4.13548000000000E+01
 1.88720830000000E+03  -4.35298000000000E+01
 1.88729170000000E+03  -4.58589000000000E+01
 1.88737500000000E+03  -3.96494000000000E+01
 1.88745830000000E+03  -1.82862000000000E+01
 1.88754170000000E+03  -1.26154000000000E+01
 1.88762500000000E+03   8.59400000000000E+00
 1.88770830000000E+03   1.63417000000000E+01
 1.88779170000000E+03   6.55090000000000E+00
 1.88787500000000E+03   6.29850000000000E+00
 1.88795830000000E+03   6.20000000000000E+00
 1.88804170000000E+03   3.94750000000000E+00
 1.88812500000000E+03   1.15660000000000E+00
 1.88820830000000E+03  -1.11728000000000E+01
 1.88829170000000E+03  -1.56562000000000E+01
 1.88837500000000E+03  -2.70627000000000E+01
 1.88845830000000E+03  -2.53922000000000E+01
 1.88854170000000E+03  -4.07988000000000E+01
 1.88862500000000E+03  -2.35131000000000E+01
 1.88870830000000E+03  -2.79966000000000E+01
 1.88879170000000E+03  -2.27110000000000E+01
 1.88887500000000E+03  -1.88869000000000E+01
 1.88895830000000E+03  -1.52936000000000E+01
 1.88904170000000E+03  -7.54670000000000E+00
 1.88912500000000E+03  -5.79960000000000E+00
 1.88920830000000E+03  -2.20650000000000E+00
 1.88929170000000E+03   7.00190000000000E+00
 1.88937500000000E+03  -2.09730000000000E+00
 1.88945830000000E+03  -3.58120000000000E+00
 1.88954170000000E+03  -1.34499000000000E+01
 1.88962500000000E+03  -8.39540000000000E+00
 1.88970830000000E+03  -3.35717000000000E+01
 1.88979170000000E+03  -3.16713000000000E+01
 1.88987500000000E+03  -3.48477000000000E+01
 1.88995830000000E+03  -2.21780000000000E+01
 1.89004170000000E+03  -1.91239000000000E+01
 1.89012500000000E+03  -2.15312000000000E+01
 1.89020830000000E+03  -2.50154000000000E+01
 1.89029170000000E+03  -2.09614000000000E+01
 1.89037500000000E+03  -1.29073000000000E+01
 1.89045830000000E+03  -7.46860000000000E+00
 1.89054170000000E+03   3.35450000000000E+00
 1.89062500000000E+03  -3.36070000000000E+00
 1.89070830000000E+03   8.47000000000000E-01
 1.89079170000000E+03   7.36240000000000E+00
 1.89087500000000E+03   3.64700000000000E+00
 1.89095830000000E+03   6.85460000000000E+00
 1.89104170000000E+03   3.60060000000000E+00
 1.89112500000000E+03   3.89000000000000E-02
 1.89120830000000E+03  -1.67660000000000E+00
 1.89129170000000E+03  -1.46920000000000E+00
 1.89137500000000E+03  -1.66464000000000E+01
 1.89145830000000E+03  -3.63621000000000E+01
 1.89154170000000E+03  -3.73087000000000E+01
 1.89162500000000E+03  -3.04860000000000E+01
 1.89170830000000E+03  -2.81249000000000E+01
 1.89179170000000E+03  -3.23024000000000E+01
 1.89187500000000E+03  -2.67875000000000E+01
 1.89195830000000E+03  -2.03495000000000E+01
 1.89204170000000E+03  -1.26041000000000E+01
 1.89212500000000E+03  -1.07047000000000E+01
 1.89220830000000E+03  -8.65150000000000E+00
 1.89229170000000E+03  -1.49062000000000E+01
 1.89237500000000E+03  -3.05454000000000E+01
 1.89245830000000E+03  -2.17232000000000E+01
 1.89254170000000E+03  -1.64395000000000E+01
 1.89262500000000E+03  -1.45404000000000E+01
 1.89270830000000E+03  -2.01028000000000E+01
 1.89279170000000E+03  -1.10501000000000E+01
 1.89287500000000E+03  -4.92030000000000E+00
 1.89295830000000E+03  -4.17520000000000E+00
 1.89304170000000E+03  -5.04560000000000E+00
 1.89312500000000E+03  -5.83910000000000E+00
 1.89320830000000E+03  -1.86330000000000E+00
 1.89329170000000E+03   2.80460000000000E+00
 1.89337500000000E+03   1.88572000000000E+01
 1.89345830000000E+03   2.93712000000000E+01
 1.89354170000000E+03   1.55006000000000E+01
 1.89362500000000E+03   2.26299000000000E+01
 1.89370830000000E+03   2.45285000000000E+01
 1.89379170000000E+03   1.86577000000000E+01
 1.89387500000000E+03   1.52485000000000E+01
 1.89395830000000E+03   1.50700000000000E+01
 1.89404170000000E+03   1.30452000000000E+01
 1.89412500000000E+03   1.37897000000000E+01
 1.89420830000000E+03   1.76111000000000E+01
 1.89429170000000E+03   1.18170000000000E+01
 1.89437500000000E+03  -1.51550000000000E+00
 1.89445830000000E+03  -1.61558000000000E+01
 1.89454170000000E+03   2.80700000000000E-01
 1.89462500000000E+03   8.71730000000000E+00
 1.89470830000000E+03  -3.69240000000000E+00
 1.89479170000000E+03  -4.87140000000000E+00
 1.89487500000000E+03  -2.97340000000000E+00
 1.89495830000000E+03  -6.90800000000000E-01
 1.89504170000000E+03   1.30000000000000E-01
 1.89512500000000E+03   1.72020000000000E+00
 1.89520830000000E+03   1.15411000000000E+01
 1.89529170000000E+03   4.97720000000000E+00
 1.89537500000000E+03   5.33650000000000E+00
 1.89545830000000E+03   1.47726000000000E+01
 1.89554170000000E+03   1.18240000000000E+01
 1.89562500000000E+03   5.18310000000000E+00
 1.89570830000000E+03   6.23450000000000E+00
 1.89579170000000E+03   9.43960000000000E+00
 1.89587500000000E+03   1.57986000000000E+01
 1.89595830000000E+03   2.40038000000000E+01
 1.89604170000000E+03   3.59780000000000E+01
 1.89612500000000E+03   3.93369000000000E+01
 1.89620830000000E+03   3.44649000000000E+01
 1.89629170000000E+03   1.68236000000000E+01
 1.89637500000000E+03   1.37209000000000E+01
 1.89645830000000E+03   1.31030000000000E+00
 1.89654170000000E+03  -5.33110000000000E+00
 1.89662500000000E+03  -1.05878000000000E+01
 1.89670830000000E+03  -2.19985000000000E+01
 1.89679170000000E+03  -2.14862000000000E+01
 1.89687500000000E+03  -1.42046000000000E+01
 1.89695830000000E+03  -1.93846000000000E+01
 1.89704170000000E+03  -1.34878000000000E+01
 1.89712500000000E+03  -2.42064000000000E+01
 1.89720830000000E+03  -2.96942000000000E+01
 1.89729170000000E+03  -2.30283000000000E+01
 1.89737500000000E+03  -2.94393000000000E+01
 1.89745830000000E+03  -3.73118000000000E+01
 1.89754170000000E+03  -2.81076000000000E+01
 1.89762500000000E+03  -9.51870000000000E+00
 1.89770830000000E+03   1.39163000000000E+01
 1.89779170000000E+03   2.10434000000000E+01
 1.89787500000000E+03   1.94784000000000E+01
 1.89795830000000E+03   1.52210000000000E+01
 1.89804170000000E+03   2.78864000000000E+01
 1.89812500000000E+03   2.28597000000000E+01
 1.89820830000000E+03   3.32175000000000E+01
 1.89829170000000E+03   3.52675000000000E+01
 1.89837500000000E+03   2.57791000000000E+01
 1.89845830000000E+03   3.65984000000000E+01
 1.89854170000000E+03   5.35713000000000E+01
 1.89862500000000E+03   6.06982000000000E+01
 1.89870830000000E+03   5.09019000000000E+01
 1.89879170000000E+03   4.47978000000000E+01
 1.89887500000000E+03   4.88476000000000E+01
 1.89895830000000E+03   6.14358000000000E+01
 1.89904170000000E+03   6.63316000000000E+01
 1.89912500000000E+03   6.67659000000000E+01
 1.89920830000000E+03   6.92771000000000E+01
 1.89929170000000E+03   6.54804000000000E+01
 1.89937500000000E+03   7.78376000000000E+01
 1.89945830000000E+03   1.00271800000000E+02
 1.89954170000000E+03   9.65519000000000E+01
 1.89962500000000E+03   8.10628000000000E+01
 1.89970830000000E+03   7.41891000000000E+01
 1.89979170000000E+03   5.97768000000000E+01
 1.89987500000000E+03   5.94415000000000E+01
 1.89995830000000E+03   5.49523000000000E+01
 1.90004170000000E+03   4.90783000000000E+01
 1.90012500000000E+03   4.94352000000000E+01
 1.90020830000000E+03   3.96382000000000E+01
 1.90029170000000E+03   3.83025000000000E+01
 1.90037500000000E+03   3.29670000000000E+01
 1.90045830000000E+03   1.36314000000000E+01
 1.90054170000000E+03  -1.26275000000000E+01
 1.90062500000000E+03  -8.04010000000000E+00
 1.90070830000000E+03  -9.60660000000000E+00
 1.90079170000000E+03  -1.66348000000000E+01
 1.90087500000000E+03  -1.65860000000000E+01
 1.90095830000000E+03  -2.36911000000000E+01
 1.90104170000000E+03  -2.39502000000000E+01
 1.90112500000000E+03  -2.71323000000000E+01
 1.90120830000000E+03  -2.90837000000000E+01
 1.90129170000000E+03  -3.72660000000000E+01
 1.90137500000000E+03  -4.32944000000000E+01
 1.90145830000000E+03  -3.61689000000000E+01
 1.90154170000000E+03  -2.66591000000000E+01
 1.90162500000000E+03  -1.74568000000000E+01
 1.90170830000000E+03  -2.09469000000000E+01
 1.90179170000000E+03  -2.08217000000000E+01
 1.90187500000000E+03  -1.75427000000000E+01
 1.90195830000000E+03  -6.72520000000000E+00
 1.90204170000000E+03   3.09210000000000E+00
 1.90212500000000E+03   1.20634000000000E+01
 1.90220830000000E+03   1.63422000000000E+01
 1.90229170000000E+03   1.08517000000000E+01
 1.90237500000000E+03   1.49767000000000E+01
 1.90245830000000E+03   7.33240000000000E+00
 1.90254170000000E+03  -4.77360000000000E+00
 1.90262500000000E+03  -2.57190000000000E+00
 1.90270830000000E+03   1.78370000000000E+00
 1.90279170000000E+03   2.31391000000000E+01
 1.90287500000000E+03   3.32638000000000E+01
 1.90295830000000E+03   4.22346000000000E+01
 1.90304170000000E+03   4.68207000000000E+01
 1.90312500000000E+03   4.97914000000000E+01
 1.90320830000000E+03   5.53775000000000E+01
 1.90329170000000E+03   5.27326000000000E+01
 1.90337500000000E+03   6.45494000000000E+01
 1.90345830000000E+03   6.45200000000000E+01
 1.90354170000000E+03   5.64904000000000E+01
 1.90362500000000E+03   5.82301000000000E+01
 1.90370830000000E+03   4.27390000000000E+01
 1.90379170000000E+03   2.55554000000000E+01
 1.90387500000000E+03   5.06420000000000E+00
 1.90395830000000E+03   1.49610000000000E+00
 1.90404170000000E+03   8.85080000000000E+00
 1.90412500000000E+03   8.28260000000000E+00
 1.90420830000000E+03   1.09900000000000E+00
 1.90429170000000E+03  -1.37003000000000E+01
 1.90437500000000E+03  -1.62686000000000E+01
 1.90445830000000E+03  -1.35293000000000E+01
 1.90454170000000E+03  -8.94400000000000E+00
 1.90462500000000E+03   1.19490000000000E+01
 1.90470830000000E+03   2.26600000000000E-01
 1.90479170000000E+03   7.73490000000000E+00
 1.90487500000000E+03   2.00124000000000E+01
 1.90495830000000E+03   2.46745000000000E+01
 1.90504170000000E+03   3.43365000000000E+01
 1.90512500000000E+03   3.29985000000000E+01
 1.90520830000000E+03   3.85836000000000E+01
 1.90529170000000E+03   4.46300000000000E+01
 1.90537500000000E+03   4.30612000000000E+01
 1.90545830000000E+03   4.92615000000000E+01
 1.90554170000000E+03   3.53847000000000E+01
 1.90562500000000E+03   3.14311000000000E+01
 1.90570830000000E+03   3.21698000000000E+01
 1.90579170000000E+03   4.44467000000000E+01
 1.90587500000000E+03   4.11084000000000E+01
 1.90595830000000E+03   4.82315000000000E+01
 1.90604170000000E+03   5.55853000000000E+01
 1.90612500000000E+03   5.68622000000000E+01
 1.90620830000000E+03   5.91391000000000E+01
 1.90629170000000E+03   4.18004000000000E+01
 1.90637500000000E+03   2.30772000000000E+01
 1.90645830000000E+03   3.13539000000000E+01
 1.90654170000000E+03   2.11690000000000E+01
 1.90662500000000E+03   1.28302000000000E+01
 1.90670830000000E+03   1.42607000000000E+01
 1.90679170000000E+03   6.46020000000000E+00
 1.90687500000000E+03   9.73680000000000E+00
 1.90695830000000E+03   9.55170000000000E+00
 1.90704170000000E+03   1.21357000000000E+01
 1.90712500000000E+03   1.31814000000000E+01
 1.90720830000000E+03   1.66885000000000E+01
 1.90729170000000E+03   6.04160000000000E+00
 1.90737500000000E+03  -2.14360000000000E+00
 1.90745830000000E+03   3.05570000000000E+00
 1.90754170000000E+03  -1.48990000000000E+01
 1.90762500000000E+03  -3.08440000000000E+00
 1.90770830000000E+03  -2.88520000000000E+00
 1.90779170000000E+03  -1.29170000000000E+01
 1.90787500000000E+03  -1.49486000000000E+01
 1.90795830000000E+03  -1.62111000000000E+01
 1.90804170000000E+03  -1.04738000000000E+01
 1.90812500000000E+03  -1.55055000000000E+01
 1.90820830000000E+03  -2.30758000000000E+01
 1.90829170000000E+03  -3.77232000000000E+01
 1.90837500000000E+03  -5.40628000000000E+01
 1.90845830000000E+03  -3.90948000000000E+01
 1.90854170000000E+03  -4.75885000000000E+01
 1.90862500000000E+03  -3.40820000000000E+01
 1.90870830000000E+03  -5.21141000000000E+01
 1.90879170000000E+03  -4.80695000000000E+01
 1.90887500000000E+03  -4.54093000000000E+01
 1.90895830000000E+03  -3.92877000000000E+01
 1.90904170000000E+03  -3.50124000000000E+01
 1.90912500000000E+03  -2.42754000000000E+01
 1.90920830000000E+03  -2.15386000000000E+01
 1.90929170000000E+03  -2.91095000000000E+01
 1.90937500000000E+03  -1.75266000000000E+01
 1.90945830000000E+03  -1.00975000000000E+01
 1.90954170000000E+03  -6.74550000000000E+00
 1.90962500000000E+03   2.60660000000000E+00
 1.90970830000000E+03  -4.65680000000000E+00
 1.90979170000000E+03   2.33500000000000E-01
 1.90987500000000E+03   1.04316000000000E+01
 1.90995830000000E+03   1.83989000000000E+01
 1.91004170000000E+03   2.40583000000000E+01
 1.91012500000000E+03   2.33332000000000E+01
 1.91020830000000E+03   1.46080000000000E+01
 1.91029170000000E+03   1.23443000000000E+01
 1.91037500000000E+03   1.16190000000000E+01
 1.91045830000000E+03  -1.04139000000000E+01
 1.91054170000000E+03  -4.67790000000000E+00
 1.91062500000000E+03  -8.17240000000000E+00
 1.91070830000000E+03   2.17910000000000E+00
 1.91079170000000E+03   6.29960000000000E+00
 1.91087500000000E+03   1.52665000000000E+01
 1.91095830000000E+03   8.31020000000000E+00
 1.91104170000000E+03   1.43537000000000E+01
 1.91112500000000E+03   1.32435000000000E+01
 1.91120830000000E+03   2.17486000000000E+01
 1.91129170000000E+03   1.70997000000000E+01
 1.91137500000000E+03   9.52780000000000E+00
 1.91145830000000E+03   6.95580000000000E+00
 1.91154170000000E+03   1.19991000000000E+01
 1.91162500000000E+03   1.13502000000000E+01
 1.91170830000000E+03   2.54730000000000E+00
 1.91179170000000E+03  -1.56340000000000E+00
 1.91187500000000E+03   6.33700000000000E-01
 1.91195830000000E+03   2.52310000000000E+00
 1.91204170000000E+03   6.48920000000000E+00
 1.91212500000000E+03   2.22460000000000E+00
 1.91220830000000E+03   9.80610000000000E+00
 1.91229170000000E+03  -3.84330000000000E+00
 1.91237500000000E+03  -4.95420000000000E+00
 1.91245830000000E+03   6.27300000000000E-01
 1.91254170000000E+03   1.25931000000000E+01
 1.91262500000000E+03   1.43283000000000E+01
 1.91270830000000E+03   1.52172000000000E+01
 1.91279170000000E+03   2.97214000000000E+01
 1.91287500000000E+03   2.50718000000000E+01
 1.91295830000000E+03   2.60376000000000E+01
 1.91304170000000E+03   3.12340000000000E+01
 1.91312500000000E+03   4.30458000000000E+01
 1.91320830000000E+03   4.30884000000000E+01
 1.91329170000000E+03   2.49769000000000E+01
 1.91337500000000E+03   2.62502000000000E+01
 1.91345830000000E+03   5.29849000000000E+01
 1.91354170000000E+03   5.84887000000000E+01
 1.91362500000000E+03   6.12234000000000E+01
 1.91370830000000E+03   6.64964000000000E+01
 1.91379170000000E+03   6.39232000000000E+01
 1.91387500000000E+03   6.58116000000000E+01
 1.91395830000000E+03   7.38538000000000E+01
 1.91404170000000E+03   7.65112000000000E+01
 1.91412500000000E+03   7.22456000000000E+01
 1.91420830000000E+03   6.38261000000000E+01
 1.91429170000000E+03   7.48680000000000E+01
 1.91437500000000E+03   6.32176000000000E+01
 1.91445830000000E+03   5.80288000000000E+01
 1.91454170000000E+03   3.16859000000000E+01
 1.91462500000000E+03   1.44201000000000E+01
 1.91470830000000E+03   7.23110000000000E+00
 1.91479170000000E+03   2.42660000000000E+00
 1.91487500000000E+03   4.08370000000000E+00
 1.91495830000000E+03   1.74080000000000E+00
 1.91504170000000E+03  -4.14080000000000E+00
 1.91512500000000E+03   1.43920000000000E+00
 1.91520830000000E+03   3.55770000000000E+00
 1.91529170000000E+03   1.06060000000000E+00
 1.91537500000000E+03  -2.02825000000000E+01
 1.91545830000000E+03  -3.70260000000000E+00
 1.91554170000000E+03   3.10790000000000E+00
 1.91562500000000E+03   1.04569000000000E+01
 1.91570830000000E+03   1.54213000000000E+01
 1.91579170000000E+03   1.33855000000000E+01
 1.91587500000000E+03   1.47344000000000E+01
 1.91595830000000E+03   1.59294000000000E+01
 1.91604170000000E+03   1.46627000000000E+01
 1.91612500000000E+03   2.62423000000000E+01
 1.91620830000000E+03   2.31295000000000E+01
 1.91629170000000E+03   1.34780000000000E+01
 1.91637500000000E+03   5.59590000000000E+00
 1.91645830000000E+03   1.00984000000000E+01
 1.91654170000000E+03   1.43699000000000E+01
 1.91662500000000E+03  -6.66200000000000E-01
 1.91670830000000E+03  -1.27793000000000E+01
 1.91679170000000E+03  -1.33540000000000E+01
 1.91687500000000E+03  -1.10826000000000E+01
 1.91695830000000E+03  -1.21957000000000E+01
 1.91704170000000E+03  -7.07830000000000E+00
 1.91712500000000E+03  -1.54223000000000E+01
 1.91720830000000E+03  -2.77664000000000E+01
 1.91729170000000E+03  -3.81876000000000E+01
 1.91737500000000E+03  -3.94548000000000E+01
 1.91745830000000E+03  -1.74144000000000E+01
 1.91754170000000E+03  -1.35280000000000E+01
 1.91762500000000E+03  -2.33338000000000E+01
 1.91770830000000E+03  -1.45243000000000E+01
 1.91779170000000E+03  -9.79190000000000E+00
 1.91787500000000E+03  -1.62902000000000E+01
 1.91795830000000E+03  -1.20192000000000E+01
 1.91804170000000E+03  -1.28690000000000E+00
 1.91812500000000E+03   1.90700000000000E+00
 1.91820830000000E+03   3.33160000000000E+00
 1.91829170000000E+03   1.22176000000000E+01
 1.91837500000000E+03   1.05653000000000E+01
 1.91845830000000E+03   6.22060000000000E+00
 1.91854170000000E+03  -1.77397000000000E+01
 1.91862500000000E+03  -2.47768000000000E+01
 1.91870830000000E+03  -3.26601000000000E+01
 1.91879170000000E+03  -3.53128000000000E+01
 1.91887500000000E+03  -3.96577000000000E+01
 1.91895830000000E+03  -2.46180000000000E+01
 1.91904170000000E+03  -2.13478000000000E+01
 1.91912500000000E+03  -1.73082000000000E+01
 1.91920830000000E+03  -2.34995000000000E+01
 1.91929170000000E+03  -8.38320000000000E+00
 1.91937500000000E+03  -2.33437000000000E+01
 1.91945830000000E+03  -2.06120000000000E+01
 1.91954170000000E+03  -2.06497000000000E+01
 1.91962500000000E+03  -1.79950000000000E+01
 1.91970830000000E+03  -1.21865000000000E+01
 1.91979170000000E+03  -6.22430000000000E+00
 1.91987500000000E+03   1.12260000000000E+00
 1.91995830000000E+03   1.27771000000000E+01
 1.92004170000000E+03   1.02776000000000E+01
 1.92012500000000E+03   1.60090000000000E+01
 1.92020830000000E+03   8.12490000000000E+00
 1.92029170000000E+03  -1.68240000000000E+00
 1.92037500000000E+03  -3.37204000000000E+01
 1.92045830000000E+03  -3.99122000000000E+01
 1.92054170000000E+03  -4.08735000000000E+01
 1.92062500000000E+03  -3.10655000000000E+01
 1.92070830000000E+03  -3.49498000000000E+01
 1.92079170000000E+03  -3.08343000000000E+01
 1.92087500000000E+03  -3.12571000000000E+01
 1.92095830000000E+03  -2.78339000000000E+01
 1.92104170000000E+03  -2.57954000000000E+01
 1.92112500000000E+03  -2.36799000000000E+01
 1.92120830000000E+03  -3.17183000000000E+01
 1.92129170000000E+03  -3.04492000000000E+01
 1.92137500000000E+03  -1.37954000000000E+01
 1.92145830000000E+03  -7.21850000000000E+00
 1.92154170000000E+03   1.99735000000000E+01
 1.92162500000000E+03   8.85800000000000E+00
 1.92170830000000E+03   8.35780000000000E+00
 1.92179170000000E+03   1.11651000000000E+01
 1.92187500000000E+03   2.43410000000000E+00
 1.92195830000000E+03   1.50876000000000E+01
 1.92204170000000E+03   1.85871000000000E+01
 1.92212500000000E+03   1.68559000000000E+01
 1.92220830000000E+03   1.74324000000000E+01
 1.92229170000000E+03   1.79318000000000E+01
 1.92237500000000E+03   1.37389000000000E+01
 1.92245830000000E+03   1.10845000000000E+01
 1.92254170000000E+03   2.08915000000000E+01
 1.92262500000000E+03   1.30062000000000E+01
 1.92270830000000E+03   1.42747000000000E+01
 1.92279170000000E+03  -7.23000000000000E-02
 1.92287500000000E+03  -2.11160000000000E+00
 1.92295830000000E+03   7.15680000000000E+00
 1.92304170000000E+03   6.34810000000000E+00
 1.92312500000000E+03   7.53950000000000E+00
 1.92320830000000E+03   7.65400000000000E+00
 1.92329170000000E+03   8.53740000000000E+00
 1.92337500000000E+03   7.19030000000000E+00
 1.92345830000000E+03   1.31507000000000E+01
 1.92354170000000E+03   1.26480000000000E+00
 1.92362500000000E+03   6.37910000000000E+00
 1.92370830000000E+03  -7.66060000000000E+00
 1.92379170000000E+03   3.22260000000000E+00
 1.92387500000000E+03   7.10590000000000E+00
 1.92395830000000E+03   1.44508000000000E+01
 1.92404170000000E+03   1.86416000000000E+01
 1.92412500000000E+03   1.62940000000000E+01
 1.92420830000000E+03   4.33100000000000E+00
 1.92429170000000E+03  -4.09370000000000E+00
 1.92437500000000E+03  -1.32876000000000E+01
 1.92445830000000E+03  -3.00199000000000E+01
 1.92454170000000E+03  -3.58294000000000E+01
 1.92462500000000E+03  -2.71772000000000E+01
 1.92470830000000E+03  -3.57558000000000E+01
 1.92479170000000E+03  -3.37193000000000E+01
 1.92487500000000E+03  -4.09134000000000E+01
 1.92495830000000E+03  -3.02614000000000E+01
 1.92504170000000E+03  -3.06095000000000E+01
 1.92512500000000E+03  -3.25730000000000E+01
 1.92520830000000E+03  -3.06134000000000E+01
 1.92529170000000E+03  -1.71156000000000E+01
 1.92537500000000E+03  -8.30990000000000E+00
 1.92545830000000E+03  -2.65820000000000E+00
 1.92554170000000E+03   1.07626000000000E+01
 1.92562500000000E+03   4.95280000000000E+00
 1.92570830000000E+03   1.83520000000000E+00
 1.92579170000000E+03   9.94810000000000E+00
 1.92587500000000E+03   1.36766000000000E+01
 1.92595830000000E+03   2.68666000000000E+01
 1.92604170000000E+03   2.96717000000000E+01
 1.92612500000000E+03   3.64770000000000E+01
 1.92620830000000E+03   4.02822000000000E+01
 1.92629170000000E+03   3.87796000000000E+01
 1.92637500000000E+03   2.72770000000000E+01
 1.92645830000000E+03   2.44667000000000E+01
 1.92654170000000E+03   2.02716000000000E+01
 1.92662500000000E+03   1.53074000000000E+01
 1.92670830000000E+03   1.45739000000000E+01
 1.92679170000000E+03   1.19172000000000E+01
 1.92687500000000E+03   1.91836000000000E+01
 1.92695830000000E+03   2.86808000000000E+01
 1.92704170000000E+03   3.32547000000000E+01
 1.92712500000000E+03   3.38286000000000E+01
 1.92720830000000E+03   3.10180000000000E+01
 1.92729170000000E+03   2.32840000000000E+01
 1.92737500000000E+03   3.10887000000000E+01
 1.92745830000000E+03   3.39702000000000E+01
 1.92754170000000E+03   1.59285000000000E+01
 1.92762500000000E+03   1.16560000000000E+01
 1.92770830000000E+03  -1.00000000000000E-03
 1.92779170000000E+03   2.80320000000000E+00
 1.92787500000000E+03   3.83840000000000E+00
 1.92795830000000E+03  -9.72700000000000E-01
 1.92804170000000E+03   3.37000000000000E+00
 1.92812500000000E+03   1.00973000000000E+01
 1.92820830000000E+03   1.57477000000000E+01
 1.92829170000000E+03   2.16286000000000E+01
 1.92837500000000E+03   2.21250000000000E+01
 1.92845830000000E+03   1.91599000000000E+01
 1.92854170000000E+03   1.75792000000000E+01
 1.92862500000000E+03   1.98447000000000E+01
 1.92870830000000E+03   1.64948000000000E+01
 1.92879170000000E+03   3.29140000000000E+01
 1.92887500000000E+03   3.57948000000000E+01
 1.92895830000000E+03   3.99063000000000E+01
 1.92904170000000E+03   4.44792000000000E+01
 1.92912500000000E+03   3.69753000000000E+01
 1.92920830000000E+03   3.19328000000000E+01
 1.92929170000000E+03   2.88902000000000E+01
 1.92937500000000E+03   2.05400000000000E+01
 1.92945830000000E+03   9.57430000000000E+00
 1.92954170000000E+03  -1.69920000000000E+00
 1.92962500000000E+03  -4.51110000000000E+00
 1.92970830000000E+03  -1.32300000000000E+00
 1.92979170000000E+03   8.40330000000000E+00
 1.92987500000000E+03   2.43740000000000E+00
 1.92995830000000E+03   1.00000000000000E-02
 1.93004170000000E+03   5.35160000000000E+00
 1.93012500000000E+03   5.15480000000000E+00
 1.93020830000000E+03   5.34270000000000E+00
 1.93029170000000E+03  -4.54660000000000E+00
 1.93037500000000E+03  -6.66600000000000E-01
 1.93045830000000E+03  -1.47890000000000E+00
 1.93054170000000E+03   6.17010000000000E+00
 1.93062500000000E+03  -3.41150000000000E+00
 1.93070830000000E+03  -2.07010000000000E+00
 1.93079170000000E+03   3.42500000000000E+00
 1.93087500000000E+03   2.76630000000000E+00
 1.93095830000000E+03   8.79990000000000E+00
 1.93104170000000E+03   1.66795000000000E+01
 1.93112500000000E+03   1.34053000000000E+01
 1.93120830000000E+03   1.83618000000000E+01
 1.93129170000000E+03   2.46259000000000E+01
 1.93137500000000E+03   2.69669000000000E+01
 1.93145830000000E+03   1.23849000000000E+01
 1.93154170000000E+03   1.44950000000000E+01
 1.93162500000000E+03   2.81436000000000E+01
 1.93170830000000E+03   3.50999000000000E+01
 1.93179170000000E+03   3.62099000000000E+01
 1.93187500000000E+03   4.19353000000000E+01
 1.93195830000000E+03   4.65838000000000E+01
 1.93204170000000E+03   5.25397000000000E+01
 1.93212500000000E+03   5.61112000000000E+01
 1.93220830000000E+03   5.36057000000000E+01
 1.93229170000000E+03   5.07154000000000E+01
 1.93237500000000E+03   3.48252000000000E+01
 1.93245830000000E+03   2.90119000000000E+01
 1.93254170000000E+03   2.45060000000000E+01
 1.93262500000000E+03   2.50773000000000E+01
 1.93270830000000E+03  -2.73620000000000E+00
 1.93279170000000E+03   6.68090000000000E+00
 1.93287500000000E+03   4.55970000000000E+00
 1.93295830000000E+03  -2.53900000000000E-01
 1.93304170000000E+03   2.40100000000000E-01
 1.93312500000000E+03   7.42640000000000E+00
 1.93320830000000E+03   9.99730000000000E+00
 1.93329170000000E+03   2.41420000000000E+00
 1.93337500000000E+03  -3.32260000000000E+00
 1.93345830000000E+03  -1.98260000000000E+00
 1.93354170000000E+03  -1.35659000000000E+01
 1.93362500000000E+03  -6.30290000000000E+00
 1.93370830000000E+03  -8.65530000000000E+00
 1.93379170000000E+03  -9.62330000000000E+00
 1.93387500000000E+03  -1.85911000000000E+01
 1.93395830000000E+03  -1.17898000000000E+01
 1.93404170000000E+03  -2.45030000000000E+00
 1.93412500000000E+03   4.04330000000000E+00
 1.93420830000000E+03  -1.13863000000000E+01
 1.93429170000000E+03  -2.27392000000000E+01
 1.93437500000000E+03  -1.12458000000000E+01
 1.93445830000000E+03  -1.84447000000000E+01
 1.93454170000000E+03  -2.45669000000000E+01
 1.93462500000000E+03  -1.14583000000000E+01
 1.93470830000000E+03  -1.41189000000000E+01
 1.93479170000000E+03  -1.25489000000000E+01
 1.93487500000000E+03  -2.36350000000000E+00
 1.93495830000000E+03  -4.08800000000000E-01
 1.93504170000000E+03   3.93030000000000E+00
 1.93512500000000E+03   8.50020000000000E+00
 1.93520830000000E+03  -4.69910000000000E+00
 1.93529170000000E+03   7.93700000000000E-01
 1.93537500000000E+03   1.90200000000000E+00
 1.93545830000000E+03  -3.22060000000000E+00
 1.93554170000000E+03  -4.57410000000000E+00
 1.93562500000000E+03   1.31495000000000E+01
 1.93570830000000E+03   7.94990000000000E+00
 1.93579170000000E+03   9.82710000000000E+00
 1.93587500000000E+03   8.55050000000000E+00
 1.93595830000000E+03   1.25815000000000E+01
 1.93604170000000E+03   1.37663000000000E+01
 1.93612500000000E+03   9.02800000000000E+00
 1.93620830000000E+03   4.28970000000000E+00
 1.93629170000000E+03   1.03205000000000E+01
 1.93637500000000E+03   6.27440000000000E+00
 1.93645830000000E+03  -1.77170000000000E+00
 1.93654170000000E+03  -3.97190000000000E+00
 1.93662500000000E+03  -1.40181000000000E+01
 1.93670830000000E+03  -2.64489000000000E+01
 1.93679170000000E+03  -2.36492000000000E+01
 1.93687500000000E+03  -3.19263000000000E+01
 1.93695830000000E+03  -3.45111000000000E+01
 1.93704170000000E+03  -2.70192000000000E+01
 1.93712500000000E+03  -1.89118000000000E+01
 1.93720830000000E+03  -1.96506000000000E+01
 1.93729170000000E+03  -2.42358000000000E+01
 1.93737500000000E+03  -2.34362000000000E+01
 1.93745830000000E+03  -2.00982000000000E+01
 1.93754170000000E+03  -1.77604000000000E+01
 1.93762500000000E+03  -1.15763000000000E+01
 1.93770830000000E+03   5.53080000000000E+00
 1.93779170000000E+03   3.01762000000000E+01
 1.93787500000000E+03   3.79755000000000E+01
 1.93795830000000E+03   4.66979000000000E+01
 1.93804170000000E+03   5.71893000000000E+01
 1.93812500000000E+03   5.34500000000000E+01
 1.93820830000000E+03   5.20184000000000E+01
 1.93829170000000E+03   4.42020000000000E+01
 1.93837500000000E+03   3.87703000000000E+01
 1.93845830000000E+03   3.24155000000000E+01
 1.93854170000000E+03   2.26758000000000E+01
 1.93862500000000E+03   2.50132000000000E+01
 1.93870830000000E+03   2.68121000000000E+01
 1.93879170000000E+03   1.69955000000000E+01
 1.93887500000000E+03  -3.43650000000000E+00
 1.93895830000000E+03  -4.40690000000000E+00
 1.93904170000000E+03  -2.76220000000000E+00
 1.93912500000000E+03  -6.96350000000000E+00
 1.93920830000000E+03  -8.16480000000000E+00
 1.93929170000000E+03  -1.06741000000000E+01
 1.93937500000000E+03  -2.62601000000000E+01
 1.93945830000000E+03  -2.96154000000000E+01
 1.93954170000000E+03  -2.56633000000000E+01
 1.93962500000000E+03  -3.23264000000000E+01
 1.93970830000000E+03  -4.19895000000000E+01
 1.93979170000000E+03  -5.84221000000000E+01
 1.93987500000000E+03  -5.83161000000000E+01
 1.93995830000000E+03  -6.14409000000000E+01
 1.94004170000000E+03  -6.74889000000000E+01
 1.94012500000000E+03  -6.34600000000000E+01
 1.94020830000000E+03  -5.79695000000000E+01
 1.94029170000000E+03  -5.78639000000000E+01
 1.94037500000000E+03  -7.41427000000000E+01
 1.94045830000000E+03  -5.38063000000000E+01
 1.94054170000000E+03  -5.07777000000000E+01
 1.94062500000000E+03  -6.52105000000000E+01
 1.94070830000000E+03  -5.97203000000000E+01
 1.94079170000000E+03  -5.91534000000000E+01
 1.94087500000000E+03  -5.63555000000000E+01
 1.94095830000000E+03  -5.51732000000000E+01
 1.94104170000000E+03  -4.89910000000000E+01
 1.94112500000000E+03  -5.15010000000000E+01
 1.94120830000000E+03  -4.97803000000000E+01
 1.94129170000000E+03  -5.58290000000000E+01
 1.94137500000000E+03  -6.70314000000000E+01
 1.94145830000000E+03  -5.39262000000000E+01
 1.94154170000000E+03  -5.64366000000000E+01
 1.94162500000000E+03  -6.78699000000000E+01
 1.94170830000000E+03  -7.06110000000000E+01
 1.94179170000000E+03  -7.25061000000000E+01
 1.94187500000000E+03  -7.13242000000000E+01
 1.94195830000000E+03  -6.48346000000000E+01
 1.94204170000000E+03  -5.58837000000000E+01
 1.94212500000000E+03  -5.95481000000000E+01
 1.94220830000000E+03  -5.56740000000000E+01
 1.94229170000000E+03  -5.98001000000000E+01
 1.94237500000000E+03  -5.72339000000000E+01
 1.94245830000000E+03  -4.49753000000000E+01
 1.94254170000000E+03  -4.47939000000000E+01
 1.94262500000000E+03  -4.69200000000000E+01
 1.94270830000000E+03  -2.78155000000000E+01
 1.94279170000000E+03  -7.71110000000000E+00
 1.94287500000000E+03   6.70110000000000E+00
 1.94295830000000E+03   1.97286000000000E+01
 1.94304170000000E+03   2.93714000000000E+01
 1.94312500000000E+03   3.25526000000000E+01
 1.94320830000000E+03   3.83493000000000E+01
 1.94329170000000E+03   4.21457000000000E+01
 1.94337500000000E+03   2.72499000000000E+01
 1.94345830000000E+03   1.72003000000000E+01
 1.94354170000000E+03   1.48428000000000E+01
 1.94362500000000E+03   3.34084000000000E+01
 1.94370830000000E+03   4.22048000000000E+01
 1.94379170000000E+03   3.42317000000000E+01
 1.94387500000000E+03   3.71049000000000E+01
 1.94395830000000E+03   3.65166000000000E+01
 1.94404170000000E+03   3.75434000000000E+01
 1.94412500000000E+03   2.78011000000000E+01
 1.94420830000000E+03   1.35972000000000E+01
 1.94429170000000E+03   1.23932000000000E+01
 1.94437500000000E+03   1.01123000000000E+01
 1.94445830000000E+03   1.38314000000000E+01
 1.94454170000000E+03   1.40887000000000E+01
 1.94462500000000E+03   2.11540000000000E+00
 1.94470830000000E+03  -1.53195000000000E+01
 1.94479170000000E+03  -1.19854000000000E+01
 1.94487500000000E+03  -3.18960000000000E+00
 1.94495830000000E+03  -3.08620000000000E+00
 1.94504170000000E+03   4.55560000000000E+00
 1.94512500000000E+03   1.02743000000000E+01
 1.94520830000000E+03   1.56853000000000E+01
 1.94529170000000E+03   2.80192000000000E+01
 1.94537500000000E+03   3.10455000000000E+01
 1.94545830000000E+03   3.70717000000000E+01
 1.94554170000000E+03   4.75593000000000E+01
 1.94562500000000E+03   6.22009000000000E+01
 1.94570830000000E+03   7.48424000000000E+01
 1.94579170000000E+03   7.97914000000000E+01
 1.94587500000000E+03   7.82021000000000E+01
 1.94595830000000E+03   8.29204000000000E+01
 1.94604170000000E+03   7.98693000000000E+01
 1.94612500000000E+03   7.70491000000000E+01
 1.94620830000000E+03   6.99981000000000E+01
 1.94629170000000E+03   7.44853000000000E+01
 1.94637500000000E+03   5.70495000000000E+01
 1.94645830000000E+03   3.62291000000000E+01
 1.94654170000000E+03   1.66393000000000E+01
 1.94662500000000E+03   4.12650000000000E+00
 1.94670830000000E+03  -1.45402000000000E+01
 1.94679170000000E+03  -2.38993000000000E+01
 1.94687500000000E+03  -3.37199000000000E+01
 1.94695830000000E+03  -4.03098000000000E+01
 1.94704170000000E+03  -4.75922000000000E+01
 1.94712500000000E+03  -4.44899000000000E+01
 1.94720830000000E+03  -5.27722000000000E+01
 1.94729170000000E+03  -4.85932000000000E+01
 1.94737500000000E+03  -5.58756000000000E+01
 1.94745830000000E+03  -3.60042000000000E+01
 1.94754170000000E+03  -1.65176000000000E+01
 1.94762500000000E+03  -2.49240000000000E+00
 1.94770830000000E+03  -1.92880000000000E+00
 1.94779170000000E+03  -2.90390000000000E+00
 1.94787500000000E+03   2.96730000000000E+00
 1.94795830000000E+03   7.83850000000000E+00
 1.94804170000000E+03   1.44787000000000E+01
 1.94812500000000E+03   1.47343000000000E+01
 1.94820830000000E+03   1.46823000000000E+01
 1.94829170000000E+03   2.26300000000000E+01
 1.94837500000000E+03   1.55779000000000E+01
 1.94845830000000E+03   9.21800000000000E+00
 1.94854170000000E+03  -2.14200000000000E+00
 1.94862500000000E+03  -1.34810000000000E+00
 1.94870830000000E+03   3.06110000000000E+00
 1.94879170000000E+03   1.25470000000000E+01
 1.94887500000000E+03   2.39562000000000E+01
 1.94895830000000E+03   3.27499000000000E+01
 1.94904170000000E+03   3.88511000000000E+01
 1.94912500000000E+03   4.27217000000000E+01
 1.94920830000000E+03   3.77461000000000E+01
 1.94929170000000E+03   2.24625000000000E+01
 1.94937500000000E+03   1.94868000000000E+01
 1.94945830000000E+03   1.88188000000000E+01
 1.94954170000000E+03   2.79197000000000E+01
 1.94962500000000E+03   2.24823000000000E+01
 1.94970830000000E+03   1.25065000000000E+01
 1.94979170000000E+03   3.99190000000000E+00
 1.94987500000000E+03  -3.68700000000000E-01
 1.94995830000000E+03  -2.03700000000000E+00
 1.95004170000000E+03  -3.39780000000000E+00
 1.95012500000000E+03  -7.83550000000000E+00
 1.95020830000000E+03  -1.99654000000000E+01
 1.95029170000000E+03  -6.32640000000000E+00
 1.95037500000000E+03   1.31280000000000E+00
 1.95045830000000E+03  -5.20200000000000E+00
 1.95054170000000E+03  -1.11784000000000E+01
 1.95062500000000E+03  -3.36163000000000E+01
 1.95070830000000E+03  -3.59004000000000E+01
 1.95079170000000E+03  -4.11847000000000E+01
 1.95087500000000E+03  -3.88535000000000E+01
 1.95095830000000E+03  -4.16761000000000E+01
 1.95104170000000E+03  -3.86529000000000E+01
 1.95112500000000E+03  -4.94756000000000E+01
 1.95120830000000E+03  -5.34523000000000E+01
 1.95129170000000E+03  -6.11983000000000E+01
 1.95137500000000E+03  -9.09443000000000E+01
 1.95145830000000E+03  -9.89980000000000E+01
 1.95154170000000E+03  -9.26673000000000E+01
 1.95162500000000E+03  -8.63364000000000E+01
 1.95170830000000E+03  -7.24672000000000E+01
 1.95179170000000E+03  -6.97520000000000E+01
 1.95187500000000E+03  -6.13443000000000E+01
 1.95195830000000E+03  -5.08598000000000E+01
 1.95204170000000E+03  -4.02986000000000E+01
 1.95212500000000E+03  -4.08911000000000E+01
 1.95220830000000E+03  -2.94836000000000E+01
 1.95229170000000E+03  -1.59225000000000E+01
 1.95237500000000E+03   5.02330000000000E+00
 1.95245830000000E+03   2.07384000000000E+01
 1.95254170000000E+03   2.51455000000000E+01
 1.95262500000000E+03   2.93989000000000E+01
 1.95270830000000E+03   2.42677000000000E+01
 1.95279170000000E+03   2.91362000000000E+01
 1.95287500000000E+03   4.02357000000000E+01
 1.95295830000000E+03   4.50274000000000E+01
 1.95304170000000E+03   3.45112000000000E+01
 1.95312500000000E+03   3.72259000000000E+01
 1.95320830000000E+03   4.35559000000000E+01
 1.95329170000000E+03   4.42704000000000E+01
 1.95337500000000E+03   1.89080000000000E+01
 1.95345830000000E+03   7.39180000000000E+00
 1.95354170000000E+03   1.24907000000000E+01
 1.95362500000000E+03   4.35900000000000E+00
 1.95370830000000E+03  -2.19266000000000E+01
 1.95379170000000E+03  -2.50586000000000E+01
 1.95387500000000E+03  -3.53443000000000E+01
 1.95395830000000E+03  -4.97069000000000E+01
 1.95404170000000E+03  -4.84544000000000E+01
 1.95412500000000E+03  -4.04325000000000E+01
 1.95420830000000E+03  -5.05645000000000E+01
 1.95429170000000E+03  -5.10044000000000E+01
 1.95437500000000E+03  -5.35211000000000E+01
 1.95445830000000E+03  -4.12686000000000E+01
 1.95454170000000E+03  -4.14010000000000E+01
 1.95462500000000E+03  -3.63024000000000E+01
 1.95470830000000E+03  -3.04347000000000E+01
 1.95479170000000E+03  -1.17210000000000E+01
 1.95487500000000E+03  -4.31490000000000E+00
 1.95495830000000E+03   9.86040000000000E+00
 1.95504170000000E+03   2.58817000000000E+01
 1.95512500000000E+03   2.02877000000000E+01
 1.95520830000000E+03   1.03859000000000E+01
 1.95529170000000E+03   1.14840000000000E+01
 1.95537500000000E+03   5.65910000000000E+00
 1.95545830000000E+03   9.52650000000000E+00
 1.95554170000000E+03   1.97782000000000E+01
 1.95562500000000E+03   2.27224000000000E+01
 1.95570830000000E+03   1.31281000000000E+01
 1.95579170000000E+03   2.03029000000000E+01
 1.95587500000000E+03   1.62469000000000E+01
 1.95595830000000E+03   1.67294000000000E+01
 1.95604170000000E+03   1.49040000000000E+01
 1.95612500000000E+03   1.60018000000000E+01
 1.95620830000000E+03   1.89457000000000E+01
 1.95629170000000E+03   4.02740000000000E+01
 1.95637500000000E+03   4.22179000000000E+01
 1.95645830000000E+03   4.95462000000000E+01
 1.95654170000000E+03   3.61821000000000E+01
 1.95662500000000E+03   3.58181000000000E+01
 1.95670830000000E+03   3.20695000000000E+01
 1.95679170000000E+03   3.45514000000000E+01
 1.95687500000000E+03   3.52642000000000E+01
 1.95695830000000E+03   3.54385000000000E+01
 1.95704170000000E+03   4.09972000000000E+01
 1.95712500000000E+03   4.14791000000000E+01
 1.95720830000000E+03   4.06533000000000E+01
 1.95729170000000E+03   4.42118000000000E+01
 1.95737500000000E+03   3.52321000000000E+01
 1.95745830000000E+03   3.95600000000000E+01
 1.95754170000000E+03   3.01184000000000E+01
 1.95762500000000E+03   4.50616000000000E+01
 1.95770830000000E+03   4.40048000000000E+01
 1.95779170000000E+03   3.84092000000000E+01
 1.95787500000000E+03   4.13523000000000E+01
 1.95795830000000E+03   4.19876000000000E+01
 1.95804170000000E+03   4.74689000000000E+01
 1.95812500000000E+03   5.03349000000000E+01
 1.95820830000000E+03   4.74317000000000E+01
 1.95829170000000E+03   4.98359000000000E+01
 1.95837500000000E+03   4.29325000000000E+01
 1.95845830000000E+03   3.51061000000000E+01
 1.95854170000000E+03   3.05871000000000E+01
 1.95862500000000E+03   2.30682000000000E+01
 1.95870830000000E+03   1.39340000000000E+01
 1.95879170000000E+03   7.18410000000000E+00
 1.95887500000000E+03   9.81900000000000E+00
 1.95895830000000E+03   1.19922000000000E+01
 1.95904170000000E+03   1.68576000000000E+01
 1.95912500000000E+03   2.07231000000000E+01
 1.95920830000000E+03   2.11271000000000E+01
 1.95929170000000E+03   1.66077000000000E+01
 1.95937500000000E+03   3.24230000000000E+00
 1.95945830000000E+03  -1.30462000000000E+01
 1.95954170000000E+03  -1.62580000000000E+01
 1.95962500000000E+03  -2.90850000000000E+01
 1.95970830000000E+03  -3.52198000000000E+01
 1.95979170000000E+03  -4.85087000000000E+01
 1.95987500000000E+03  -5.25666000000000E+01
 1.95995830000000E+03  -4.88554000000000E+01
 1.96004170000000E+03  -5.01443000000000E+01
 1.96012500000000E+03  -4.78947000000000E+01
 1.96020830000000E+03  -4.34913000000000E+01
 1.96029170000000E+03  -4.61650000000000E+01
 1.96037500000000E+03  -5.15309000000000E+01
 1.96045830000000E+03  -4.30507000000000E+01
 1.96054170000000E+03  -3.94168000000000E+01
 1.96062500000000E+03  -4.10905000000000E+01
 1.96070830000000E+03  -2.38412000000000E+01
 1.96079170000000E+03  -3.05360000000000E+00
 1.96087500000000E+03   1.45802000000000E+01
 1.96095830000000E+03   2.59063000000000E+01
 1.96104170000000E+03   3.94630000000000E+01
 1.96112500000000E+03   4.89429000000000E+01
 1.96120830000000E+03   5.04997000000000E+01
 1.96129170000000E+03   3.23639000000000E+01
 1.96137500000000E+03   2.89975000000000E+01
 1.96145830000000E+03   4.00157000000000E+01
 1.96154170000000E+03   3.81106000000000E+01
 1.96162500000000E+03   6.21287000000000E+01
 1.96170830000000E+03   6.13775000000000E+01
 1.96179170000000E+03   5.21646000000000E+01
 1.96187500000000E+03   3.81825000000000E+01
 1.96195830000000E+03   3.28928000000000E+01
 1.96204170000000E+03   3.32182000000000E+01
 1.96212500000000E+03   1.93899000000000E+01
 1.96220830000000E+03   1.97153000000000E+01
 1.96229170000000E+03   9.50220000000000E+00
 1.96237500000000E+03   1.69814000000000E+01
 1.96245830000000E+03   1.41529000000000E+01
 1.96254170000000E+03   1.09396000000000E+01
 1.96262500000000E+03   6.72640000000000E+00
 1.96270830000000E+03  -1.47176000000000E+01
 1.96279170000000E+03  -2.17772000000000E+01
 1.96287500000000E+03  -2.63751000000000E+01
 1.96295830000000E+03  -2.68192000000000E+01
 1.96304170000000E+03  -2.68789000000000E+01
 1.96312500000000E+03  -3.68616000000000E+01
 1.96320830000000E+03  -4.03828000000000E+01
 1.96329170000000E+03  -4.85195000000000E+01
 1.96337500000000E+03  -4.80408000000000E+01
 1.96345830000000E+03  -4.76390000000000E+01
 1.96354170000000E+03  -4.90836000000000E+01
 1.96362500000000E+03  -3.42203000000000E+01
 1.96370830000000E+03  -3.67418000000000E+01
 1.96379170000000E+03  -3.85711000000000E+01
 1.96387500000000E+03  -2.92465000000000E+01
 1.96395830000000E+03  -1.46142000000000E+01
 1.96404170000000E+03  -4.90510000000000E+00
 1.96412500000000E+03   8.04000000000000E-01
 1.96420830000000E+03   6.59000000000000E+00
 1.96429170000000E+03   1.15297000000000E+01
 1.96437500000000E+03   6.31560000000000E+00
 1.96445830000000E+03   6.48610000000000E+00
 1.96454170000000E+03   1.42560000000000E+00
 1.96462500000000E+03   1.45191000000000E+01
 1.96470830000000E+03  -1.84900000000000E+00
 1.96479170000000E+03   3.09040000000000E+00
 1.96487500000000E+03   1.25684000000000E+01
 1.96495830000000E+03   1.14310000000000E+01
 1.96504170000000E+03   1.04472000000000E+01
 1.96512500000000E+03   9.38660000000000E+00
 1.96520830000000E+03   4.86440000000000E+00
 1.96529170000000E+03  -2.42720000000000E+00
 1.96537500000000E+03  -9.87260000000000E+00
 1.96545830000000E+03  -6.24100000000000E+00
 1.96554170000000E+03  -7.37890000000000E+00
 1.96562500000000E+03  -7.97830000000000E+00
 1.96570830000000E+03  -2.13469000000000E+01
 1.96579170000000E+03  -1.23310000000000E+01
 1.96587500000000E+03  -1.63920000000000E+01
 1.96595830000000E+03  -9.37610000000000E+00
 1.96604170000000E+03   2.63960000000000E+00
 1.96612500000000E+03   4.42460000000000E+00
 1.96620830000000E+03   7.82500000000000E+00
 1.96629170000000E+03   1.45329000000000E+01
 1.96637500000000E+03   9.62550000000000E+00
 1.96645830000000E+03   7.25650000000000E+00
 1.96654170000000E+03   6.34890000000000E+00
 1.96662500000000E+03  -1.40480000000000E+00
 1.96670830000000E+03   9.76460000000000E+00
 1.96679170000000E+03   1.80107000000000E+01
 1.96687500000000E+03   1.53338000000000E+01
 1.96695830000000E+03   2.35799000000000E+01
 1.96704170000000E+03   2.65951000000000E+01
 1.96712500000000E+03   2.39951000000000E+01
 1.96720830000000E+03   2.49334000000000E+01
 1.96729170000000E+03   1.48715000000000E+01
 1.96737500000000E+03   9.11750000000000E+00
 1.96745830000000E+03   2.81326000000000E+01
 1.96754170000000E+03   4.46091000000000E+01
 1.96762500000000E+03   4.88549000000000E+01
 1.96770830000000E+03   5.65623000000000E+01
 1.96779170000000E+03   5.06540000000000E+01
 1.96787500000000E+03   4.45151000000000E+01
 1.96795830000000E+03   3.63761000000000E+01
 1.96804170000000E+03   3.85446000000000E+01
 1.96812500000000E+03   3.17133000000000E+01
 1.96820830000000E+03   2.40357000000000E+01
 1.96829170000000E+03   1.35118000000000E+01
 1.96837500000000E+03   2.38342000000000E+01
 1.96845830000000E+03   1.30796000000000E+01
 1.96854170000000E+03  -1.38291000000000E+01
 1.96862500000000E+03  -2.29683000000000E+01
 1.96870830000000E+03  -4.26461000000000E+01
 1.96879170000000E+03  -5.00934000000000E+01
 1.96887500000000E+03  -5.43097000000000E+01
 1.96895830000000E+03  -5.38338000000000E+01
 1.96904170000000E+03  -4.46658000000000E+01
 1.96912500000000E+03  -4.93438000000000E+01
 1.96920830000000E+03  -4.79449000000000E+01
 1.96929170000000E+03  -4.45463000000000E+01
 1.96937500000000E+03  -3.49936000000000E+01
 1.96945830000000E+03  -4.09026000000000E+01
 1.96954170000000E+03  -4.30425000000000E+01
 1.96962500000000E+03  -3.49515000000000E+01
 1.96970830000000E+03  -4.55529000000000E+01
 1.96979170000000E+03  -3.36930000000000E+01
 1.96987500000000E+03  -2.21406000000000E+01
 1.96995830000000E+03  -1.65113000000000E+01
 1.97004170000000E+03  -1.38823000000000E+01
 1.97012500000000E+03  -1.28685000000000E+01
 1.97020830000000E+03  -1.03932000000000E+01
 1.97029170000000E+03  -1.26104000000000E+01
 1.97037500000000E+03  -6.05830000000000E+00
 1.97045830000000E+03  -2.19850000000000E+00
 1.97054170000000E+03  -8.64660000000000E+00
 1.97062500000000E+03   8.52070000000000E+00
 1.97070830000000E+03   1.70727000000000E+01
 1.97079170000000E+03   2.80860000000000E+01
 1.97087500000000E+03   2.87917000000000E+01
 1.97095830000000E+03   2.60359000000000E+01
 1.97104170000000E+03   3.03567000000000E+01
 1.97112500000000E+03   2.68315000000000E+01
 1.97120830000000E+03   2.60755000000000E+01
 1.97129170000000E+03   2.33963000000000E+01
 1.97137500000000E+03   2.96402000000000E+01
 1.97145830000000E+03   3.25764000000000E+01
 1.97154170000000E+03   1.48201000000000E+01
 1.97162500000000E+03   3.29470000000000E+00
 1.97170830000000E+03  -2.21539000000000E+01
 1.97179170000000E+03  -2.48334000000000E+01
 1.97187500000000E+03  -2.90513000000000E+01
 1.97195830000000E+03  -2.85769000000000E+01
 1.97204170000000E+03  -2.72565000000000E+01
 1.97212500000000E+03  -2.97053000000000E+01
 1.97220830000000E+03  -2.21541000000000E+01
 1.97229170000000E+03  -2.32954000000000E+01
 1.97237500000000E+03  -1.99751000000000E+01
 1.97245830000000E+03  -2.90394000000000E+01
 1.97254170000000E+03  -4.97962000000000E+01
 1.97262500000000E+03  -4.27837000000000E+01
 1.97270830000000E+03  -2.46173000000000E+01
 1.97279170000000E+03   3.94900000000000E-01
 1.97287500000000E+03   2.27000000000000E-02
 1.97295830000000E+03   6.88120000000000E+00
 1.97304170000000E+03   1.21242000000000E+01
 1.97312500000000E+03   1.21364000000000E+01
 1.97320830000000E+03   1.36102000000000E+01
 1.97329170000000E+03   4.85300000000000E+00
 1.97337500000000E+03   5.24980000000000E+00
 1.97345830000000E+03   1.11080000000000E+01
 1.97354170000000E+03   1.11199000000000E+01
 1.97362500000000E+03   2.06704000000000E+01
 1.97370830000000E+03   9.99010000000000E+00
 1.97379170000000E+03   1.07880000000000E+00
 1.97387500000000E+03  -1.09862000000000E+01
 1.97395830000000E+03  -3.51290000000000E+00
 1.97404170000000E+03  -7.50120000000000E+00
 1.97412500000000E+03  -3.79710000000000E+00
 1.97420830000000E+03  -1.30931000000000E+01
 1.97429170000000E+03  -5.69700000000000E+00
 1.97437500000000E+03  -5.22380000000000E+00
 1.97445830000000E+03   1.63400000000000E+00
 1.97454170000000E+03   2.72230000000000E+00
 1.97462500000000E+03   9.19530000000000E+00
 1.97470830000000E+03   1.28222000000000E+01
 1.97479170000000E+03   1.71412000000000E+01
 1.97487500000000E+03   2.17679000000000E+01
 1.97495830000000E+03   3.14716000000000E+01
 1.97504170000000E+03   2.90212000000000E+01
 1.97512500000000E+03   3.48786000000000E+01
 1.97520830000000E+03   2.12744000000000E+01
 1.97529170000000E+03   3.75162000000000E+01
 1.97537500000000E+03   1.55274000000000E+01
 1.97545830000000E+03   1.00769000000000E+01
 1.97554170000000E+03   1.82417000000000E+01
 1.97562500000000E+03  -1.74730000000000E+00
 1.97570830000000E+03  -1.33517000000000E+01
 1.97579170000000E+03  -1.94948000000000E+01
 1.97587500000000E+03  -1.71763000000000E+01
 1.97595830000000E+03  -1.47039000000000E+01
 1.97604170000000E+03  -1.56163000000000E+01
 1.97612500000000E+03  -1.21440000000000E+01
 1.97620830000000E+03  -1.45948000000000E+01
 1.97629170000000E+03  -2.24305000000000E+01
 1.97637500000000E+03  -4.28814000000000E+01
 1.97645830000000E+03  -3.04862000000000E+01
 1.97654170000000E+03  -3.40912000000000E+01
 1.97662500000000E+03  -5.99268000000000E+01
 1.97670830000000E+03  -5.51472000000000E+01
 1.97679170000000E+03  -5.27523000000000E+01
 1.97687500000000E+03  -5.22034000000000E+01
 1.97695830000000E+03  -4.92700000000000E+01
 1.97704170000000E+03  -4.07984000000000E+01
 1.97712500000000E+03  -3.88650000000000E+01
 1.97720830000000E+03  -4.34702000000000E+01
 1.97729170000000E+03  -4.59217000000000E+01
 1.97737500000000E+03  -3.38347000000000E+01
 1.97745830000000E+03  -2.55938000000000E+01
 1.97754170000000E+03  -3.05070000000000E+01
 1.97762500000000E+03  -2.86509000000000E+01
 1.97770830000000E+03  -2.78717000000000E+01
 1.97779170000000E+03  -2.66312000000000E+01
 1.97787500000000E+03  -2.86213000000000E+01
 1.97795830000000E+03  -3.26884000000000E+01
 1.97804170000000E+03  -2.99096000000000E+01
 1.97812500000000E+03  -3.45921000000000E+01
 1.97820830000000E+03  -2.26593000000000E+01
 1.97829170000000E+03  -1.60345000000000E+01
 1.97837500000000E+03  -1.04864000000000E+01
 1.97845830000000E+03   1.75400000000000E+00
 1.97854170000000E+03   2.07100000000000E+00
 1.97862500000000E+03   9.08050000000000E+00
 1.97870830000000E+03   8.93610000000000E+00
 1.97879170000000E+03   4.33000000000000E+00
 1.97887500000000E+03   3.39400000000000E-01
 1.97895830000000E+03   4.42560000000000E+00
 1.97904170000000E+03   2.07424000000000E+01
 1.97912500000000E+03   2.71363000000000E+01
 1.97920830000000E+03   3.12224000000000E+01
 1.97929170000000E+03   1.85391000000000E+01
 1.97937500000000E+03  -5.06720000000000E+00
 1.97945830000000E+03  -4.28890000000000E+00
 1.97954170000000E+03  -2.23569000000000E+01
 1.97962500000000E+03  -3.08864000000000E+01
 1.97970830000000E+03  -4.92621000000000E+01
 1.97979170000000E+03  -4.43303000000000E+01
 1.97987500000000E+03  -3.93983000000000E+01
 1.97995830000000E+03  -2.95434000000000E+01
 1.98004170000000E+03  -2.12271000000000E+01
 1.98012500000000E+03  -3.29106000000000E+01
 1.98020830000000E+03  -3.90558000000000E+01
 1.98029170000000E+03  -3.85088000000000E+01
 1.98037500000000E+03  -3.78848000000000E+01
 1.98045830000000E+03  -2.06455000000000E+01
 1.98054170000000E+03  -1.80218000000000E+01
 1.98062500000000E+03   2.44830000000000E+00
 1.98070830000000E+03   7.22590000000000E+00
 1.98079170000000E+03   1.53880000000000E+01
 1.98087500000000E+03   1.61656000000000E+01
 1.98095830000000E+03   2.35585000000000E+01
 1.98104170000000E+03   2.46436000000000E+01
 1.98112500000000E+03   3.24979000000000E+01
 1.98120830000000E+03   3.57369000000000E+01
 1.98129170000000E+03   3.23603000000000E+01
 1.98137500000000E+03   3.33684000000000E+01
 1.98145830000000E+03   5.21457000000000E+01
 1.98154170000000E+03   5.25381000000000E+01
 1.98162500000000E+03   4.20846000000000E+01
 1.98170830000000E+03   1.96310000000000E+01
 1.98179170000000E+03   2.87156000000000E+01
 1.98187500000000E+03   3.31850000000000E+01
 1.98195830000000E+03   3.54236000000000E+01
 1.98204170000000E+03   3.63542000000000E+01
 1.98212500000000E+03   3.09004000000000E+01
 1.98220830000000E+03   2.58312000000000E+01
 1.98229170000000E+03   1.81464000000000E+01
 1.98237500000000E+03   7.46160000000000E+00
 1.98245830000000E+03  -7.91540000000000E+00
 1.98254170000000E+03  -2.28311000000000E+01
 1.98262500000000E+03  -1.05160000000000E+01
 1.98270830000000E+03  -1.42009000000000E+01
 1.98279170000000E+03  -6.03980000000000E+00
 1.98287500000000E+03  -1.13401000000000E+01
 1.98295830000000E+03  -1.21790000000000E+01
 1.98304170000000E+03  -6.01810000000000E+00
 1.98312500000000E+03  -1.85700000000000E+00
 1.98320830000000E+03  -1.69600000000000E+00
 1.98329170000000E+03  -9.61210000000000E+00
 1.98337500000000E+03   1.50104000000000E+01
 1.98345830000000E+03   2.37098000000000E+01
 1.98354170000000E+03   3.34089000000000E+01
 1.98362500000000E+03   1.60313000000000E+01
 1.98370830000000E+03  -1.37310000000000E+01
 1.98379170000000E+03  -1.31859000000000E+01
 1.98387500000000E+03  -1.32560000000000E+01
 1.98395830000000E+03  -1.30184000000000E+01
 1.98404170000000E+03  -6.08870000000000E+00
 1.98412500000000E+03  -9.92820000000000E+00
 1.98420830000000E+03  -1.05369000000000E+01
 1.98429170000000E+03  -9.29970000000000E+00
 1.98437500000000E+03  -1.26777000000000E+01
 1.98445830000000E+03  -4.17481000000000E+01
 1.98454170000000E+03  -3.87417000000000E+01
 1.98462500000000E+03  -4.03506000000000E+01
 1.98470830000000E+03  -4.44981000000000E+01
 1.98479170000000E+03  -3.34919000000000E+01
 1.98487500000000E+03  -2.61009000000000E+01
 1.98495830000000E+03  -2.88639000000000E+01
 1.98504170000000E+03  -2.33962000000000E+01
 1.98512500000000E+03  -2.66208000000000E+01
 1.98520830000000E+03  -2.03069000000000E+01
 1.98529170000000E+03  -2.09164000000000E+01
 1.98537500000000E+03  -1.94488000000000E+01
 1.98545830000000E+03  -1.64427000000000E+01
 1.98554170000000E+03   1.56310000000000E+00
 1.98562500000000E+03   2.56910000000000E+00
 1.98570830000000E+03  -1.85789000000000E+01
 1.98579170000000E+03  -9.49620000000000E+00
 1.98587500000000E+03  -1.64135000000000E+01
 1.98595830000000E+03  -1.95615000000000E+01
 1.98604170000000E+03  -1.18637000000000E+01
 1.98612500000000E+03  -1.43195000000000E+01
 1.98620830000000E+03  -1.03138000000000E+01
 1.98629170000000E+03  -1.46161000000000E+01
 1.98637500000000E+03  -1.74567000000000E+01
 1.98645830000000E+03  -7.60500000000000E+00
 1.98654170000000E+03   2.86190000000000E+00
 1.98662500000000E+03  -4.36340000000000E+00
 1.98670830000000E+03  -1.88196000000000E+01
 1.98679170000000E+03  -6.89130000000000E+00
 1.98687500000000E+03  -3.19370000000000E+00
 1.98695830000000E+03   2.88850000000000E+00
 1.98704170000000E+03   1.03551000000000E+01
 1.98712500000000E+03   1.52834000000000E+01
 1.98720830000000E+03   2.40578000000000E+01
 1.98729170000000E+03   1.56781000000000E+01
 1.98737500000000E+03   1.61447000000000E+01
 1.98745830000000E+03   1.68421000000000E+01
 1.98754170000000E+03   1.26930000000000E+01
 1.98762500000000E+03  -3.78900000000000E-01
 1.98770830000000E+03   2.70290000000000E+00
 1.98779170000000E+03   1.46307000000000E+01
 1.98787500000000E+03   1.89432000000000E+01
 1.98795830000000E+03   2.30249000000000E+01
 1.98804170000000E+03   2.28756000000000E+01
 1.98812500000000E+03   2.51880000000000E+01
 1.98820830000000E+03   1.72695000000000E+01
 1.98829170000000E+03   1.01971000000000E+01
 1.98837500000000E+03   1.94324000000000E+01
 1.98845830000000E+03   2.85908000000000E+01
 1.98854170000000E+03   3.26720000000000E+01
 1.98862500000000E+03   3.51380000000000E+01
 1.98870830000000E+03   4.21424000000000E+01
 1.98879170000000E+03   4.56081000000000E+01
 1.98887500000000E+03   4.91509000000000E+01
 1.98895830000000E+03   5.40013000000000E+01
 1.98904170000000E+03   5.54669000000000E+01
 1.98912500000000E+03   7.33941000000000E+01
 1.98920830000000E+03   7.33214000000000E+01
 1.98929170000000E+03   7.65561000000000E+01
 1.98937500000000E+03   8.24832000000000E+01
 1.98945830000000E+03   8.51795000000000E+01
 1.98954170000000E+03   6.53372000000000E+01
 1.98962500000000E+03   5.95719000000000E+01
 1.98970830000000E+03   6.76527000000000E+01
 1.98979170000000E+03   6.98871000000000E+01
 1.98987500000000E+03   5.86602000000000E+01
 1.98995830000000E+03   5.84332000000000E+01
 1.99004170000000E+03   6.28213000000000E+01
 1.99012500000000E+03   6.20558000000000E+01
 1.99020830000000E+03   5.32902000000000E+01
 1.99029170000000E+03   4.94475000000000E+01
 1.99037500000000E+03   5.06818000000000E+01
 1.99045830000000E+03   3.48391000000000E+01
 1.99054170000000E+03   1.74578000000000E+01
 1.99062500000000E+03   2.03074000000000E+01
 1.99070830000000E+03   3.54160000000000E+00
 1.99079170000000E+03  -1.85322000000000E+01
 1.99087500000000E+03  -2.72981000000000E+01
 1.99095830000000E+03  -2.26795000000000E+01
 1.99104170000000E+03  -1.87534000000000E+01
 1.99112500000000E+03  -1.87502000000000E+01
 1.99120830000000E+03  -1.88240000000000E+01
 1.99129170000000E+03  -2.14364000000000E+01
 1.99137500000000E+03  -3.81257000000000E+01
 1.99145830000000E+03  -4.64304000000000E+01
 1.99154170000000E+03  -3.30430000000000E+01
 1.99162500000000E+03  -2.57324000000000E+01
 1.99170830000000E+03  -2.24987000000000E+01
 1.99179170000000E+03  -9.64990000000000E+00
 1.99187500000000E+03  -6.95480000000000E+00
 1.99195830000000E+03  -6.02900000000000E+00
 1.99204170000000E+03  -6.94950000000000E+00
 1.99212500000000E+03  -8.94680000000000E+00
 1.99220830000000E+03  -9.32880000000000E+00
 1.99229170000000E+03  -1.78649000000000E+01
 1.99237500000000E+03  -2.54008000000000E+01
 1.99245830000000E+03  -1.57060000000000E+01
 1.99254170000000E+03  -2.85499000000000E+01
 1.99262500000000E+03  -2.73936000000000E+01
 1.99270830000000E+03  -3.06989000000000E+01
 1.99279170000000E+03  -3.59275000000000E+01
 1.99287500000000E+03  -4.05406000000000E+01
 1.99295830000000E+03  -3.54614000000000E+01
 1.99304170000000E+03  -2.53825000000000E+01
 1.99312500000000E+03  -1.76111000000000E+01
 1.99320830000000E+03  -1.05320000000000E+01
 1.99329170000000E+03  -2.33763000000000E+01
 1.99337500000000E+03  -2.69896000000000E+01
 1.99345830000000E+03  -3.38338000000000E+01
 1.99354170000000E+03  -3.59859000000000E+01
 1.99362500000000E+03  -1.99840000000000E+01
 1.99370830000000E+03  -3.75205000000000E+01
 1.99379170000000E+03  -3.57497000000000E+01
 1.99387500000000E+03  -3.35940000000000E+01
 1.99395830000000E+03  -2.22077000000000E+01
 1.99404170000000E+03  -2.14369000000000E+01
 1.99412500000000E+03  -3.02814000000000E+01
 1.99420830000000E+03  -4.27413000000000E+01
 1.99429170000000E+03  -5.30476000000000E+01
 1.99437500000000E+03  -4.89692000000000E+01
 1.99445830000000E+03  -4.29677000000000E+01
 1.99454170000000E+03  -2.58126000000000E+01
 1.99462500000000E+03  -1.82727000000000E+01
 1.99470830000000E+03  -1.91175000000000E+01
 1.99479170000000E+03   6.19130000000000E+00
 1.99487500000000E+03   1.04234000000000E+01
 1.99495830000000E+03   1.34246000000000E+01
 1.99504170000000E+03   1.51949000000000E+01
 1.99512500000000E+03   1.70422000000000E+01
 1.99520830000000E+03   1.53510000000000E+01
 1.99529170000000E+03   2.19673000000000E+01
 1.99537500000000E+03   3.61991000000000E+01
 1.99545830000000E+03   3.75847000000000E+01
 1.99554170000000E+03   2.98931000000000E+01
 1.99562500000000E+03   1.35094000000000E+01
 1.99570830000000E+03  -2.25900000000000E+00
 1.99579170000000E+03  -1.17968000000000E+01
 1.99587500000000E+03  -2.74883000000000E+01
 1.99595830000000E+03  -3.23337000000000E+01
 1.99604170000000E+03  -2.50255000000000E+01
 1.99612500000000E+03  -3.13326000000000E+01
 1.99620830000000E+03  -3.67935000000000E+01
 1.99629170000000E+03  -4.01008000000000E+01
 1.99637500000000E+03  -4.20234000000000E+01
 1.99645830000000E+03  -5.73306000000000E+01
 1.99654170000000E+03  -6.46380000000000E+01
 1.99662500000000E+03  -6.42530000000000E+01
 1.99670830000000E+03  -5.26373000000000E+01
 1.99679170000000E+03  -3.21756000000000E+01
 1.99687500000000E+03  -2.20984000000000E+01
 1.99695830000000E+03  -2.27136000000000E+01
 1.99704170000000E+03  -2.27136000000000E+01
 1.99712500000000E+03  -3.20211000000000E+01
 1.99720830000000E+03  -2.88672000000000E+01
 1.99729170000000E+03  -1.47134000000000E+01
 1.99737500000000E+03  -8.94420000000000E+00
 1.99745830000000E+03  -1.44827000000000E+01
 1.99754170000000E+03  -1.24060000000000E+01
 1.99762500000000E+03  -7.86760000000000E+00
 1.99770830000000E+03   7.67070000000000E+00
 1.99779170000000E+03   3.28570000000000E+00
 1.99787500000000E+03  -4.63760000000000E+00
 1.99795830000000E+03  -7.56100000000000E+00
 1.99804170000000E+03   1.20770000000000E+00
 1.99812500000000E+03   1.42843000000000E+01
 1.99820830000000E+03   2.44377000000000E+01
 1.99829170000000E+03   7.20630000000000E+00
 1.99837500000000E+03   6.12890000000000E+00
 1.99845830000000E+03   3.51300000000000E+00
 1.99854170000000E+03   1.21276000000000E+01
 1.99862500000000E+03   1.65886000000000E+01
 1.99870830000000E+03   2.06648000000000E+01
 1.99879170000000E+03   1.08947000000000E+01
 1.99887500000000E+03   1.27401000000000E+01
 1.99895830000000E+03   9.27780000000000E+00
 1.99904170000000E+03   1.08922000000000E+01
 1.99912500000000E+03   4.35290000000000E+00
 1.99920830000000E+03  -9.64800000000000E+00
 1.99929170000000E+03  -1.93415000000000E+01
 1.99937500000000E+03  -8.72710000000000E+00
 1.99945830000000E+03  -2.91127000000000E+01
 1.99954170000000E+03  -2.58063000000000E+01
 1.99962500000000E+03  -2.33459000000000E+01
 1.99970830000000E+03  -1.95009000000000E+01
 1.99979170000000E+03  -2.31946000000000E+01
 1.99987500000000E+03  -3.05805000000000E+01
 1.99995830000000E+03  -2.66587000000000E+01
 2.00004170000000E+03  -1.43525000000000E+01
 2.00012500000000E+03  -1.13539000000000E+01
 2.00020830000000E+03  -1.29707000000000E+01
 2.00029170000000E+03  -2.82031000000000E+01
 2.00037500000000E+03  -4.16661000000000E+01
 2.00045830000000E+03  -4.26677000000000E+01
 2.00054170000000E+03  -4.24387000000000E+01
 2.00062500000000E+03  -4.72864000000000E+01
 2.00070830000000E+03  -5.33650000000000E+01
 2.00079170000000E+03  -6.99823000000000E+01
 2.00087500000000E+03  -7.09841000000000E+01
 2.00095830000000E+03  -5.61397000000000E+01
 2.00104170000000E+03  -5.87571000000000E+01
 2.00112500000000E+03  -6.55282000000000E+01
 2.00120830000000E+03  -5.72224000000000E+01
 2.00129170000000E+03  -6.26861000000000E+01
 2.00137500000000E+03  -3.40727000000000E+01
 2.00145830000000E+03  -1.91517000000000E+01
 2.00154170000000E+03  -1.76155000000000E+01
 2.00162500000000E+03  -2.23300000000000E+00
 2.00170830000000E+03   1.67648000000000E+01
 2.00179170000000E+03   1.44547000000000E+01
 2.00187500000000E+03   2.12217000000000E+01
 2.00195830000000E+03   2.48347000000000E+01
 2.00204170000000E+03   2.64476000000000E+01
 2.00212500000000E+03   3.22145000000000E+01
 2.00220830000000E+03   3.64428000000000E+01
 2.00229170000000E+03   2.33632000000000E+01
 2.00237500000000E+03   2.99761000000000E+01
 2.00245830000000E+03   5.66590000000000E+00
 2.00254170000000E+03   1.04770000000000E+00
 2.00262500000000E+03  -6.10880000000000E+00
 2.00270830000000E+03  -2.98807000000000E+01
 2.00279170000000E+03  -4.34990000000000E+01
 2.00287500000000E+03  -4.85787000000000E+01
 2.00295830000000E+03  -4.56584000000000E+01
 2.00304170000000E+03  -3.83538000000000E+01
 2.00312500000000E+03  -3.95874000000000E+01
 2.00320830000000E+03  -4.03596000000000E+01
 2.00329170000000E+03  -3.81320000000000E+01
 2.00337500000000E+03  -4.27504000000000E+01
 2.00345830000000E+03  -4.49073000000000E+01
 2.00354170000000E+03  -3.42182000000000E+01
 2.00362500000000E+03  -2.89906000000000E+01
 2.00370830000000E+03  -2.37630000000000E+01
 2.00379170000000E+03  -1.19203000000000E+01
 2.00387500000000E+03  -1.30005000000000E+01
 2.00395830000000E+03  -3.92690000000000E+00
 2.00404170000000E+03   2.45420000000000E+00
 2.00412500000000E+03  -2.78000000000000E+00
 2.00420830000000E+03  -9.32190000000000E+00
 2.00429170000000E+03  -9.71010000000000E+00
 2.00437500000000E+03  -1.53290000000000E+01
 2.00445830000000E+03  -1.05634000000000E+01
 2.00454170000000E+03   7.40500000000000E-01
 2.00462500000000E+03   1.28907000000000E+01
 2.00470830000000E+03   2.73320000000000E+00
 2.00479170000000E+03  -3.65530000000000E+00
 2.00487500000000E+03  -7.65910000000000E+00
 2.00495830000000E+03  -5.04750000000000E+00
 2.00504170000000E+03  -1.66700000000000E+00
 2.00512500000000E+03  -2.44010000000000E+00
 2.00520830000000E+03   9.40600000000000E-01
 2.00529170000000E+03  -3.90980000000000E+00
 2.00537500000000E+03  -1.27599000000000E+01
 2.00545830000000E+03  -1.14563000000000E+01
 2.00554170000000E+03  -2.52298000000000E+01
 2.00562500000000E+03  -4.24648000000000E+01
 2.00570830000000E+03  -6.35459000000000E+01
 2.00579170000000E+03  -5.93195000000000E+01
 2.00587500000000E+03  -5.57854000000000E+01
 2.00595830000000E+03  -4.84051000000000E+01
 2.00604170000000E+03  -5.26404000000000E+01
 2.00612500000000E+03  -5.42602000000000E+01
 2.00620830000000E+03  -5.74185000000000E+01
 2.00629170000000E+03  -6.49616000000000E+01
 2.00637500000000E+03  -4.71969000000000E+01
 2.00645830000000E+03  -4.51246000000000E+01
 2.00654170000000E+03  -3.97448000000000E+01
 2.00662500000000E+03  -1.39802000000000E+01
 2.00670830000000E+03  -4.36950000000000E+00
 2.00679170000000E+03   6.70250000000000E+00
 2.00687500000000E+03   1.64669000000000E+01
 2.00695830000000E+03   2.55390000000000E+01
 2.00704170000000E+03   3.46878000000000E+01
 2.00712500000000E+03   4.56060000000000E+01
 2.00720830000000E+03   5.82934000000000E+01
 2.00729170000000E+03   5.92882000000000E+01
 2.00737500000000E+03   7.21293000000000E+01
 2.00745830000000E+03   5.95857000000000E+01
 2.00754170000000E+03   5.75804000000000E+01
 2.00762500000000E+03   4.84214000000000E+01
 2.00770830000000E+03   5.42624000000000E+01
 2.00779170000000E+03   5.39492000000000E+01
 2.00787500000000E+03   5.23286000000000E+01
 2.00795830000000E+03   4.33232000000000E+01
 2.00804170000000E+03   4.80869000000000E+01
 2.00812500000000E+03   4.01584000000000E+01
 2.00820830000000E+03   2.98453000000000E+01
 2.00829170000000E+03   1.03780000000000E+01
 2.00837500000000E+03   1.22186000000000E+01
 2.00845830000000E+03   8.36690000000000E+00
 2.00854170000000E+03   3.28420000000000E+00
 2.00862500000000E+03   6.27850000000000E+00
 2.00870830000000E+03   4.58050000000000E+00
 2.00879170000000E+03  -1.83485000000000E+01
 2.00887500000000E+03  -2.54313000000000E+01
 2.00895830000000E+03  -1.62833000000000E+01
 2.00904170000000E+03  -1.02893000000000E+01
 2.00912500000000E+03  -1.42953000000000E+01
 2.00920830000000E+03  -1.32243000000000E+01
 2.00929170000000E+03   1.30800000000000E+00
 2.00937500000000E+03  -8.77500000000000E+00
 2.00945830000000E+03  -1.41657000000000E+01
 2.00954170000000E+03  -2.59413000000000E+01
 2.00962500000000E+03  -2.91782000000000E+01
 2.00970830000000E+03  -2.97998000000000E+01
 2.00979170000000E+03  -3.22678000000000E+01
 2.00987500000000E+03  -1.93510000000000E+01
 2.00995830000000E+03  -9.20350000000000E+00
 2.01004170000000E+03  -1.14409000000000E+01
 2.01012500000000E+03  -6.52420000000000E+00
 2.01020830000000E+03  -3.83840000000000E+00
 2.01029170000000E+03  -1.13835000000000E+01
 2.01037500000000E+03  -5.08240000000000E+00
 2.01045830000000E+03   1.56033000000000E+01
 2.01054170000000E+03   9.98110000000000E+00
 2.01062500000000E+03   1.58206000000000E+01
 2.01070830000000E+03   1.46600000000000E+01
 2.01079170000000E+03   2.21915000000000E+01
 2.01087500000000E+03   2.11078000000000E+01
 2.01095830000000E+03   2.01009000000000E+01
 2.01104170000000E+03   2.24015000000000E+01
 2.01112500000000E+03   1.93946000000000E+01
 2.01120830000000E+03   1.51569000000000E+01
 2.01129170000000E+03   1.52266000000000E+01
 2.01137500000000E+03   1.23734000000000E+01
 2.01145830000000E+03  -5.47990000000000E+00
 2.01154170000000E+03   6.51280000000000E+00
 2.01162500000000E+03   1.21000000000000E-01
 2.01170830000000E+03   1.19070000000000E+00
 2.01179170000000E+03   1.86448000000000E+01
 2.01187500000000E+03   1.35605000000000E+01
 2.01195830000000E+03   2.07839000000000E+01
 2.01204170000000E+03   1.73148000000000E+01
 2.01212500000000E+03   1.36920000000000E+01
 2.01220830000000E+03   1.94537000000000E+01
 2.01229170000000E+03   2.54460000000000E+01
 2.01237500000000E+03   2.37461000000000E+01
 2.01245830000000E+03   2.92001000000000E+01
 2.01254170000000E+03   2.84230000000000E+01
 2.01262500000000E+03   1.29538000000000E+01
 2.01270830000000E+03   1.93307000000000E+01
 2.01279170000000E+03   7.78420000000000E+00
 2.01287500000000E+03   6.99500000000000E-01
 2.01295830000000E+03  -2.15450000000000E+00
 2.01304170000000E+03   1.91430000000000E+00
 2.01312500000000E+03   3.59870000000000E+00
 2.01320830000000E+03   4.89840000000000E+00
 2.01329170000000E+03  -1.27252000000000E+01
 2.01337500000000E+03  -1.34256000000000E+01
 2.01345830000000E+03  -1.51260000000000E+01
 2.01354170000000E+03  -9.21130000000000E+00
 2.01362500000000E+03  -2.89887000000000E+01
 2.01370830000000E+03  -3.63047000000000E+01
 2.01379170000000E+03  -3.16977000000000E+01
 2.01387500000000E+03  -2.22445000000000E+01
 2.01395830000000E+03  -2.25606000000000E+01
 2.01404170000000E+03  -1.41077000000000E+01
 2.01412500000000E+03  -2.42699000000000E+01
 2.01420830000000E+03  -2.33554000000000E+01
 2.01429170000000E+03  -3.37487000000000E+01
 2.01437500000000E+03  -2.62957000000000E+01
 2.01445830000000E+03  -4.85351000000000E+01
 2.01454170000000E+03  -4.90055000000000E+01
 2.01462500000000E+03  -5.20142000000000E+01
 2.01470830000000E+03  -3.64845000000000E+01
 2.01479170000000E+03  -3.18781000000000E+01
 2.01487500000000E+03  -3.22715000000000E+01
 2.01495830000000E+03  -2.52804000000000E+01
 2.01504170000000E+03  -1.87511000000000E+01
 2.01512500000000E+03  -1.71446000000000E+01
 2.01520830000000E+03  -1.43844000000000E+01
 2.01529170000000E+03  -2.12398000000000E+01
 2.01537500000000E+03  -2.08642000000000E+01
 2.01545830000000E+03  -1.36426000000000E+01
 2.01554170000000E+03  -6.03660000000000E+00
 2.01562500000000E+03  -4.19960000000000E+00
 2.01570830000000E+03  -1.08243000000000E+01
 2.01579170000000E+03  -1.06799000000000E+01
 2.01587500000000E+03  -8.15080000000000E+00
 2.01595830000000E+03  -1.29294000000000E+01
 2.01604170000000E+03  -1.46313000000000E+01
 2.01612500000000E+03  -1.53331000000000E+01
 2.01620830000000E+03  -1.71118000000000E+01
 2.01629170000000E+03  -1.02754000000000E+01
 2.01637500000000E+03  -1.29773000000000E+01
 2.01645830000000E+03  -7.52540000000000E+00
 2.01654170000000E+03  -6.61220000000000E+00
 2.01662500000000E+03  -8.77570000000000E+00
 2.01670830000000E+03  -1.38624000000000E+01
 2.01679170000000E+03  -3.56470000000000E+00
 2.01687500000000E+03   1.81010000000000E+00
 2.01695830000000E+03   5.56940000000000E+00
 2.01704170000000E+03   2.10208000000000E+01
 2.01712500000000E+03   2.20109000000000E+01
 2.01720830000000E+03   2.23086000000000E+01
 2.01729170000000E+03   2.39137000000000E+01
 2.01737500000000E+03   2.76728000000000E+01
 2.01745830000000E+03   3.89704000000000E+01
 2.01754170000000E+03   4.04216000000000E+01
 2.01762500000000E+03   3.51806000000000E+01
 2.01770830000000E+03   4.21703000000000E+01
 2.01779170000000E+03   3.86983000000000E+01
 2.01787500000000E+03   3.22264000000000E+01
 2.01795830000000E+03   2.62929000000000E+01
 2.01804170000000E+03   2.36669000000000E+01
 2.01812500000000E+03   1.42718000000000E+01
 2.01820830000000E+03   9.64590000000000E+00
 2.01829170000000E+03   1.90198000000000E+01
 2.01837500000000E+03   9.31690000000000E+00
 2.01845830000000E+03  -3.61680000000000E+00
 2.01854170000000E+03   6.80000000000000E-01
 2.01862500000000E+03  -7.79230000000000E+00
 2.01870830000000E+03  -8.41840000000000E+00
 2.01879170000000E+03  -4.35250000000000E+00
 2.01887500000000E+03   2.71360000000000E+00
 2.01895830000000E+03   7.31810000000000E+00
 2.01904170000000E+03   2.10762000000000E+01
 2.01912500000000E+03   1.59883000000000E+01
 2.01920830000000E+03   1.95157000000000E+01
 2.01929170000000E+03   2.50429000000000E+01
 2.01937500000000E+03   8.80100000000000E+00
 2.01945830000000E+03   7.94370000000000E+00
 2.01954170000000E+03   1.66247000000000E+01
 2.01962500000000E+03   1.26134000000000E+01
 2.01970830000000E+03   2.86022000000000E+01
 2.01979170000000E+03   3.22830000000000E+01
 2.01987500000000E+03   3.82716000000000E+01
 2.01995830000000E+03   4.19525000000000E+01
 2.02004170000000E+03   4.56332000000000E+01
 2.02012500000000E+03   4.39294000000000E+01
 2.02020830000000E+03   5.22256000000000E+01
 2.02029170000000E+03   4.59061000000000E+01
 2.02037500000000E+03   3.86637000000000E+01
 2.02045830000000E+03   3.48828000000000E+01
 2.02054170000000E+03   4.11017000000000E+01
 2.02062500000000E+03   3.81669000000000E+01
 2.02070830000000E+03   2.77705000000000E+01
 2.02079170000000E+03   2.53739000000000E+01
 2.02087500000000E+03   2.06697000000000E+01
 2.02095830000000E+03   1.59655000000000E+01
 2.02104170000000E+03   1.33380000000000E+01
 2.02112500000000E+03   1.74798000000000E+01
 2.02120830000000E+03   1.06217000000000E+01
 2.02129170000000E+03   2.45550000000000E+00
 2.02137500000000E+03   1.51357000000000E+01
 2.02145830000000E+03   2.22774000000000E+01
 2.02154170000000E+03   3.56496000000000E+01
 2.02162500000000E+03   4.57143000000000E+01
 2.02170830000000E+03   4.33174000000000E+01
 2.02179170000000E+03   4.56126000000000E+01
 2.02187500000000E+03   3.77541000000000E+01
 2.02195830000000E+03   4.87417000000000E+01
 2.02204170000000E+03   5.58059000000000E+01
 2.02212500000000E+03   6.29473000000000E+01
 2.02220830000000E+03   5.32425000000000E+01
 2.02229170000000E+03   5.34604000000000E+01
 2.02237500000000E+03   5.61401000000000E+01
 2.02245830000000E+03   3.48198000000000E+01
 2.02254170000000E+03   2.55761000000000E+01
 2.02262500000000E+03   1.94864000000000E+01
 2.02270830000000E+03   9.01210000000000E+00
 2.02279170000000E+03   7.38370000000000E+00
 2.02287500000000E+03   4.90930000000000E+00
 2.02295830000000E+03   6.97330000000000E+00
 2.02304170000000E+03  -6.55200000000000E-01
 2.02312500000000E+03   2.41000000000000E-02
 2.02320830000000E+03  -5.83510000000000E+00
 2.02329170000000E+03   8.61310000000000E+00
 2.02337500000000E+03   8.24740000000000E+00
 2.02345830000000E+03   7.39100000000000E+00
 2.02354170000000E+03   2.14965000000000E+01
 2.02362500000000E+03   3.06627000000000E+01
 2.02370830000000E+03   3.25373000000000E+01
 2.02379170000000E+03   3.64235000000000E+01
