1880	-0.436928
1880.083333	-0.298882
1880.166667	-0.336699
1880.25	-0.332987
1880.333333	-0.515739
1880.416667	-0.569117
1880.5	-0.49106
1880.583333	-0.433788
1880.666667	-0.357273
1880.75	-0.130873
1880.833333	0.120726
1880.916667	0.178844
1881	0.189762
1881.083333	0.186718
1881.166667	0.310972
1881.25	0.499233
1881.333333	0.33884
1881.416667	0.219593
1881.5	-0.168159
1881.583333	1.08E-02
1881.666667	-0.153143
1881.75	-0.215714
1881.833333	-0.306545
1881.916667	-0.189085
1882	-0.219618
1882.083333	-0.371712
1882.166667	-0.289688
1882.25	0.171963
1882.333333	0.13978
1882.416667	-1.41E-02
1882.5	-0.17836
1882.583333	5.90E-02
1882.666667	-0.404613
1882.75	-0.399054
1882.833333	-0.660145
1882.916667	-0.584196
1883	-0.130257
1883.083333	-0.101063
1883.166667	-0.159929
1883.25	-0.125347
1883.333333	-0.299561
1883.416667	-0.238758
1883.5	-9.26E-02
1883.583333	-0.177069
1883.666667	-0.168722
1883.75	-1.58E-02
1883.833333	4.92E-02
1883.916667	-2.16E-02
1884	8.48E-02
1884.083333	0.210098
1884.166667	0.216492
1884.25	0.316862
1884.333333	0.62742
1884.416667	-6.32E-02
1884.5	0.221899
1884.583333	0.202091
1884.666667	0.150146
1884.75	6.34E-02
1884.833333	-1.92E-02
1884.916667	6.97E-02
1885	-8.43E-02
1885.083333	0.120598
1885.166667	0.210901
1885.25	7.45E-02
1885.333333	0.548389
1885.416667	0.211533
1885.5	9.60E-02
1885.583333	0.340631
1885.666667	0.404228
1885.75	0.625507
1885.833333	0.567675
1885.916667	0.569754
1886	0.340723
1886.083333	0.234478
1886.166667	0.417391
1886.25	0.139153
1886.333333	-0.40292
1886.416667	-0.576927
1886.5	-0.7661
1886.583333	-0.791409
1886.666667	-0.892513
1886.75	-0.783854
1886.833333	-0.894754
1886.916667	-1.12879
1887	-0.573196
1887.083333	-0.324291
1887.166667	-0.640848
1887.25	-0.813997
1887.333333	-0.884689
1887.416667	-0.471336
1887.5	-0.37146
1887.583333	-0.361477
1887.666667	-0.355633
1887.75	-0.178322
1887.833333	3.87E-02
1887.916667	-6.55E-02
1888	-0.108858
1888.083333	0.399408
1888.166667	0.389721
1888.25	0.370832
1888.333333	0.222229
1888.416667	0.192543
1888.5	0.285269
1888.583333	0.473331
1888.666667	-8.04E-02
1888.75	0.933308
1888.833333	1.3638
1888.916667	0.915504
1889	0.966913
1889.083333	0.803009
1889.166667	0.492691
1889.25	0.244673
1889.333333	0.215799
1889.416667	-0.261557
1889.5	-0.45013
1889.583333	-0.492138
1889.666667	-0.638462
1889.75	-1.06416
1889.833333	-0.923695
1889.916667	-1.03726
1890	-1.80877
1890.083333	-1.55332
1890.166667	-0.814379
1890.25	-0.691088
1890.333333	-0.66741
1890.416667	-0.910698
1890.5	-0.911381
1890.583333	-1.33992
1890.666667	-1.3227
1890.75	-1.0967
1890.833333	-0.970245
1890.916667	-0.600857
1891	-0.335217
1891.083333	-6.76E-02
1891.166667	-2.16E-02
1891.25	4.95E-02
1891.333333	2.10E-02
1891.416667	-2.70E-02
1891.5	-0.207109
1891.583333	-9.87E-02
1891.666667	-0.144463
1891.75	1.39E-03
1891.833333	0.109205
1891.916667	4.60E-02
1892	-0.379066
1892.083333	-0.250362
1892.166667	-0.489479
1892.25	-0.643467
1892.333333	-0.412741
1892.416667	-0.472618
1892.5	-0.599531
1892.583333	-0.684208
1892.666667	-1.02779
1892.75	-1.29525
1892.833333	-1.24311
1892.916667	-0.651646
1893	-0.463078
1893.083333	-0.484552
1893.166667	-0.711458
1893.25	-1.04913
1893.333333	-1.13171
1893.416667	-1.22055
1893.5	-1.53552
1893.583333	-1.46591
1893.666667	-1.39972
1893.75	-1.35772
1893.833333	-1.20169
1893.916667	-0.981186
1894	-1.05516
1894.083333	-1.20046
1894.166667	-1.0222
1894.25	-0.906637
1894.333333	-0.90801
1894.416667	-0.841787
1894.5	-0.800501
1894.583333	-0.652897
1894.666667	-1.07708
1894.75	-0.819403
1894.833333	-0.824175
1894.916667	-0.481836
1895	-0.653618
1895.083333	-0.420042
1895.166667	-0.407379
1895.25	-0.340038
1895.333333	-0.33543
1895.416667	-0.430758
1895.5	-0.37735
1895.583333	0.190042
1895.666667	0.101107
1895.75	-8.64E-02
1895.833333	0.116655
1895.916667	0.130865
1896	-3.69E-02
1896.083333	-0.110302
1896.166667	7.61E-02
1896.25	-5.24E-02
1896.333333	1.82E-02
1896.416667	-0.307198
1896.5	0.30937
1896.583333	0.685472
1896.666667	0.673597
1896.75	0.569468
1896.833333	0.699986
1896.916667	0.733805
1897	0.717703
1897.083333	0.594238
1897.166667	0.273682
1897.25	-0.128998
1897.333333	-0.165211
1897.416667	-0.109777
1897.5	8.65E-02
1897.583333	0.105753
1897.666667	4.98E-02
1897.75	-0.312452
1897.833333	-0.532324
1897.916667	-0.465395
1898	-0.584677
1898.083333	-0.456621
1898.166667	-0.473488
1898.25	-0.254438
1898.333333	-0.39455
1898.416667	-0.315548
1898.5	-0.444571
1898.583333	-0.655317
1898.666667	-0.480053
1898.75	-0.300762
1898.833333	-0.556324
1898.916667	-0.713396
1899	-0.889196
1899.083333	-0.768162
1899.166667	-0.633739
1899.25	-0.367498
1899.333333	-0.176411
1899.416667	-0.246458
1899.5	2.95E-02
1899.583333	0.224022
1899.666667	1.13E-02
1899.75	0.643648
1899.833333	0.884295
1899.916667	1.01121
1900	0.760653
1900.083333	0.620508
1900.166667	0.543701
1900.25	0.470922
1900.333333	0.36025
1900.416667	0.319613
1900.5	0.386469
1900.583333	0.453922
1900.666667	0.371477
1900.75	0.420998
1900.833333	0.329395
1900.916667	0.675823
1901	0.719822
1901.083333	0.286938
1901.166667	0.18885
1901.25	0.145582
1901.333333	-6.50E-04
1901.416667	-0.202217
1901.5	-0.15814
1901.583333	-2.03E-02
1901.666667	-0.294323
1901.75	-0.201023
1901.833333	-0.318735
1901.916667	-0.286106
1902	-0.405998
1902.083333	-0.204111
1902.166667	-0.342169
1902.25	0.291063
1902.333333	0.578169
1902.416667	0.581682
1902.5	0.730839
1902.583333	0.630463
1902.666667	0.977167
1902.75	0.821108
1902.833333	0.769686
1902.916667	0.582874
1903	0.738672
1903.083333	0.864809
1903.166667	0.738121
1903.25	0.466063
1903.333333	0.144039
1903.416667	0.528692
1903.5	-9.13E-02
1903.583333	0.282652
1903.666667	-0.116882
1903.75	-0.106043
1903.833333	-0.253265
1903.916667	-0.445795
1904	-0.827118
1904.083333	-0.499332
1904.166667	-0.396858
1904.25	-0.293608
1904.333333	-0.530031
1904.416667	-0.122147
1904.5	0.180861
1904.583333	0.247782
1904.666667	7.85E-02
1904.75	0.588448
1904.833333	-0.185074
1904.916667	0.579235
1905	0.431313
1905.083333	0.719088
1905.166667	0.606291
1905.25	0.375433
1905.333333	0.68132
1905.416667	0.341583
1905.5	0.745619
1905.583333	0.752651
1905.666667	1.11557
1905.75	0.568447
1905.833333	0.502075
1905.916667	0.669844
1906	0.241312
1906.083333	0.422897
1906.166667	0.888802
1906.25	0.339252
1906.333333	5.30E-02
1906.416667	0.106432
1906.5	2.94E-02
1906.583333	0.262993
1906.666667	-0.611362
1906.75	-0.661774
1906.833333	-2.22E-02
1906.916667	-0.209196
1907	-0.230097
1907.083333	-0.163702
1907.166667	-0.23313
1907.25	-0.293938
1907.333333	-0.19319
1907.416667	-0.117308
1907.5	-0.24811
1907.583333	-0.123657
1907.666667	3.51E-02
1907.75	-0.429792
1907.833333	-0.163305
1907.916667	-0.151525
1908	-0.312286
1908.083333	-2.14E-02
1908.166667	-0.321798
1908.25	-0.182678
1908.333333	-8.68E-02
1908.416667	-0.396997
1908.5	-0.49962
1908.583333	-0.344568
1908.666667	-0.335932
1908.75	-0.412182
1908.833333	-0.664165
1908.916667	-0.763445
1909	-0.388817
1909.083333	-0.592472
1909.166667	-0.392769
1909.25	-0.349428
1909.333333	1.91E-02
1909.416667	-0.708616
1909.5	-0.761391
1909.583333	-0.887438
1909.666667	-0.678352
1909.75	-1.00114
1909.833333	-1.08154
1909.916667	-0.817905
1910	-0.954958
1910.083333	-0.700262
1910.166667	-0.821508
1910.25	-1.09538
1910.333333	-1.03748
1910.416667	-1.08341
1910.5	-0.94548
1910.583333	-0.888128
1910.666667	-1.222
1910.75	-1.0322
1910.833333	-0.814535
1910.916667	-0.718876
1911	-0.507048
1911.083333	-0.424742
1911.166667	-0.682079
1911.25	-0.916927
1911.333333	-0.58707
1911.416667	-0.758648
1911.5	-0.58345
1911.583333	-0.846308
1911.666667	-0.429533
1911.75	-0.332033
1911.833333	0.354786
1911.916667	1.87E-02
1912	0.567253
1912.083333	0.490328
1912.166667	0.530621
1912.25	0.499443
1912.333333	-0.155411
1912.416667	-0.142908
1912.5	4.35E-02
1912.583333	-0.147568
1912.666667	-2.59E-02
1912.75	-0.215742
1912.833333	-6.04E-02
1912.916667	-0.379366
1913	-0.353018
1913.083333	0.213198
1913.166667	0.190321
1913.25	-0.350998
1913.333333	-0.274031
1913.416667	-0.450747
1913.5	-0.51623
1913.583333	-0.454727
1913.666667	-4.63E-02
1913.75	-0.265453
1913.833333	0.115145
1913.916667	0.171875
1914	1.57E-02
1914.083333	0.486158
1914.166667	0.23735
1914.25	0.508883
1914.333333	0.189859
1914.416667	4.40E-02
1914.5	0.22743
1914.583333	0.525501
1914.666667	0.328047
1914.75	0.215998
1914.833333	0.194775
1914.916667	0.347883
1915	0.486113
1915.083333	0.565147
1915.166667	0.495241
1915.25	0.408613
1915.333333	0.44903
1915.416667	0.683764
1915.5	0.20936
1915.583333	0.181791
1915.666667	0.211718
1915.75	0.311857
1915.833333	-2.53E-03
1915.916667	9.66E-02
1916	1.82E-02
1916.083333	-0.218042
1916.166667	-0.159048
1916.25	-1.08E-02
1916.333333	0.24312
1916.416667	9.09E-02
1916.5	-0.5774
1916.583333	-0.964277
1916.666667	-1.05648
1916.75	-0.859863
1916.833333	-1.12628
1916.916667	-0.892395
1917	-0.857168
1917.083333	-0.524712
1917.166667	-0.496639
1917.25	-0.443977
1917.333333	-0.60219
1917.416667	-0.476328
1917.5	-0.37504
1917.583333	-0.217657
1917.666667	-0.334044
1917.75	-0.149883
1917.833333	-0.451365
1917.916667	-0.489086
1918	-0.574318
1918.083333	-0.567802
1918.166667	-0.535738
1918.25	-0.450357
1918.333333	-0.355
1918.416667	1.58E-02
1918.5	-0.175091
1918.583333	7.64E-02
1918.666667	0.316597
1918.75	0.529966
1918.833333	0.589745
1918.916667	0.608543
1919	0.868652
1919.083333	0.707529
1919.166667	0.774151
1919.25	0.674383
1919.333333	0.628029
1919.416667	0.419872
1919.5	0.17226
1919.583333	0.393251
1919.666667	0.246527
1919.75	-9.20E-02
1919.833333	-0.498234
1919.916667	0.150724
1920	0.146893
1920.083333	0.158289
1920.166667	0.208431
1920.25	-5.94E-02
1920.333333	4.86E-02
1920.416667	0.282982
1920.5	0.269119
1920.583333	0.240011
1920.666667	0.229368
1920.75	0.588478
1920.833333	-9.20E-02
1920.916667	-0.409986
1921	-5.74E-02
1921.083333	-0.510561
1921.166667	-0.943409
1921.25	-0.259727
1921.333333	-0.678171
1921.416667	-0.477247
1921.5	-0.29158
1921.583333	2.17E-02
1921.666667	-0.225763
1921.75	-4.33E-02
1921.833333	-0.531214
1921.916667	-4.30E-02
1922	-0.339907
1922.083333	8.65E-02
1922.166667	0.114521
1922.25	-0.300047
1922.333333	9.17E-02
1922.416667	-0.318108
1922.5	5.11E-02
1922.583333	-0.232677
1922.666667	-0.219862
1922.75	-0.316513
1922.833333	-0.136555
1922.916667	-0.541246
1923	-0.228178
1923.083333	-0.287352
1923.166667	-0.154669
1923.25	7.10E-02
1923.333333	-0.11529
1923.416667	-0.138437
1923.5	-0.269091
1923.583333	7.25E-02
1923.666667	0.309298
1923.75	0.543056
1923.833333	0.648926
1923.916667	0.448673
1924	0.240482
1924.083333	0.240438
1924.166667	0.320862
1924.25	2.96E-02
1924.333333	-0.432631
1924.416667	-0.185617
1924.5	-0.386461
1924.583333	-0.564709
1924.666667	-0.587013
1924.75	-0.558012
1924.833333	-0.931534
1924.916667	-0.357225
1925	-0.955858
1925.083333	-0.753283
1925.166667	-0.668619
1925.25	-0.417677
1925.333333	-0.36459
1925.416667	-0.519888
1925.5	0.122429
1925.583333	0.310152
1925.666667	0.406548
1925.75	0.465168
1925.833333	0.701735
1925.916667	0.880875
1926	0.633493
1926.083333	0.798479
1926.166667	0.763762
1926.25	0.513802
1926.333333	0.60351
1926.416667	0.496563
1926.5	0.32618
1926.583333	0.225172
1926.666667	0.171728
1926.75	-0.218702
1926.833333	-0.380684
1926.916667	-0.240967
1927	1.88E-02
1927.083333	0.162798
1927.166667	-0.268929
1927.25	2.20E-02
1927.333333	-0.435911
1927.416667	-0.127626
1927.5	-9.18E-02
1927.583333	0.110043
1927.666667	-8.40E-02
1927.75	8.16E-02
1927.833333	-9.37E-02
1927.916667	0.256834
1928	0.386803
1928.083333	0.283678
1928.166667	7.87E-02
1928.25	0.126423
1928.333333	0.12521
1928.416667	4.89E-02
1928.5	-7.66E-02
1928.583333	3.30E-02
1928.666667	-8.22E-02
1928.75	-9.75E-02
1928.833333	-2.96E-03
1928.916667	-0.266706
1929	-0.297867
1929.083333	-0.139372
1929.166667	-8.01E-02
1929.25	-5.54E-02
1929.333333	-0.199261
1929.416667	0.127934
1929.5	0.200689
1929.583333	0.110542
1929.666667	0.137297
1929.75	0.215076
1929.833333	0.217426
1929.916667	0.545094
1930	0.527243
1930.083333	0.562168
1930.166667	0.512911
1930.25	0.504883
1930.333333	-8.47E-03
1930.416667	0.214422
1930.5	0.3855
1930.583333	0.264223
1930.666667	0.654657
1930.75	0.584318
1930.833333	0.949575
1930.916667	0.632595
1931	0.769503
1931.083333	1.01508
1931.166667	0.507551
1931.25	0.535683
1931.333333	0.549669
1931.416667	0.624792
1931.5	0.46167
1931.583333	0.421793
1931.666667	-0.187952
1931.75	-0.199284
1931.833333	2.38E-02
1931.916667	-0.232925
1932	-0.339918
1932.083333	-0.240181
1932.166667	0.145092
1932.25	-2.88E-02
1932.333333	1.02E-02
1932.416667	-4.15E-02
1932.5	-0.345331
1932.583333	2.42E-03
1932.666667	-1.78E-02
1932.75	2.95E-02
1932.833333	-1.18E-02
1932.916667	-0.323856
1933	-2.66E-02
1933.083333	-0.157381
1933.166667	-0.139738
1933.25	-7.71E-02
1933.333333	-0.425159
1933.416667	-0.725227
1933.5	-0.4627
1933.583333	-0.655188
1933.666667	-0.769482
1933.75	-1.06492
1933.833333	-0.761786
1933.916667	-1.02293
1934	-1.00367
1934.083333	-0.862341
1934.166667	-0.987198
1934.25	-0.488268
1934.333333	-0.60601
1934.416667	-0.418327
1934.5	-0.495399
1934.583333	-0.586317
1934.666667	-0.522772
1934.75	-0.422583
1934.833333	-0.270264
1934.916667	-0.252537
1935	-0.322638
1935.083333	-4.43E-02
1935.166667	-0.273058
1935.25	-0.399347
1935.333333	-0.6015
1935.416667	-0.418867
1935.5	-0.47172
1935.583333	8.94E-02
1935.666667	2.65E-02
1935.75	0.227877
1935.833333	0.139545
1935.916667	-4.73E-03
1936	0.191463
1936.083333	0.255548
1936.166667	9.85E-02
1936.25	0.310682
1936.333333	0.427959
1936.416667	-9.77E-02
1936.5	-0.123861
1936.583333	-4.58E-02
1936.666667	1.33E-03
1936.75	0.256866
1936.833333	-0.111994
1936.916667	0.414484
1937	-9.33E-02
1937.083333	0.322048
1937.166667	0.623531
1937.25	7.84E-02
1937.333333	-0.1124
1937.416667	-0.288927
1937.5	0.16151
1937.583333	4.59E-02
1937.666667	-6.36E-02
1937.75	-5.26E-02
1937.833333	0.198996
1937.916667	-0.172575
1938	-0.130447
1938.083333	-2.61E-02
1938.166667	4.54E-02
1938.25	-0.131937
1938.333333	-0.439381
1938.416667	-0.601196
1938.5	-0.505421
1938.583333	-0.634598
1938.666667	-0.170753
1938.75	-0.678522
1938.833333	-0.490335
1938.916667	-0.469555
1939	-0.459047
1939.083333	-0.571922
1939.166667	-0.412828
1939.25	-9.75E-02
1939.333333	-0.106131
1939.416667	-0.203047
1939.5	9.71E-02
1939.583333	-5.29E-02
1939.666667	0.673828
1939.75	-0.515903
1939.833333	2.19E-03
1939.916667	0.353495
1940	0.634483
1940.083333	0.743359
1940.166667	0.727091
1940.25	0.466522
1940.333333	0.34997
1940.416667	0.582394
1940.5	0.47575
1940.583333	0.385933
1940.666667	0.164507
1940.75	0.469097
1940.833333	0.685646
1940.916667	0.893414
1941	0.791462
1941.083333	0.700338
1941.166667	0.986782
1941.25	1.08962
1941.333333	1.07963
1941.416667	0.658722
1941.5	0.74205
1941.583333	0.699842
1941.666667	0.557148
1941.75	0.750347
1941.833333	0.901335
1941.916667	0.950615
1942	0.612003
1942.083333	0.482439
1942.166667	0.130362
1942.25	0.591393
1942.333333	-6.56E-02
1942.416667	-0.143686
1942.5	-0.164751
1942.583333	-0.321617
1942.666667	-0.521833
1942.75	-0.614193
1942.833333	-0.639145
1942.916667	-0.788435
1943	-1.11407
1943.083333	-0.831472
1943.166667	-0.597139
1943.25	-0.349127
1943.333333	-8.63E-02
1943.416667	-5.98E-02
1943.5	3.52E-02
1943.583333	0.250002
1943.666667	-5.07E-02
1943.75	-0.324642
1943.833333	-0.398655
1943.916667	-0.228947
1944	-0.145367
1944.083333	-0.133812
1944.166667	-1.06E-02
1944.25	7.65E-02
1944.333333	0.174089
1944.416667	8.05E-02
1944.5	0.19289
1944.583333	0.243853
1944.666667	0.114458
1944.75	6.56E-02
1944.833333	0.155146
1944.916667	7.36E-02
1945	-0.160488
1945.083333	-0.337603
1945.166667	-0.683119
1945.25	-0.699217
1945.333333	-0.61977
1945.416667	-0.647127
1945.5	-0.40097
1945.583333	-0.378517
1945.666667	-0.312883
1945.75	-0.278162
1945.833333	-0.105925
1945.916667	-0.240086
1946	-0.208418
1946.083333	-0.100122
1946.166667	-0.168459
1946.25	-7.13E-02
1946.333333	6.51E-02
1946.416667	0.471092
1946.5	0.27158
1946.583333	0.117813
1946.666667	0.376068
1946.75	0.246538
1946.833333	0.171875
1946.916667	0.575523
1947	0.354633
1947.083333	-9.45E-02
1947.166667	0.310921
1947.25	3.12E-02
1947.333333	-5.34E-02
1947.416667	0.524033
1947.5	-0.204071
1947.583333	4.33E-03
1947.666667	-0.513103
1947.75	-0.625483
1947.833333	-0.702694
1947.916667	7.88E-02
1948	0.127644
1948.083333	-0.144821
1948.166667	0.368952
1948.25	0.202723
1948.333333	0.5462
1948.416667	0.532993
1948.5	-2.15E-02
1948.583333	-5.53E-02
1948.666667	-3.07E-02
1948.75	-0.129953
1948.833333	-0.141125
1948.916667	-4.67E-02
1949	-4.15E-02
1949.083333	0.441248
1949.166667	-0.282999
1949.25	4.62E-02
1949.333333	-0.10832
1949.416667	-0.404888
1949.5	-0.22131
1949.583333	-8.97E-03
1949.666667	-0.675112
1949.75	-0.557102
1949.833333	-1.1146
1949.916667	-0.771635
1950	-0.551647
1950.083333	-1.05574
1950.166667	-0.839678
1950.25	-0.659857
1950.333333	-0.701941
1950.416667	-0.481216
1950.5	-0.814001
1950.583333	-0.798618
1950.666667	-0.760942
1950.75	-0.890703
1950.833333	-1.26554
1950.916667	-0.668575
1951	-1.1231
1951.083333	-0.913181
1951.166667	-0.693699
1951.25	-0.432688
1951.333333	-0.110281
1951.416667	-0.247107
1951.5	0.13798
1951.583333	0.332842
1951.666667	0.292877
1951.75	0.310078
1951.833333	0.414425
1951.916667	0.461535
1952	0.370363
1952.083333	0.168228
1952.166667	-2.05E-02
1952.25	0.346422
1952.333333	0.12269
1952.416667	-0.147966
1952.5	-0.252161
1952.583333	-0.150518
1952.666667	0.203728
1952.75	4.31E-02
1952.833333	-0.175135
1952.916667	-0.154856
1953	0.386223
1953.083333	3.24E-02
1953.166667	0.317991
1953.25	0.492062
1953.333333	0.284239
1953.416667	0.273563
1953.5	0.28767
1953.583333	0.188131
1953.666667	0.484077
1953.75	0.163248
1953.833333	0.319685
1953.916667	1.75E-02
1954	0.311203
1954.083333	0.134188
1954.166667	8.17E-02
1954.25	0.140522
1954.333333	-3.31E-02
1954.416667	-0.332428
1954.5	-0.525171
1954.583333	-0.533287
1954.666667	-0.612913
1954.75	-0.594843
1954.833333	-0.770975
1954.916667	-0.439917
1955	-0.539778
1955.083333	-0.846941
1955.166667	-0.593559
1955.25	-0.833668
1955.333333	-0.78108
1955.416667	-0.669607
1955.5	-0.91539
1955.583333	-0.623737
1955.666667	-0.724222
1955.75	-1.31119
1955.833333	-1.21951
1955.916667	-1.13655
1956	-0.873308
1956.083333	-0.924023
1956.166667	-0.783228
1956.25	-0.489918
1956.333333	-0.52705
1956.416667	-0.798258
1956.5	-0.686691
1956.583333	-0.554298
1956.666667	-0.821873
1956.75	-0.705492
1956.833333	-0.593645
1956.916667	-0.351646
1957	-7.78E-02
1957.083333	6.29E-02
1957.166667	4.25E-02
1957.25	0.379473
1957.333333	0.549219
1957.416667	9.49E-02
1957.5	0.245539
1957.583333	0.319033
1957.666667	0.470457
1957.75	0.578247
1957.833333	0.740526
1957.916667	0.742594
1958	1.19963
1958.083333	1.21177
1958.166667	1.04459
1958.25	0.550022
1958.333333	0.650061
1958.416667	0.413992
1958.5	0.21236
1958.583333	0.480133
1958.666667	3.83E-03
1958.75	0.220387
1958.833333	0.305984
1958.916667	0.531214
1959	0.433023
1959.083333	0.437178
1959.166667	0.284231
1959.25	0.287382
1959.333333	0.28171
1959.416667	-0.160368
1959.5	-2.70E-02
1959.583333	0.128363
1959.666667	7.25E-02
1959.75	5.25E-03
1959.833333	-0.190975
1959.916667	-0.156406
1960	-0.283108
1960.083333	-0.397972
1960.166667	-0.282038
1960.25	1.65E-02
1960.333333	-6.01E-02
1960.416667	-0.279207
1960.5	-0.20566
1960.583333	-0.223448
1960.666667	-0.129763
1960.75	-8.66E-02
1960.833333	-0.177334
1960.916667	0.214535
1961	-0.126278
1961.083333	-8.36E-02
1961.166667	-0.205488
1961.25	-0.255747
1961.333333	-0.14315
1961.416667	-8.98E-02
1961.5	-0.22319
1961.583333	-0.195427
1961.666667	-0.265503
1961.75	-0.451424
1961.833333	-0.311575
1961.916667	-0.466616
1962	-0.626438
1962.083333	-0.382591
1962.166667	-0.403299
1962.25	-0.156368
1962.333333	-0.322481
1962.416667	-9.11E-02
1962.5	-0.21047
1962.583333	-0.151438
1962.666667	-0.319353
1962.75	-0.243464
1962.833333	-0.155655
1962.916667	-0.307917
1963	-0.320198
1963.083333	-0.206442
1963.166667	-0.161209
1963.25	-3.11E-02
1963.333333	-6.01E-02
1963.416667	-0.241016
1963.5	0.20023
1963.583333	0.458832
1963.666667	0.342417
1963.75	0.560337
1963.833333	0.577875
1963.916667	0.517805
1964	0.419283
1964.083333	0.380768
1964.166667	-0.135668
1964.25	-7.50E-02
1964.333333	-0.29493
1964.416667	-0.507856
1964.5	-0.543831
1964.583333	-0.699997
1964.666667	-1.03007
1964.75	-1.02716
1964.833333	-1.01122
1964.916667	-0.842806
1965	-0.388037
1965.083333	-0.417683
1965.166667	-0.470169
1965.25	-0.171328
1965.333333	-0.11244
1965.416667	4.93E-02
1965.5	0.236139
1965.583333	0.468872
1965.666667	0.494238
1965.75	0.760048
1965.833333	0.852755
1965.916667	0.804995
1966	0.719313
1966.083333	0.618378
1966.166667	0.889381
1966.25	0.455832
1966.333333	0.335939
1966.416667	0.355093
1966.5	0.558149
1966.583333	0.426792
1966.666667	0.333677
1966.75	0.178007
1966.833333	3.78E-02
1966.916667	4.26E-02
1967	-0.605278
1967.083333	-0.630262
1967.166667	-0.335209
1967.25	6.61E-02
1967.333333	0.23774
1967.416667	0.102503
1967.5	7.96E-02
1967.583333	-6.34E-02
1967.666667	-0.236483
1967.75	-3.47E-02
1967.833333	5.75E-02
1967.916667	-1.68E-02
1968	-0.117838
1968.083333	9.63E-03
1968.166667	-0.341839
1968.25	-0.306707
1968.333333	-0.271749
1968.416667	2.76E-02
1968.5	6.12E-02
1968.583333	0.161003
1968.666667	-6.07E-02
1968.75	0.345158
1968.833333	0.671955
1968.916667	0.602943
1969	1.06328
1969.083333	1.27469
1969.166667	0.747952
1969.25	0.579082
1969.333333	0.408569
1969.416667	0.116283
1969.5	0.171129
1969.583333	0.555403
1969.666667	0.583797
1969.75	0.541857
1969.833333	0.629215
1969.916667	0.646944
1970	0.508373
1970.083333	0.446548
1970.166667	0.338621
1970.25	0.250362
1970.333333	0.316179
1970.416667	6.89E-02
1970.5	-7.52E-02
1970.583333	-0.301498
1970.666667	-0.376572
1970.75	-0.525343
1970.833333	-0.393465
1970.916667	-0.846025
1971	-1.14622
1971.083333	-0.953732
1971.166667	-1.02668
1971.25	-0.641668
1971.333333	-0.576401
1971.416667	-0.601936
1971.5	-0.66794
1971.583333	-0.678019
1971.666667	-0.862843
1971.75	-0.444283
1971.833333	-0.430704
1971.916667	-0.349125
1972	-0.273327
1972.083333	1.56E-02
1972.166667	6.41E-02
1972.25	0.434212
1972.333333	0.557169
1972.416667	0.492403
1972.5	0.46384
1972.583333	0.385582
1972.666667	0.428207
1972.75	0.879967
1972.833333	0.766365
1972.916667	1.01171
1973	0.988123
1973.083333	0.648098
1973.166667	0.510031
1973.25	6.38E-02
1973.333333	6.01E-03
1973.416667	-0.413877
1973.5	-0.582981
1973.583333	-0.760078
1973.666667	-1.00965
1973.75	-1.13771
1973.833333	-1.42931
1973.916667	-1.74337
1974	-1.58541
1974.083333	-1.10435
1974.166667	-1.07489
1974.25	-0.841488
1974.333333	-0.67909
1974.416667	-0.662827
1974.5	-0.73918
1974.583333	-0.539799
1974.666667	-0.685692
1974.75	-0.791143
1974.833333	-0.869825
1974.916667	-0.776865
1975	-0.568848
1975.083333	-0.305962
1975.166667	-0.524019
1975.25	-0.614157
1975.333333	-0.79497
1975.416667	-0.879477
1975.5	-1.23872
1975.583333	-1.42604
1975.666667	-1.72137
1975.75	-1.76934
1975.833333	-1.7215
1975.916667	-1.75891
1976	-1.28306
1976.083333	-0.924572
1976.166667	-0.513418
1976.25	-0.405857
1976.333333	-0.439489
1976.416667	-0.315258
1976.5	-0.320511
1976.583333	-0.261848
1976.666667	0.147358
1976.75	0.316128
1976.833333	0.467335
1976.916667	0.173433
1977	0.173822
1977.083333	0.129879
1977.166667	0.104681
1977.25	-2.69E-02
1977.333333	-2.92E-02
1977.416667	0.259684
1977.5	0.52458
1977.583333	0.581173
1977.666667	0.685198
1977.75	0.645758
1977.833333	0.771145
1977.916667	0.854364
1978	0.610512
1978.083333	0.419317
1978.166667	9.98E-02
1978.25	1.77E-02
1978.333333	2.91E-02
1978.416667	-0.191628
1978.5	-8.06E-02
1978.583333	-0.177217
1978.666667	-0.249142
1978.75	-0.141113
1978.833333	-9.80E-03
1978.916667	2.10E-02
1979	0.317833
1979.083333	0.346409
1979.166667	0.295702
1979.25	0.168732
1979.333333	-4.80E-02
1979.416667	-5.86E-03
1979.5	0.10051
1979.583333	5.84E-02
1979.666667	4.54E-02
1979.75	0.185457
1979.833333	0.218466
1979.916667	0.621025
1980	0.569952
1980.083333	0.642118
1980.166667	0.475962
1980.25	0.403322
1980.333333	0.434639
1980.416667	0.380573
1980.5	0.33518
1980.583333	0.105331
1980.666667	0.101898
1980.75	0.264668
1980.833333	0.423056
1980.916667	0.248545
1981	2.15E-02
1981.083333	1.16E-02
1981.166667	0.255842
1981.25	2.36E-02
1981.333333	3.10E-02
1981.416667	-0.137737
1981.5	-0.25643
1981.583333	-0.120077
1981.666667	3.37E-02
1981.75	3.86E-02
1981.833333	4.81E-02
1981.916667	0.217014
1982	3.86E-03
1982.083333	-1.72E-02
1982.166667	0.254641
1982.25	0.472403
1982.333333	0.60849
1982.416667	0.759832
1982.5	0.3873
1982.583333	0.449232
1982.666667	0.574728
1982.75	1.01433
1982.833333	0.771326
1982.916667	0.784855
1983	0.894083
1983.083333	0.767878
1983.166667	0.589712
1983.25	0.360893
1983.333333	0.372459
1983.416667	0.177343
1983.5	-0.1735
1983.583333	-0.173159
1983.666667	-0.437403
1983.75	-0.698412
1983.833333	-0.733835
1983.916667	-0.560396
1984	-0.562197
1984.083333	-0.608532
1984.166667	-0.684208
1984.25	-0.750818
1984.333333	-0.76059
1984.416667	-0.641407
1984.5	-0.34411
1984.583333	-0.375978
1984.666667	-0.141552
1984.75	-0.535402
1984.833333	-0.750824
1984.916667	-0.991426
1985	-0.392607
1985.083333	-0.561333
1985.166667	-0.708469
1985.25	-0.741018
1985.333333	-0.66843
1985.416667	-0.597298
1985.5	-0.268671
1985.583333	-0.112469
1985.666667	-0.104662
1985.75	-0.119083
1985.833333	-1.22E-02
1985.916667	3.73E-02
1986	-0.236197
1986.083333	-0.184792
1986.166667	-0.257519
1986.25	-0.164358
1986.333333	-0.13851
1986.416667	0.188744
1986.5	0.313299
1986.583333	0.515741
1986.666667	0.691267
1986.75	0.723417
1986.833333	0.811516
1986.916667	0.696865
1987	0.737772
1987.083333	0.842028
1987.166667	0.931551
1987.25	0.623432
1987.333333	0.64686
1987.416667	0.899563
1987.5	0.84201
1987.583333	0.903513
1987.666667	1.02607
1987.75	1.10152
1987.833333	1.16696
1987.916667	1.0586
1988	0.805862
1988.083333	0.484999
1988.166667	0.382982
1988.25	-0.157608
1988.333333	-0.49478
1988.416667	-0.629927
1988.5	-0.75532
1988.583333	-0.699957
1988.666667	-0.830463
1988.75	-1.41875
1988.833333	-1.49957
1988.916667	-1.46428
1989	-1.47786
1989.083333	-1.32193
1989.166667	-1.17281
1989.25	-0.868608
1989.333333	-0.65868
1989.416667	-0.694647
1989.5	-0.416611
1989.583333	-0.423918
1989.666667	-0.184742
1989.75	-0.218643
1989.833333	-0.115774
1989.916667	0.220005
1990	0.362164
1990.083333	0.468248
1990.166667	0.517881
1990.25	0.389023
1990.333333	0.325659
1990.416667	0.238903
1990.5	0.43714
1990.583333	0.543753
1990.666667	0.461388
1990.75	0.584806
1990.833333	0.519596
1990.916667	0.764935
1991	0.796223
1991.083333	0.638138
1991.166667	0.500431
1991.25	0.649332
1991.333333	0.641329
1991.416667	0.723244
1991.5	0.66197
1991.583333	0.698591
1991.666667	0.507387
1991.75	0.881268
1991.833333	0.858126
1991.916667	0.941105
1992	0.787943
1992.083333	0.918829
1992.166667	0.935221
1992.25	0.866032
1992.333333	0.80554
1992.416667	0.527382
1992.5	0.547989
1992.583333	0.340952
1992.666667	0.306026
1992.75	0.185608
1992.833333	0.259565
1992.916667	0.412724
1993	0.608152
1993.083333	0.510427
1993.166667	0.445942
1993.25	0.620762
1993.333333	0.60141
1993.416667	0.555273
1993.5	0.545839
1993.583333	0.501133
1993.666667	0.583187
1993.75	0.487907
1993.833333	0.584396
1993.916667	0.489454
1994	0.326183
1994.083333	7.54E-02
1994.166667	0.179541
1994.25	0.351292
1994.333333	0.353479
1994.416667	0.511572
1994.5	0.75461
1994.583333	0.984941
1994.666667	0.777977
1994.75	0.951128
1994.833333	1.09523
1994.916667	1.03268
1995	1.04577
1995.083333	0.940039
1995.166667	0.893002
1995.25	0.650942
1995.333333	0.5769
1995.416667	0.570293
1995.5	0.413219
1995.583333	0.235493
1995.666667	0.112717
1995.75	-0.119293
1995.833333	-0.146225
1995.916667	-0.118647
1996	-0.219458
1996.083333	-0.267792
1996.166667	-0.128719
1996.25	-7.61E-02
1996.333333	-0.137159
1996.416667	0.105272
1996.5	-1.70E-02
1996.583333	-9.04E-02
1996.666667	-5.97E-02
1996.75	-2.12E-02
1996.833333	7.38E-02
1996.916667	0.154823
1997	0.233383
1997.083333	0.232119
1997.166667	0.276972
1997.25	0.635742
1997.333333	0.7547
1997.416667	0.668453
1997.5	0.87999
1997.583333	0.953503
1997.666667	1.06266
1997.75	0.997187
1997.833333	1.09356
1997.916667	0.901865
1998	1.04394
1998.083333	0.887989
1998.166667	0.587711
1998.25	0.329212
1998.333333	0.27404
1998.416667	-0.126547
1998.5	-0.2806
1998.583333	-0.445019
1998.666667	-0.499434
1998.75	-0.853813
1998.833333	-0.943964
1998.916667	-1.11812
1999	-1.36163
1999.083333	-1.3894
1999.166667	-0.943489
1999.25	-0.776377
1999.333333	-0.7577
1999.416667	-0.633368
1999.5	-0.652309
1999.583333	-0.728989
1999.666667	-0.558542
1999.75	-0.672483
1999.833333	-0.894754
1999.916667	-1.08267
2000	-1.22025
2000.083333	-1.33937
2000.166667	-1.26742
2000.25	-0.995537
2000.333333	-0.835871
2000.416667	-0.526957
2000.5	-0.413071
2000.583333	-0.244308
2000.666667	-0.199903
2000.75	-0.316942
2000.833333	-0.370184
2000.916667	-0.678545
2001	-0.690548
2001.083333	-0.723131
2001.166667	-0.534748
2001.25	-0.233028
2001.333333	-0.1465
2001.416667	9.43E-02
2001.5	0.3319
2001.583333	0.404491
2001.666667	0.487787
2001.75	0.327957
2001.833333	0.309725
2001.916667	0.126755
2002	0.406542
2002.083333	0.293737
2002.166667	0.33217
2002.25	0.468752
2002.333333	0.45647
2002.416667	0.734882
2002.5	0.75185
2002.583333	0.812721
2002.666667	0.816708
2002.75	0.969748
2002.833333	1.09921
2002.916667	0.963915
2003	0.845602
2003.083333	0.730099
2003.166667	0.724621
2003.25	0.520002
2003.333333	0.17507
2003.416667	0.335062
2003.5	0.413559
2003.583333	0.406483
2003.666667	0.463627
2003.75	0.659058
2003.833333	0.700525
2003.916667	0.525913
2004	0.536112
2004.083333	0.362669
2004.166667	0.150221
2004.25	0.327902
2004.333333	0.370581
2004.416667	0.445513
2004.5	0.65262
2004.583333	0.745012
2004.666667	0.915777
2004.75	0.911226
2004.833333	0.882776
2004.916667	0.874254
2005	0.953033
2005.083333	0.646378
2005.166667	0.579502
2005.25	0.466282
2005.333333	0.36137
2005.416667	0.379513
2005.5	0.26848
2005.583333	0.289652
2005.666667	0.299917
2005.75	0.258038
2005.833333	0.113955
2005.916667	-0.128326
2006	-0.410257
2006.083333	-0.621172
2006.166667	-0.407778
2006.25	-0.123697
2006.333333	8.30E-02
2006.416667	0.306562
2006.5	0.374149
2006.583333	0.638712
2006.666667	0.772917
2006.75	0.825268
2006.833333	0.911776
2006.916667	0.937464
2007	0.668922
2007.083333	0.389109
2007.166667	0.222431
2007.25	0.202272
2007.333333	3.36E-02
2007.416667	0.181263
2007.5	6.31E-02
2007.583333	2.08E-02
2007.666667	-0.357342
2007.75	-0.609152
2007.833333	-0.956905
2007.916667	-0.962166
2008	-1.24928
2008.083333	-1.4126
2008.166667	-1.15769
2008.25	-0.852688
2008.333333	-0.760731
2008.416667	-0.517107
2008.5	-0.28866
2008.583333	-0.177279
2008.666667	-0.253103
2008.75	-0.236692
2008.833333	-0.365955
2008.916667	-0.594566
2009	-0.579697
2009.083333	-0.481422
2009.166667	-0.280859
2009.25	1.38E-02
2009.333333	0.24325
2009.416667	0.484682
2009.5	0.62425
2009.583333	0.808283
2009.666667	0.784868
2009.75	1.08826
2009.833333	1.36454
2009.916667	1.43401
2010	1.34118
2010.083333	0.997189
2010.166667	0.97257
2010.25	0.805683
2010.333333	0.183041
2010.416667	-0.109787
2010.5	-0.445011
2010.583333	-0.933369
2010.666667	-1.07898
2010.75	-1.23755
2010.833333	-1.25373
2010.916667	-1.2524
2011	-1.24773
2011.083333	-0.977102
2011.166667	-0.666689
2011.25	-0.585087
2011.333333	-0.446609
2011.416667	-0.281467
2011.5	-0.30415
2011.583333	-0.386648
2011.666667	-0.476463
2011.75	-0.589043
2011.833333	-0.584564
2011.916667	-0.919155
2012	-0.877728
2012.083333	-0.681273
2012.166667	-0.482489
2012.25	-0.213678
2012.333333	-0.191
2012.416667	-1.34E-02
2012.5	0.10849
2012.583333	0.475512
2012.666667	0.481377
2012.75	0.493208
2012.833333	0.513275
2012.916667	0.222584
2013	7.21E-02
2013.083333	-0.111061
2013.166667	-0.105478
2013.25	4.01E-02
2013.333333	2.58E-02
2013.416667	2.13E-02
2013.5	5.36E-02
2013.583333	0.215471
2013.666667	0.198097
2013.75	0.115208
2013.833333	0.313946
2013.916667	3.78E-02
2014	-9.68E-02
2014.083333	0.125788
2014.166667	0.340721
2014.25	0.429293
2014.333333	0.491039
2014.416667	0.532703
2014.5	0.394609
2014.583333	0.517471
2014.666667	0.665268
2014.75	0.691578
2014.833333	0.959095
2014.916667	0.827524
2015	0.840473
2015.083333	0.878399
2015.166667	0.828732
2015.25	1.11749
2015.333333	1.05961
2015.416667	1.18875
2015.5	1.20439
2015.583333	1.24488
2015.666667	1.31625
2015.75	1.35137
2015.833333	1.74877
2015.916667	1.62736
2016	1.46515
2016.083333	1.34515
2016.166667	1.22228
2016.25	0.979942
2016.333333	0.710199
2016.416667	0.595284
2016.5	0.400249
2016.583333	0.206512
2016.666667	3.81E-02
2016.75	-0.213503
2016.833333	-0.133015
2016.916667	-1.21E-02
2017	4.03E-03
2017.083333	9.86E-02
2017.166667	2.71E-02
2017.25	0.287523
2017.333333	0.371149
2017.416667	0.478403
2017.5	0.45438
2017.583333	0.359623
2017.666667	0.103907
2017.75	6.18E-02
2017.833333	-5.37E-02
2017.916667	-0.185556
2018	-0.172457
2018.083333	-0.153572
2018.166667	-1.98E-02
2018.25	0.283873
2018.333333	0.377979
2018.416667	0.429342
2018.5	0.50423
2018.583333	0.649332
2018.666667	0.757158
2018.75	1.0071
2018.833333	0.968655
2018.916667	1.01379
2019	0.635902
2019.083333	0.709799
2019.166667	0.756641
2019.25	0.680853
2019.333333	0.7314
2019.416667	0.884672
2019.5	0.88271
2019.583333	0.729092
2019.666667	0.711348
2019.75	1.02376
2019.833333	1.02919
2019.916667	0.892685
2020	1.0136
2020.083333	0.864479
2020.166667	0.76897
2020.25	0.707573
2020.333333	0.26474
2020.416667	0.328493
2020.5	0.339149
2020.583333	9.27E-02
2020.666667	-7.69E-02
2020.75	-0.499672
2020.833333	-0.335115
2020.916667	-0.560526
2021	-0.792437
2021.083333	-0.720793
2021.166667	-0.459919
2021.25	-0.167267
2021.333333	-6.15E-02
2021.416667	0.163742
2021.5	5.05E-02
2021.583333	2.61E-04
2021.666667	-0.119743
2021.75	-0.294973
2021.833333	-0.311945
2021.916667	-0.510736
2022	-0.121767
2022.083333	-0.127031
2022.166667	-0.488888
2022.25	-0.501627
2022.333333	-0.596439
2022.416667	-0.464956
2022.5	-0.420561
2022.583333	-0.600718
2022.666667	-0.668402
2022.75	-0.692142
2022.833333	-0.420635
2022.916667	-0.460217
2023	-0.433558
2023.083333	-0.457712
2023.166667	-6.02E-02
2023.25	0.331112
2023.333333	0.433029
2023.416667	0.762133
2023.5	0.898581
2023.583333	1.22211
2023.666667	1.3329
2023.75	1.26885
2023.833333	1.47618
2023.916667	1.30812
2024	1.53018
2024.083333	1.24818
2024.166667	1.06701
