1880	0
1880.083333	0
1880.166667	-0.24
1880.25	-0.3
1880.333333	-0.46
1880.416667	-0.5
1880.5	-0.41
1880.583333	-0.4
1880.666667	-0.38
1880.75	-0.29
1880.833333	-0.2
1880.916667	-0.05
1881	0.05
1881.083333	0.18
1881.166667	0.35
1881.25	0.37
1881.333333	0.28
1881.416667	0.11
1881.5	0.07
1881.583333	-0.04
1881.666667	-0.1
1881.75	-0.29
1881.833333	-0.46
1881.916667	-0.44
1882	-0.43
1882.083333	-0.31
1882.166667	-0.15
1882.25	-0.13
1882.333333	-0.25
1882.416667	-0.34
1882.5	-0.41
1882.583333	-0.41
1882.666667	-0.44
1882.75	-0.4
1882.833333	-0.35
1882.916667	-0.34
1883	-0.16
1883.083333	-0.36
1883.166667	-0.39
1883.25	-0.36
1883.333333	-0.34
1883.416667	-0.27
1883.5	-0.44
1883.583333	-0.48
1883.666667	-0.46
1883.75	-0.61
1883.833333	-0.49
1883.916667	-0.48
1884	-0.46
1884.083333	-0.71
1884.166667	-0.73
1884.25	-0.57
1884.333333	-0.32
1884.416667	-0.18
1884.5	-0.46
1884.583333	-0.23
1884.666667	-0.3
1884.75	-0.46
1884.833333	-0.56
1884.916667	-0.34
1885	-0.22
1885.083333	-0.25
1885.166667	-0.41
1885.25	-0.55
1885.333333	-0.48
1885.416667	-0.41
1885.5	-0.32
1885.583333	-0.15
1885.666667	-0.08
1885.75	-0.12
1885.833333	-0.09
1885.916667	-0.06
1886	0.14
1886.083333	0.08
1886.166667	0.18
1886.25	0.23
1886.333333	0.24
1886.416667	0.19
1886.5	0.04
1886.583333	-0.13
1886.666667	-0.21
1886.75	-0.36
1886.833333	-0.38
1886.916667	-0.36
1887	-0.48
1887.083333	-0.37
1887.166667	-0.31
1887.25	-0.27
1887.333333	-0.18
1887.416667	-0.03
1887.5	0.04
1887.583333	-0.06
1887.666667	-0.06
1887.75	-0.08
1887.833333	-0.06
1887.916667	0.05
1888	0.11
1888.083333	0.13
1888.166667	0.25
1888.25	0.01
1888.333333	-0.02
1888.416667	0.07
1888.5	-0.18
1888.583333	-0.16
1888.666667	-0.13
1888.75	0.2
1888.833333	0.11
1888.916667	-0.01
1889	0.16
1889.083333	0.18
1889.166667	0.39
1889.25	0.29
1889.333333	0.09
1889.416667	-0.1
1889.5	-0.21
1889.583333	-0.21
1889.666667	-0.12
1889.75	-0.24
1889.833333	-0.35
1889.916667	-0.49
1890	-0.7
1890.083333	-0.64
1890.166667	-0.55
1890.25	-0.63
1890.333333	-0.66
1890.416667	-0.64
1890.5	-0.79
1890.583333	-0.86
1890.666667	-0.76
1890.75	-0.58
1890.833333	-0.62
1890.916667	-0.53
1891	-0.56
1891.083333	-0.45
1891.166667	-0.18
1891.25	-0.02
1891.333333	0.1
1891.416667	0.12
1891.5	0.09
1891.583333	0.06
1891.666667	-0.05
1891.75	-0.2
1891.833333	-0.33
1891.916667	-0.25
1892	-0.12
1892.083333	0.03
1892.166667	0.02
1892.25	-0.16
1892.333333	-0.31
1892.416667	-0.36
1892.5	-0.42
1892.583333	-0.42
1892.666667	-0.34
1892.75	-0.48
1892.833333	-0.32
1892.916667	-0.28
1893	-0.07
1893.083333	-0.28
1893.166667	-0.19
1893.25	-0.3
1893.333333	-0.18
1893.416667	-0.1
1893.5	0.06
1893.583333	-0.03
1893.666667	-0.16
1893.75	-0.19
1893.833333	-0.13
1893.916667	-0.23
1894	-0.46
1894.083333	-0.63
1894.166667	-0.78
1894.25	-0.77
1894.333333	-0.74
1894.416667	-0.87
1894.5	-0.74
1894.583333	-0.72
1894.666667	-0.72
1894.75	-0.65
1894.833333	-0.62
1894.916667	-0.4
1895	-0.31
1895.083333	-0.29
1895.166667	-0.38
1895.25	-0.54
1895.333333	-0.63
1895.416667	-0.51
1895.5	-0.46
1895.583333	-0.32
1895.666667	-0.09
1895.75	0
1895.833333	0.09
1895.916667	0.06
1896	-0.01
1896.083333	-0.16
1896.166667	-0.14
1896.25	-0.08
1896.333333	0.03
1896.416667	0.06
1896.5	-0.03
1896.583333	-0.05
1896.666667	0.02
1896.75	0.08
1896.833333	0.17
1896.916667	0.06
1897	-0.05
1897.083333	-0.04
1897.166667	0.12
1897.25	0.05
1897.333333	-0.12
1897.416667	-0.06
1897.5	-0.07
1897.583333	-0.02
1897.666667	-0.11
1897.75	0.01
1897.833333	-0.26
1897.916667	-0.21
1898	-0.24
1898.083333	-0.23
1898.166667	-0.17
1898.25	-0.25
1898.333333	-0.36
1898.416667	-0.09
1898.5	-0.21
1898.583333	-0.14
1898.666667	-0.27
1898.75	-0.09
1898.833333	-0.25
1898.916667	-0.2
1899	-0.31
1899.083333	-0.44
1899.166667	-0.35
1899.25	-0.23
1899.333333	-0.04
1899.416667	-0.17
1899.5	-0.26
1899.583333	0
1899.666667	-0.13
1899.75	0.25
1899.833333	0.18
1899.916667	0.34
1900	0.24
1900.083333	0.23
1900.166667	0.1
1900.25	0.01
1900.333333	-0.13
1900.416667	-0.23
1900.5	-0.19
1900.583333	-0.21
1900.666667	-0.14
1900.75	-0.25
1900.833333	-0.21
1900.916667	-0.13
1901	-0.02
1901.083333	0.28
1901.166667	0.17
1901.25	0.11
1901.333333	0.1
1901.416667	-0.12
1901.5	-0.24
1901.583333	-0.26
1901.666667	-0.4
1901.75	-0.38
1901.833333	-0.37
1901.916667	-0.33
1902	-0.34
1902.083333	-0.23
1902.166667	-0.12
1902.25	-0.34
1902.333333	-0.28
1902.416667	-0.49
1902.5	-0.62
1902.583333	-0.38
1902.666667	-0.27
1902.75	-0.23
1902.833333	-0.43
1902.916667	-0.27
1903	-0.19
1903.083333	-0.03
1903.166667	-0.65
1903.25	-0.25
1903.333333	-0.31
1903.416667	-0.39
1903.5	-0.51
1903.583333	-0.68
1903.666667	-0.72
1903.75	-0.64
1903.833333	-0.54
1903.916667	-0.65
1904	-0.68
1904.083333	-0.75
1904.166667	-0.83
1904.25	-0.88
1904.333333	-0.86
1904.416667	-0.87
1904.5	-0.6
1904.583333	-0.5
1904.666667	-0.61
1904.75	-0.51
1904.833333	-0.28
1904.916667	-0.27
1905	-0.28
1905.083333	-0.27
1905.166667	-0.59
1905.25	-0.46
1905.333333	-0.43
1905.416667	-0.44
1905.5	-0.44
1905.583333	-0.32
1905.666667	-0.51
1905.75	-0.36
1905.833333	-0.58
1905.916667	-0.57
1906	-0.2
1906.083333	-0.23
1906.166667	-0.2
1906.25	-0.15
1906.333333	-0.32
1906.416667	0.05
1906.5	-0.05
1906.583333	-0.11
1906.666667	-0.19
1906.75	-0.14
1906.833333	-0.12
1906.916667	-0.16
1907	-0.3
1907.083333	-0.48
1907.166667	-0.62
1907.25	-0.51
1907.333333	-0.64
1907.416667	-0.52
1907.5	-0.59
1907.583333	-0.52
1907.666667	-0.26
1907.75	-0.28
1907.833333	-0.52
1907.916667	-0.59
1908	-0.56
1908.083333	-0.58
1908.166667	-0.77
1908.25	-0.79
1908.333333	-0.55
1908.416667	-0.44
1908.5	-0.49
1908.583333	-0.43
1908.666667	-0.49
1908.75	-0.39
1908.833333	-0.21
1908.916667	-0.22
1909	-0.26
1909.083333	-0.43
1909.166667	-0.34
1909.25	-0.31
1909.333333	-0.11
1909.416667	-0.41
1909.5	-0.49
1909.583333	-0.33
1909.666667	-0.35
1909.75	-0.36
1909.833333	-0.35
1909.916667	-0.1
1910	-0.24
1910.083333	-0.46
1910.166667	-0.62
1910.25	-0.57
1910.333333	-0.59
1910.416667	-0.75
1910.5	-0.69
1910.583333	-0.72
1910.666667	-0.38
1910.75	-0.36
1910.833333	-0.12
1910.916667	-0.38
1911	-0.41
1911.083333	-0.57
1911.166667	-0.7
1911.25	-0.63
1911.333333	-0.63
1911.416667	-0.74
1911.5	-0.62
1911.583333	-0.52
1911.666667	-0.35
1911.75	-0.33
1911.833333	-0.48
1911.916667	-0.49
1912	-0.44
1912.083333	-0.32
1912.166667	-0.45
1912.25	-0.44
1912.333333	-0.45
1912.416667	-0.43
1912.5	-0.43
1912.583333	-0.65
1912.666667	-0.4
1912.75	-0.54
1912.833333	-0.4
1912.916667	-0.64
1913	-0.86
1913.083333	-0.6
1913.166667	-0.75
1913.25	-0.89
1913.333333	-0.85
1913.416667	-0.92
1913.5	-0.73
1913.583333	-0.77
1913.666667	-0.74
1913.75	-0.67
1913.833333	-0.59
1913.916667	-0.48
1914	-0.33
1914.083333	-0.59
1914.166667	-0.75
1914.25	-0.73
1914.333333	-0.49
1914.416667	-0.62
1914.5	-0.71
1914.583333	-0.68
1914.666667	-0.54
1914.75	-0.28
1914.833333	-0.29
1914.916667	-0.31
1915	-0.26
1915.083333	-0.17
1915.166667	-0.06
1915.25	0.07
1915.333333	0.21
1915.416667	0.31
1915.5	0.31
1915.583333	0.3
1915.666667	0.22
1915.75	0.02
1915.833333	-0.08
1915.916667	-0.08
1916	-0.2
1916.083333	-0.26
1916.166667	-0.52
1916.25	-0.35
1916.333333	-0.34
1916.416667	-0.27
1916.5	-0.28
1916.583333	-0.22
1916.666667	-0.28
1916.75	-0.33
1916.833333	-0.53
1916.916667	-0.43
1917	-0.42
1917.083333	-0.47
1917.166667	-0.53
1917.25	-0.31
1917.333333	-0.35
1917.416667	-0.31
1917.5	-0.36
1917.583333	-0.41
1917.666667	-0.41
1917.75	-0.56
1917.833333	-0.63
1917.916667	0.07
1918	0.04
1918.083333	-0.05
1918.166667	-0.41
1918.25	-0.46
1918.333333	-0.54
1918.416667	-0.42
1918.5	-0.45
1918.583333	-0.42
1918.666667	-0.53
1918.75	-0.46
1918.833333	-0.36
1918.916667	-0.43
1919	-0.05
1919.083333	-0.01
1919.166667	0.07
1919.25	-0.11
1919.333333	-0.16
1919.416667	-0.33
1919.5	-0.56
1919.583333	-0.45
1919.666667	-0.24
1919.75	-0.2
1919.833333	-0.19
1919.916667	-0.45
1920	-0.63
1920.083333	-0.7
1920.166667	-0.57
1920.25	-0.6
1920.333333	-0.61
1920.416667	-0.57
1920.5	-0.71
1920.583333	-0.46
1920.666667	-0.4
1920.75	-0.3
1920.833333	-0.47
1920.916667	-0.59
1921	-0.48
1921.083333	-0.58
1921.166667	-0.81
1921.25	-0.53
1921.333333	-0.75
1921.416667	-0.57
1921.5	-0.14
1921.583333	-0.43
1921.666667	-0.52
1921.75	-0.15
1921.833333	-0.43
1921.916667	-0.3
1922	-0.38
1922.083333	-0.47
1922.166667	-0.74
1922.25	-0.68
1922.333333	-0.64
1922.416667	-0.69
1922.5	-0.76
1922.583333	-0.64
1922.666667	-0.81
1922.75	-0.47
1922.833333	-0.29
1922.916667	-0.39
1923	-0.65
1923.083333	-0.77
1923.166667	-0.7
1923.25	-0.85
1923.333333	-0.6
1923.416667	-0.67
1923.5	-0.61
1923.583333	-0.62
1923.666667	-0.67
1923.75	-0.4
1923.833333	-0.23
1923.916667	0
1924	0
1924.083333	-0.24
1924.166667	0.01
1924.25	0.06
1924.333333	-0.07
1924.416667	-0.19
1924.5	-0.22
1924.583333	-0.45
1924.666667	-0.49
1924.75	-0.5
1924.833333	-0.45
1924.916667	-0.47
1925	-0.63
1925.083333	-0.92
1925.166667	-0.74
1925.25	-0.68
1925.333333	-0.39
1925.416667	-0.58
1925.5	-0.6
1925.583333	-0.55
1925.666667	-0.35
1925.75	-0.07
1925.833333	-0.14
1925.916667	0.36
1926	0.39
1926.083333	0.34
1926.166667	0.18
1926.25	0.16
1926.333333	0.16
1926.416667	0.17
1926.5	0.3
1926.583333	0.16
1926.666667	0.09
1926.75	0.29
1926.833333	-0.15
1926.916667	0.02
1927	0.01
1927.083333	-0.06
1927.166667	-0.18
1927.25	-0.11
1927.333333	0.1
1927.416667	0.25
1927.5	0.11
1927.583333	0.06
1927.666667	0.04
1927.75	0.31
1927.833333	0.28
1927.916667	0.32
1928	0.12
1928.083333	-0.28
1928.166667	-0.33
1928.25	-0.37
1928.333333	-0.17
1928.416667	0
1928.5	-0.03
1928.583333	0.01
1928.666667	0.08
1928.75	-0.09
1928.833333	-0.35
1928.916667	-0.3
1929	-0.23
1929.083333	-0.15
1929.166667	-0.2
1929.25	-0.18
1929.333333	-0.52
1929.416667	-0.48
1929.5	-0.23
1929.583333	-0.31
1929.666667	-0.25
1929.75	-0.08
1929.833333	-0.35
1929.916667	-0.36
1930	-0.34
1930.083333	-0.47
1930.166667	-0.31
1930.25	-0.44
1930.333333	-0.5
1930.416667	-0.56
1930.5	-0.43
1930.583333	-0.2
1930.666667	0.07
1930.75	0.21
1930.833333	0.32
1930.916667	0.12
1931	0.2
1931.083333	0.09
1931.166667	0.35
1931.25	0.42
1931.333333	0.52
1931.416667	0.55
1931.5	0.31
1931.583333	0.07
1931.666667	0.08
1931.75	0.17
1931.833333	0.12
1931.916667	0.21
1932	-0.03
1932.083333	0.21
1932.166667	0.42
1932.25	0.28
1932.333333	0.19
1932.416667	0.21
1932.5	-0.08
1932.583333	0
1932.666667	0.19
1932.75	0.16
1932.833333	0.07
1932.916667	-0.02
1933	-0.16
1933.083333	0.19
1933.166667	0.11
1933.25	0.28
1933.333333	0.19
1933.416667	0.06
1933.5	0.1
1933.583333	0
1933.666667	-0.04
1933.75	0.06
1933.833333	-0.14
1933.916667	-0.29
1934	-0.44
1934.083333	-0.54
1934.166667	-0.67
1934.25	-0.32
1934.333333	-0.43
1934.416667	-0.09
1934.5	-0.24
1934.583333	-0.22
1934.666667	-0.17
1934.75	-0.06
1934.833333	-0.14
1934.916667	-0.12
1935	0.03
1935.083333	-0.2
1935.166667	-0.45
1935.25	-0.16
1935.333333	0.01
1935.416667	0.01
1935.5	-0.17
1935.583333	-0.23
1935.666667	-0.19
1935.75	-0.24
1935.833333	-0.34
1935.916667	0
1936	0.13
1936.083333	0.36
1936.166667	0.4
1936.25	0.42
1936.333333	0.21
1936.416667	0.38
1936.5	0.23
1936.583333	0.1
1936.666667	0.14
1936.75	0.13
1936.833333	0
1936.916667	0.09
1937	0.1
1937.083333	0.33
1937.166667	0.33
1937.25	0.19
1937.333333	0.11
1937.416667	0.53
1937.5	0.45
1937.583333	0.42
1937.666667	0.47
1937.75	0.31
1937.833333	0.56
1937.916667	0.77
1938	0.5
1938.083333	0.31
1938.166667	0.29
1938.25	0.34
1938.333333	0.24
1938.416667	0.19
1938.5	0.18
1938.583333	0.13
1938.666667	0.14
1938.75	0.2
1938.833333	0.28
1938.916667	0.02
1939	-0.11
1939.083333	-0.11
1939.166667	-0.37
1939.25	-0.25
1939.333333	-0.14
1939.416667	-0.01
1939.5	0.13
1939.583333	-0.08
1939.666667	0.1
1939.75	-0.09
1939.833333	-0.33
1939.916667	0.05
1940	0.17
1940.083333	0.12
1940.166667	0.15
1940.25	0.16
1940.333333	0.14
1940.416667	0.08
1940.5	0.22
1940.583333	-0.28
1940.666667	0.1
1940.75	0.2
1940.833333	0.25
1940.916667	0.21
1941	0.46
1941.083333	0.43
1941.166667	0.38
1941.25	0.33
1941.333333	0.04
1941.416667	-0.07
1941.5	-0.03
1941.583333	0.04
1941.666667	0.03
1941.75	0.35
1941.833333	0.4
1941.916667	0.32
1942	0.15
1942.083333	0.3
1942.166667	0.3
1942.25	0.31
1942.333333	0.34
1942.416667	0.25
1942.5	-0.06
1942.583333	0.18
1942.666667	0.15
1942.75	0.13
1942.833333	0.16
1942.916667	0.1
1943	-0.02
1943.083333	-0.16
1943.166667	-0.45
1943.25	-0.36
1943.333333	-0.25
1943.416667	-0.4
1943.5	-0.27
1943.583333	-0.07
1943.666667	0.07
1943.75	0.1
1943.833333	-0.06
1943.916667	0.01
1944	0.03
1944.083333	0
1944.166667	0.54
1944.25	0.43
1944.333333	0.4
1944.416667	0.25
1944.5	0.17
1944.583333	0.18
1944.666667	0.2
1944.75	0.25
1944.833333	0.31
1944.916667	0.17
1945	0.24
1945.083333	0.22
1945.166667	0.08
1945.25	0.25
1945.333333	0.17
1945.416667	0.16
1945.5	0.12
1945.583333	-0.08
1945.666667	0
1945.75	0.18
1945.833333	0.32
1945.916667	0.28
1946	0.27
1946.083333	0.21
1946.166667	-0.01
1946.25	0.11
1946.333333	-0.14
1946.416667	-0.29
1946.5	-0.39
1946.583333	-0.29
1946.666667	-0.1
1946.75	-0.01
1946.833333	-0.22
1946.916667	-0.24
1947	-0.42
1947.083333	-0.22
1947.166667	0.04
1947.25	-0.07
1947.333333	-0.3
1947.416667	-0.36
1947.5	-0.38
1947.583333	-0.16
1947.666667	-0.42
1947.75	-0.38
1947.833333	-0.04
1947.916667	-0.07
1948	0.16
1948.083333	-0.01
1948.166667	0.25
1948.25	-0.13
1948.333333	-0.07
1948.416667	0.12
1948.5	-0.06
1948.583333	-0.19
1948.666667	-0.22
1948.75	-0.1
1948.833333	0.08
1948.916667	0
1949	-0.24
1949.083333	-0.15
1949.166667	-0.31
1949.25	-0.15
1949.333333	-0.46
1949.416667	-0.3
1949.5	-0.21
1949.583333	-0.05
1949.666667	0.02
1949.75	0.12
1949.833333	-0.11
1949.916667	0.06
1950	-0.14
1950.083333	-0.36
1950.166667	-0.37
1950.25	-0.11
1950.333333	-0.25
1950.416667	-0.13
1950.5	-0.18
1950.583333	-0.16
1950.666667	-0.06
1950.75	-0.18
1950.833333	-0.09
1950.916667	0.18
1951	0.06
1951.083333	-0.17
1951.166667	-0.07
1951.25	0.17
1951.333333	0.14
1951.416667	0.17
1951.5	0.41
1951.583333	0.2
1951.666667	0.15
1951.75	0.09
1951.833333	-0.03
1951.916667	-0.07
1952	-0.41
1952.083333	-0.15
1952.166667	-0.02
1952.25	0.04
1952.333333	0.13
1952.416667	0.28
1952.5	0.17
1952.583333	0.16
1952.666667	0.37
1952.75	0.26
1952.833333	0.28
1952.916667	0.55
1953	0.46
1953.083333	0.41
1953.166667	-0.04
1953.25	0.18
1953.333333	0.11
1953.416667	0.13
1953.5	0.18
1953.583333	0.24
1953.666667	0.2
1953.75	0.16
1953.833333	0.16
1953.916667	0.17
1954	0.1
1954.083333	-0.12
1954.166667	-0.26
1954.25	-0.46
1954.333333	0.05
1954.416667	0.04
1954.5	-0.19
1954.583333	-0.13
1954.666667	-0.23
1954.75	-0.32
1954.833333	-0.17
1954.916667	-0.3
1955	0.09
1955.083333	0.07
1955.166667	-0.04
1955.25	-0.01
1955.333333	-0.12
1955.416667	-0.01
1955.5	0.12
1955.583333	0.17
1955.666667	0.16
1955.75	0.21
1955.833333	0.45
1955.916667	0.3
1956	0.37
1956.083333	0.24
1956.166667	-0.04
1956.25	0
1956.333333	-0.29
1956.416667	-0.45
1956.5	-0.29
1956.583333	-0.2
1956.666667	-0.27
1956.75	-0.06
1956.833333	-0.08
1956.916667	0.05
1957	-0.33
1957.083333	-0.55
1957.166667	-0.17
1957.25	-0.36
1957.333333	-0.35
1957.416667	-0.09
1957.5	-0.06
1957.583333	0.19
1957.666667	0.21
1957.75	0.32
1957.833333	0.23
1957.916667	0.17
1958	0.25
1958.083333	0.66
1958.166667	0.91
1958.25	0.92
1958.333333	0.72
1958.416667	0.76
1958.5	0.36
1958.583333	0.27
1958.666667	0.28
1958.75	0.07
1958.833333	0.19
1958.916667	0.2
1959	0.28
1959.083333	0.29
1959.166667	-0.09
1959.25	-0.08
1959.333333	-0.22
1959.416667	-0.25
1959.5	-0.25
1959.583333	-0.29
1959.666667	-0.15
1959.75	-0.2
1959.833333	-0.2
1959.916667	-0.23
1960	-0.07
1960.083333	0.18
1960.166667	0.2
1960.25	0.13
1960.333333	0.27
1960.416667	0.1
1960.5	0.08
1960.583333	0.05
1960.666667	-0.05
1960.75	-0.01
1960.833333	0.1
1960.916667	-0.02
1961	-0.04
1961.083333	-0.07
1961.166667	0.02
1961.25	0.17
1961.333333	0.2
1961.416667	-0.04
1961.5	0
1961.583333	0.09
1961.666667	-0.05
1961.75	-0.13
1961.833333	-0.06
1961.916667	0.27
1962	0.22
1962.083333	0.12
1962.166667	0.41
1962.25	0.26
1962.333333	0.36
1962.416667	0.06
1962.5	0.26
1962.583333	0.19
1962.666667	0.09
1962.75	0.08
1962.833333	0.3
1962.916667	0.51
1963	0.56
1963.083333	0.51
1963.166667	0.34
1963.25	0.42
1963.333333	0.14
1963.416667	0.11
1963.5	0.17
1963.583333	0.13
1963.666667	-0.04
1963.75	-0.03
1963.833333	0.17
1963.916667	0.04
1964	0.09
1964.083333	0.28
1964.166667	0.29
1964.25	-0.13
1964.333333	0.08
1964.416667	0.07
1964.5	-0.06
1964.583333	-0.2
1964.666667	-0.26
1964.75	-0.25
1964.833333	-0.09
1964.916667	-0.19
1965	-0.36
1965.083333	-0.25
1965.166667	-0.13
1965.25	-0.18
1965.333333	-0.21
1965.416667	-0.28
1965.5	-0.2
1965.583333	-0.2
1965.666667	-0.12
1965.75	-0.1
1965.833333	-0.09
1965.916667	0.01
1966	-0.02
1966.083333	0.37
1966.166667	0.43
1966.25	0.52
1966.333333	0.36
1966.416667	0.27
1966.5	0.15
1966.583333	0.03
1966.666667	0.07
1966.75	0.1
1966.833333	0.35
1966.916667	0.24
1967	0.24
1967.083333	0
1967.166667	-0.15
1967.25	0.05
1967.333333	-0.16
1967.416667	-0.21
1967.5	-0.2
1967.583333	-0.3
1967.666667	-0.14
1967.75	-0.14
1967.833333	-0.33
1967.916667	-0.23
1968	-0.3
1968.083333	-0.11
1968.166667	-0.06
1968.25	-0.11
1968.333333	-0.09
1968.416667	-0.25
1968.5	-0.19
1968.583333	-0.14
1968.666667	-0.07
1968.75	0.09
1968.833333	0.17
1968.916667	0.28
1969	0.43
1969.083333	0.74
1969.166667	1.13
1969.25	0.84
1969.333333	0.73
1969.416667	0.37
1969.5	0.39
1969.583333	0.34
1969.666667	0.27
1969.75	0.17
1969.833333	0.34
1969.916667	0.44
1970	0.64
1970.083333	0.64
1970.166667	0.83
1970.25	0.68
1970.333333	0.51
1970.416667	0.24
1970.5	-0.03
1970.583333	-0.07
1970.666667	-0.12
1970.75	-0.06
1970.833333	-0.02
1970.916667	0.03
1971	0.1
1971.083333	-0.03
1971.166667	-0.18
1971.25	-0.34
1971.333333	-0.46
1971.416667	-0.62
1971.5	-0.45
1971.583333	-0.46
1971.666667	-0.29
1971.75	-0.18
1971.833333	-0.13
1971.916667	-0.31
1972	-0.27
1972.083333	-0.38
1972.166667	-0.5
1972.25	-0.31
1972.333333	-0.46
1972.416667	-0.35
1972.5	-0.4
1972.583333	-0.44
1972.666667	-0.33
1972.75	-0.08
1972.833333	-0.09
1972.916667	-0.37
1973	-0.31
1973.083333	-0.3
1973.166667	-0.32
1973.25	-0.19
1973.333333	0.04
1973.416667	-0.07
1973.5	-0.05
1973.583333	-0.16
1973.666667	-0.16
1973.75	-0.26
1973.833333	-0.23
1973.916667	-0.1
1974	-0.28
1974.083333	-0.51
1974.166667	-0.73
1974.25	-1.09
1974.333333	-0.89
1974.416667	-0.61
1974.5	-0.5
1974.583333	-0.39
1974.666667	-0.5
1974.75	-0.46
1974.833333	-0.51
1974.916667	-0.51
1975	-0.24
1975.083333	-0.41
1975.166667	-0.49
1975.25	-0.45
1975.333333	-0.7
1975.416667	-0.4
1975.5	-0.28
1975.583333	-0.15
1975.666667	-0.26
1975.75	-0.3
1975.833333	-0.39
1975.916667	-0.26
1976	-0.3
1976.083333	-0.48
1976.166667	-0.81
1976.25	-0.66
1976.333333	-0.79
1976.416667	-0.59
1976.5	-0.37
1976.583333	0.07
1976.666667	0.14
1976.75	0.18
1976.833333	0.04
1976.916667	-0.31
1977	-0.15
1977.083333	-0.22
1977.166667	-0.11
1977.25	-0.09
1977.333333	-0.07
1977.416667	0.05
1977.5	-0.14
1977.583333	-0.28
1977.666667	-0.24
1977.75	-0.24
1977.833333	-0.26
1977.916667	-0.15
1978	0.11
1978.083333	0.2
1978.166667	0.25
1978.25	0.26
1978.333333	0.08
1978.416667	-0.14
1978.5	-0.33
1978.583333	-0.33
1978.666667	-0.21
1978.75	0.08
1978.833333	0.01
1978.916667	-0.19
1979	0.17
1979.083333	0.28
1979.166667	0.15
1979.25	0.29
1979.333333	0.35
1979.416667	0.42
1979.5	0.28
1979.583333	0.08
1979.666667	0.1
1979.75	0.1
1979.833333	0.11
1979.916667	0.26
1980	0.4
1980.083333	0.41
1980.166667	0.17
1980.25	0.56
1980.333333	0.71
1980.416667	0.47
1980.5	0.19
1980.583333	0.29
1980.666667	0.21
1980.75	0.05
1980.833333	0.03
1980.916667	-0.02
1981	0.27
1981.083333	0.16
1981.166667	0.6
1981.25	0.34
1981.333333	0.36
1981.416667	0.18
1981.5	0.15
1981.583333	0.09
1981.666667	0.14
1981.75	0.04
1981.833333	0.13
1981.916667	0.27
1982	0.19
1982.083333	-0.07
1982.166667	-0.07
1982.25	-0.16
1982.333333	-0.03
1982.416667	-0.15
1982.5	-0.27
1982.583333	-0.3
1982.666667	-0.28
1982.75	-0.34
1982.833333	-0.46
1982.916667	-0.5
1983	-0.36
1983.083333	-0.02
1983.166667	0.44
1983.25	0.45
1983.333333	0.17
1983.416667	0.35
1983.5	0.23
1983.583333	0.01
1983.666667	-0.18
1983.75	-0.15
1983.833333	0.05
1983.916667	0.23
1984	-0.05
1984.083333	-0.2
1984.166667	-0.1
1984.25	-0.19
1984.333333	-0.16
1984.416667	-0.37
1984.5	-0.35
1984.583333	-0.28
1984.666667	-0.24
1984.75	-0.49
1984.833333	-0.46
1984.916667	-0.5
1985	-0.43
1985.083333	-0.37
1985.166667	-0.62
1985.25	-0.65
1985.333333	-0.7
1985.416667	-0.3
1985.5	-0.05
1985.583333	-0.08
1985.666667	-0.16
1985.75	-0.14
1985.833333	-0.08
1985.916667	-0.25
1986	-0.62
1986.083333	-0.63
1986.166667	-0.61
1986.25	-0.64
1986.333333	-0.54
1986.416667	-0.59
1986.5	-0.38
1986.583333	-0.41
1986.666667	0.04
1986.75	-0.2
1986.833333	-0.6
1986.916667	-0.69
1987	-0.32
1987.083333	-0.17
1987.166667	0.22
1987.25	0.33
1987.333333	0.37
1987.416667	0.62
1987.5	0.48
1987.583333	0.56
1987.666667	0.4
1987.75	0.45
1987.833333	0.36
1987.916667	0.52
1988	0.15
1988.083333	-0.02
1988.166667	0.27
1988.25	0.38
1988.333333	0.29
1988.416667	0.34
1988.5	0.27
1988.583333	0.03
1988.666667	0.06
1988.75	-0.2
1988.833333	-0.23
1988.916667	-0.23
1989	-0.42
1989.083333	-0.48
1989.166667	-0.66
1989.25	-0.89
1989.333333	-0.66
1989.416667	-0.17
1989.5	0.25
1989.583333	0.39
1989.666667	0.06
1989.75	0.12
1989.833333	-0.04
1989.916667	0.22
1990	-0.08
1990.083333	-0.1
1990.166667	-0.04
1990.25	0.06
1990.333333	0.13
1990.416667	-0.02
1990.5	0.06
1990.583333	0.3
1990.666667	0.4
1990.75	0.41
1990.833333	0.33
1990.916667	0.17
1991	-0.14
1991.083333	-0.11
1991.166667	-0.22
1991.25	-0.39
1991.333333	-0.42
1991.416667	-0.43
1991.5	-0.39
1991.583333	-0.29
1991.666667	-0.14
1991.75	-0.11
1991.833333	-0.15
1991.916667	-0.18
1992	0
1992.083333	0.04
1992.166667	-0.18
1992.25	-0.29
1992.333333	-0.18
1992.416667	-0.11
1992.5	-0.01
1992.583333	-0.23
1992.666667	-0.21
1992.75	-0.06
1992.833333	-0.3
1992.916667	-0.23
1993	-0.25
1993.083333	-0.25
1993.166667	-0.23
1993.25	-0.07
1993.333333	-0.04
1993.416667	0.07
1993.5	-0.17
1993.583333	-0.11
1993.666667	-0.12
1993.75	-0.13
1993.833333	-0.34
1993.916667	-0.41
1994	-0.59
1994.083333	-0.61
1994.166667	-0.6
1994.25	-0.46
1994.333333	-0.5
1994.416667	-0.43
1994.5	-0.39
1994.583333	-0.29
1994.666667	-0.24
1994.75	-0.08
1994.833333	-0.03
1994.916667	-0.13
1995	-0.05
1995.083333	-0.04
1995.166667	-0.05
1995.25	0.11
1995.333333	0.3
1995.416667	0.48
1995.5	0.58
1995.583333	0.59
1995.666667	0.4
1995.75	0.37
1995.833333	0.51
1995.916667	0.47
1996	0.74
1996.083333	0.4
1996.166667	0.22
1996.25	0.31
1996.333333	0.36
1996.416667	0.18
1996.5	0.12
1996.583333	-0.03
1996.666667	0.15
1996.75	0.08
1996.833333	0.03
1996.916667	0.14
1997	0.31
1997.083333	0.34
1997.166667	0.15
1997.25	0.27
1997.333333	0.43
1997.416667	0.54
1997.5	0.34
1997.583333	0.16
1997.666667	0.26
1997.75	0.59
1997.833333	0.58
1997.916667	0.44
1998	0.43
1998.083333	0.77
1998.166667	0.75
1998.25	0.59
1998.333333	0.59
1998.416667	0.66
1998.5	0.56
1998.583333	0.67
1998.666667	0.51
1998.75	0.49
1998.833333	0.43
1998.916667	0.29
1999	-0.1
1999.083333	-0.2
1999.166667	-0.23
1999.25	-0.13
1999.333333	0.11
1999.416667	0.15
1999.5	0.17
1999.583333	0.34
1999.666667	0.38
1999.75	0.25
1999.833333	0.13
1999.916667	0.27
2000	-0.18
2000.083333	-0.1
2000.166667	0.06
2000.25	-0.01
2000.333333	-0.06
2000.416667	-0.16
2000.5	0.01
2000.583333	0.15
2000.666667	0.02
2000.75	0
2000.833333	-0.12
2000.916667	-0.19
2001	-0.13
2001.083333	-0.15
2001.166667	0.15
2001.25	0.05
2001.333333	0.06
2001.416667	0.24
2001.5	0.3
2001.583333	0.34
2001.666667	0.51
2001.75	0.48
2001.833333	0.62
2001.916667	0.66
2002	0.78
2002.083333	0.53
2002.166667	0.37
2002.25	-0.02
2002.333333	-0.19
2002.416667	-0.13
2002.5	-0.06
2002.583333	-0.05
2002.666667	0.07
2002.75	0.36
2002.833333	0.22
2002.916667	0.2
2003	0.27
2003.083333	0
2003.166667	0.04
2003.25	0
2003.333333	0.06
2003.416667	0.22
2003.5	0.36
2003.583333	0.59
2003.666667	0.66
2003.75	0.8
2003.833333	0.48
2003.916667	0.49
2004	0.5
2004.083333	0.51
2004.166667	0.36
2004.25	0.46
2004.333333	0.17
2004.416667	0.27
2004.5	0.46
2004.583333	0.68
2004.666667	0.59
2004.75	0.62
2004.833333	0.63
2004.916667	0.53
2005	0.46
2005.083333	0.38
2005.166667	0.68
2005.25	0.81
2005.333333	1.01
2005.416667	0.92
2005.5	0.84
2005.583333	0.74
2005.666667	0.73
2005.75	0.54
2005.833333	0.4
2005.916667	0.55
2006	0.41
2006.083333	0.19
2006.166667	0.18
2006.25	0.41
2006.333333	0.43
2006.416667	0.52
2006.5	0.36
2006.583333	0.53
2006.666667	0.69
2006.75	0.74
2006.833333	0.71
2006.916667	0.47
2007	0.46
2007.083333	0.56
2007.166667	0.33
2007.25	0.4
2007.333333	0.21
2007.416667	0.16
2007.5	0.09
2007.583333	0.01
2007.666667	0.11
2007.75	0.24
2007.833333	0.24
2007.916667	0.09
2008	0.14
2008.083333	0.18
2008.166667	0.27
2008.25	0.09
2008.333333	0.28
2008.416667	0.39
2008.5	0.45
2008.583333	0.45
2008.666667	0.57
2008.75	0.43
2008.833333	0.27
2008.916667	0.26
2009	0.07
2009.083333	-0.37
2009.166667	-0.34
2009.25	-0.31
2009.333333	-0.23
2009.416667	0.05
2009.5	0.45
2009.583333	0.41
2009.666667	0.35
2009.75	0.63
2009.833333	0.51
2009.916667	0.54
2010	0.8
2010.083333	1.07
2010.166667	1.27
2010.25	1.4
2010.333333	1.35
2010.416667	1.11
2010.5	1.01
2010.583333	0.97
2010.666667	0.75
2010.75	0.77
2010.833333	0.7
2010.916667	0.96
2011	0.97
2011.083333	0.53
2011.166667	0.41
2011.25	0.33
2011.333333	0.41
2011.416667	0.59
2011.5	0.43
2011.583333	0.49
2011.666667	0.36
2011.75	0.44
2011.833333	0.21
2011.916667	0.23
2012	0.16
2012.083333	-0.02
2012.166667	-0.26
2012.25	-0.17
2012.333333	0.09
2012.416667	0.31
2012.5	0.3
2012.583333	0.52
2012.666667	0.72
2012.75	0.78
2012.833333	0.75
2012.916667	0.55
2013	0.44
2013.083333	0.4
2013.166667	0.7
2013.25	0.53
2013.333333	0.64
2013.416667	0.32
2013.5	0.34
2013.583333	0.56
2013.666667	0.61
2013.75	0.66
2013.833333	0.32
2013.916667	0.27
2014	0.13
2014.083333	-0.08
2014.166667	-0.35
2014.25	-0.21
2014.333333	-0.06
2014.416667	-0.05
2014.5	0.14
2014.583333	0.23
2014.666667	0.51
2014.75	0.56
2014.833333	0.35
2014.916667	0.34
2015	0.17
2015.083333	0.11
2015.166667	-0.11
2015.25	-0.24
2015.333333	0.08
2015.416667	-0.07
2015.5	0.16
2015.583333	0.43
2015.666667	0.72
2015.75	0.93
2015.833333	0.49
2015.916667	0.42
2016	0.5
2016.083333	0.45
2016.166667	0.39
2016.25	0.32
2016.333333	0.38
2016.416667	0.39
2016.5	0.37
2016.583333	0.49
2016.666667	0.39
2016.75	0.55
2016.833333	0.46
2016.916667	0.52
2017	0.49
2017.083333	0.23
2017.166667	0.13
2017.25	0.47
2017.333333	0.58
2017.416667	0.6
2017.5	0.6
2017.583333	0.67
2017.666667	0.52
2017.75	0.45
2017.833333	0.53
2017.916667	0.54
2018	0.28
2018.083333	-0.09
2018.166667	0.02
2018.25	-0.17
2018.333333	-0.4
2018.416667	-0.48
2018.5	-0.21
2018.583333	0.01
2018.666667	0.33
2018.75	0.29
2018.833333	-0.01
2018.916667	-0.04
2019	0.08
2019.083333	0.14
2019.166667	0.01
2019.25	-0.02
2019.333333	0.12
2019.416667	0.3
2019.5	0.37
2019.583333	0.42
2019.666667	0.57
2019.75	0.44
2019.833333	0.26
2019.916667	0.25
2020	0.25
2020.083333	0.5
2020.166667	0.73
2020.25	0.62
2020.333333	0.52
2020.416667	0.72
2020.5	0.65
2020.583333	0.59
2020.666667	0.52
2020.75	0.61
2020.833333	0.39
2020.916667	0.46
2021	0.52
2021.083333	0.41
2021.166667	0.14
2021.25	0.32
2021.333333	0.24
2021.416667	0.14
2021.5	0.25
2021.583333	0.26
2021.666667	0.54
2021.75	0.46
2021.833333	0.42
2021.916667	0.46
2022	0.61
2022.083333	0.57
2022.166667	0.08
2022.25	0.04
2022.333333	0.34
2022.416667	0.48
2022.5	0.32
2022.583333	0.47
2022.666667	0.62
2022.75	0.5
2022.833333	0.33
2022.916667	0.47
2023	0.47
2023.083333	0.22
2023.166667	0.64
2023.25	0.78
2023.333333	1.04
2023.416667	1.41
2023.5	1.41
2023.583333	1.36
2023.666667	1.43
2023.75	1.32
2023.833333	1.09
2023.916667	1.17
2024	1.42
2024.083333	1.59
2024.166667	1.36
2024.25	1.32
2024.333333	1.43
2024.416667	1.34
2024.5	1.14
2024.583333	1.13
2024.666667	1.04
2024.75	1.03
2024.833333	0.98
2024.916667	0.91
2025	0.69
