1880.000000000	0.0271330
1880.083333000	0.0175035
1880.166667000	0.0132196
1880.250000000	0.0092561
1880.333333000	0.0046596
1880.416667000	0.0115339
1880.500000000	0.0146123
1880.583333000	0.0066056
1880.666667000	-0.0044662
1880.750000000	0.0100400
1880.833333000	0.0141243
1880.916667000	0.0457456
1881.000000000	0.0561499
1881.083333000	0.0513191
1881.166667000	0.0477682
1881.250000000	0.0477826
1881.333333000	0.0551917
1881.416667000	0.0601557
1881.500000000	0.0529810
1881.583333000	0.0340463
1881.666667000	0.0388883
1881.750000000	0.0198922
1881.833333000	0.0076072
1881.916667000	-0.0209743
1882.000000000	-0.0226722
1882.083333000	-0.0234909
1882.166667000	-0.0238914
1882.250000000	-0.0158551
1882.333333000	-0.0071143
1882.416667000	0.0059025
1882.500000000	0.0206827
1882.583333000	0.0121782
1882.666667000	-0.0403988
1882.750000000	-0.0317336
1882.833333000	-0.0527023
1882.916667000	-0.0967581
1883.000000000	-0.1093611
1883.083333000	-0.1119613
1883.166667000	-0.1128364
1883.250000000	-0.1024933
1883.333333000	-0.0924760
1883.416667000	-0.0727779
1883.500000000	-0.0384363
1883.583333000	-0.0137013
1883.666667000	-0.0312532
1883.750000000	0.0137671
1883.833333000	0.0242261
1883.916667000	0.0306570
1884.000000000	0.0289667
1884.083333000	0.0210816
1884.166667000	0.0166594
1884.250000000	0.0186329
1884.333333000	0.0237012
1884.416667000	0.0241964
1884.500000000	0.0161559
1884.583333000	-0.0016179
1884.666667000	-0.0151867
1884.750000000	-0.0428792
1884.833333000	-0.0166523
1884.916667000	-0.0152100
1885.000000000	-0.0346899
1885.083333000	-0.0522694
1885.166667000	-0.0596311
1885.250000000	-0.0602634
1885.333333000	-0.0583930
1885.416667000	-0.0669814
1885.500000000	-0.0780330
1885.583333000	-0.0589772
1885.666667000	-0.0233654
1885.750000000	-0.0486138
1885.833333000	-0.0056933
1885.916667000	-0.0159156
1886.000000000	-0.0480941
1886.083333000	-0.0709795
1886.166667000	-0.0784779
1886.250000000	-0.0668536
1886.333333000	-0.0640751
1886.416667000	-0.0724777
1886.500000000	-0.0840287
1886.583333000	-0.0647682
1886.666667000	-0.0024059
1886.750000000	-0.0035106
1886.833333000	-0.0228985
1886.916667000	-0.0568980
1887.000000000	-0.0711161
1887.083333000	-0.0765230
1887.166667000	-0.0783405
1887.250000000	-0.0670887
1887.333333000	-0.0565751
1887.416667000	-0.0394584
1887.500000000	-0.0135404
1887.583333000	0.0071047
1887.666667000	-0.0035973
1887.750000000	0.0069149
1887.833333000	-0.0030738
1887.916667000	0.0117650
1888.000000000	0.0146533
1888.083333000	0.0078128
1888.166667000	0.0027033
1888.250000000	0.0062779
1888.333333000	0.0143456
1888.416667000	0.0180003
1888.500000000	0.0062117
1888.583333000	-0.0160554
1888.666667000	-0.0029202
1888.750000000	-0.0086827
1888.833333000	0.0046935
1888.916667000	0.0242414
1889.000000000	0.0304305
1889.083333000	0.0252159
1889.166667000	0.0207275
1889.250000000	0.0226778
1889.333333000	0.0277304
1889.416667000	0.0268551
1889.500000000	0.0126989
1889.583333000	-0.0127072
1889.666667000	-0.0261942
1889.750000000	0.0407723
1889.833333000	0.0163952
1889.916667000	-0.0099861
1890.000000000	-0.0182352
1890.083333000	-0.0223784
1890.166667000	-0.0245455
1890.250000000	-0.0171177
1890.333333000	-0.0082129
1890.416667000	0.0052574
1890.500000000	0.0231060
1890.583333000	0.0263699
1890.666667000	-0.0008495
1890.750000000	0.0025980
1890.833333000	0.0199690
1890.916667000	0.0272171
1891.000000000	0.0129204
1891.083333000	-0.0030927
1891.166667000	-0.0091814
1891.250000000	0.0006089
1891.333333000	0.0051006
1891.416667000	0.0013471
1891.500000000	-0.0132256
1891.583333000	-0.0245842
1891.666667000	-0.0120500
1891.750000000	-0.0072395
1891.833333000	-0.0332515
1891.916667000	-0.0365070
1892.000000000	-0.0259491
1892.083333000	-0.0225603
1892.166667000	-0.0236229
1892.250000000	-0.0025355
1892.333333000	0.0057127
1892.416667000	0.0145018
1892.500000000	0.0151708
1892.583333000	-0.0069580
1892.666667000	-0.0363279
1892.750000000	-0.0179449
1892.833333000	-0.0150284
1892.916667000	-0.0025234
1893.000000000	-0.0077296
1893.083333000	-0.0194832
1893.166667000	-0.0256481
1893.250000000	-0.0198346
1893.333333000	-0.0133962
1893.416667000	-0.0130754
1893.500000000	-0.0264639
1893.583333000	-0.0469529
1893.666667000	-0.0407019
1893.750000000	0.0024176
1893.833333000	0.0286019
1893.916667000	0.0539254
1894.000000000	0.0416393
1894.083333000	0.0229633
1894.166667000	0.0132153
1894.250000000	0.0064814
1894.333333000	0.0075528
1894.416667000	-0.0046745
1894.500000000	-0.0283838
1894.583333000	-0.0337871
1894.666667000	0.0018902
1894.750000000	-0.0230731
1894.833333000	0.0185835
1894.916667000	0.0457767
1895.000000000	0.0347132
1895.083333000	0.0162948
1895.166667000	0.0086472
1895.250000000	0.0178887
1895.333333000	0.0219338
1895.416667000	0.0135492
1895.500000000	-0.0151300
1895.583333000	-0.0420541
1895.666667000	-0.0203091
1895.750000000	-0.0094912
1895.833333000	-0.0055092
1895.916667000	0.0036545
1896.000000000	0.0117245
1896.083333000	0.0096793
1896.166667000	0.0084859
1896.250000000	0.0073585
1896.333333000	0.0172886
1896.416667000	0.0289549
1896.500000000	0.0311190
1896.583333000	0.0075457
1896.666667000	-0.0146596
1896.750000000	-0.0380258
1896.833333000	-0.0535743
1896.916667000	-0.0682727
1897.000000000	-0.0704986
1897.083333000	-0.0724424
1897.166667000	-0.0750062
1897.250000000	-0.0606260
1897.333333000	-0.0493150
1897.416667000	-0.0312721
1897.500000000	-0.0116792
1897.583333000	-0.0169149
1897.666667000	-0.0571647
1897.750000000	0.0000152
1897.833333000	-0.0176585
1897.916667000	0.0044818
1898.000000000	0.0254437
1898.083333000	0.0289198
1898.166667000	0.0284611
1898.250000000	0.0256259
1898.333333000	0.0341741
1898.416667000	0.0455055
1898.500000000	0.0480723
1898.583333000	0.0182865
1898.666667000	-0.0151204
1898.750000000	0.0567389
1898.833333000	0.0505091
1898.916667000	0.0482451
1899.000000000	0.0511653
1899.083333000	0.0492609
1899.166667000	0.0457926
1899.250000000	0.0533242
1899.333333000	0.0600708
1899.416667000	0.0662059
1899.500000000	0.0668441
1899.583333000	0.0484981
1899.666667000	0.0037528
1899.750000000	0.0499820
1899.833333000	0.0761092
1899.916667000	0.0471599
1900.000000000	0.0077407
1900.083333000	-0.0166199
1900.166667000	-0.0235215
1900.250000000	-0.0091250
1900.333333000	-0.0078620
1900.416667000	-0.0183672
1900.500000000	-0.0286765
1900.583333000	-0.0051638
1900.666667000	0.0379631
1900.750000000	-0.0046243
1900.833333000	0.0052487
1900.916667000	0.0003924
1901.000000000	-0.0210343
1901.083333000	-0.0392654
1901.166667000	-0.0464826
1901.250000000	-0.0454173
1901.333333000	-0.0423915
1901.416667000	-0.0482044
1901.500000000	-0.0582960
1901.583333000	-0.0538771
1901.666667000	-0.0451447
1901.750000000	-0.0398401
1901.833333000	-0.0279322
1901.916667000	0.0026580
1902.000000000	0.0063888
1902.083333000	-0.0023612
1902.166667000	-0.0085827
1902.250000000	-0.0060431
1902.333333000	0.0009251
1902.416667000	0.0003418
1902.500000000	-0.0169163
1902.583333000	-0.0358517
1902.666667000	-0.0148506
1902.750000000	0.0026864
1902.833333000	-0.0164846
1902.916667000	-0.0124162
1903.000000000	0.0071570
1903.083333000	0.0143160
1903.166667000	0.0148325
1903.250000000	0.0087894
1903.333333000	0.0203631
1903.416667000	0.0400560
1903.500000000	0.0586012
1903.583333000	0.0457323
1903.666667000	-0.0065340
1903.750000000	0.0273466
1903.833333000	0.0150846
1903.916667000	-0.0247908
1904.000000000	-0.0478427
1904.083333000	-0.0584882
1904.166667000	-0.0620205
1904.250000000	-0.0574427
1904.333333000	-0.0492655
1904.416667000	-0.0380040
1904.500000000	-0.0185371
1904.583333000	-0.0013385
1904.666667000	-0.0278275
1904.750000000	0.0096645
1904.833333000	0.0563299
1904.916667000	0.0572007
1905.000000000	0.0253477
1905.083333000	-0.0002816
1905.166667000	-0.0075257
1905.250000000	0.0069984
1905.333333000	0.0069950
1905.416667000	-0.0094070
1905.500000000	-0.0360586
1905.583333000	-0.0311382
1905.666667000	0.0202687
1905.750000000	0.0469304
1905.833333000	0.0472450
1905.916667000	0.0411340
1906.000000000	0.0404043
1906.083333000	0.0375620
1906.166667000	0.0352893
1906.250000000	0.0472818
1906.333333000	0.0548799
1906.416667000	0.0616201
1906.500000000	0.0624174
1906.583333000	0.0465781
1906.666667000	0.0039978
1906.750000000	0.0063303
1906.833333000	0.0073443
1906.916667000	-0.0045574
1907.000000000	-0.0131546
1907.083333000	-0.0196499
1907.166667000	-0.0243182
1907.250000000	-0.0179423
1907.333333000	-0.0076996
1907.416667000	0.0062765
1907.500000000	0.0236694
1907.583333000	0.0376305
1907.666667000	0.0318118
1907.750000000	0.0044699
1907.833333000	0.0123752
1907.916667000	0.0025254
1908.000000000	-0.0164503
1908.083333000	-0.0302747
1908.166667000	-0.0365124
1908.250000000	-0.0328796
1908.333333000	-0.0283806
1908.416667000	-0.0282550
1908.500000000	-0.0255517
1908.583333000	-0.0105282
1908.666667000	-0.0055823
1908.750000000	-0.0059263
1908.833333000	0.0036473
1908.916667000	0.0017568
1909.000000000	-0.0150273
1909.083333000	-0.0296298
1909.166667000	-0.0354155
1909.250000000	-0.0310695
1909.333333000	-0.0271422
1909.416667000	-0.0311057
1909.500000000	-0.0389618
1909.583333000	-0.0301989
1909.666667000	-0.0120538
1909.750000000	-0.0117998
1909.833333000	0.0078596
1909.916667000	0.0278527
1910.000000000	0.0119360
1910.083333000	-0.0070321
1910.166667000	-0.0142663
1910.250000000	-0.0020471
1910.333333000	0.0019019
1910.416667000	-0.0068746
1910.500000000	-0.0319459
1910.583333000	-0.0439236
1910.666667000	-0.0123857
1910.750000000	0.0022060
1910.833333000	-0.0250409
1910.916667000	-0.0316126
1911.000000000	-0.0283255
1911.083333000	-0.0291299
1911.166667000	-0.0309580
1911.250000000	-0.0132611
1911.333333000	-0.0037630
1911.416667000	0.0068515
1911.500000000	0.0102499
1911.583333000	-0.0051266
1911.666667000	-0.0279554
1911.750000000	0.0275771
1911.833333000	0.0063913
1911.916667000	-0.0181805
1912.000000000	-0.0294583
1912.083333000	-0.0372890
1912.166667000	-0.0420181
1912.250000000	-0.0401143
1912.333333000	-0.0320112
1912.416667000	-0.0240060
1912.500000000	-0.0181201
1912.583333000	-0.0215372
1912.666667000	-0.0377615
1912.750000000	-0.0058724
1912.833333000	0.0003500
1912.916667000	0.0203907
1913.000000000	0.0337386
1913.083333000	0.0333507
1913.166667000	0.0293581
1913.250000000	0.0381968
1913.333333000	0.0445642
1913.416667000	0.0478194
1913.500000000	0.0410647
1913.583333000	0.0254662
1913.666667000	0.0246030
1913.750000000	0.0670248
1913.833333000	0.0577624
1913.916667000	0.0867862
1914.000000000	0.0864834
1914.083333000	0.0732718
1914.166667000	0.0674157
1914.250000000	0.0740352
1914.333333000	0.0784125
1914.416667000	0.0708569
1914.500000000	0.0377518
1914.583333000	-0.0105320
1914.666667000	-0.0168131
1914.750000000	0.0021392
1914.833333000	0.0008394
1914.916667000	-0.0264423
1915.000000000	-0.0355587
1915.083333000	-0.0400321
1915.166667000	-0.0430887
1915.250000000	-0.0447367
1915.333333000	-0.0372235
1915.416667000	-0.0263356
1915.500000000	-0.0089996
1915.583333000	-0.0006071
1915.666667000	-0.0291023
1915.750000000	-0.0184081
1915.833333000	0.0336172
1915.916667000	0.0362074
1916.000000000	0.0188149
1916.083333000	0.0029463
1916.166667000	-0.0034751
1916.250000000	-0.0043930
1916.333333000	0.0016846
1916.416667000	0.0049100
1916.500000000	0.0099712
1916.583333000	0.0262615
1916.666667000	0.0445771
1916.750000000	-0.0124513
1916.833333000	-0.0148113
1916.916667000	-0.0304490
1917.000000000	-0.0432130
1917.083333000	-0.0525225
1917.166667000	-0.0556306
1917.250000000	-0.0531539
1917.333333000	-0.0476088
1917.416667000	-0.0452247
1917.500000000	-0.0424010
1917.583333000	-0.0335045
1917.666667000	-0.0323659
1917.750000000	-0.0152504
1917.833333000	0.0278654
1917.916667000	0.0390092
1918.000000000	0.0203737
1918.083333000	0.0009618
1918.166667000	-0.0056576
1918.250000000	-0.0104222
1918.333333000	-0.0069793
1918.416667000	-0.0154398
1918.500000000	-0.0364639
1918.583333000	-0.0451122
1918.666667000	-0.0216957
1918.750000000	-0.0498592
1918.833333000	-0.0003123
1918.916667000	-0.0234997
1919.000000000	-0.0489959
1919.083333000	-0.0630117
1919.166667000	-0.0675889
1919.250000000	-0.0621828
1919.333333000	-0.0573067
1919.416667000	-0.0568678
1919.500000000	-0.0491669
1919.583333000	-0.0149955
1919.666667000	0.0075329
1919.750000000	-0.0488895
1919.833333000	-0.0431359
1919.916667000	-0.0215061
1920.000000000	-0.0094486
1920.083333000	-0.0113123
1920.166667000	-0.0127942
1920.250000000	-0.0093161
1920.333333000	-0.0001984
1920.416667000	0.0077626
1920.500000000	0.0032533
1920.583333000	-0.0176924
1920.666667000	-0.0196894
1920.750000000	-0.0490246
1920.833333000	-0.0397647
1920.916667000	-0.0324035
1921.000000000	-0.0285836
1921.083333000	-0.0320131
1921.166667000	-0.0349387
1921.250000000	-0.0343176
1921.333333000	-0.0264015
1921.416667000	-0.0202125
1921.500000000	-0.0224381
1921.583333000	-0.0349635
1921.666667000	-0.0365455
1921.750000000	0.0449497
1921.833333000	0.0406267
1921.916667000	0.0217953
1922.000000000	0.0113373
1922.083333000	0.0046747
1922.166667000	0.0017938
1922.250000000	0.0028206
1922.333333000	0.0097194
1922.416667000	0.0182100
1922.500000000	0.0325089
1922.583333000	0.0451019
1922.666667000	0.0328236
1922.750000000	0.0262144
1922.833333000	0.0627602
1922.916667000	0.0457118
1923.000000000	0.0092606
1923.083333000	-0.0159762
1923.166667000	-0.0238248
1923.250000000	-0.0249916
1923.333333000	-0.0231732
1923.416667000	-0.0323724
1923.500000000	-0.0414267
1923.583333000	-0.0159709
1923.666667000	0.0230572
1923.750000000	0.0315607
1923.833333000	0.0578002
1923.916667000	0.0700034
1924.000000000	0.0529967
1924.083333000	0.0339071
1924.166667000	0.0270423
1924.250000000	0.0389749
1924.333333000	0.0419944
1924.416667000	0.0314926
1924.500000000	0.0034639
1924.583333000	-0.0155732
1924.666667000	0.0077236
1924.750000000	-0.0289440
1924.833333000	-0.0246218
1924.916667000	-0.0068858
1925.000000000	-0.0050966
1925.083333000	-0.0130953
1925.166667000	-0.0167965
1925.250000000	-0.0151482
1925.333333000	-0.0082994
1925.416667000	-0.0086377
1925.500000000	-0.0231402
1925.583333000	-0.0326201
1925.666667000	-0.0012718
1925.750000000	0.0608779
1925.833333000	0.0773086
1925.916667000	0.0678752
1926.000000000	0.0380586
1926.083333000	0.0161021
1926.166667000	0.0074045
1926.250000000	0.0037619
1926.333333000	0.0088664
1926.416667000	0.0079125
1926.500000000	0.0078726
1926.583333000	0.0285575
1926.666667000	0.0590103
1926.750000000	-0.0035645
1926.833333000	-0.0051371
1926.916667000	-0.0120229
1927.000000000	-0.0077992
1927.083333000	-0.0072157
1927.166667000	-0.0080467
1927.250000000	-0.0038626
1927.333333000	0.0060929
1927.416667000	0.0215976
1927.500000000	0.0391365
1927.583333000	0.0397276
1927.666667000	0.0099020
1927.750000000	-0.0287133
1927.833333000	-0.0235256
1927.916667000	-0.0502570
1928.000000000	-0.0634180
1928.083333000	-0.0693775
1928.166667000	-0.0709131
1928.250000000	-0.0660370
1928.333333000	-0.0566486
1928.416667000	-0.0437465
1928.500000000	-0.0236217
1928.583333000	-0.0019739
1928.666667000	-0.0102789
1928.750000000	0.0597637
1928.833333000	0.0682526
1928.916667000	0.0409193
1929.000000000	0.0114587
1929.083333000	-0.0066135
1929.166667000	-0.0127109
1929.250000000	-0.0068594
1929.333333000	-0.0040913
1929.416667000	-0.0095852
1929.500000000	-0.0150228
1929.583333000	-0.0020785
1929.666667000	0.0174131
1929.750000000	0.0282512
1929.833333000	0.0270152
1929.916667000	-0.0003616
1930.000000000	-0.0164775
1930.083333000	-0.0246118
1930.166667000	-0.0278508
1930.250000000	-0.0276331
1930.333333000	-0.0229988
1930.416667000	-0.0219801
1930.500000000	-0.0138123
1930.583333000	0.0171882
1930.666667000	0.0203838
1930.750000000	-0.0318642
1930.833333000	-0.0052121
1930.916667000	0.0239747
1931.000000000	0.0240130
1931.083333000	0.0131775
1931.166667000	0.0076241
1931.250000000	0.0134867
1931.333333000	0.0200047
1931.416667000	0.0190552
1931.500000000	0.0010501
1931.583333000	-0.0239363
1931.666667000	-0.0245798
1931.750000000	0.0855088
1931.833333000	0.0932982
1931.916667000	0.0645269
1932.000000000	0.0376234
1932.083333000	0.0223897
1932.166667000	0.0176879
1932.250000000	0.0203157
1932.333333000	0.0264135
1932.416667000	0.0297636
1932.500000000	0.0361059
1932.583333000	0.0522382
1932.666667000	0.0556176
1932.750000000	0.0188076
1932.833333000	0.0231033
1932.916667000	-0.0227005
1933.000000000	-0.0473432
1933.083333000	-0.0573178
1933.166667000	-0.0609681
1933.250000000	-0.0551284
1933.333333000	-0.0463135
1933.416667000	-0.0315108
1933.500000000	-0.0021336
1933.583333000	0.0298358
1933.666667000	0.0018094
1933.750000000	-0.0106223
1933.833333000	-0.0029066
1933.916667000	-0.0121080
1934.000000000	-0.0184306
1934.083333000	-0.0247877
1934.166667000	-0.0278061
1934.250000000	-0.0267477
1934.333333000	-0.0199882
1934.416667000	-0.0150958
1934.500000000	-0.0117633
1934.583333000	-0.0100008
1934.666667000	-0.0151600
1934.750000000	-0.0329610
1934.833333000	0.0137682
1934.916667000	-0.0013291
1935.000000000	-0.0275725
1935.083333000	-0.0442802
1935.166667000	-0.0501975
1935.250000000	-0.0493026
1935.333333000	-0.0443834
1935.416667000	-0.0424767
1935.500000000	-0.0315421
1935.583333000	0.0044933
1935.666667000	0.0160660
1935.750000000	0.0071352
1935.833333000	0.0151916
1935.916667000	0.0053234
1936.000000000	-0.0071274
1936.083333000	-0.0160977
1936.166667000	-0.0193505
1936.250000000	-0.0173302
1936.333333000	-0.0113003
1936.416667000	-0.0068687
1936.500000000	0.0034387
1936.583333000	0.0300985
1936.666667000	0.0492031
1936.750000000	-0.0181622
1936.833333000	0.0222914
1936.916667000	0.0134094
1937.000000000	-0.0208765
1937.083333000	-0.0461962
1937.166667000	-0.0543442
1937.250000000	-0.0644197
1937.333333000	-0.0622605
1937.416667000	-0.0719377
1937.500000000	-0.0844263
1937.583333000	-0.0628612
1937.666667000	-0.0198540
1937.750000000	0.0326337
1937.833333000	0.0864749
1937.916667000	0.0688439
1938.000000000	0.0297505
1938.083333000	0.0031536
1938.166667000	-0.0052682
1938.250000000	0.0145319
1938.333333000	0.0160247
1938.416667000	0.0004234
1938.500000000	-0.0279418
1938.583333000	-0.0258864
1938.666667000	0.0311416
1938.750000000	-0.0199916
1938.833333000	-0.0085156
1938.916667000	-0.0023802
1939.000000000	-0.0167280
1939.083333000	-0.0331694
1939.166667000	-0.0377850
1939.250000000	-0.0340314
1939.333333000	-0.0287827
1939.416667000	-0.0343894
1939.500000000	-0.0558152
1939.583333000	-0.0711089
1939.666667000	-0.0632108
1939.750000000	-0.1251586
1939.833333000	-0.1040762
1939.916667000	-0.0506098
1940.000000000	-0.0382800
1940.083333000	-0.0471683
1940.166667000	-0.0546940
1940.250000000	-0.0494952
1940.333333000	-0.0419916
1940.416667000	-0.0438205
1940.500000000	-0.0740912
1940.583333000	-0.1213591
1940.666667000	-0.0985344
1940.750000000	-0.0522419
1940.833333000	-0.0408496
1940.916667000	-0.0095351
1941.000000000	0.0023780
1941.083333000	-0.0030012
1941.166667000	-0.0069734
1941.250000000	-0.0034065
1941.333333000	0.0041612
1941.416667000	0.0058075
1941.500000000	-0.0163494
1941.583333000	-0.0681088
1941.666667000	-0.0826809
1941.750000000	-0.0406295
1941.833333000	-0.0237142
1941.916667000	0.0044371
1942.000000000	0.0043437
1942.083333000	-0.0081609
1942.166667000	-0.0141910
1942.250000000	-0.0094296
1942.333333000	-0.0039221
1942.416667000	-0.0069484
1942.500000000	-0.0306897
1942.583333000	-0.0685547
1942.666667000	-0.0620032
1942.750000000	-0.0086467
1942.833333000	0.0092643
1942.916667000	0.0390203
1943.000000000	0.0430277
1943.083333000	0.0345555
1943.166667000	0.0301059
1943.250000000	0.0335599
1943.333333000	0.0404080
1943.416667000	0.0443905
1943.500000000	0.0387637
1943.583333000	0.0262164
1943.666667000	0.0371938
1943.750000000	0.0434346
1943.833333000	0.0026687
1943.916667000	0.0060489
1944.000000000	0.0150112
1944.083333000	0.0141184
1944.166667000	0.0118104
1944.250000000	0.0220412
1944.333333000	0.0307026
1944.416667000	0.0381081
1944.500000000	0.0307242
1944.583333000	-0.0063709
1944.666667000	-0.0352749
1944.750000000	0.0057699
1944.833333000	-0.0024118
1944.916667000	-0.0142726
1945.000000000	-0.0169736
1945.083333000	-0.0197392
1945.166667000	-0.0216926
1945.250000000	-0.0128450
1945.333333000	-0.0035880
1945.416667000	0.0107223
1945.500000000	0.0294907
1945.583333000	0.0363017
1945.666667000	0.0173641
1945.750000000	0.0073429
1945.833333000	0.0002250
1945.916667000	-0.0196536
1946.000000000	-0.0281500
1946.083333000	-0.0327735
1946.166667000	-0.0359030
1946.250000000	-0.0303465
1946.333333000	-0.0217774
1946.416667000	-0.0075892
1946.500000000	0.0175896
1946.583333000	0.0409029
1946.666667000	0.0263682
1946.750000000	-0.1141701
1946.833333000	-0.1156804
1946.916667000	-0.0947951
1947.000000000	-0.0699849
1947.083333000	-0.0632339
1947.166667000	-0.0640980
1947.250000000	-0.0560987
1947.333333000	-0.0478413
1947.416667000	-0.0390468
1947.500000000	-0.0434082
1947.583333000	-0.0796775
1947.666667000	-0.1125419
1947.750000000	-0.0043693
1947.833333000	0.0068362
1947.916667000	0.0222754
1948.000000000	0.0139371
1948.083333000	0.0001465
1948.166667000	-0.0058591
1948.250000000	-0.0013585
1948.333333000	0.0019872
1948.416667000	-0.0054008
1948.500000000	-0.0267821
1948.583333000	-0.0417466
1948.666667000	-0.0039341
1948.750000000	0.0732085
1948.833333000	0.0902359
1948.916667000	0.0580191
1949.000000000	0.0401872
1949.083333000	0.0320083
1949.166667000	0.0283327
1949.250000000	0.0404479
1949.333333000	0.0481639
1949.416667000	0.0606130
1949.500000000	0.0801270
1949.583333000	0.0797746
1949.666667000	0.0137871
1949.750000000	-0.0084685
1949.833333000	-0.0251951
1949.916667000	-0.0010551
1950.000000000	0.0238083
1950.083333000	0.0294539
1950.166667000	0.0286304
1950.250000000	0.0169621
1950.333333000	0.0279739
1950.416667000	0.0460623
1950.500000000	0.0578412
1950.583333000	0.0300543
1950.666667000	-0.0321690
1950.750000000	0.0132444
1950.833333000	-0.0048707
1950.916667000	-0.0260650
1951.000000000	-0.0357952
1951.083333000	-0.0430455
1951.166667000	-0.0475833
1951.250000000	-0.0420920
1951.333333000	-0.0360420
1951.416667000	-0.0319619
1951.500000000	-0.0299865
1951.583333000	-0.0336503
1951.666667000	-0.0490375
1951.750000000	-0.0296559
1951.833333000	-0.0248890
1951.916667000	-0.0054255
1952.000000000	0.0074752
1952.083333000	0.0066074
1952.166667000	0.0065315
1952.250000000	0.0124453
1952.333333000	0.0181289
1952.416667000	0.0208351
1952.500000000	0.0137138
1952.583333000	-0.0074327
1952.666667000	-0.0194836
1952.750000000	0.0628462
1952.833333000	0.0745011
1952.916667000	0.0670390
1953.000000000	0.0405777
1953.083333000	0.0199381
1953.166667000	0.0124349
1953.250000000	0.0172218
1953.333333000	0.0200460
1953.416667000	0.0120022
1953.500000000	-0.0028516
1953.583333000	-0.0016921
1953.666667000	0.0170238
1953.750000000	-0.0612795
1953.833333000	-0.0414178
1953.916667000	-0.0214287
1954.000000000	-0.0373906
1954.083333000	-0.0571626
1954.166667000	-0.0650115
1954.250000000	-0.0504140
1954.333333000	-0.0467948
1954.416667000	-0.0547961
1954.500000000	-0.0801316
1954.583333000	-0.1030796
1954.666667000	-0.0833822
1954.750000000	-0.0184268
1954.833333000	-0.0143201
1954.916667000	-0.0072302
1955.000000000	0.0071436
1955.083333000	0.0093668
1955.166667000	0.0078539
1955.250000000	0.0021559
1955.333333000	0.0126602
1955.416667000	0.0273466
1955.500000000	0.0359271
1955.583333000	0.0181343
1955.666667000	-0.0010719
1955.750000000	0.0304769
1955.833333000	0.0526499
1955.916667000	0.0750957
1956.000000000	0.0703544
1956.083333000	0.0563760
1956.166667000	0.0486603
1956.250000000	0.0443895
1956.333333000	0.0492373
1956.416667000	0.0439429
1956.500000000	0.0214208
1956.583333000	-0.0003350
1956.666667000	0.0160750
1956.750000000	-0.0171579
1956.833333000	0.0329349
1956.916667000	0.0002965
1957.000000000	0.0114761
1957.083333000	-0.0088824
1957.166667000	-0.0092254
1957.250000000	-0.0160982
1957.333333000	-0.0087610
1957.416667000	0.0030054
1957.500000000	0.0226815
1957.583333000	-0.0083207
1957.666667000	0.0260514
1957.750000000	0.0491299
1957.833333000	0.0511566
1957.916667000	0.0342121
1958.000000000	0.0179125
1958.083333000	0.0071541
1958.166667000	0.0041319
1958.250000000	0.0083244
1958.333333000	0.0167157
1958.416667000	0.0260642
1958.500000000	0.0384854
1958.583333000	0.0509250
1958.666667000	0.0489906
1958.750000000	-0.0175220
1958.833333000	0.0085355
1958.916667000	0.0347854
1959.000000000	0.0340103
1959.083333000	0.0208641
1959.166667000	0.0164958
1959.250000000	0.0203746
1959.333333000	0.0234661
1959.416667000	0.0149530
1959.500000000	-0.0045334
1959.583333000	-0.0351667
1959.666667000	-0.0187687
1959.750000000	-0.0468038
1959.833333000	-0.0374765
1959.916667000	-0.0516891
1960.000000000	-0.0732486
1960.083333000	-0.0878601
1960.166667000	-0.0930429
1960.250000000	-0.0889157
1960.333333000	-0.0840441
1960.416667000	-0.0845600
1960.500000000	-0.0816833
1960.583333000	-0.0524097
1960.666667000	-0.0170488
1960.750000000	0.0130805
1960.833333000	0.0146591
1960.916667000	0.0267913
1961.000000000	0.0322848
1961.083333000	0.0273347
1961.166667000	0.0238139
1961.250000000	0.0270611
1961.333333000	0.0351040
1961.416667000	0.0410626
1961.500000000	0.0329685
1961.583333000	-0.0011645
1961.666667000	-0.0212825
1961.750000000	0.0211778
1961.833333000	0.0266083
1961.916667000	0.0091324
1962.000000000	-0.0102511
1962.083333000	-0.0227984
1962.166667000	-0.0274354
1962.250000000	-0.0223761
1962.333333000	-0.0166959
1962.416667000	-0.0161555
1962.500000000	-0.0145517
1962.583333000	0.0106721
1962.666667000	0.0393603
1962.750000000	0.0119053
1962.833333000	-0.0045942
1962.916667000	-0.0222722
1963.000000000	-0.0317500
1963.083333000	-0.0394944
1963.166667000	-0.0429288
1963.250000000	-0.0366186
1963.333333000	-0.0295903
1963.416667000	-0.0236366
1963.500000000	-0.0230116
1963.583333000	-0.0395986
1963.666667000	-0.0716023
1963.750000000	-0.0292684
1963.833333000	0.0086518
1963.916667000	0.0402257
1964.000000000	0.0392450
1964.083333000	0.0269029
1964.166667000	0.0210617
1964.250000000	0.0222087
1964.333333000	0.0264980
1964.416667000	0.0186616
1964.500000000	-0.0099466
1964.583333000	-0.0361396
1964.666667000	-0.0073362
1964.750000000	-0.0225653
1964.833333000	-0.0067750
1964.916667000	-0.0225167
1965.000000000	-0.0444727
1965.083333000	-0.0585420
1965.166667000	-0.0638666
1965.250000000	-0.0611533
1965.333333000	-0.0552179
1965.416667000	-0.0505139
1965.500000000	-0.0382646
1965.583333000	-0.0117171
1965.666667000	-0.0058714
1965.750000000	-0.0113710
1965.833333000	0.0080149
1965.916667000	0.0301002
1966.000000000	0.0211509
1966.083333000	0.0057592
1966.166667000	-0.0001938
1966.250000000	-0.0004110
1966.333333000	0.0046426
1966.416667000	0.0010910
1966.500000000	-0.0133492
1966.583333000	-0.0166261
1966.666667000	0.0267989
1966.750000000	-0.0034560
1966.833333000	0.0067381
1966.916667000	0.0038914
1967.000000000	0.0047077
1967.083333000	0.0027650
1967.166667000	0.0010252
1967.250000000	0.0007533
1967.333333000	0.0089414
1967.416667000	0.0190103
1967.500000000	0.0317857
1967.583333000	0.0426611
1967.666667000	0.0314733
1967.750000000	0.0250713
1967.833333000	0.0295460
1967.916667000	0.0427687
1968.000000000	0.0448397
1968.083333000	0.0366802
1968.166667000	0.0327884
1968.250000000	0.0362124
1968.333333000	0.0441016
1968.416667000	0.0479606
1968.500000000	0.0334237
1968.583333000	-0.0076844
1968.666667000	0.0346037
1968.750000000	-0.0806782
1968.833333000	-0.0758372
1968.916667000	-0.0433092
1969.000000000	-0.0285119
1969.083333000	-0.0313786
1969.166667000	-0.0339351
1969.250000000	-0.0366884
1969.333333000	-0.0298305
1969.416667000	-0.0255374
1969.500000000	-0.0366977
1969.583333000	-0.0739845
1969.666667000	-0.0997744
1969.750000000	-0.0457909
1969.833333000	-0.0818691
1969.916667000	-0.0807251
1970.000000000	-0.0636743
1970.083333000	-0.0571467
1970.166667000	-0.0568377
1970.250000000	-0.0404126
1970.333333000	-0.0297685
1970.416667000	-0.0129344
1970.500000000	0.0012176
1970.583333000	-0.0217773
1970.666667000	-0.0338924
1970.750000000	0.0197203
1970.833333000	0.0436127
1970.916667000	0.0678373
1971.000000000	0.0514552
1971.083333000	0.0299637
1971.166667000	0.0226859
1971.250000000	0.0137668
1971.333333000	0.0146660
1971.416667000	0.0014513
1971.500000000	-0.0226493
1971.583333000	-0.0230653
1971.666667000	0.0229576
1971.750000000	0.0053050
1971.833333000	0.0110607
1971.916667000	0.0055922
1972.000000000	-0.0162150
1972.083333000	-0.0346586
1972.166667000	-0.0430206
1972.250000000	-0.0419408
1972.333333000	-0.0398196
1972.416667000	-0.0472466
1972.500000000	-0.0596296
1972.583333000	-0.0586176
1972.666667000	-0.0509577
1972.750000000	0.0046209
1972.833333000	0.0115154
1972.916667000	0.0192501
1973.000000000	0.0106056
1973.083333000	-0.0017783
1973.166667000	-0.0053682
1973.250000000	0.0016533
1973.333333000	0.0093028
1973.416667000	0.0114116
1973.500000000	0.0009765
1973.583333000	-0.0117512
1973.666667000	0.0068412
1973.750000000	0.0152211
1973.833333000	0.0248367
1973.916667000	0.0188054
1974.000000000	0.0020449
1974.083333000	-0.0112734
1974.166667000	-0.0160651
1974.250000000	-0.0095231
1974.333333000	-0.0031526
1974.416667000	-0.0019415
1974.500000000	-0.0043495
1974.583333000	0.0025882
1974.666667000	0.0054652
1974.750000000	0.0414264
1974.833333000	0.0454565
1974.916667000	0.0692889
1975.000000000	0.0690565
1975.083333000	0.0569010
1975.166667000	0.0507477
1975.250000000	0.0474372
1975.333333000	0.0512151
1975.416667000	0.0419101
1975.500000000	0.0084692
1975.583333000	-0.0286719
1975.666667000	-0.0052785
1975.750000000	-0.0562825
1975.833333000	-0.1025656
1975.916667000	-0.0832808
1976.000000000	-0.0566236
1976.083333000	-0.0481410
1976.166667000	-0.0481202
1976.250000000	-0.0575917
1976.333333000	-0.0463884
1976.416667000	-0.0277205
1976.500000000	-0.0123178
1976.583333000	-0.0255401
1976.666667000	-0.0633438
1976.750000000	-0.0483451
1976.833333000	-0.0655305
1976.916667000	-0.0842891
1977.000000000	-0.0817612
1977.083333000	-0.0805180
1977.166667000	-0.0804441
1977.250000000	-0.0707146
1977.333333000	-0.0589807
1977.416667000	-0.0393179
1977.500000000	-0.0187836
1977.583333000	-0.0298437
1977.666667000	-0.0657876
1977.750000000	-0.0310496
1977.833333000	-0.0409548
1977.916667000	-0.0743814
1978.000000000	-0.0802504
1978.083333000	-0.0813466
1978.166667000	-0.0806506
1978.250000000	-0.0775184
1978.333333000	-0.0701721
1978.416667000	-0.0572409
1978.500000000	-0.0343398
1978.583333000	-0.0231521
1978.666667000	-0.0606338
1978.750000000	0.0188808
1978.833333000	0.0393252
1978.916667000	0.0341497
1979.000000000	0.0105762
1979.083333000	-0.0079038
1979.166667000	-0.0151302
1979.250000000	-0.0086119
1979.333333000	-0.0062998
1979.416667000	-0.0139081
1979.500000000	-0.0239497
1979.583333000	-0.0091778
1979.666667000	0.0227392
1979.750000000	-0.0110571
1979.833333000	-0.0071304
1979.916667000	-0.0398514
1980.000000000	-0.0667623
1980.083333000	-0.0813831
1980.166667000	-0.0862649
1980.250000000	-0.0827638
1980.333333000	-0.0788961
1980.416667000	-0.0796800
1980.500000000	-0.0747970
1980.583333000	-0.0525209
1980.666667000	-0.0561700
1980.750000000	-0.0153799
1980.833333000	0.0019761
1980.916667000	0.0353599
1981.000000000	0.0469782
1981.083333000	0.0425771
1981.166667000	0.0386229
1981.250000000	0.0399423
1981.333333000	0.0483043
1981.416667000	0.0537491
1981.500000000	0.0438938
1981.583333000	0.0200677
1981.666667000	0.0317599
1981.750000000	0.0062186
1981.833333000	0.0323605
1981.916667000	0.0585718
1982.000000000	0.0549991
1982.083333000	0.0414457
1982.166667000	0.0354225
1982.250000000	0.0291793
1982.333333000	0.0323852
1982.416667000	0.0222841
1982.500000000	-0.0052935
1982.583333000	-0.0211935
1982.666667000	0.0037743
1982.750000000	0.0122727
1982.833333000	0.0087657
1982.916667000	0.0295373
1983.000000000	0.0351656
1983.083333000	0.0281548
1983.166667000	0.0243685
1983.250000000	0.0274240
1983.333333000	0.0336460
1983.416667000	0.0351013
1983.500000000	0.0199077
1983.583333000	-0.0176348
1983.666667000	-0.0252733
1983.750000000	0.0415262
1983.833333000	0.0373260
1983.916667000	0.0066732
1984.000000000	-0.0184019
1984.083333000	-0.0332943
1984.166667000	-0.0371623
1984.250000000	-0.0347328
1984.333333000	-0.0271947
1984.416667000	-0.0210575
1984.500000000	-0.0159409
1984.583333000	-0.0147443
1984.666667000	-0.0243870
1984.750000000	0.0107053
1984.833333000	0.0086012
1984.916667000	-0.0202319
1985.000000000	-0.0400791
1985.083333000	-0.0512182
1985.166667000	-0.0552305
1985.250000000	-0.0504160
1985.333333000	-0.0428753
1985.416667000	-0.0330254
1985.500000000	-0.0157554
1985.583333000	0.0011256
1985.666667000	-0.0153938
1985.750000000	-0.0068407
1985.833333000	0.0048745
1985.916667000	-0.0032477
1986.000000000	-0.0218277
1986.083333000	-0.0364072
1986.166667000	-0.0415876
1986.250000000	-0.0361351
1986.333333000	-0.0311532
1986.416667000	-0.0331068
1986.500000000	-0.0386541
1986.583333000	-0.0317861
1986.666667000	-0.0240094
1986.750000000	-0.0141536
1986.833333000	0.0269692
1986.916667000	0.0509023
1987.000000000	0.0395042
1987.083333000	0.0226167
1987.166667000	0.0158226
1987.250000000	0.0110195
1987.333333000	0.0137023
1987.416667000	0.0046126
1987.500000000	-0.0130365
1987.583333000	-0.0060168
1987.666667000	0.0340307
1987.750000000	0.0109442
1987.833333000	0.0242215
1987.916667000	0.0366634
1988.000000000	0.0308060
1988.083333000	0.0185223
1988.166667000	0.0128694
1988.250000000	0.0191689
1988.333333000	0.0250493
1988.416667000	0.0228185
1988.500000000	0.0041876
1988.583333000	-0.0192555
1988.666667000	-0.0050067
1988.750000000	0.0167252
1988.833333000	0.0371329
1988.916667000	0.0753013
1989.000000000	0.0860825
1989.083333000	0.0796788
1989.166667000	0.0765959
1989.250000000	0.0780954
1989.333333000	0.0842152
1989.416667000	0.0808283
1989.500000000	0.0545441
1989.583333000	0.0174633
1989.666667000	0.0292094
1989.750000000	0.0257194
1989.833333000	0.0288076
1989.916667000	0.0523464
1990.000000000	0.0659907
1990.083333000	0.0635316
1990.166667000	0.0601850
1990.250000000	0.0651238
1990.333333000	0.0716430
1990.416667000	0.0713111
1990.500000000	0.0495786
1990.583333000	0.0072495
1990.666667000	0.0091145
1990.750000000	-0.0008102
1990.833333000	0.0021795
1990.916667000	-0.0199500
1991.000000000	-0.0393179
1991.083333000	-0.0507578
1991.166667000	-0.0545759
1991.250000000	-0.0508466
1991.333333000	-0.0430915
1991.416667000	-0.0338945
1991.500000000	-0.0180748
1991.583333000	0.0028622
1991.666667000	0.0105420
1991.750000000	-0.0171452
1991.833333000	-0.0165596
1991.916667000	-0.0305983
1992.000000000	-0.0400574
1992.083333000	-0.0491886
1992.166667000	-0.0533879
1992.250000000	-0.0503819
1992.333333000	-0.0432740
1992.416667000	-0.0372868
1992.500000000	-0.0361607
1992.583333000	-0.0497146
1992.666667000	-0.0582387
1992.750000000	-0.0206762
1992.833333000	-0.0237615
1992.916667000	-0.0523802
1993.000000000	-0.0621850
1993.083333000	-0.0660590
1993.166667000	-0.0679858
1993.250000000	-0.0687417
1993.333333000	-0.0610364
1993.416667000	-0.0508675
1993.500000000	-0.0322710
1993.583333000	-0.0110547
1993.666667000	-0.0273777
1993.750000000	-0.0024766
1993.833333000	-0.0280675
1993.916667000	-0.0547700
1994.000000000	-0.0602003
1994.083333000	-0.0614177
1994.166667000	-0.0625385
1994.250000000	-0.0484248
1994.333333000	-0.0381341
1994.416667000	-0.0207631
1994.500000000	0.0028607
1994.583333000	0.0047687
1994.666667000	-0.0501066
1994.750000000	0.0015040
1994.833333000	0.0056195
1994.916667000	0.0350331
1995.000000000	0.0464885
1995.083333000	0.0421260
1995.166667000	0.0393184
1995.250000000	0.0381869
1995.333333000	0.0445949
1995.416667000	0.0467706
1995.500000000	0.0341222
1995.583333000	0.0061284
1995.666667000	-0.0093279
1995.750000000	-0.0141542
1995.833333000	-0.0387436
1995.916667000	-0.0782936
1996.000000000	-0.0883537
1996.083333000	-0.0898013
1996.166667000	-0.0922008
1996.250000000	-0.0794384
1996.333333000	-0.0706012
1996.416667000	-0.0540541
1996.500000000	-0.0230662
1996.583333000	0.0041294
1996.666667000	-0.0270144
1996.750000000	-0.0493504
1996.833333000	-0.0453009
1996.916667000	-0.0266859
1997.000000000	-0.0189742
1997.083333000	-0.0226994
1997.166667000	-0.0250353
1997.250000000	-0.0206237
1997.333333000	-0.0138958
1997.416667000	-0.0089499
1997.500000000	-0.0109654
1997.583333000	-0.0206090
1997.666667000	-0.0069065
1997.750000000	0.0147035
1997.833333000	0.0351900
1997.916667000	0.0502694
1998.000000000	0.0433889
1998.083333000	0.0313753
1998.166667000	0.0250027
1998.250000000	0.0286440
1998.333333000	0.0316894
1998.416667000	0.0256657
1998.500000000	0.0112954
1998.583333000	0.0072823
1998.666667000	0.0247284
1998.750000000	0.0414054
1998.833333000	0.0448988
1998.916667000	0.0513515
1999.000000000	0.0536474
1999.083333000	0.0474081
1999.166667000	0.0435932
1999.250000000	0.0465008
1999.333333000	0.0530211
1999.416667000	0.0556252
1999.500000000	0.0432188
1999.583333000	0.0064858
1999.666667000	-0.0149865
1999.750000000	-0.0332278
1999.833333000	-0.0281230
1999.916667000	-0.0056637
2000.000000000	0.0134788
2000.083333000	0.0160368
2000.166667000	0.0145424
2000.250000000	0.0134548
2000.333333000	0.0230697
2000.416667000	0.0350518
2000.500000000	0.0352343
2000.583333000	0.0005809
2000.666667000	-0.0419587
2000.750000000	0.0140480
2000.833333000	-0.0036236
2000.916667000	-0.0230867
2001.000000000	-0.0297162
2001.083333000	-0.0339312
2001.166667000	-0.0361167
2001.250000000	-0.0237484
2001.333333000	-0.0146532
2001.416667000	-0.0009772
2001.500000000	0.0171015
2001.583333000	0.0220683
2001.666667000	0.0042606
2001.750000000	0.0355206
2001.833333000	0.0453034
2001.916667000	0.0643397
2002.000000000	0.0668006
2002.083333000	0.0586772
2002.166667000	0.0550522
2002.250000000	0.0579478
2002.333333000	0.0633038
2002.416667000	0.0640524
2002.500000000	0.0526053
2002.583333000	0.0234922
2002.666667000	-0.0036865
2002.750000000	-0.0090187
2002.833333000	0.0123935
2002.916667000	-0.0144868
2003.000000000	-0.0390185
2003.083333000	-0.0517023
2003.166667000	-0.0571146
2003.250000000	-0.0529091
2003.333333000	-0.0468221
2003.416667000	-0.0396766
2003.500000000	-0.0199606
2003.583333000	0.0140131
2003.666667000	0.0086124
2003.750000000	0.0247454
2003.833333000	0.0233519
2003.916667000	0.0182785
2004.000000000	0.0317294
2004.083333000	0.0371218
2004.166667000	0.0371785
2004.250000000	0.0475002
2004.333333000	0.0581452
2004.416667000	0.0755088
2004.500000000	0.0897141
2004.583333000	0.0651554
2004.666667000	0.0060062
2004.750000000	0.0466148
2004.833333000	0.0609585
2004.916667000	0.0862329
2005.000000000	0.0698691
2005.083333000	0.0484183
2005.166667000	0.0402306
2005.250000000	0.0480375
2005.333333000	0.0496422
2005.416667000	0.0335121
2005.500000000	-0.0038631
2005.583333000	-0.0212473
2005.666667000	0.0239238
2005.750000000	-0.0388287
2005.833333000	-0.0026515
2005.916667000	0.0047814
2006.000000000	-0.0175110
2006.083333000	-0.0387337
2006.166667000	-0.0471922
2006.250000000	-0.0539600
2006.333333000	-0.0530101
2006.416667000	-0.0634102
2006.500000000	-0.0750209
2006.583333000	-0.0520067
2006.666667000	-0.0055081
2006.750000000	0.0237176
2006.833333000	0.0230148
2006.916667000	0.0537401
2007.000000000	0.0732829
2007.083333000	0.0734418
2007.166667000	0.0704526
2007.250000000	0.0690318
2007.333333000	0.0796133
2007.416667000	0.0918094
2007.500000000	0.0876923
2007.583333000	0.0484894
2007.666667000	0.0390016
2007.750000000	0.0438439
2007.833333000	0.0525738
2007.916667000	0.0769594
2008.000000000	0.0789371
2008.083333000	0.0691671
2008.166667000	0.0655339
2008.250000000	0.0650496
2008.333333000	0.0709281
2008.416667000	0.0665748
2008.500000000	0.0396604
2008.583333000	0.0029046
2008.666667000	0.0018608
2008.750000000	-0.0045887
2008.833333000	-0.0003765
2008.916667000	0.0073780
2009.000000000	0.0037935
2009.083333000	-0.0060314
2009.166667000	-0.0098222
2009.250000000	-0.0094883
2009.333333000	-0.0050532
2009.416667000	-0.0066277
2009.500000000	-0.0152839
2009.583333000	-0.0208448
2009.666667000	-0.0035810
2009.750000000	0.0309446
2009.833333000	0.0395218
2009.916667000	0.0079574
2010.000000000	-0.0128988
2010.083333000	-0.0249264
2010.166667000	-0.0287077
2010.250000000	-0.0250138
2010.333333000	-0.0174853
2010.416667000	-0.0103392
2010.500000000	-0.0023378
2010.583333000	0.0010131
2010.666667000	-0.0090323
2010.750000000	0.0337503
2010.833333000	0.0496735
2010.916667000	0.0559852
2011.000000000	0.0364888
2011.083333000	0.0182847
2011.166667000	0.0120687
2011.250000000	0.0213086
2011.333333000	0.0259138
2011.416667000	0.0210359
2011.500000000	0.0070372
2011.583333000	0.0098183
2011.666667000	0.0472486
2011.750000000	0.0296911
2011.833333000	0.0531150
2011.916667000	0.0846996
2012.000000000	0.0745894
2012.083333000	0.0556371
2012.166667000	0.0481315
2012.250000000	0.0548339
2012.333333000	0.0576057
2012.416667000	0.0447467
2012.500000000	0.0098564
2012.583333000	-0.0142761
2012.666667000	0.0199986
2012.750000000	0.0309445
2012.833333000	0.0456409
2012.916667000	0.0338093
2013.000000000	0.0023337
2013.083333000	-0.0199327
2013.166667000	-0.0281667
2013.250000000	-0.0167875
2013.333333000	-0.0125760
2013.416667000	-0.0196488
2013.500000000	-0.0350413
2013.583333000	-0.0302595
2013.666667000	0.0051374
2013.750000000	-0.0118749
2013.833333000	-0.0233780
2013.916667000	-0.0326048
2014.000000000	-0.0366017
2014.083333000	-0.0424225
2014.166667000	-0.0460056
2014.250000000	-0.0462686
2014.333333000	-0.0372936
2014.416667000	-0.0269925
2014.500000000	-0.0190842
2014.583333000	-0.0220245
2014.666667000	-0.0229981
2014.750000000	0.0006406
2014.833333000	-0.0198722
2014.916667000	-0.0280399
2015.000000000	-0.0200986
2015.083333000	-0.0172069
2015.166667000	-0.0188265
2015.250000000	-0.0030304
2015.333333000	0.0087191
2015.416667000	0.0251338
2015.500000000	0.0351138
2015.583333000	0.0166694
2015.666667000	-0.0161498
2015.750000000	-0.0580598
2015.833333000	-0.0411201
2015.916667000	0.0034462
2016.000000000	0.0217728
2016.083333000	0.0194237
2016.166667000	0.0169679
2016.250000000	0.0212742
2016.333333000	0.0271661
2016.416667000	0.0256200
2016.500000000	0.0043123
2016.583333000	-0.0296060
2016.666667000	-0.0235564
2016.750000000	-0.0071320
2016.833333000	-0.0134583
2016.916667000	-0.0121588
2017.000000000	0.0004168
2017.083333000	0.0040092
2017.166667000	0.0019044
2017.250000000	0.0067097
2017.333333000	0.0148858
2017.416667000	0.0269302
2017.500000000	0.0374690
2017.583333000	0.0243607
2017.666667000	-0.0032957
2017.750000000	0.0722810
2017.833333000	0.0784512
2017.916667000	0.0629651
2018.000000000	0.0340075
2018.083333000	0.0133007
2018.166667000	0.0061725
2018.250000000	0.0092918
2018.333333000	0.0133497
2018.416667000	0.0101634
2018.500000000	0.0057405
2018.583333000	0.0192600
2018.666667000	0.0481285
2018.750000000	0.0043883
2018.833333000	0.0112152
2018.916667000	0.0150581
2019.000000000	0.0053703
2019.083333000	-0.0052569
2019.166667000	-0.0097836
2019.250000000	-0.0067402
2019.333333000	-0.0021394
2019.416667000	-0.0011137
2019.500000000	0.0023169
2019.583333000	0.0206492
2019.666667000	0.0310958
2019.750000000	0.0216438
2019.833333000	0.0189462
2019.916667000	0.0185323
2020.000000000	0.0220415
2020.083333000	0.0210903
2020.166667000	0.0194856
2020.250000000	0.0320135
2020.333333000	0.0423639
2020.416667000	0.0554537
2020.500000000	0.0647929
2020.583333000	0.0584927
2020.666667000	0.0450967
2020.750000000	-0.0013765
2020.833333000	-0.0094622
2020.916667000	0.0086764
2021.000000000	0.0196684
2021.083333000	0.0179617
2021.166667000	0.0155570
2021.250000000	0.0132952
2021.333333000	0.0215118
2021.416667000	0.0295549
2021.500000000	0.0281051
2021.583333000	0.0099386
2021.666667000	-0.0009811
2021.750000000	0.0018400
2021.833333000	0.0380170
2021.916667000	0.0832059
2022.000000000	0.0901081
2022.083333000	0.0795541
2022.166667000	0.0729773
2022.250000000	0.0727114
2022.333333000	0.0751962
2022.416667000	0.0639991
2022.500000000	0.0301183
2022.583333000	-0.0058451
2022.666667000	0.0149699
2022.750000000	0.0213160
2022.833333000	0.0521140
