 1.88554170000000E+03  -5.39260000000000E+00
 1.88562500000000E+03  -4.80421000000000E+01
 1.88570830000000E+03  -7.26082000000000E+01
 1.88579170000000E+03  -8.19158000000000E+01
 1.88587500000000E+03  -9.15811000000000E+01
 1.88595830000000E+03  -8.95980000000000E+01
 1.88604170000000E+03  -7.97311000000000E+01
 1.88612500000000E+03  -7.18131000000000E+01
 1.88620830000000E+03  -6.15106000000000E+01
 1.88629170000000E+03  -7.82077000000000E+01
 1.88637500000000E+03  -7.53666000000000E+01
 1.88645830000000E+03  -6.56793000000000E+01
 1.88654170000000E+03  -8.09148000000000E+01
 1.88662500000000E+03  -7.53814000000000E+01
 1.88670830000000E+03  -6.25402000000000E+01
 1.88679170000000E+03  -5.75448000000000E+01
 1.88687500000000E+03  -5.64728000000000E+01
 1.88695830000000E+03  -4.91700000000000E+01
 1.88704170000000E+03  -4.27131000000000E+01
 1.88712500000000E+03  -4.19487000000000E+01
 1.88720830000000E+03  -4.37997000000000E+01
 1.88729170000000E+03  -4.64196000000000E+01
 1.88737500000000E+03  -4.00397000000000E+01
 1.88745830000000E+03  -4.28137000000000E+01
 1.88754170000000E+03  -5.65104000000000E+01
 1.88762500000000E+03  -8.04382000000000E+01
 1.88770830000000E+03  -1.02135200000000E+02
 1.88779170000000E+03  -1.10447200000000E+02
 1.88787500000000E+03  -1.00067200000000E+02
 1.88795830000000E+03  -9.72257000000000E+01
 1.88804170000000E+03  -8.73838000000000E+01
 1.88812500000000E+03  -8.37730000000000E+01
 1.88820830000000E+03  -8.71621000000000E+01
 1.88829170000000E+03  -8.18586000000000E+01
 1.88837500000000E+03  -7.75554000000000E+01
 1.88845830000000E+03  -7.17137000000000E+01
 1.88854170000000E+03  -7.79486000000000E+01
 1.88862500000000E+03  -8.44145000000000E+01
 1.88870830000000E+03  -7.47266000000000E+01
 1.88879170000000E+03  -7.31153000000000E+01
 1.88887500000000E+03  -6.58119000000000E+01
 1.88895830000000E+03  -6.78931000000000E+01
 1.88904170000000E+03  -6.12817000000000E+01
 1.88912500000000E+03  -5.64398000000000E+01
 1.88920830000000E+03  -6.36748000000000E+01
 1.88929170000000E+03  -7.28326000000000E+01
 1.88937500000000E+03  -7.60675000000000E+01
 1.88945830000000E+03  -7.95332000000000E+01
 1.88954170000000E+03  -6.77678000000000E+01
 1.88962500000000E+03  -8.13104000000000E+01
 1.88970830000000E+03  -7.53914000000000E+01
 1.88979170000000E+03  -7.49336000000000E+01
 1.88987500000000E+03  -6.64761000000000E+01
 1.88995830000000E+03  -5.77109000000000E+01
 1.89004170000000E+03  -4.20992000000000E+01
 1.89012500000000E+03  -3.47185000000000E+01
 1.89020830000000E+03  -4.27224000000000E+01
 1.89029170000000E+03  -3.08030000000000E+01
 1.89037500000000E+03  -2.68838000000000E+01
 1.89045830000000E+03  -4.91184000000000E+01
 1.89054170000000E+03  -3.73527000000000E+01
 1.89062500000000E+03  -5.09719000000000E+01
 1.89070830000000E+03  -3.02064000000000E+01
 1.89079170000000E+03  -2.39791000000000E+01
 1.89087500000000E+03  -1.23675000000000E+01
 1.89095830000000E+03   3.21200000000000E-01
 1.91412500000000E+03   5.97447000000000E+01
 1.91420830000000E+03   5.31326000000000E+01
 1.91429170000000E+03   6.97515000000000E+01
 1.91437500000000E+03   6.25240000000000E+01
 1.91445830000000E+03   4.29119000000000E+01
 1.91454170000000E+03   3.97617000000000E+01
 1.91479170000000E+03   5.36183000000000E+01
 1.91487500000000E+03   3.00064000000000E+01
 1.91495830000000E+03   2.43175000000000E+01
 1.91504170000000E+03   1.69367000000000E+01
 1.91512500000000E+03  -2.21370000000000E+00
 1.91520830000000E+03   1.93283000000000E+01
 1.91529170000000E+03   1.63322000000000E+01
 1.91537500000000E+03   5.41270000000000E+00
 1.91545830000000E+03  -5.89140000000000E+00
 1.91587500000000E+03  -3.44878000000000E+01
 1.91595830000000E+03  -2.62533000000000E+01
 1.91604170000000E+03  -1.34800000000000E+01
 1.91612500000000E+03  -6.55310000000000E+00
 1.91620830000000E+03  -3.85690000000000E+00
 1.91629170000000E+03   1.17626000000000E+01
 1.91637500000000E+03   2.78434000000000E+01
 1.91645830000000E+03   3.36934000000000E+01
 1.91654170000000E+03   3.46207000000000E+01
 1.91662500000000E+03   3.70160000000000E+00
 1.91670830000000E+03  -1.24482000000000E+01
 1.91679170000000E+03  -4.21320000000000E+00
 1.91687500000000E+03  -1.13630000000000E+01
 1.91695830000000E+03  -6.20510000000000E+00
 1.91704170000000E+03  -1.18930000000000E+01
 1.91712500000000E+03  -1.51197000000000E+01
 1.91720830000000E+03   2.03830000000000E+00
 1.91729170000000E+03   1.96581000000000E+01
 1.91737500000000E+03   2.90469000000000E+01
 1.91745830000000E+03   2.14357000000000E+01
 1.91754170000000E+03   2.18249000000000E+01
 1.91762500000000E+03   2.39830000000000E+01
 1.91770830000000E+03   8.91030000000000E+00
 1.91779170000000E+03   1.00688000000000E+01
 1.91787500000000E+03   1.97654000000000E+01
 1.91795830000000E+03   3.43082000000000E+01
 1.91812500000000E+03   5.28558000000000E+01
 1.91820830000000E+03   6.19371000000000E+01
 1.91829170000000E+03   6.15572000000000E+01
 1.91837500000000E+03   4.70232000000000E+01
 1.91845830000000E+03   1.51047000000000E+01
 1.91854170000000E+03  -1.73520000000000E+01
 1.91870830000000E+03  -3.39583000000000E+01
 1.91879170000000E+03  -4.70303000000000E+01
 1.91887500000000E+03  -4.91795000000000E+01
 1.91895830000000E+03  -2.56364000000000E+01
 1.91904170000000E+03  -1.03238000000000E+01
 1.91912500000000E+03  -1.16520000000000E+00
 1.91920830000000E+03   1.13780000000000E+01
 1.91929170000000E+03  -1.17708000000000E+01
 1.91937500000000E+03  -3.02276000000000E+01
 1.91945830000000E+03  -3.69151000000000E+01
 1.91954170000000E+03  -3.39100000000000E+01
 1.91962500000000E+03  -1.59051000000000E+01
 1.91970830000000E+03   1.48440000000000E+00
 1.91979170000000E+03   9.72030000000000E+00
 1.91987500000000E+03   2.31099000000000E+01
 1.91995830000000E+03   3.83456000000000E+01
 1.92004170000000E+03   5.66585000000000E+01
 1.92012500000000E+03   6.32020000000000E+01
 1.92020830000000E+03   5.41301000000000E+01
 1.92029170000000E+03   2.92124000000000E+01
 1.92037500000000E+03   4.10636000000000E+01
 1.92045830000000E+03   4.69918000000000E+01
 1.92054170000000E+03   6.85356000000000E+01
 1.92062500000000E+03   5.05408000000000E+01
 1.92070830000000E+03   5.39306000000000E+01
 1.92079170000000E+03   4.29361000000000E+01
 1.92087500000000E+03   4.17105000000000E+01
 1.92095830000000E+03   3.37158000000000E+01
 1.92104170000000E+03   3.97983000000000E+01
 1.92112500000000E+03   2.54959000000000E+01
 1.92120830000000E+03   2.95781000000000E+01
 1.92129170000000E+03   2.43530000000000E+01
 1.92137500000000E+03   5.65891000000000E+01
 1.92145830000000E+03   4.16715000000000E+01
 1.92162500000000E+03   4.20672000000000E+01
 1.92170830000000E+03   1.73804000000000E+01
 1.92179170000000E+03   8.54000000000000E+00
 1.92187500000000E+03  -2.53140000000000E+00
 1.92195830000000E+03   7.39730000000000E+00
 1.92204170000000E+03   2.17877000000000E+01
 1.92212500000000E+03   2.61779000000000E+01
 1.92220830000000E+03   1.65682000000000E+01
 1.92229170000000E+03   2.18049000000000E+01
 1.92237500000000E+03   1.91182000000000E+01
 1.92245830000000E+03   3.30470000000000E+01
 1.92254170000000E+03  -2.17770000000000E+00
 1.92270830000000E+03  -1.63201000000000E+01
 1.92279170000000E+03  -2.84678000000000E+01
 1.92287500000000E+03  -1.77697000000000E+01
 1.92295830000000E+03   5.92850000000000E+00
 1.92304170000000E+03   1.86269000000000E+01
 1.92312500000000E+03   3.14021000000000E+01
 1.92320830000000E+03   4.36387000000000E+01
 1.92329170000000E+03   5.97988000000000E+01
 1.92337500000000E+03   6.69586000000000E+01
 1.92354170000000E+03   5.44325000000000E+01
 1.92362500000000E+03   4.12078000000000E+01
 1.92370830000000E+03   2.38292000000000E+01
 1.92379170000000E+03   3.80664000000000E+01
 1.92387500000000E+03   6.02263000000000E+01
 1.92395830000000E+03   9.20017000000000E+01
 1.92412500000000E+03   1.06322100000000E+02
 1.92420830000000E+03   1.27328300000000E+02
 1.92429170000000E+03   1.33104000000000E+02
 1.92437500000000E+03   1.24956500000000E+02
 1.92445830000000E+03   1.22270500000000E+02
 1.92454170000000E+03   1.28584700000000E+02
 1.92462500000000E+03   1.33975700000000E+02
 1.92470830000000E+03   1.26366700000000E+02
 1.92479170000000E+03   1.27988800000000E+02
 1.92487500000000E+03   1.31225900000000E+02
 1.92495830000000E+03   1.30693900000000E+02
 1.92504170000000E+03   1.41316100000000E+02
 1.92512500000000E+03   1.40014900000000E+02
 1.92520830000000E+03   1.34329100000000E+02
 1.92529170000000E+03   1.15105100000000E+02
 1.92537500000000E+03   1.14419400000000E+02
 1.92545830000000E+03   1.13118300000000E+02
 1.92562500000000E+03   8.91319000000000E+01
 1.92570830000000E+03   6.49077000000000E+01
 1.92579170000000E+03   4.77609000000000E+01
 1.92587500000000E+03   5.61522000000000E+01
 1.92595830000000E+03   6.33897000000000E+01
 1.92604170000000E+03   8.23968000000000E+01
 1.92612500000000E+03   9.82497000000000E+01
 1.92620830000000E+03   1.00871900000000E+02
 1.92629170000000E+03   1.11879100000000E+02
 1.92637500000000E+03   1.19885900000000E+02
 1.92645830000000E+03   1.37739000000000E+02
 1.92662500000000E+03   1.21522300000000E+02
 1.92670830000000E+03   1.14144700000000E+02
 1.92679170000000E+03   1.25228900000000E+02
 1.92687500000000E+03   1.25697400000000E+02
 1.92695830000000E+03   1.45473700000000E+02
 1.92704170000000E+03   1.64788800000000E+02
 1.92712500000000E+03   1.73411200000000E+02
 1.92720830000000E+03   1.79495300000000E+02
 1.92729170000000E+03   1.70656600000000E+02
 1.92737500000000E+03   1.44663700000000E+02
 1.92745830000000E+03   1.24440100000000E+02
 1.92762500000000E+03   1.06993300000000E+02
 1.92770830000000E+03   6.43083000000000E+01
 1.92779170000000E+03   5.03159000000000E+01
 1.92787500000000E+03   3.68616000000000E+01
 1.92795830000000E+03   3.37921000000000E+01
 1.92804170000000E+03   4.33382000000000E+01
 1.92812500000000E+03   3.61148000000000E+01
 1.92820830000000E+03   2.89684000000000E+01
 1.92829170000000E+03   2.66684000000000E+01
 1.92837500000000E+03   8.90660000000000E+00
 1.92845830000000E+03  -1.63936000000000E+01
 1.92862500000000E+03  -3.16090000000000E+01
 1.92870830000000E+03  -4.63707000000000E+01
 1.92879170000000E+03  -5.84397000000000E+01
 1.92887500000000E+03  -4.80475000000000E+01
 1.92895830000000E+03  -2.72706000000000E+01
 1.92904170000000E+03  -1.57040000000000E+00
 1.92912500000000E+03   4.97580000000000E+00
 1.92920830000000E+03   1.84450000000000E+01
 1.92929170000000E+03   3.35300000000000E+01
 1.92937500000000E+03   5.09993000000000E+01
 1.92945830000000E+03   6.61609000000000E+01
 1.92954170000000E+03   5.32459000000000E+01
 1.92970830000000E+03   7.82616000000000E+01
 1.92979170000000E+03   9.61929000000000E+01
 1.92987500000000E+03   1.04277700000000E+02
 1.92995830000000E+03   1.14978000000000E+02
 1.93004170000000E+03   1.28986200000000E+02
 1.93012500000000E+03   1.19686500000000E+02
 1.93020830000000E+03   1.26002200000000E+02
 1.93029170000000E+03   1.31933600000000E+02
 1.93037500000000E+03   1.09249400000000E+02
 1.93045830000000E+03   8.74113000000000E+01
 1.93062500000000E+03   5.82740000000000E+01
 1.93070830000000E+03   1.59744000000000E+01
 1.93079170000000E+03   1.15983000000000E+01
 1.93087500000000E+03  -2.39350000000000E+00
 1.93095830000000E+03   1.07686000000000E+01
 1.93104170000000E+03   1.53925000000000E+01
 1.93112500000000E+03   8.55460000000000E+00
 1.93120830000000E+03   1.49476000000000E+01
 1.93129170000000E+03   2.14946000000000E+01
 1.93137500000000E+03   2.13492000000000E+01
 1.93145830000000E+03   2.68191000000000E+01
 1.93162500000000E+03   1.89901000000000E+01
 1.93170830000000E+03   1.16908000000000E+01
 1.93179170000000E+03   1.34688000000000E+01
 1.93187500000000E+03   1.93235000000000E+01
 1.93195830000000E+03   2.44089000000000E+01
 1.93204170000000E+03   3.74178000000000E+01
 1.93212500000000E+03   5.25802000000000E+01
 1.93220830000000E+03   6.52811000000000E+01
 1.93229170000000E+03   7.98285000000000E+01
 1.93237500000000E+03   7.52987000000000E+01
 1.93245830000000E+03   7.83843000000000E+01
 1.93262500000000E+03   6.73251000000000E+01
 1.93270830000000E+03   3.97185000000000E+01
 1.93279170000000E+03   3.86506000000000E+01
 1.93287500000000E+03   3.48133000000000E+01
 1.93295830000000E+03   3.07452000000000E+01
 1.93304170000000E+03   5.25236000000000E+01
 1.93312500000000E+03   5.66094000000000E+01
 1.93320830000000E+03   5.10798000000000E+01
 1.93329170000000E+03   1.91659000000000E+01
 1.93337500000000E+03  -7.82510000000000E+00
 1.93345830000000E+03  -2.97000000000000E+00
 1.93362500000000E+03  -5.33630000000000E+00
 1.93370830000000E+03  -1.94041000000000E+01
 1.93379170000000E+03  -3.85486000000000E+01
 1.93387500000000E+03  -3.06164000000000E+01
 1.93395830000000E+03  -2.27611000000000E+01
 1.93404170000000E+03  -1.21363000000000E+01
 1.93412500000000E+03   1.71900000000000E+00
 1.93420830000000E+03   9.59000000000000E-01
 1.93429170000000E+03   2.66608000000000E+01
 1.93437500000000E+03   2.75931000000000E+01
 1.93445830000000E+03   3.79870000000000E+01
 1.93454170000000E+03   4.68428000000000E+01
 1.93462500000000E+03   4.78521000000000E+01
 1.93470830000000E+03   2.80922000000000E+01
 1.93479170000000E+03   2.61788000000000E+01
 1.93487500000000E+03   2.54190000000000E+01
 1.93495830000000E+03   2.57361000000000E+01
 1.93504170000000E+03   3.47459000000000E+01
 1.93512500000000E+03   3.97553000000000E+01
 1.93520830000000E+03   4.48418000000000E+01
 1.93529170000000E+03   5.96208000000000E+01
 1.93537500000000E+03   4.42457000000000E+01
 1.93545830000000E+03   4.80245000000000E+01
 1.93554170000000E+03   5.63421000000000E+01
 1.93562500000000E+03   4.74287000000000E+01
 1.93570830000000E+03   1.21306000000000E+01
 1.93579170000000E+03   1.32175000000000E+01
 1.93587500000000E+03   1.61180000000000E+00
 1.93595830000000E+03   1.40831000000000E+01
 1.93604170000000E+03   2.24778000000000E+01
 1.93612500000000E+03   2.35645000000000E+01
 1.93620830000000E+03   1.31127000000000E+01
 1.93629170000000E+03   5.96900000000000E+00
 1.93637500000000E+03  -1.27904000000000E+01
 1.93645830000000E+03   5.91180000000000E+00
 1.93654170000000E+03  -7.53960000000000E+00
 1.93662500000000E+03  -1.62989000000000E+01
 1.93670830000000E+03  -2.42889000000000E+01
 1.93679170000000E+03  -2.01248000000000E+01
 1.93687500000000E+03  -1.46533000000000E+01
 1.93695830000000E+03   1.04337000000000E+01
 1.93704170000000E+03   1.81363000000000E+01
 1.93712500000000E+03   4.06950000000000E+00
 1.93720830000000E+03   8.23340000000000E+00
 1.93729170000000E+03   1.55515000000000E+01
 1.93737500000000E+03   9.02320000000000E+00
 1.93745830000000E+03  -1.54282000000000E+01
 1.93754170000000E+03  -2.92638000000000E+01
 1.93762500000000E+03  -2.60228000000000E+01
 1.93770830000000E+03  -1.13203000000000E+01
 1.93779170000000E+03   2.07490000000000E+00
 1.93787500000000E+03   1.20852000000000E+01
 1.93795830000000E+03   2.70955000000000E+01
 1.93804170000000E+03   2.67215000000000E+01
 1.93812500000000E+03   2.58088000000000E+01
 1.93820830000000E+03   3.29731000000000E+01
 1.93829170000000E+03   4.09069000000000E+01
 1.93837500000000E+03   7.03019000000000E+01
 1.93845830000000E+03   6.95432000000000E+01
 1.93854170000000E+03   7.16309000000000E+01
 1.93862500000000E+03   4.19491000000000E+01
 1.93870830000000E+03   3.50366000000000E+01
 1.93879170000000E+03   1.12013000000000E+01
 1.93887500000000E+03   4.05800000000000E+00
 1.93895830000000E+03   3.22250000000000E+00
 1.94004170000000E+03   4.90270000000000E+00
 1.94012500000000E+03   8.75980000000000E+00
 1.94020830000000E+03   2.15401000000000E+01
 1.94029170000000E+03   1.47052000000000E+01
 1.94037500000000E+03   8.63930000000000E+00
 1.94045830000000E+03  -1.99650000000000E+01
 1.94054170000000E+03  -4.18767000000000E+01
 1.94062500000000E+03  -4.24809000000000E+01
 1.94070830000000E+03  -3.83929000000000E+01
 1.94079170000000E+03  -4.96891000000000E+01
 1.94087500000000E+03  -5.65241000000000E+01
 1.94095830000000E+03  -4.78975000000000E+01
 1.94104170000000E+03  -4.42706000000000E+01
 1.94112500000000E+03  -4.19516000000000E+01
 1.94120830000000E+03  -5.74018000000000E+01
 1.94129170000000E+03  -7.74672000000000E+01
 1.94137500000000E+03  -9.23020000000000E+01
 1.94145830000000E+03  -1.01675200000000E+02
 1.94154170000000E+03  -1.27048200000000E+02
 1.94162500000000E+03  -1.34421400000000E+02
 1.94170830000000E+03  -1.41871500000000E+02
 1.94179170000000E+03  -1.43552000000000E+02
 1.94187500000000E+03  -1.29771300000000E+02
 1.94195830000000E+03  -1.13836700000000E+02
 1.94204170000000E+03  -1.05594100000000E+02
 1.94212500000000E+03  -9.88133000000000E+01
 1.94220830000000E+03  -9.52632000000000E+01
 1.94229170000000E+03  -6.97898000000000E+01
 1.94237500000000E+03  -6.20859000000000E+01
 1.94245830000000E+03  -3.62280000000000E+01
 1.94254170000000E+03  -4.69084000000000E+01
 1.94262500000000E+03  -5.74280000000000E+00
 1.94270830000000E+03   1.92689000000000E+01
 1.94279170000000E+03   5.80502000000000E+01
 1.94287500000000E+03   7.67543000000000E+01
 1.94295830000000E+03   8.86892000000000E+01
 1.94304170000000E+03   9.73936000000000E+01
 1.94312500000000E+03   1.03867000000000E+02
 1.94320830000000E+03   1.11725100000000E+02
 1.94329170000000E+03   1.13198800000000E+02
 1.94337500000000E+03   1.01672300000000E+02
 1.94345830000000E+03   9.69920000000000E+01
 1.94354170000000E+03   1.02850400000000E+02
 1.94362500000000E+03   9.88624000000000E+01
 1.94370830000000E+03   7.57975000000000E+01
 1.94379170000000E+03   7.31176000000000E+01
 1.94387500000000E+03   5.00527000000000E+01
 1.94395830000000E+03   5.33725000000000E+01
 1.94404170000000E+03   5.51542000000000E+01
 1.94412500000000E+03   5.55510000000000E+01
 1.94420830000000E+03   5.59478000000000E+01
 1.94429170000000E+03   5.01910000000000E+01
 1.94437500000000E+03   3.80494000000000E+01
 1.94445830000000E+03   3.41386000000000E+01
 1.94454170000000E+03   3.19974000000000E+01
 1.94462500000000E+03   1.71635000000000E+01
 1.94470830000000E+03   2.57912000000000E+01
 1.94479170000000E+03   4.58808000000000E+01
 1.94487500000000E+03   5.88932000000000E+01
 1.94512500000000E+03   6.90077000000000E+01
 1.94520830000000E+03   6.75587000000000E+01
 1.94529170000000E+03   6.97253000000000E+01
 1.94537500000000E+03   5.79686000000000E+01
 1.94545830000000E+03   4.93658000000000E+01
 1.94554170000000E+03   4.43017000000000E+01
 1.94562500000000E+03   4.49297000000000E+01
 1.94570830000000E+03   2.94039000000000E+01
 1.94579170000000E+03   3.71861000000000E+01
 1.94587500000000E+03   3.01218000000000E+01
 1.94595830000000E+03   4.49807000000000E+01
 1.94604170000000E+03   3.91476000000000E+01
 1.94612500000000E+03   4.73911000000000E+01
 1.94620830000000E+03   6.34039000000000E+01
 1.94629170000000E+03   5.59554000000000E+01
 1.94637500000000E+03   5.44298000000000E+01
 1.94645830000000E+03   5.72888000000000E+01
 1.94654170000000E+03   4.22251000000000E+01
 1.94662500000000E+03   1.50072000000000E+01
 1.94670830000000E+03  -1.05680000000000E+00
 1.94679170000000E+03   1.28796000000000E+01
 1.94687500000000E+03  -7.95360000000000E+00
 1.94695830000000E+03  -2.63290000000000E+00
 1.94704170000000E+03  -1.36965000000000E+01
 1.94712500000000E+03  -2.82219000000000E+01
 1.94720830000000E+03  -3.31319000000000E+01
 1.94729170000000E+03  -5.08878000000000E+01
 1.94737500000000E+03  -4.43362000000000E+01
 1.94745830000000E+03  -5.60922000000000E+01
 1.94754170000000E+03  -6.13095000000000E+01
 1.94762500000000E+03  -6.19886000000000E+01
 1.94770830000000E+03  -3.96677000000000E+01
 1.94779170000000E+03  -2.85003000000000E+01
 1.94787500000000E+03  -3.87947000000000E+01
 1.94795830000000E+03  -1.83199000000000E+01
 1.94804170000000E+03  -8.07550000000000E+00
 1.94812500000000E+03   7.84000000000000E-01
 1.94820830000000E+03   2.72589000000000E+01
 1.94829170000000E+03   3.40419000000000E+01
 1.94837500000000E+03   4.40553000000000E+01
 1.94845830000000E+03   5.35303000000000E+01
 1.94854170000000E+03   7.65441000000000E+01
 1.94862500000000E+03   1.02865200000000E+02
 1.94870830000000E+03   1.10109500000000E+02
 1.94879170000000E+03   1.26815700000000E+02
 1.94887500000000E+03   1.18598500000000E+02
 1.94895830000000E+03   1.17073700000000E+02
 1.94904170000000E+03   1.01318300000000E+02
 1.94912500000000E+03   9.31012000000000E+01
 1.94920830000000E+03   7.24995000000000E+01
 1.94929170000000E+03   5.85904000000000E+01
 1.94937500000000E+03   3.82965000000000E+01
 1.94945830000000E+03   3.95410000000000E+01
 1.94954170000000E+03   8.01660000000000E+00
 1.94962500000000E+03  -1.24311000000000E+01
 1.94970830000000E+03  -4.25712000000000E+01
 1.94979170000000E+03  -4.38647000000000E+01
 1.94987500000000E+03  -7.41585000000000E+01
 1.94995830000000E+03  -6.33754000000000E+01
 1.95004170000000E+03  -5.68996000000000E+01
 1.95012500000000E+03  -4.90395000000000E+01
 1.95020830000000E+03  -3.63332000000000E+01
 1.95029170000000E+03  -2.30882000000000E+01
 1.95037500000000E+03  -3.76126000000000E+01
 1.95045830000000E+03  -4.52909000000000E+01
 1.95054170000000E+03  -7.34303000000000E+01
 1.95062500000000E+03  -7.44162000000000E+01
 1.95070830000000E+03  -8.90944000000000E+01
 1.95079170000000E+03  -8.70800000000000E+01
 1.95087500000000E+03  -1.00219700000000E+02
 1.95095830000000E+03  -9.13593000000000E+01
 1.95104170000000E+03  -9.28832000000000E+01
 1.95112500000000E+03  -8.75613000000000E+01
 1.95120830000000E+03  -8.43163000000000E+01
 1.95129170000000E+03  -9.82247000000000E+01
 1.95137500000000E+03  -9.80566000000000E+01
 1.95145830000000E+03  -6.23499000000000E+01
 1.95154170000000E+03  -4.61045000000000E+01
 1.95162500000000E+03  -3.09362000000000E+01
 1.95170830000000E+03  -2.49987000000000E+01
 1.95179170000000E+03  -1.07532000000000E+01
 1.95187500000000E+03  -6.81570000000000E+00
 1.95195830000000E+03   2.63527000000000E+01
 1.95204170000000E+03   4.09059000000000E+01
 1.95212500000000E+03   5.13820000000000E+01
 1.95220830000000E+03   5.92428000000000E+01
 1.95229170000000E+03   5.70269000000000E+01
 1.95237500000000E+03   5.48107000000000E+01
 1.95245830000000E+03   4.91331000000000E+01
 1.95254170000000E+03   2.73788000000000E+01
 1.95262500000000E+03   9.62430000000000E+00
 1.95270830000000E+03   3.56210000000000E+00
 1.95279170000000E+03   1.58848000000000E+01
 1.95287500000000E+03   1.70534000000000E+01
 1.95295830000000E+03   1.72990000000000E+01
 1.95304170000000E+03   1.70833000000000E+01
 1.95312500000000E+03   2.51751000000000E+01
 1.95320830000000E+03   2.62669000000000E+01
 1.95329170000000E+03   2.40513000000000E+01
 1.95337500000000E+03   4.60662000000000E+01
 1.95345830000000E+03   5.73120000000000E+01
 1.95354170000000E+03   4.72503000000000E+01
 1.95362500000000E+03   2.10345000000000E+01
 1.95370830000000E+03   2.32034000000000E+01
 1.95379170000000E+03   1.91418000000000E+01
 1.95387500000000E+03   3.08000000000000E+00
 1.95395830000000E+03   1.31720000000000E+01
 1.95404170000000E+03   2.78797000000000E+01
 1.95412500000000E+03   2.59718000000000E+01
 1.95420830000000E+03   3.62946000000000E+01
 1.95429170000000E+03   4.35409000000000E+01
 1.95437500000000E+03   4.26330000000000E+01
 1.95445830000000E+03   3.84944000000000E+01
 1.95454170000000E+03   3.08946000000000E+01
 1.95462500000000E+03   2.93714000000000E+01
 1.95470830000000E+03   3.38483000000000E+01
 1.95479170000000E+03   3.04793000000000E+01
 1.95487500000000E+03   4.47254000000000E+01
 1.95495830000000E+03   6.25101000000000E+01
 1.95504170000000E+03   5.26796000000000E+01
 1.95512500000000E+03   5.17720000000000E+01
 1.95520830000000E+03   5.06336000000000E+01
 1.95529170000000E+03   2.90340000000000E+01
 1.95537500000000E+03   1.96649000000000E+01
 1.95545830000000E+03   1.18343000000000E+01
 1.95562500000000E+03  -3.18265000000000E+01
 1.95570830000000E+03  -4.91955000000000E+01
 1.95579170000000E+03  -4.91027000000000E+01
 1.95587500000000E+03  -3.14716000000000E+01
 1.95595830000000E+03  -1.44559000000000E+01
 1.95604170000000E+03  -1.58245000000000E+01
 1.95612500000000E+03  -6.11650000000000E+00
 1.95620830000000E+03   8.28390000000000E+00
 1.95629170000000E+03  -8.53900000000000E-01
 1.95637500000000E+03  -6.60730000000000E+00
 1.95645830000000E+03  -2.89910000000000E+00
 1.95654170000000E+03  -1.07291000000000E+01
 1.95662500000000E+03  -1.74825000000000E+01
 1.95679170000000E+03  -6.75800000000000E+00
 1.95687500000000E+03  -3.58820000000000E+00
 1.95695830000000E+03   5.50470000000000E+00
 1.95704170000000E+03   5.36720000000000E+00
 1.95712500000000E+03   8.76780000000000E+00
 1.95720830000000E+03   2.10916000000000E+01
 1.95729170000000E+03   2.81849000000000E+01
 1.95737500000000E+03   2.13548000000000E+01
 1.95745830000000E+03   2.94479000000000E+01
 1.95754170000000E+03   1.98490000000000E+01
 1.95762500000000E+03   4.71130000000000E+00
 1.95770830000000E+03  -1.94263000000000E+01
 1.95779170000000E+03  -2.65636000000000E+01
 1.95787500000000E+03  -1.47781000000000E+01
 1.95795830000000E+03  -6.45410000000000E+00
 1.95804170000000E+03  -3.66830000000000E+00
 1.95812500000000E+03   1.11730000000000E+00
 1.95820830000000E+03  -6.63560000000000E+00
 1.95829170000000E+03  -8.77280000000000E+00
 1.95837500000000E+03  -2.15256000000000E+01
 1.95845830000000E+03  -2.74322000000000E+01
 1.95854170000000E+03  -3.81847000000000E+01
 1.95862500000000E+03  -4.11682000000000E+01
 1.95870830000000E+03  -4.21517000000000E+01
 1.95879170000000E+03  -2.27503000000000E+01
 1.95887500000000E+03  -1.93491000000000E+01
 1.95895830000000E+03  -1.54094000000000E+01
 1.95904170000000E+03  -8.70020000000000E+00
 1.95912500000000E+03  -1.12220000000000E+01
 1.95920830000000E+03  -1.93592000000000E+01
 1.95929170000000E+03  -1.66499000000000E+01
 1.95937500000000E+03  -3.31717000000000E+01
 1.95945830000000E+03  -4.39242000000000E+01
 1.95954170000000E+03  -5.72917000000000E+01
 1.95962500000000E+03  -7.35826000000000E+01
 1.95970830000000E+03  -9.27197000000000E+01
 1.95979170000000E+03  -1.00241000000000E+02
 1.95987500000000E+03  -1.13916500000000E+02
 1.95995830000000E+03  -1.02207300000000E+02
 1.96004170000000E+03  -1.03343900000000E+02
 1.96012500000000E+03  -1.05096200000000E+02
 1.96020830000000E+03  -1.07079200000000E+02
 1.96029170000000E+03  -1.21062000000000E+02
 1.96037500000000E+03  -1.24814200000000E+02
 1.96045830000000E+03  -1.23258700000000E+02
 1.96054170000000E+03  -1.27087500000000E+02
 1.96062500000000E+03  -1.14685800000000E+02
 1.96070830000000E+03  -9.13610000000000E+01
 1.96079170000000E+03  -7.44974000000000E+01
 1.96087500000000E+03  -6.43264000000000E+01
 1.96095830000000E+03  -4.28477000000000E+01
 1.96104170000000E+03  -3.92148000000000E+01
 1.96112500000000E+03  -3.10437000000000E+01
 1.96120830000000E+03  -2.62572000000000E+01
 1.96129170000000E+03  -1.33166000000000E+01
 1.96137500000000E+03   9.23920000000000E+00
 1.96145830000000E+03   1.44104000000000E+01
 1.96154170000000E+03   2.88896000000000E+01
 1.96162500000000E+03   3.42146000000000E+01
 1.96170830000000E+03   2.00782000000000E+01
 1.96179170000000E+03   7.88200000000000E-01
 1.96187500000000E+03   2.11340000000000E+00
 1.96195830000000E+03   9.36160000000000E+00
 1.96204170000000E+03   3.61020000000000E+00
 1.96212500000000E+03   1.28585000000000E+01
 1.96220830000000E+03   1.14145000000000E+01
 1.96229170000000E+03   1.61247000000000E+01
 1.96237500000000E+03  -1.15000000000000E-02
 1.96245830000000E+03  -9.14770000000000E+00
 1.96254170000000E+03  -3.54375000000000E+01
 1.96262500000000E+03  -6.83429000000000E+01
 1.96270830000000E+03  -8.34790000000000E+01
 1.96279170000000E+03  -8.43071000000000E+01
 1.96287500000000E+03  -7.65971000000000E+01
 1.96295830000000E+03  -7.24255000000000E+01
 1.96304170000000E+03  -6.88689000000000E+01
 1.96312500000000E+03  -6.59280000000000E+01
 1.96320830000000E+03  -6.99101000000000E+01
 1.96329170000000E+03  -6.44304000000000E+01
 1.96337500000000E+03  -6.66433000000000E+01
 1.96345830000000E+03  -6.07792000000000E+01
 1.96354170000000E+03  -6.13763000000000E+01
 1.96362500000000E+03  -4.80507000000000E+01
 1.96370830000000E+03  -4.88019000000000E+01
 1.96379170000000E+03  -4.10143000000000E+01
 1.96387500000000E+03  -2.79194000000000E+01
 1.96395830000000E+03  -2.12859000000000E+01
 1.96404170000000E+03  -9.34440000000000E+00
 1.96412500000000E+03  -1.24032000000000E+01
 1.96420830000000E+03  -8.69280000000000E+00
 1.96429170000000E+03  -1.91358000000000E+01
 1.96437500000000E+03  -2.19638000000000E+01
 1.96445830000000E+03  -2.38686000000000E+01
 1.96454170000000E+03  -2.40809000000000E+01
 1.96462500000000E+03  -2.89857000000000E+01
 1.96470830000000E+03  -2.95827000000000E+01
 1.96479170000000E+03  -6.48720000000000E+00
 1.96487500000000E+03   8.83890000000000E+00
 1.96495830000000E+03   1.77034000000000E+01
 1.96504170000000E+03   2.56452000000000E+01
 1.96529170000000E+03   2.60085000000000E+01
 1.96537500000000E+03   2.20270000000000E+01
 1.96545830000000E+03   1.10455000000000E+01
 1.96554170000000E+03  -4.24330000000000E+00
 1.96562500000000E+03  -2.49940000000000E+01
 1.96570830000000E+03  -3.25908000000000E+01
 1.96579170000000E+03  -4.92641000000000E+01
 1.96587500000000E+03  -4.47840000000000E+01
 1.96595830000000E+03  -3.38422000000000E+01
 1.96604170000000E+03  -2.49771000000000E+01
 1.96612500000000E+03  -2.29583000000000E+01
 1.96620830000000E+03  -1.92473000000000E+01
 1.96629170000000E+03  -2.73051000000000E+01
 1.96637500000000E+03  -2.62863000000000E+01
 1.96645830000000E+03  -3.64983000000000E+01
 1.96654170000000E+03  -3.16330000000000E+01
 1.96662500000000E+03   1.53970000000000E+00
 1.96670830000000E+03   5.25090000000000E+00
 1.96679170000000E+03   3.11630000000000E+00
 1.96695830000000E+03   2.63081000000000E+01
 1.96704170000000E+03   3.69428000000000E+01
 1.96712500000000E+03   4.57310000000000E+01
 1.96720830000000E+03   4.39039000000000E+01
 1.96729170000000E+03   6.97694000000000E+01
 1.96737500000000E+03   7.34808000000000E+01
 1.96745830000000E+03   8.12692000000000E+01
 1.96754170000000E+03   6.99810000000000E+01
 1.96762500000000E+03   7.23847000000000E+01
 1.96770830000000E+03   7.67116000000000E+01
 1.96779170000000E+03   5.47311000000000E+01
 1.96787500000000E+03   5.78273000000000E+01
 1.96795830000000E+03   6.49235000000000E+01
 1.96804170000000E+03   5.32508000000000E+01
 1.96812500000000E+03   4.24240000000000E+01
 1.96820830000000E+03   3.00587000000000E+01
 1.96829170000000E+03   3.23861000000000E+01
 1.96837500000000E+03  -9.74840000000000E+00
 1.96845830000000E+03  -2.99597000000000E+01
 1.96854170000000E+03  -4.93246000000000E+01
 1.96862500000000E+03  -6.69975000000000E+01
 1.96870830000000E+03  -8.02857000000000E+01
 1.96879170000000E+03  -9.55735000000000E+01
 1.96887500000000E+03  -1.04554000000000E+02
 1.96895830000000E+03  -1.03765200000000E+02
 1.96904170000000E+03  -1.00976100000000E+02
 1.96912500000000E+03  -9.69564000000000E+01
 1.96920830000000E+03  -8.75522000000000E+01
 1.96929170000000E+03  -7.24553000000000E+01
 1.96937500000000E+03  -6.58971000000000E+01
 1.96945830000000E+03  -6.81082000000000E+01
 1.96954170000000E+03  -7.61651000000000E+01
 1.96962500000000E+03  -7.49145000000000E+01
 1.96970830000000E+03  -6.51255000000000E+01
 1.96979170000000E+03  -4.89515000000000E+01
 1.96987500000000E+03  -4.82394000000000E+01
 1.96995830000000E+03  -4.05272000000000E+01
 1.97004170000000E+03  -2.49686000000000E+01
 1.97012500000000E+03  -3.21794000000000E+01
 1.97020830000000E+03  -2.33133000000000E+01
 1.97029170000000E+03  -2.02931000000000E+01
 1.97037500000000E+03  -2.90423000000000E+01
 1.97045830000000E+03  -4.74838000000000E+01
 1.97054170000000E+03  -3.26943000000000E+01
 1.97062500000000E+03  -2.12126000000000E+01
 1.97070830000000E+03  -2.94233000000000E+01
 1.97079170000000E+03  -2.98644000000000E+01
 1.97087500000000E+03  -3.12289000000000E+01
 1.97095830000000E+03  -2.30549000000000E+01
 1.97104170000000E+03  -2.04190000000000E+01
 1.97112500000000E+03  -3.18604000000000E+01
 1.97120830000000E+03  -1.31478000000000E+01
 1.97129170000000E+03  -1.27426000000000E+01
 1.97137500000000E+03  -1.27223000000000E+01
 1.97145830000000E+03  -4.23943000000000E+01
 1.97154170000000E+03  -5.77583000000000E+01
 1.97170830000000E+03  -6.01791000000000E+01
 1.97179170000000E+03  -6.44661000000000E+01
 1.97187500000000E+03  -4.65226000000000E+01
 1.97195830000000E+03  -2.22713000000000E+01
 1.97204170000000E+03  -4.86590000000000E+00
 1.97220830000000E+03  -4.51720000000000E+00
 1.97229170000000E+03   2.34980000000000E+00
 1.97237500000000E+03  -2.55260000000000E+00
 1.97245830000000E+03  -2.86859000000000E+01
 1.97287500000000E+03  -3.81203000000000E+01
 1.97295830000000E+03  -4.90995000000000E+01
 1.97304170000000E+03  -2.23861000000000E+01
 1.97312500000000E+03  -3.75000000000000E+00
 1.97320830000000E+03  -6.80600000000000E+00
 1.97329170000000E+03  -2.55410000000000E+00
 1.97337500000000E+03   1.06206000000000E+01
 1.97345830000000E+03   1.94920000000000E+00
 1.97354170000000E+03  -2.10650000000000E+00
 1.97362500000000E+03  -6.24000000000000E-01
 1.97370830000000E+03  -2.79876000000000E+01
 1.97379170000000E+03  -4.78124000000000E+01
 1.97387500000000E+03  -5.76375000000000E+01
 1.97395830000000E+03  -5.47703000000000E+01
 1.97404170000000E+03  -6.43643000000000E+01
 1.97412500000000E+03  -6.71125000000000E+01
 1.97420830000000E+03  -4.72452000000000E+01
 1.97429170000000E+03  -2.18391000000000E+01
 1.97437500000000E+03  -2.55102000000000E+01
 1.97445830000000E+03  -4.92582000000000E+01
 1.97479170000000E+03  -6.82495000000000E+01
 1.97487500000000E+03  -8.24589000000000E+01
 1.97495830000000E+03  -8.50529000000000E+01
 1.97504170000000E+03  -5.68005000000000E+01
 1.97512500000000E+03  -2.94714000000000E+01
 1.97520830000000E+03   4.85770000000000E+00
 1.97529170000000E+03   6.49490000000000E+00
 1.97537500000000E+03   2.13625000000000E+01
 1.97545830000000E+03   3.86148000000000E+01
 1.97554170000000E+03   2.34828000000000E+01
 1.97562500000000E+03  -6.57260000000000E+00
 1.97570830000000E+03  -1.05510000000000E+01
 1.97579170000000E+03  -6.29830000000000E+00
 1.97587500000000E+03   6.80020000000000E+00
 1.97595830000000E+03   1.24373000000000E+01
 1.97604170000000E+03   2.04593000000000E+01
 1.97612500000000E+03   2.25579000000000E+01
 1.97620830000000E+03   1.96566000000000E+01
 1.97629170000000E+03  -2.78290000000000E+00
 1.97637500000000E+03   4.16190000000000E+00
 1.97645830000000E+03   6.18370000000000E+00
 1.97654170000000E+03  -7.40950000000000E+00
 1.97662500000000E+03  -2.78492000000000E+01
 1.97670830000000E+03  -2.96735000000000E+01
 1.97679170000000E+03  -2.63436000000000E+01
 1.97687500000000E+03  -3.35524000000000E+01
 1.97695830000000E+03  -3.67612000000000E+01
 1.97704170000000E+03  -3.62774000000000E+01
 1.97712500000000E+03  -4.83323000000000E+01
 1.97720830000000E+03  -5.33872000000000E+01
 1.97729170000000E+03  -4.14418000000000E+01
 1.97737500000000E+03  -1.26505000000000E+01
 1.97745830000000E+03  -2.28591000000000E+01
 1.97754170000000E+03  -3.09136000000000E+01
 1.97762500000000E+03  -6.17376000000000E+01
 1.97770830000000E+03  -5.70231000000000E+01
 1.97779170000000E+03  -6.94622000000000E+01
 1.97787500000000E+03  -8.45938000000000E+01
 1.97795830000000E+03  -7.36485000000000E+01
 1.97804170000000E+03  -6.99336000000000E+01
 1.97812500000000E+03  -7.00651000000000E+01
 1.97820830000000E+03  -5.98120000000000E+01
 1.97829170000000E+03  -5.88663000000000E+01
 1.97837500000000E+03  -5.29978000000000E+01
 1.97845830000000E+03  -9.45907000000000E+01
 1.97854170000000E+03  -1.12952600000000E+02
 1.97862500000000E+03  -1.29160900000000E+02
 1.97870830000000E+03  -1.04292300000000E+02
 1.97879170000000E+03  -1.08731000000000E+02
 1.97887500000000E+03  -8.75547000000000E+01
 1.97895830000000E+03  -6.17629000000000E+01
 1.97904170000000E+03  -5.20477000000000E+01
 1.97912500000000E+03  -4.38713000000000E+01
 1.97920830000000E+03  -2.45409000000000E+01
 1.97929170000000E+03  -3.54411000000000E+01
 1.97937500000000E+03  -2.67261000000000E+01
 1.97945830000000E+03  -3.84726000000000E+01
 1.97954170000000E+03  -3.40650000000000E+01
 1.97962500000000E+03  -3.02730000000000E+01
 1.97970830000000E+03  -2.94810000000000E+01
 1.97979170000000E+03  -3.66117000000000E+01
 1.97987500000000E+03  -3.75120000000000E+01
 1.97995830000000E+03  -3.85660000000000E+01
 1.98004170000000E+03  -4.16967000000000E+01
 1.98012500000000E+03  -4.36738000000000E+01
 1.98020830000000E+03  -4.29586000000000E+01
 1.98029170000000E+03  -5.12430000000000E+01
 1.98037500000000E+03  -4.46047000000000E+01
 1.98045830000000E+03  -4.54278000000000E+01
 1.98054170000000E+03  -4.96353000000000E+01
 1.98062500000000E+03  -4.21507000000000E+01
 1.98070830000000E+03  -2.47430000000000E+01
 1.98079170000000E+03  -2.24888000000000E+01
 1.98087500000000E+03  -5.69650000000000E+00
 1.98095830000000E+03   1.24036000000000E+01
 1.98104170000000E+03   1.54271000000000E+01
 1.98112500000000E+03   1.96041000000000E+01
 1.98120830000000E+03   2.77812000000000E+01
 1.98129170000000E+03   3.85740000000000E+01
 1.98145830000000E+03   2.59282000000000E+01
 1.98154170000000E+03   1.61057000000000E+01
 1.98162500000000E+03   1.20600000000000E+00
 1.98170830000000E+03  -1.15530000000000E+00
 1.98179170000000E+03  -1.51620000000000E+00
 1.98187500000000E+03  -4.80040000000000E+00
 1.98195830000000E+03   5.45380000000000E+00
 1.98204170000000E+03  -4.67630000000000E+00
 1.98212500000000E+03   1.34720000000000E+00
 1.98220830000000E+03   1.44476000000000E+01
 1.98229170000000E+03   7.62530000000000E+00
 1.98237500000000E+03   1.52643000000000E+01
 1.98245830000000E+03   1.34417000000000E+01
 1.98254170000000E+03   4.82349000000000E+01
 1.98262500000000E+03   4.04893000000000E+01
 1.98270830000000E+03   4.49745000000000E+01
 1.98279170000000E+03   3.99216000000000E+01
 1.98287500000000E+03   4.54069000000000E+01
 1.98295830000000E+03   4.87383000000000E+01
 1.98304170000000E+03   5.46085000000000E+01
 1.98312500000000E+03   5.94015000000000E+01
 1.98320830000000E+03   6.25792000000000E+01
 1.98329170000000E+03   7.32187000000000E+01
 1.98337500000000E+03   8.55503000000000E+01
 1.98345830000000E+03   7.01127000000000E+01
 1.98354170000000E+03   5.62138000000000E+01
 1.98362500000000E+03   1.09301000000000E+01
 1.98370830000000E+03   5.56940000000000E+00
 1.98379170000000E+03  -7.94480000000000E+00
 1.98387500000000E+03  -1.53054000000000E+01
 1.98395830000000E+03  -2.34352000000000E+01
 1.98404170000000E+03  -2.82569000000000E+01
 1.98412500000000E+03  -3.52328000000000E+01
 1.98420830000000E+03  -3.94395000000000E+01
 1.98429170000000E+03  -3.55689000000000E+01
 1.98437500000000E+03  -6.03909000000000E+01
 1.98445830000000E+03  -6.62128000000000E+01
 1.98454170000000E+03  -8.88037000000000E+01
 1.98462500000000E+03  -1.07471800000000E+02
 1.98470830000000E+03  -1.08601400000000E+02
 1.98479170000000E+03  -9.76537000000000E+01
 1.98487500000000E+03  -1.00552400000000E+02
 1.98495830000000E+03  -8.83743000000000E+01
 1.98504170000000E+03  -7.44265000000000E+01
 1.98512500000000E+03  -5.06329000000000E+01
 1.98520830000000E+03  -3.78392000000000E+01
 1.98529170000000E+03  -2.70453000000000E+01
 1.98537500000000E+03  -4.63285000000000E+01
 1.98545830000000E+03  -4.43809000000000E+01
 1.98554170000000E+03  -5.77407000000000E+01
 1.98562500000000E+03  -7.54085000000000E+01
 1.98570830000000E+03  -6.73070000000000E+01
 1.98579170000000E+03  -7.68206000000000E+01
 1.98587500000000E+03  -6.35652000000000E+01
 1.98595830000000E+03  -5.36944000000000E+01
 1.98604170000000E+03  -5.09002000000000E+01
 1.98612500000000E+03  -5.57986000000000E+01
 1.98620830000000E+03  -7.10815000000000E+01
 1.98629170000000E+03  -6.29796000000000E+01
 1.98637500000000E+03  -5.48010000000000E+01
 1.98645830000000E+03  -4.36223000000000E+01
 1.98654170000000E+03  -6.79049000000000E+01
 1.98662500000000E+03  -7.13416000000000E+01
 1.98670830000000E+03  -5.42398000000000E+01
 1.98679170000000E+03  -6.44454000000000E+01
 1.98687500000000E+03  -5.57282000000000E+01
 1.98695830000000E+03  -6.11648000000000E+01
 1.98704170000000E+03  -5.64472000000000E+01
 1.98712500000000E+03  -4.88838000000000E+01
 1.98720830000000E+03  -3.77049000000000E+01
 1.98729170000000E+03  -3.76796000000000E+01
 1.98737500000000E+03  -5.15006000000000E+01
 1.98745830000000E+03  -6.00909000000000E+01
 1.98762500000000E+03  -6.77327000000000E+01
 1.98770830000000E+03  -5.60922000000000E+01
 1.98779170000000E+03  -5.86051000000000E+01
 1.98787500000000E+03  -5.48107000000000E+01
 1.98795830000000E+03  -4.05547000000000E+01
 1.98804170000000E+03  -1.64522000000000E+01
 1.98812500000000E+03   5.73100000000000E-01
 1.98820830000000E+03   1.32138000000000E+01
 1.98829170000000E+03   5.62410000000000E+00
 1.98837500000000E+03  -3.04290000000000E+00
 1.98845830000000E+03  -3.32520000000000E+00
 1.98854170000000E+03   1.19313000000000E+01
 1.98862500000000E+03   2.42644000000000E+01
 1.98870830000000E+03   2.74437000000000E+01
 1.98879170000000E+03   2.49310000000000E+01
 1.98887500000000E+03   3.68027000000000E+01
 1.98895830000000E+03   5.23667000000000E+01
 1.98904170000000E+03   5.71618000000000E+01
 1.98912500000000E+03   6.24182000000000E+01
 1.98920830000000E+03   5.53668000000000E+01
 1.98929170000000E+03   5.21620000000000E+01
 1.98937500000000E+03   5.51877000000000E+01
 1.98945830000000E+03   6.02134000000000E+01
 1.98954170000000E+03   7.46240000000000E+01
 1.98962500000000E+03   9.04959000000000E+01
 1.98970830000000E+03   8.79832000000000E+01
 1.98979170000000E+03   8.07785000000000E+01
 1.98987500000000E+03   8.31120000000000E+01
 1.98995830000000E+03   8.29840000000000E+01
 1.99004170000000E+03   8.06255000000000E+01
 1.99012500000000E+03   8.29591000000000E+01
 1.99020830000000E+03   7.20619000000000E+01
 1.99029170000000E+03   7.00112000000000E+01
 1.99037500000000E+03   5.91910000000000E+01
 1.99045830000000E+03   5.68324000000000E+01
 1.99054170000000E+03   4.72433000000000E+01
 1.99062500000000E+03   4.01155000000000E+01
 1.99070830000000E+03   1.63724000000000E+01
 1.99079170000000E+03   1.93720000000000E+00
 1.99087500000000E+03   5.88640000000000E+00
 1.99095830000000E+03   1.43741000000000E+01
 1.99179170000000E+03   1.04841000000000E+01
 1.99187500000000E+03   6.43360000000000E+00
 1.99195830000000E+03  -5.23230000000000E+00
 1.99204170000000E+03  -5.20550000000000E+00
 1.99212500000000E+03   2.51330000000000E+00
 1.99220830000000E+03   8.15520000000000E+00
 1.99229170000000E+03  -5.74110000000000E+00
 1.99237500000000E+03   7.59320000000000E+00
 1.99245830000000E+03   4.69670000000000E+00
 1.99254170000000E+03   2.44159000000000E+01
 1.99262500000000E+03   1.62887000000000E+01
 1.99270830000000E+03   6.69990000000000E+00
 1.99279170000000E+03  -5.81150000000000E+00
 1.99287500000000E+03  -8.93870000000000E+00
 1.99295830000000E+03  -8.06580000000000E+00
 1.99304170000000E+03   5.42280000000000E+00
 1.99312500000000E+03   7.83420000000000E+00
 1.99320830000000E+03  -1.67544000000000E+01
 1.99329170000000E+03  -3.05734000000000E+01
 1.99337500000000E+03  -3.29312000000000E+01
 1.99345830000000E+03  -3.65197000000000E+01
 1.99354170000000E+03  -4.17233000000000E+01
 1.99362500000000E+03  -9.66963000000000E+01
 1.99370830000000E+03  -8.54386000000000E+01
 1.99379170000000E+03  -8.51036000000000E+01
 1.99387500000000E+03  -7.98459000000000E+01
 1.99395830000000E+03  -6.10496000000000E+01
 1.99404170000000E+03  -6.09453000000000E+01
 1.99412500000000E+03  -6.93029000000000E+01
 1.99420830000000E+03  -7.54296000000000E+01
 1.99429170000000E+03  -6.19406000000000E+01
 1.99437500000000E+03  -4.62212000000000E+01
 1.99445830000000E+03  -1.60402000000000E+01
 1.99454170000000E+03  -1.88588000000000E+01
 1.99462500000000E+03  -5.90850000000000E+00
 1.99470830000000E+03   2.38111000000000E+01
 1.99479170000000E+03   6.45400000000000E+00
 1.99487500000000E+03   4.94290000000000E+00
 1.99495830000000E+03   1.18163000000000E+01
 1.99504170000000E+03   6.38250000000000E+00
 1.99512500000000E+03   4.87140000000000E+00
 1.99520830000000E+03   9.75700000000000E-01
 1.99529170000000E+03   1.70034000000000E+01
 1.99537500000000E+03   1.18001000000000E+01
 1.99545830000000E+03  -8.48010000000000E+00
 1.99554170000000E+03  -4.63754000000000E+01
 1.99562500000000E+03  -7.13479000000000E+01
 1.99570830000000E+03  -1.19935700000000E+02
 1.99579170000000E+03  -1.41292400000000E+02
 1.99587500000000E+03  -1.45187900000000E+02
 1.99595830000000E+03  -1.38544900000000E+02
 1.99604170000000E+03  -1.33517000000000E+02
 1.99612500000000E+03  -1.39643100000000E+02
 1.99620830000000E+03  -1.48769300000000E+02
 1.99629170000000E+03  -1.35895100000000E+02
 1.99637500000000E+03  -1.43636600000000E+02
 1.99645830000000E+03  -1.46224200000000E+02
 1.99654170000000E+03  -1.38196100000000E+02
 1.99662500000000E+03  -1.02629800000000E+02
 1.99670830000000E+03  -8.19096000000000E+01
 1.99679170000000E+03  -6.03430000000000E+01
 1.99687500000000E+03  -5.07767000000000E+01
 1.99695830000000E+03  -4.30564000000000E+01
 1.99704170000000E+03  -4.92589000000000E+01
 1.99712500000000E+03  -5.34617000000000E+01
 1.99720830000000E+03  -3.64337000000000E+01
 1.99729170000000E+03  -1.77131000000000E+01
 1.99737500000000E+03  -3.21466000000000E+01
 1.99745830000000E+03  -4.46570000000000E+01
 1.99754170000000E+03  -3.44747000000000E+01
 1.99762500000000E+03  -1.57543000000000E+01
 1.99770830000000E+03  -3.77262000000000E+01
 1.99779170000000E+03  -5.21592000000000E+01
 1.99787500000000E+03  -5.29772000000000E+01
 1.99795830000000E+03  -4.34105000000000E+01
 1.99804170000000E+03  -2.57666000000000E+01
 1.99812500000000E+03  -8.19980000000000E+00
 1.99820830000000E+03  -9.01770000000000E+00
 1.99829170000000E+03  -8.91210000000000E+00
 1.99837500000000E+03  -1.54992000000000E+01
 1.99845830000000E+03  -1.16310000000000E+00
 1.99854170000000E+03   1.23271000000000E+01
 1.99862500000000E+03   1.55094000000000E+01
 1.99870830000000E+03  -4.61600000000000E+00
 1.99879170000000E+03  -3.04880000000000E+00
 1.99887500000000E+03   4.74890000000000E+00
 1.99895830000000E+03   1.75467000000000E+01
 1.99904170000000E+03   2.26525000000000E+01
 1.99912500000000E+03   1.20656000000000E+01
 1.99920830000000E+03   9.32500000000000E+00
 1.99929170000000E+03   1.68924000000000E+01
 1.99937500000000E+03   1.42287000000000E+01
 1.99945830000000E+03   2.80266000000000E+01
 1.99954170000000E+03   2.94402000000000E+01
 1.99962500000000E+03   3.43151000000000E+01
 1.99970830000000E+03   2.38054000000000E+01
 1.99979170000000E+03   1.81421000000000E+01
 1.99987500000000E+03   2.24786000000000E+01
 1.99995830000000E+03   3.27382000000000E+01
 2.00004170000000E+03   2.99212000000000E+01
 2.00012500000000E+03   2.74885000000000E+01
 2.00020830000000E+03   2.53636000000000E+01
 2.00029170000000E+03   3.07005000000000E+01
 2.00037500000000E+03   3.76525000000000E+01
 2.00045830000000E+03   4.29892000000000E+01
 2.00054170000000E+03   3.00185000000000E+01
 2.00062500000000E+03   1.00475000000000E+01
 2.00070830000000E+03  -1.28466000000000E+01
 2.00079170000000E+03  -1.92787000000000E+01
 2.00087500000000E+03  -1.65573000000000E+01
 2.00095830000000E+03  -1.47590000000000E+01
 2.00104170000000E+03  -1.49603000000000E+01
 2.00112500000000E+03  -8.31570000000000E+00
 2.00120830000000E+03  -1.53635000000000E+01
 2.00129170000000E+03   4.81990000000000E+00
 2.00137500000000E+03   3.84910000000000E+00
 2.00145830000000E+03  -1.45062000000000E+01
 2.00154170000000E+03  -1.89382000000000E+01
 2.00162500000000E+03   1.32190000000000E+00
 2.00170830000000E+03   1.57359000000000E+01
 2.00179170000000E+03   1.91502000000000E+01
 2.00187500000000E+03   2.67180000000000E+01
 2.00195830000000E+03   4.27474000000000E+01
 2.00204170000000E+03   4.74695000000000E+01
 2.00212500000000E+03   4.09605000000000E+01
 2.00220830000000E+03   3.39900000000000E+01
 2.00229170000000E+03   2.98659000000000E+01
 2.00237500000000E+03   5.10900000000000E-01
 2.00245830000000E+03  -3.19980000000000E+01
 2.00254170000000E+03  -1.81989000000000E+01
 2.00262500000000E+03  -3.86308000000000E+01
 2.00270830000000E+03  -6.59089000000000E+01
 2.00279170000000E+03  -8.25712000000000E+01
 2.00287500000000E+03  -7.44646000000000E+01
 2.00295830000000E+03  -6.52811000000000E+01
 2.00304170000000E+03  -6.88664000000000E+01
 2.00312500000000E+03  -7.00674000000000E+01
 2.00320830000000E+03  -6.31146000000000E+01
 2.00329170000000E+03  -6.12383000000000E+01
 2.00337500000000E+03  -5.43623000000000E+01
 2.00345830000000E+03  -3.74094000000000E+01
 2.00354170000000E+03  -1.55330000000000E+01
 2.00362500000000E+03  -2.48877000000000E+01
 2.00370830000000E+03  -2.38578000000000E+01
 2.00379170000000E+03  -2.63660000000000E+01
 2.00387500000000E+03  -1.64898000000000E+01
 2.00395830000000E+03  -1.38444000000000E+01
 2.00404170000000E+03  -1.58910000000000E+01
 2.00412500000000E+03  -1.37840000000000E+01
 2.00420830000000E+03  -6.00100000000000E-01
 2.00429170000000E+03  -1.41580000000000E+00
 2.00437500000000E+03   3.30660000000000E+00
 2.00445830000000E+03   1.94906000000000E+01
 2.00454170000000E+03   3.16749000000000E+01
 2.00462500000000E+03   1.35513000000000E+01
 2.00470830000000E+03  -1.80310000000000E+00
 2.00479170000000E+03  -6.18700000000000E-01
 2.00487500000000E+03   7.25780000000000E+00
 2.00495830000000E+03   9.98040000000000E+00
 2.00504170000000E+03   8.78030000000000E+00
 2.00512500000000E+03   1.49645000000000E+01
 2.00520830000000E+03   2.26102000000000E+01
 2.00529170000000E+03   1.10256000000000E+01
 2.00537500000000E+03   2.56714000000000E+01
 2.00545830000000E+03   1.53941000000000E+01
 2.00554170000000E+03  -1.04981000000000E+01
 2.00562500000000E+03  -4.18523000000000E+01
 2.00570830000000E+03  -4.37448000000000E+01
 2.00579170000000E+03  -2.85601000000000E+01
 2.00587500000000E+03  -2.62218000000000E+01
 2.00595830000000E+03  -2.57297000000000E+01
 2.00604170000000E+03  -2.34680000000000E+01
 2.00612500000000E+03  -2.69758000000000E+01
 2.00620830000000E+03  -2.98682000000000E+01
 2.00629170000000E+03  -3.01448000000000E+01
 2.00637500000000E+03  -1.11141000000000E+01
 2.00645830000000E+03  -3.92950000000000E+00
 2.00654170000000E+03   2.51785000000000E+01
 2.00662500000000E+03   2.78247000000000E+01
 2.00670830000000E+03   4.25478000000000E+01
 2.00679170000000E+03   5.45021000000000E+01
 2.00687500000000E+03   6.09176000000000E+01
 2.00695830000000E+03   6.47177000000000E+01
 2.00704170000000E+03   7.94412000000000E+01
 2.00712500000000E+03   8.67799000000000E+01
 2.00720830000000E+03   9.68109000000000E+01
 2.00729170000000E+03   9.39960000000000E+01
 2.00737500000000E+03   8.75655000000000E+01
 2.00745830000000E+03   7.24427000000000E+01
 2.00754170000000E+03   6.12433000000000E+01
 2.00762500000000E+03   5.05821000000000E+01
 2.00770830000000E+03   6.37671000000000E+01
 2.00779170000000E+03   5.61063000000000E+01
 2.00787500000000E+03   5.24451000000000E+01
 2.00795830000000E+03   5.36302000000000E+01
 2.00804170000000E+03   6.08156000000000E+01
 2.00812500000000E+03   5.60007000000000E+01
 2.00820830000000E+03   4.62627000000000E+01
 2.00829170000000E+03   6.16789000000000E+01
 2.00837500000000E+03   6.68641000000000E+01
 2.00845830000000E+03   5.87416000000000E+01
 2.00854170000000E+03   5.23887000000000E+01
 2.00862500000000E+03   3.27278000000000E+01
 2.00870830000000E+03   7.45150000000000E+00
 2.00879170000000E+03  -1.32100000000000E-01
 2.00887500000000E+03  -8.69900000000000E-01
 2.00895830000000E+03   1.89309000000000E+01
 2.00904170000000E+03   2.35012000000000E+01
 2.00920830000000E+03   3.10258000000000E+01
 2.00929170000000E+03   2.00577000000000E+01
 2.00937500000000E+03   3.27817000000000E+01
 2.00945830000000E+03   4.04410000000000E+00
 2.00954170000000E+03  -2.68470000000000E+01
 2.00962500000000E+03  -4.31230000000000E+01
 2.00970830000000E+03  -5.47836000000000E+01
 2.00979170000000E+03  -5.98284000000000E+01
 2.00987500000000E+03  -5.91813000000000E+01
 2.00995830000000E+03  -5.84572000000000E+01
 2.01004170000000E+03  -4.61173000000000E+01
 2.01012500000000E+03  -4.63932000000000E+01
 2.01020830000000E+03  -5.60536000000000E+01
 2.01029170000000E+03  -6.36368000000000E+01
 2.01037500000000E+03  -6.80664000000000E+01
 2.01045830000000E+03  -9.22652000000000E+01
 2.01054170000000E+03  -9.10022000000000E+01
 2.01062500000000E+03  -7.53548000000000E+01
 2.01070830000000E+03  -6.37074000000000E+01
 2.01079170000000E+03  -5.99058000000000E+01
 2.01087500000000E+03  -4.66430000000000E+01
 2.01095830000000E+03  -3.02262000000000E+01
 2.01104170000000E+03  -2.72707000000000E+01
 2.01112500000000E+03  -2.58540000000000E+01
 2.01120830000000E+03  -1.28218000000000E+01
 2.01129170000000E+03   1.97990000000000E+00
 2.01137500000000E+03   7.55060000000000E+00
 2.01145830000000E+03   4.48136000000000E+01
 2.01154170000000E+03   6.02308000000000E+01
 2.01162500000000E+03   5.61862000000000E+01
 2.01170830000000E+03   5.88339000000000E+01
 2.01179170000000E+03   6.08666000000000E+01
 2.01187500000000E+03   6.20528000000000E+01
 2.01195830000000E+03   6.11621000000000E+01
 2.01204170000000E+03   6.31948000000000E+01
 2.01212500000000E+03   6.90734000000000E+01
 2.01220830000000E+03   8.01828000000000E+01
 2.01229170000000E+03   6.72926000000000E+01
 2.01237500000000E+03   6.63251000000000E+01
 2.01245830000000E+03   4.57422000000000E+01
 2.01254170000000E+03   1.20059000000000E+01
 2.01262500000000E+03  -6.42310000000000E+00
 2.01270830000000E+03  -2.43135000000000E+01
 2.01279170000000E+03  -2.83575000000000E+01
 2.01287500000000E+03  -2.81710000000000E+01
 2.01295830000000E+03  -2.87537000000000E+01
 2.01304170000000E+03  -3.21052000000000E+01
 2.01312500000000E+03  -3.52263000000000E+01
 2.01320830000000E+03  -3.98090000000000E+01
 2.01329170000000E+03  -5.28528000000000E+01
 2.01337500000000E+03  -4.74353000000000E+01
 2.01345830000000E+03  -3.77102000000000E+01
 2.01354170000000E+03  -3.66770000000000E+01
 2.01362500000000E+03  -2.35672000000000E+01
 2.01370830000000E+03  -4.45740000000000E+00
 2.01379170000000E+03   1.32682000000000E+01
 2.01387500000000E+03   1.06089000000000E+01
 2.01395830000000E+03   8.79570000000000E+00
 2.01404170000000E+03   9.13670000000000E+00
 2.01412500000000E+03   1.80159000000000E+01
 2.01420830000000E+03   9.74130000000000E+00
 2.01429170000000E+03   1.76209000000000E+01
 2.01437500000000E+03   1.03463000000000E+01
 2.01445830000000E+03   1.45333000000000E+01
 2.01454170000000E+03   1.01052000000000E+01
 2.01462500000000E+03   1.55999000000000E+01
 2.01470830000000E+03   1.71010000000000E+00
 2.01479170000000E+03  -6.10250000000000E+00
 2.01487500000000E+03   5.85380000000000E+00
 2.01495830000000E+03   2.03486000000000E+01
 2.01504170000000E+03   3.60746000000000E+01
 2.01512500000000E+03   4.15695000000000E+01
 2.01520830000000E+03   3.58336000000000E+01
 2.01529170000000E+03   3.67135000000000E+01
 2.01537500000000E+03   4.79007000000000E+01
 2.01545830000000E+03   7.29342000000000E+01
 2.01554170000000E+03   5.44295000000000E+01
 2.01562500000000E+03   4.38476000000000E+01
 2.01570830000000E+03   3.89580000000000E+01
 2.01579170000000E+03   3.95303000000000E+01
 2.01587500000000E+03   3.58716000000000E+01
 2.01595830000000E+03   2.61359000000000E+01
 2.01604170000000E+03   3.19391000000000E+01
 2.01612500000000E+03   3.42804000000000E+01
 2.01620830000000E+03   4.40833000000000E+01
 2.01629170000000E+03   2.51173000000000E+01
 2.01637500000000E+03   2.28433000000000E+01
 2.01645830000000E+03   1.38002000000000E+01
 2.01654170000000E+03  -6.78120000000000E+00
 2.01662500000000E+03  -1.31320000000000E+01
 2.01670830000000E+03  -2.43289000000000E+01
 2.01679170000000E+03  -1.70640000000000E+01
 2.01687500000000E+03  -2.07994000000000E+01
 2.01695830000000E+03  -3.30400000000000E+00
 2.01704170000000E+03   7.26870000000000E+00
 2.01712500000000E+03   7.68730000000000E+00
 2.01720830000000E+03   2.59700000000000E-01
 2.01729170000000E+03   3.29400000000000E+00
 2.01737500000000E+03   3.50203000000000E+01
 2.01745830000000E+03   5.25159000000000E+01
 2.01754170000000E+03   4.63195000000000E+01
 2.01762500000000E+03   3.35074000000000E+01
 2.01770830000000E+03   2.20031000000000E+01
 2.01779170000000E+03   1.27298000000000E+01
 2.01787500000000E+03   3.61010000000000E+00
 2.01795830000000E+03   1.11828000000000E+01
 2.01804170000000E+03  -6.28800000000000E-01
 2.01812500000000E+03   8.66900000000000E-01
 2.01820830000000E+03   7.28580000000000E+00
 2.01829170000000E+03   1.43973000000000E+01
 2.01837500000000E+03  -5.02990000000000E+00
 2.01845830000000E+03  -2.03033000000000E+01
 2.01854170000000E+03  -3.87301000000000E+01
 2.01862500000000E+03  -4.73880000000000E+01
 2.01870830000000E+03  -2.91229000000000E+01
 2.01879170000000E+03  -2.81650000000000E+01
 2.01887500000000E+03  -2.18998000000000E+01
 2.01895830000000E+03  -1.29423000000000E+01
 2.01904170000000E+03  -9.98430000000000E+00
 2.01912500000000E+03   3.43480000000000E+00
 2.01920830000000E+03   6.00780000000000E+00
 2.01929170000000E+03  -3.03420000000000E+00
 2.01937500000000E+03  -2.17688000000000E+01
 2.01945830000000E+03  -5.03400000000000E-01
 2.01954170000000E+03   2.57623000000000E+01
 2.01962500000000E+03   5.62585000000000E+01
 2.01970830000000E+03   6.25240000000000E+01
 2.01979170000000E+03   5.00206000000000E+01
 2.01987500000000E+03   6.25938000000000E+01
 2.01995830000000E+03   6.51671000000000E+01
 2.02004170000000E+03   7.98945000000000E+01
 2.02012500000000E+03   8.38524000000000E+01
 2.02020830000000E+03   8.21949000000000E+01
 2.02029170000000E+03   7.65378000000000E+01
 2.02037500000000E+03   8.98035000000000E+01
 2.02045830000000E+03   1.07300000000000E+02
 2.02054170000000E+03   8.61814000000000E+01
 2.02062500000000E+03   4.75241000000000E+01
 2.02070830000000E+03   1.90975000000000E+01
 2.02079170000000E+03   6.90210000000000E+00
 2.02087500000000E+03   5.93720000000000E+00
 2.02095830000000E+03   1.28184000000000E+01
 2.02104170000000E+03   1.43923000000000E+01
 2.02112500000000E+03   2.35050000000000E+00
 2.02120830000000E+03  -6.76820000000000E+00
 2.02129170000000E+03   2.19040000000000E+00
 2.02137500000000E+03   9.37940000000000E+00
 2.02145830000000E+03  -1.57392000000000E+01
 2.02154170000000E+03  -1.36267000000000E+01
 2.02162500000000E+03   8.17780000000000E+00
 2.02170830000000E+03   8.90540000000000E+00
 2.02179170000000E+03   6.33400000000000E-01
 2.02187500000000E+03   9.13030000000000E+00
 2.02195830000000E+03   2.20118000000000E+01
 2.02204170000000E+03   2.61244000000000E+01
 2.02212500000000E+03   2.93137000000000E+01
 2.02220830000000E+03   2.62722000000000E+01
 2.02229170000000E+03   4.33850000000000E+01
 2.02237500000000E+03   3.52666000000000E+01
 2.02245830000000E+03   2.61483000000000E+01
 2.02254170000000E+03   4.04919000000000E+01
 2.02262500000000E+03   3.30659000000000E+01
 2.02270830000000E+03   1.44092000000000E+01
 2.02279170000000E+03   1.41374000000000E+01
 2.02287500000000E+03   1.48654000000000E+01
 2.02295830000000E+03   1.07472000000000E+01
 2.02304170000000E+03   2.17832000000000E+01
 2.02312500000000E+03   2.68959000000000E+01
 2.02320830000000E+03   3.94701000000000E+01
 2.02329170000000E+03   5.14293000000000E+01
 2.02337500000000E+03   3.90805000000000E+01
 2.02345830000000E+03   3.51932000000000E+01
 2.02354170000000E+03   3.82294000000000E+01
 2.02362500000000E+03   3.74191000000000E+01
 2.02370830000000E+03   3.02242000000000E+01
 2.02379170000000E+03   3.44912000000000E+01
 2.02387500000000E+03   4.06810000000000E+01
 2.02395830000000E+03   6.43324000000000E+01
 2.02404170000000E+03   8.16764000000000E+01
 2.02412500000000E+03   8.47124000000000E+01
 2.02420830000000E+03   8.04408000000000E+01
 2.02429170000000E+03   7.87849000000000E+01
 2.02437500000000E+03   7.95133000000000E+01
 2.02445830000000E+03   8.61648000000000E+01
 2.02454170000000E+03   8.88487000000000E+01
 2.02462500000000E+03   9.20626000000000E+01
 2.02470830000000E+03   9.00659000000000E+01
 2.02479170000000E+03   1.07344300000000E+02
 2.02487500000000E+03   1.18125200000000E+02
 2.02495830000000E+03   1.48910100000000E+02
