 1.88904170000000E+03  -6.59609000000000E+01
 1.88912500000000E+03  -4.24242000000000E+01
 1.88920830000000E+03  -3.13320000000000E+01
 1.88929170000000E+03  -3.17511000000000E+01
 1.88937500000000E+03  -3.08147000000000E+01
 1.88945830000000E+03  -3.54451000000000E+01
 1.88954170000000E+03  -2.84346000000000E+01
 1.88962500000000E+03  -3.37832000000000E+01
 1.88970830000000E+03  -4.33627000000000E+01
 1.88979170000000E+03  -3.92499000000000E+01
 1.88987500000000E+03  -3.81373000000000E+01
 1.88995830000000E+03  -2.05632000000000E+01
 1.89004170000000E+03  -9.98920000000000E+00
 1.89012500000000E+03  -8.87690000000000E+00
 1.89020830000000E+03  -1.61494000000000E+01
 1.89029170000000E+03  -4.65260000000000E+00
 1.89037500000000E+03   3.53620000000000E+00
 1.89045830000000E+03  -4.73650000000000E+00
 1.89054170000000E+03  -5.31710000000000E+00
 1.89062500000000E+03  -1.95131000000000E+01
 1.89070830000000E+03  -9.01700000000000E+00
 1.89079170000000E+03  -1.81363000000000E+01
 1.89087500000000E+03  -2.14096000000000E+01
 1.89095830000000E+03  -1.99907000000000E+01
 1.89104170000000E+03  -2.42642000000000E+01
 1.89112500000000E+03  -2.65379000000000E+01
 1.89120830000000E+03  -2.35808000000000E+01
 1.89129170000000E+03  -2.35470000000000E+01
 1.89137500000000E+03  -4.58209000000000E+01
 1.89145830000000E+03  -4.81719000000000E+01
 1.89154170000000E+03  -3.71384000000000E+01
 1.89162500000000E+03  -3.21050000000000E+01
 1.89170830000000E+03  -3.75333000000000E+01
 1.89179170000000E+03  -4.66539000000000E+01
 1.89187500000000E+03  -3.70824000000000E+01
 1.89195830000000E+03  -2.88187000000000E+01
 1.89204170000000E+03  -1.61704000000000E+01
 1.89212500000000E+03  -9.21460000000000E+00
 1.89220830000000E+03  -8.02810000000000E+00
 1.89229170000000E+03  -1.73802000000000E+01
 1.89237500000000E+03  -3.06555000000000E+01
 1.89245830000000E+03  -2.02386000000000E+01
 1.89254170000000E+03  -3.24371000000000E+01
 1.89262500000000E+03  -4.23281000000000E+01
 1.89270830000000E+03  -3.82962000000000E+01
 1.89279170000000E+03  -2.75720000000000E+01
 1.89287500000000E+03  -2.66171000000000E+01
 1.89295830000000E+03  -2.39701000000000E+01
 1.89304170000000E+03  -2.38616000000000E+01
 1.89312500000000E+03  -2.62918000000000E+01
 1.89320830000000E+03  -1.91835000000000E+01
 1.89329170000000E+03  -9.22920000000000E+00
 1.89337500000000E+03   2.95570000000000E+00
 1.89345830000000E+03   1.49097000000000E+01
 1.89354170000000E+03   5.63300000000000E+00
 1.89362500000000E+03   2.33560000000000E+01
 1.89370830000000E+03   2.92328000000000E+01
 1.89379170000000E+03   1.41095000000000E+01
 1.89387500000000E+03   7.44770000000000E+00
 1.89395830000000E+03   1.00164000000000E+01
 1.89404170000000E+03   1.05082000000000E+01
 1.89412500000000E+03   1.57691000000000E+01
 1.89420830000000E+03   1.59529000000000E+01
 1.89429170000000E+03  -9.40300000000000E-01
 1.89437500000000E+03  -1.52182000000000E+01
 1.89445830000000E+03  -1.94962000000000E+01
 1.89454170000000E+03  -2.56974000000000E+01
 1.89462500000000E+03  -3.01295000000000E+01
 1.89470830000000E+03  -4.64079000000000E+01
 1.89479170000000E+03  -4.56094000000000E+01
 1.89487500000000E+03  -4.34265000000000E+01
 1.89495830000000E+03  -3.88590000000000E+01
 1.89504170000000E+03  -2.97532000000000E+01
 1.89512500000000E+03  -2.34167000000000E+01
 1.89520830000000E+03  -1.94649000000000E+01
 1.89529170000000E+03  -1.34364000000000E+01
 1.89537500000000E+03  -8.25410000000000E+00
 1.89545830000000E+03  -1.53340000000000E+00
 1.89554170000000E+03  -7.96670000000000E+00
 1.89562500000000E+03  -2.55400000000000E+00
 1.89570830000000E+03   4.70480000000000E+00
 1.89579170000000E+03   6.57890000000000E+00
 1.89587500000000E+03   6.45280000000000E+00
 1.89595830000000E+03   1.94036000000000E+01
 1.89604170000000E+03   3.16620000000000E+01
 1.89612500000000E+03   3.00740000000000E+01
 1.89620830000000E+03   2.31783000000000E+01
 1.89629170000000E+03   9.82100000000000E+00
 1.89637500000000E+03  -2.15190000000000E+00
 1.89645830000000E+03  -1.23557000000000E+01
 1.89654170000000E+03  -2.40210000000000E+01
 1.89662500000000E+03  -3.29942000000000E+01
 1.89670830000000E+03  -4.08906000000000E+01
 1.89679170000000E+03  -4.14794000000000E+01
 1.89687500000000E+03  -3.95298000000000E+01
 1.89695830000000E+03  -3.11958000000000E+01
 1.89712500000000E+03  -3.19895000000000E+01
 1.89720830000000E+03  -3.03481000000000E+01
 1.89729170000000E+03  -3.19376000000000E+01
 1.89737500000000E+03  -2.89887000000000E+01
 1.89745830000000E+03  -2.82707000000000E+01
 1.89754170000000E+03  -2.09373000000000E+01
 1.89762500000000E+03  -1.75800000000000E+00
 1.89770830000000E+03   2.42120000000000E+00
 1.89779170000000E+03   4.29260000000000E+00
 1.89787500000000E+03   6.16390000000000E+00
 1.89795830000000E+03   7.11210000000000E+00
 1.89804170000000E+03   2.21370000000000E+01
 1.89812500000000E+03   2.05465000000000E+01
 1.89820830000000E+03   2.84173000000000E+01
 1.89829170000000E+03   1.94419000000000E+01
 1.89837500000000E+03   1.61587000000000E+01
 1.89845830000000E+03   3.12601000000000E+01
 1.89854170000000E+03   4.37459000000000E+01
 1.89862500000000E+03   4.07701000000000E+01
 1.89870830000000E+03   3.46403000000000E+01
 1.89879170000000E+03   3.71258000000000E+01
 1.89887500000000E+03   4.16881000000000E+01
 1.89895830000000E+03   4.93272000000000E+01
 1.89904170000000E+03   5.38893000000000E+01
 1.89912500000000E+03   5.02974000000000E+01
 1.89920830000000E+03   5.72439000000000E+01
 1.89929170000000E+03   6.24979000000000E+01
 1.89937500000000E+03   8.59057000000000E+01
 1.89945830000000E+03   9.00826000000000E+01
 1.89954170000000E+03   6.50287000000000E+01
 1.89962500000000E+03   4.34361000000000E+01
 1.89970830000000E+03   3.10743000000000E+01
 1.89979170000000E+03   1.60969000000000E+01
 1.89987500000000E+03   1.21963000000000E+01
 1.89995830000000E+03   1.41418000000000E+01
 1.90004170000000E+03   1.57026000000000E+01
 1.90012500000000E+03   1.54940000000000E+01
 1.90020830000000E+03   1.28238000000000E+01
 1.90029170000000E+03   1.27689000000000E+01
 1.90037500000000E+03  -5.90160000000000E+00
 1.90045830000000E+03  -2.07260000000000E+01
 1.90054170000000E+03  -2.47043000000000E+01
 1.90062500000000E+03  -1.89136000000000E+01
 1.90070830000000E+03  -2.08922000000000E+01
 1.90079170000000E+03  -1.94862000000000E+01
 1.90087500000000E+03  -2.22343000000000E+01
 1.90095830000000E+03  -2.38286000000000E+01
 1.90104170000000E+03  -2.60383000000000E+01
 1.90112500000000E+03  -2.81713000000000E+01
 1.90120830000000E+03  -3.41506000000000E+01
 1.90129170000000E+03  -3.90530000000000E+01
 1.90137500000000E+03  -4.19555000000000E+01
 1.90145830000000E+03  -3.32428000000000E+01
 1.90154170000000E+03  -2.52994000000000E+01
 1.90162500000000E+03  -2.97407000000000E+01
 1.90170830000000E+03  -3.37206000000000E+01
 1.90179170000000E+03  -3.55467000000000E+01
 1.90187500000000E+03  -3.50653000000000E+01
 1.90195830000000E+03  -2.63533000000000E+01
 1.90204170000000E+03  -1.64105000000000E+01
 1.90212500000000E+03  -5.46790000000000E+00
 1.90220830000000E+03  -3.91000000000000E+00
 1.90229170000000E+03  -9.67500000000000E-01
 1.90237500000000E+03  -5.33290000000000E+00
 1.90245830000000E+03  -1.56985000000000E+01
 1.90254170000000E+03  -1.92948000000000E+01
 1.90262500000000E+03  -1.94298000000000E+01
 1.90270830000000E+03  -1.17956000000000E+01
 1.90279170000000E+03   8.38500000000000E-01
 1.90287500000000E+03   1.52416000000000E+01
 1.90295830000000E+03   1.98755000000000E+01
 1.90304170000000E+03   2.98938000000000E+01
 1.90312500000000E+03   4.01428000000000E+01
 1.90320830000000E+03   4.10840000000000E+01
 1.90329170000000E+03   4.01790000000000E+01
 1.90337500000000E+03   4.92738000000000E+01
 1.90345830000000E+03   4.59070000000000E+01
 1.90354170000000E+03   3.50785000000000E+01
 1.90362500000000E+03   2.75576000000000E+01
 1.90370830000000E+03  -5.50180000000000E+00
 1.90379170000000E+03  -1.80229000000000E+01
 1.90387500000000E+03  -3.10057000000000E+01
 1.90395830000000E+03  -2.81424000000000E+01
 1.90404170000000E+03  -1.78177000000000E+01
 1.90412500000000E+03  -1.41085000000000E+01
 1.90420830000000E+03  -3.37070000000000E+01
 1.90429170000000E+03  -4.03826000000000E+01
 1.90437500000000E+03  -3.49815000000000E+01
 1.90445830000000E+03  -3.31188000000000E+01
 1.90454170000000E+03  -1.87178000000000E+01
 1.90462500000000E+03  -3.93240000000000E+00
 1.90470830000000E+03  -1.09162000000000E+01
 1.90479170000000E+03   5.61400000000000E-01
 1.90487500000000E+03   3.26960000000000E+00
 1.90495830000000E+03   4.97770000000000E+00
 1.90504170000000E+03   1.09934000000000E+01
 1.90512500000000E+03   1.13167000000000E+01
 1.90520830000000E+03   1.04091000000000E+01
 1.90529170000000E+03   2.04245000000000E+01
 1.90537500000000E+03   1.55936000000000E+01
 1.90545830000000E+03   1.53780000000000E+01
 1.90554170000000E+03   9.16230000000000E+00
 1.90562500000000E+03  -8.99700000000000E-01
 1.90570830000000E+03   4.19210000000000E+00
 1.90579170000000E+03   1.05914000000000E+01
 1.90587500000000E+03   8.52910000000000E+00
 1.90595830000000E+03   1.70051000000000E+01
 1.90604170000000E+03   2.91734000000000E+01
 1.90612500000000E+03   3.21876000000000E+01
 1.90620830000000E+03   2.90479000000000E+01
 1.90629170000000E+03   1.60620000000000E+01
 1.90637500000000E+03   7.22980000000000E+00
 1.90645830000000E+03   1.78590000000000E+01
 1.90654170000000E+03   9.79580000000000E+00
 1.90662500000000E+03   2.34790000000000E+00
 1.90670830000000E+03   4.74600000000000E+00
 1.90679170000000E+03  -8.93290000000000E+00
 1.90687500000000E+03  -4.30420000000000E+00
 1.90695830000000E+03   1.32440000000000E+00
 1.90704170000000E+03   6.02980000000000E+00
 1.90712500000000E+03   1.24273000000000E+01
 1.90720830000000E+03   1.22094000000000E+01
 1.90729170000000E+03   7.99140000000000E+00
 1.90737500000000E+03   2.61940000000000E+00
 1.90745830000000E+03  -2.36810000000000E+00
 1.90754170000000E+03  -1.00480000000000E+01
 1.90762500000000E+03  -3.57420000000000E+00
 1.90770830000000E+03  -1.71004000000000E+01
 1.90779170000000E+03  -3.12422000000000E+01
 1.90787500000000E+03  -3.37687000000000E+01
 1.90795830000000E+03  -3.52184000000000E+01
 1.90804170000000E+03  -3.40528000000000E+01
 1.90812500000000E+03  -3.40411000000000E+01
 1.90820830000000E+03  -4.44142000000000E+01
 1.90829170000000E+03  -5.93259000000000E+01
 1.90837500000000E+03  -6.18530000000000E+01
 1.90845830000000E+03  -5.16111000000000E+01
 1.90854170000000E+03  -4.69076000000000E+01
 1.90862500000000E+03  -4.83582000000000E+01
 1.90870830000000E+03  -6.79627000000000E+01
 1.90879170000000E+03  -6.16443000000000E+01
 1.90887500000000E+03  -5.53259000000000E+01
 1.90895830000000E+03  -4.77000000000000E+01
 1.90904170000000E+03  -3.53819000000000E+01
 1.90912500000000E+03  -2.06792000000000E+01
 1.90920830000000E+03  -2.34383000000000E+01
 1.90929170000000E+03  -2.42743000000000E+01
 1.90937500000000E+03  -9.49510000000000E+00
 1.90945830000000E+03  -6.02370000000000E+00
 1.90954170000000E+03   4.90920000000000E+00
 1.90962500000000E+03   6.76500000000000E+00
 1.90970830000000E+03   2.92840000000000E+00
 1.90979170000000E+03   1.27840000000000E+01
 1.90987500000000E+03   2.09472000000000E+01
 1.90995830000000E+03   2.69564000000000E+01
 1.91004170000000E+03   3.40424000000000E+01
 1.91012500000000E+03   2.85899000000000E+01
 1.91020830000000E+03   1.73680000000000E+01
 1.91029170000000E+03   1.44537000000000E+01
 1.91037500000000E+03   8.69320000000000E+00
 1.91045830000000E+03  -5.91370000000000E+00
 1.91054170000000E+03  -5.44370000000000E+00
 1.91062500000000E+03  -7.12760000000000E+00
 1.91070830000000E+03  -8.58090000000000E+00
 1.91079170000000E+03  -3.18820000000000E+00
 1.91087500000000E+03  -1.10330000000000E+00
 1.91095830000000E+03  -2.55690000000000E+00
 1.91104170000000E+03   4.14320000000000E+00
 1.91112500000000E+03   2.68930000000000E+00
 1.91120830000000E+03   1.30815000000000E+01
 1.91129170000000E+03   1.24736000000000E+01
 1.91137500000000E+03   2.02502000000000E+01
 1.91145830000000E+03   1.81805000000000E+01
 1.91154170000000E+03   1.55723000000000E+01
 1.91162500000000E+03   1.25793000000000E+01
 1.91170830000000E+03  -1.06100000000000E-01
 1.91179170000000E+03   1.28530000000000E+00
 1.91187500000000E+03   5.21510000000000E+00
 1.91195830000000E+03   1.39140000000000E+01
 1.91204170000000E+03   1.63820000000000E+01
 1.91212500000000E+03   1.86960000000000E+01
 1.91220830000000E+03   2.33946000000000E+01
 1.91229170000000E+03   1.09392000000000E+01
 1.91237500000000E+03   1.58683000000000E+01
 1.91245830000000E+03   2.32589000000000E+01
 1.91254170000000E+03   2.53416000000000E+01
 1.91262500000000E+03   3.50396000000000E+01
 1.91270830000000E+03   4.41991000000000E+01
 1.91279170000000E+03   4.88199000000000E+01
 1.91287500000000E+03   4.22868000000000E+01
 1.91295830000000E+03   4.37536000000000E+01
 1.91304170000000E+03   4.56819000000000E+01
 1.91312500000000E+03   5.53023000000000E+01
 1.91320830000000E+03   4.69226000000000E+01
 1.91329170000000E+03   3.49275000000000E+01
 1.91337500000000E+03   5.12399000000000E+01
 1.91345830000000E+03   7.02445000000000E+01
 1.91354170000000E+03   6.59413000000000E+01
 1.91362500000000E+03   7.60226000000000E+01
 1.91370830000000E+03   7.41038000000000E+01
 1.91379170000000E+03   6.31849000000000E+01
 1.91387500000000E+03   6.44966000000000E+01
 1.91395830000000E+03   7.18852000000000E+01
 1.91404170000000E+03   6.95813000000000E+01
 1.91412500000000E+03   6.55850000000000E+01
 1.91420830000000E+03   6.71271000000000E+01
 1.91429170000000E+03   7.18999000000000E+01
 1.91437500000000E+03   7.34417000000000E+01
 1.91445830000000E+03   6.30604000000000E+01
 1.91454170000000E+03   3.53713000000000E+01
 1.91462500000000E+03   1.40666000000000E+01
 1.91470830000000E+03   1.83880000000000E+00
 1.91479170000000E+03  -2.23530000000000E+00
 1.91487500000000E+03  -3.61710000000000E+00
 1.91495830000000E+03  -6.99910000000000E+00
 1.91504170000000E+03  -3.68890000000000E+00
 1.91512500000000E+03   1.77500000000000E+00
 1.91520830000000E+03   3.70040000000000E+00
 1.91529170000000E+03  -1.44512000000000E+01
 1.91537500000000E+03  -1.80646000000000E+01
 1.91545830000000E+03  -1.66780000000000E+01
 1.91554170000000E+03  -7.59920000000000E+00
 1.91562500000000E+03  -1.67440000000000E+00
 1.91570830000000E+03  -9.80400000000000E-01
 1.91579170000000E+03  -2.90200000000000E+00
 1.91587500000000E+03  -6.69800000000000E-01
 1.91595830000000E+03   3.71610000000000E+00
 1.91604170000000E+03   1.01020000000000E+01
 1.91612500000000E+03   1.63338000000000E+01
 1.91620830000000E+03   1.40271000000000E+01
 1.91629170000000E+03   1.43357000000000E+01
 1.91637500000000E+03   2.36441000000000E+01
 1.91645830000000E+03   2.27986000000000E+01
 1.91654170000000E+03   1.82607000000000E+01
 1.91662500000000E+03  -7.35430000000000E+00
 1.91670830000000E+03  -2.18155000000000E+01
 1.91679170000000E+03  -1.75845000000000E+01
 1.91687500000000E+03  -1.91229000000000E+01
 1.91695830000000E+03  -2.38921000000000E+01
 1.91704170000000E+03  -2.35076000000000E+01
 1.91712500000000E+03  -3.05848000000000E+01
 1.91720830000000E+03  -3.03543000000000E+01
 1.91729170000000E+03  -2.93548000000000E+01
 1.91737500000000E+03  -2.40477000000000E+01
 1.91745830000000E+03  -1.44330000000000E+01
 1.91754170000000E+03  -7.27990000000000E+00
 1.91762500000000E+03  -3.74230000000000E+00
 1.91770830000000E+03  -6.82020000000000E+00
 1.91779170000000E+03  -8.43670000000000E+00
 1.91787500000000E+03  -2.09764000000000E+01
 1.91795830000000E+03  -9.43930000000000E+00
 1.91804170000000E+03   1.86700000000000E+00
 1.91812500000000E+03   9.01930000000000E+00
 1.91820830000000E+03   2.16330000000000E+01
 1.91829170000000E+03   1.60928000000000E+01
 1.91837500000000E+03   7.55240000000000E+00
 1.91845830000000E+03  -5.68030000000000E+00
 1.91854170000000E+03  -2.64517000000000E+01
 1.91862500000000E+03  -4.06846000000000E+01
 1.91870830000000E+03  -5.29947000000000E+01
 1.91879170000000E+03  -4.78432000000000E+01
 1.91887500000000E+03  -4.77689000000000E+01
 1.91895830000000E+03  -2.74638000000000E+01
 1.91904170000000E+03  -2.46973000000000E+01
 1.91912500000000E+03  -1.49310000000000E+01
 1.91920830000000E+03  -1.33186000000000E+01
 1.91929170000000E+03  -1.78601000000000E+01
 1.91937500000000E+03  -3.11710000000000E+01
 1.91945830000000E+03  -3.22512000000000E+01
 1.91954170000000E+03  -3.11777000000000E+01
 1.91962500000000E+03  -1.92582000000000E+01
 1.91970830000000E+03  -1.21849000000000E+01
 1.91979170000000E+03  -3.11170000000000E+00
 1.91987500000000E+03   3.26900000000000E+00
 1.91995830000000E+03   1.87266000000000E+01
 1.92004170000000E+03   2.12610000000000E+01
 1.92012500000000E+03   2.43337000000000E+01
 1.92020830000000E+03   1.37140000000000E+01
 1.92029170000000E+03  -8.44420000000000E+00
 1.92037500000000E+03  -2.29103000000000E+01
 1.92045830000000E+03  -2.66072000000000E+01
 1.92054170000000E+03  -1.25350000000000E+01
 1.92062500000000E+03  -1.43091000000000E+01
 1.92070830000000E+03  -1.64679000000000E+01
 1.92079170000000E+03  -1.74730000000000E+01
 1.92087500000000E+03  -2.06320000000000E+01
 1.92095830000000E+03  -1.52527000000000E+01
 1.92104170000000E+03  -9.41190000000000E+00
 1.92112500000000E+03  -6.64820000000000E+00
 1.92120830000000E+03  -7.80760000000000E+00
 1.92129170000000E+03  -8.13400000000000E-01
 1.92137500000000E+03   1.65654000000000E+01
 1.92145830000000E+03   3.54056000000000E+01
 1.92154170000000E+03   5.04765000000000E+01
 1.92162500000000E+03   2.98549000000000E+01
 1.92170830000000E+03   3.22333000000000E+01
 1.92179170000000E+03   2.29961000000000E+01
 1.92187500000000E+03   2.44512000000000E+01
 1.92195830000000E+03   3.67522000000000E+01
 1.92204170000000E+03   4.03609000000000E+01
 1.92212500000000E+03   3.96618000000000E+01
 1.92220830000000E+03   3.74241000000000E+01
 1.92229170000000E+03   3.04939000000000E+01
 1.92237500000000E+03   2.66406000000000E+01
 1.92245830000000E+03   2.99411000000000E+01
 1.92254170000000E+03   2.63183000000000E+01
 1.92262500000000E+03   1.96185000000000E+01
 1.92270830000000E+03   1.03032000000000E+01
 1.92279170000000E+03  -5.85830000000000E+00
 1.92287500000000E+03  -2.40460000000000E+00
 1.92295830000000E+03   6.89520000000000E+00
 1.92304170000000E+03   9.19480000000000E+00
 1.92312500000000E+03   1.50328000000000E+01
 1.92320830000000E+03   1.72554000000000E+01
 1.92329170000000E+03   2.97085000000000E+01
 1.92337500000000E+03   4.15462000000000E+01
 1.92345830000000E+03   4.03838000000000E+01
 1.92354170000000E+03   2.59905000000000E+01
 1.92362500000000E+03   2.02124000000000E+01
 1.92370830000000E+03   1.63574000000000E+01
 1.92379170000000E+03   2.94253000000000E+01
 1.92387500000000E+03   3.82623000000000E+01
 1.92395830000000E+03   4.56377000000000E+01
 1.92404170000000E+03   4.60898000000000E+01
 1.92412500000000E+03   4.21573000000000E+01
 1.92420830000000E+03   3.65323000000000E+01
 1.92429170000000E+03   2.89842000000000E+01
 1.92437500000000E+03   1.16667000000000E+01
 1.92445830000000E+03  -3.95860000000000E+00
 1.92454170000000E+03   2.80060000000000E+00
 1.92462500000000E+03   1.86367000000000E+01
 1.92470830000000E+03   1.27803000000000E+01
 1.92479170000000E+03   1.34622000000000E+01
 1.92487500000000E+03   1.09903000000000E+01
 1.92495830000000E+03   2.33643000000000E+01
 1.92504170000000E+03   2.28921000000000E+01
 1.92512500000000E+03   2.24967000000000E+01
 1.92520830000000E+03   3.14858000000000E+01
 1.92529170000000E+03   3.60902000000000E+01
 1.92537500000000E+03   3.93098000000000E+01
 1.92545830000000E+03   4.99909000000000E+01
 1.92554170000000E+03   5.09796000000000E+01
 1.92562500000000E+03   2.85835000000000E+01
 1.92570830000000E+03   2.20335000000000E+01
 1.92579170000000E+03   2.12526000000000E+01
 1.92587500000000E+03   2.33178000000000E+01
 1.92595830000000E+03   3.24598000000000E+01
 1.92604170000000E+03   2.96016000000000E+01
 1.92612500000000E+03   3.90510000000000E+01
 1.92620830000000E+03   4.18081000000000E+01
 1.92629170000000E+03   3.83342000000000E+01
 1.92637500000000E+03   2.78602000000000E+01
 1.92645830000000E+03   2.92323000000000E+01
 1.92654170000000E+03   2.17581000000000E+01
 1.92662500000000E+03   2.00530000000000E+01
 1.92670830000000E+03   2.30402000000000E+01
 1.92679170000000E+03   2.42580000000000E+01
 1.92687500000000E+03   3.23987000000000E+01
 1.92695830000000E+03   4.60009000000000E+01
 1.92704170000000E+03   5.15260000000000E+01
 1.92712500000000E+03   5.60511000000000E+01
 1.92720830000000E+03   5.22683000000000E+01
 1.92729170000000E+03   5.47931000000000E+01
 1.92737500000000E+03   5.20102000000000E+01
 1.92745830000000E+03   4.12271000000000E+01
 1.92754170000000E+03   2.99823000000000E+01
 1.92762500000000E+03   2.45067000000000E+01
 1.92770830000000E+03   7.33870000000000E+00
 1.92779170000000E+03   2.47820000000000E+00
 1.92787500000000E+03  -1.01516000000000E+01
 1.92795830000000E+03  -6.85840000000000E+00
 1.92804170000000E+03  -2.41150000000000E+00
 1.92812500000000E+03   4.57380000000000E+00
 1.92820830000000E+03   5.94360000000000E+00
 1.92829170000000E+03   6.69780000000000E+00
 1.92837500000000E+03   9.13500000000000E-01
 1.92845830000000E+03   2.83000000000000E-01
 1.92854170000000E+03   2.57530000000000E+00
 1.92862500000000E+03  -1.46708000000000E+01
 1.92870830000000E+03  -2.25325000000000E+01
 1.92879170000000E+03  -5.39430000000000E+00
 1.92887500000000E+03   2.05160000000000E+00
 1.92895830000000E+03   1.48050000000000E+01
 1.92904170000000E+03   1.72505000000000E+01
 1.92912500000000E+03   1.04653000000000E+01
 1.92920830000000E+03   6.75680000000000E+00
 1.92929170000000E+03   1.31251000000000E+01
 1.92937500000000E+03   1.02626000000000E+01
 1.92945830000000E+03   5.93840000000000E+00
 1.92954170000000E+03   2.30640000000000E+00
 1.92962500000000E+03  -1.09490000000000E+00
 1.92970830000000E+03   1.10421000000000E+01
 1.92979170000000E+03   9.40970000000000E+00
 1.92987500000000E+03   3.93120000000000E+00
 1.92995830000000E+03   2.06790000000000E+00
 1.93004170000000E+03   5.12750000000000E+00
 1.93012500000000E+03   4.03320000000000E+00
 1.93020830000000E+03  -5.44580000000000E+00
 1.93029170000000E+03  -6.92500000000000E+00
 1.93037500000000E+03  -3.86570000000000E+00
 1.93045830000000E+03  -1.06528000000000E+01
 1.93054170000000E+03  -1.22861000000000E+01
 1.93062500000000E+03  -2.68426000000000E+01
 1.93070830000000E+03  -2.27838000000000E+01
 1.93079170000000E+03  -2.11867000000000E+01
 1.93087500000000E+03  -1.59743000000000E+01
 1.93095830000000E+03  -3.60810000000000E+00
 1.93104170000000E+03   1.19886000000000E+01
 1.93112500000000E+03   1.18161000000000E+01
 1.93120830000000E+03   1.27204000000000E+01
 1.93129170000000E+03   2.97014000000000E+01
 1.93137500000000E+03   2.09901000000000E+01
 1.93145830000000E+03   1.54325000000000E+01
 1.93154170000000E+03   2.61825000000000E+01
 1.93162500000000E+03   2.77785000000000E+01
 1.93170830000000E+03   3.39898000000000E+01
 1.93179170000000E+03   3.58164000000000E+01
 1.93187500000000E+03   3.80275000000000E+01
 1.93195830000000E+03   4.40077000000000E+01
 1.93204170000000E+03   4.54493000000000E+01
 1.93212500000000E+03   4.19678000000000E+01
 1.93220830000000E+03   4.69477000000000E+01
 1.93229170000000E+03   4.93120000000000E+01
 1.93237500000000E+03   3.71378000000000E+01
 1.93245830000000E+03   3.82712000000000E+01
 1.93254170000000E+03   1.87122000000000E+01
 1.93262500000000E+03   9.84540000000000E+00
 1.93270830000000E+03  -5.71390000000000E+00
 1.93279170000000E+03   1.57290000000000E+00
 1.93287500000000E+03   1.09040000000000E+00
 1.93295830000000E+03   2.14620000000000E+00
 1.93304170000000E+03   6.43270000000000E+00
 1.93312500000000E+03   1.43344000000000E+01
 1.93320830000000E+03   1.11591000000000E+01
 1.93329170000000E+03  -1.01630000000000E+00
 1.93337500000000E+03  -1.37303000000000E+01
 1.93345830000000E+03  -2.26751000000000E+01
 1.93354170000000E+03  -2.83893000000000E+01
 1.93362500000000E+03  -1.24882000000000E+01
 1.93370830000000E+03  -1.62026000000000E+01
 1.93379170000000E+03  -2.18402000000000E+01
 1.93387500000000E+03  -2.60933000000000E+01
 1.93395830000000E+03  -2.08850000000000E+01
 1.93404170000000E+03  -1.01383000000000E+01
 1.93412500000000E+03  -6.69940000000000E+00
 1.93420830000000E+03  -1.60299000000000E+01
 1.93429170000000E+03  -6.20660000000000E+00
 1.93437500000000E+03   1.53970000000000E+00
 1.93445830000000E+03  -7.14200000000000E-01
 1.93454170000000E+03   1.10870000000000E+00
 1.93462500000000E+03   1.53931000000000E+01
 1.93470830000000E+03  -7.07200000000000E-01
 1.93479170000000E+03   1.34620000000000E+00
 1.93487500000000E+03   9.01480000000000E+00
 1.93495830000000E+03   1.04526000000000E+01
 1.93504170000000E+03   2.25826000000000E+01
 1.93512500000000E+03   2.37125000000000E+01
 1.93520830000000E+03   2.60730000000000E+01
 1.93529170000000E+03   3.78950000000000E+01
 1.93537500000000E+03   2.64861000000000E+01
 1.93545830000000E+03   1.90770000000000E+01
 1.93554170000000E+03   2.60525000000000E+01
 1.93562500000000E+03   2.86433000000000E+01
 1.93570830000000E+03   6.38780000000000E+00
 1.93579170000000E+03   8.82440000000000E+00
 1.93587500000000E+03   4.91800000000000E-01
 1.93595830000000E+03   6.23590000000000E+00
 1.93604170000000E+03   1.01338000000000E+01
 1.93612500000000E+03   3.33930000000000E+00
 1.93620830000000E+03  -2.30150000000000E+00
 1.93629170000000E+03   1.34500000000000E-01
 1.93637500000000E+03  -1.11218000000000E+01
 1.93645830000000E+03  -2.99370000000000E+00
 1.93654170000000E+03  -1.37888000000000E+01
 1.93662500000000E+03  -2.42763000000000E+01
 1.93670830000000E+03  -3.13793000000000E+01
 1.93679170000000E+03  -2.95593000000000E+01
 1.93687500000000E+03  -3.44317000000000E+01
 1.93695830000000E+03  -2.61504000000000E+01
 1.93704170000000E+03  -1.71769000000000E+01
 1.93712500000000E+03  -1.62035000000000E+01
 1.93720830000000E+03  -1.41533000000000E+01
 1.93729170000000E+03  -1.79494000000000E+01
 1.93737500000000E+03  -2.70533000000000E+01
 1.93745830000000E+03  -3.50803000000000E+01
 1.93754170000000E+03  -4.08767000000000E+01
 1.93762500000000E+03  -3.02886000000000E+01
 1.93770830000000E+03  -1.13929000000000E+01
 1.93779170000000E+03   1.18104000000000E+01
 1.93787500000000E+03   2.29366000000000E+01
 1.93795830000000E+03   3.69859000000000E+01
 1.93804170000000E+03   4.34965000000000E+01
 1.93812500000000E+03   4.12378000000000E+01
 1.93820830000000E+03   4.12098000000000E+01
 1.93829170000000E+03   4.23354000000000E+01
 1.93837500000000E+03   5.43072000000000E+01
 1.93845830000000E+03   4.23558000000000E+01
 1.93854170000000E+03   4.02503000000000E+01
 1.93862500000000E+03   3.92218000000000E+01
 1.93870830000000E+03   3.47315000000000E+01
 1.93879170000000E+03   1.83181000000000E+01
 1.93887500000000E+03  -3.48010000000000E+00
 1.93895830000000E+03  -2.81680000000000E+00
 1.93904170000000E+03  -2.92280000000000E+00
 1.93912500000000E+03  -7.41360000000000E+00
 1.93920830000000E+03  -1.42122000000000E+01
 1.93929170000000E+03  -2.60878000000000E+01
 1.93937500000000E+03  -4.20405000000000E+01
 1.93945830000000E+03  -5.41471000000000E+01
 1.93954170000000E+03  -4.91769000000000E+01
 1.93962500000000E+03  -5.84376000000000E+01
 1.93970830000000E+03  -6.80830000000000E+01
 1.93979170000000E+03  -7.50362000000000E+01
 1.93987500000000E+03  -8.01433000000000E+01
 1.93995830000000E+03  -7.66352000000000E+01
 1.94004170000000E+03  -7.62811000000000E+01
 1.94012500000000E+03  -7.23116000000000E+01
 1.94020830000000E+03  -5.83423000000000E+01
 1.94029170000000E+03  -5.45270000000000E+01
 1.94037500000000E+03  -4.22502000000000E+01
 1.94045830000000E+03  -3.40504000000000E+01
 1.94054170000000E+03  -4.11584000000000E+01
 1.94062500000000E+03  -4.27281000000000E+01
 1.94070830000000E+03  -3.59133000000000E+01
 1.94079170000000E+03  -4.34063000000000E+01
 1.94087500000000E+03  -4.16686000000000E+01
 1.94095830000000E+03  -3.69310000000000E+01
 1.94104170000000E+03  -3.00398000000000E+01
 1.94112500000000E+03  -2.49178000000000E+01
 1.94120830000000E+03  -2.94882000000000E+01
 1.94129170000000E+03  -3.89819000000000E+01
 1.94137500000000E+03  -5.13987000000000E+01
 1.94145830000000E+03  -4.76618000000000E+01
 1.94154170000000E+03  -5.71558000000000E+01
 1.94162500000000E+03  -6.52653000000000E+01
 1.94170830000000E+03  -8.06825000000000E+01
 1.94179170000000E+03  -8.59461000000000E+01
 1.94187500000000E+03  -7.78251000000000E+01
 1.94195830000000E+03  -6.72427000000000E+01
 1.94204170000000E+03  -5.55835000000000E+01
 1.94212500000000E+03  -5.69244000000000E+01
 1.94220830000000E+03  -5.89577000000000E+01
 1.94229170000000E+03  -4.77604000000000E+01
 1.94237500000000E+03  -3.84862000000000E+01
 1.94245830000000E+03  -1.55198000000000E+01
 1.94254170000000E+03  -2.53229000000000E+01
 1.94262500000000E+03  -7.27980000000000E+00
 1.94270830000000E+03   1.12247000000000E+01
 1.94279170000000E+03   4.38060000000000E+01
 1.94287500000000E+03   6.00026000000000E+01
 1.94295830000000E+03   6.89683000000000E+01
 1.94304170000000E+03   7.74723000000000E+01
 1.94312500000000E+03   8.35916000000000E+01
 1.94320830000000E+03   8.91724000000000E+01
 1.94329170000000E+03   8.94453000000000E+01
 1.94337500000000E+03   7.41028000000000E+01
 1.94345830000000E+03   5.92986000000000E+01
 1.94354170000000E+03   6.29558000000000E+01
 1.94362500000000E+03   7.10745000000000E+01
 1.94370830000000E+03   6.31931000000000E+01
 1.94379170000000E+03   5.69269000000000E+01
 1.94387500000000E+03   4.73529000000000E+01
 1.94395830000000E+03   4.78558000000000E+01
 1.94404170000000E+03   4.74354000000000E+01
 1.94412500000000E+03   3.91688000000000E+01
 1.94420830000000E+03   2.94405000000000E+01
 1.94429170000000E+03   2.27121000000000E+01
 1.94437500000000E+03   1.97529000000000E+01
 1.94445830000000E+03   1.57935000000000E+01
 1.94454170000000E+03   1.20648000000000E+01
 1.94462500000000E+03  -6.35630000000000E+00
 1.94470830000000E+03  -6.23900000000000E+00
 1.94479170000000E+03  -3.89120000000000E+00
 1.94487500000000E+03   9.18200000000000E-01
 1.94495830000000E+03   6.88120000000000E+00
 1.94504170000000E+03   1.45365000000000E+01
 1.94512500000000E+03   2.03455000000000E+01
 1.94520830000000E+03   2.26928000000000E+01
 1.94529170000000E+03   2.90400000000000E+01
 1.94537500000000E+03   3.62333000000000E+01
 1.94545830000000E+03   4.27342000000000E+01
 1.94554170000000E+03   4.86964000000000E+01
 1.94562500000000E+03   6.57356000000000E+01
 1.94570830000000E+03   6.68515000000000E+01
 1.94579170000000E+03   6.67365000000000E+01
 1.94587500000000E+03   6.05445000000000E+01
 1.94595830000000E+03   6.68909000000000E+01
 1.94604170000000E+03   6.44679000000000E+01
 1.94612500000000E+03   6.21986000000000E+01
 1.94620830000000E+03   6.39293000000000E+01
 1.94629170000000E+03   6.38906000000000E+01
 1.94637500000000E+03   4.85441000000000E+01
 1.94645830000000E+03   2.97359000000000E+01
 1.94654170000000E+03   4.77380000000000E+00
 1.94662500000000E+03  -1.92653000000000E+01
 1.94670830000000E+03  -4.53046000000000E+01
 1.94679170000000E+03  -4.66517000000000E+01
 1.94687500000000E+03  -6.53065000000000E+01
 1.94695830000000E+03  -6.78845000000000E+01
 1.94704170000000E+03  -7.28473000000000E+01
 1.94712500000000E+03  -7.98871000000000E+01
 1.94720830000000E+03  -8.43885000000000E+01
 1.94729170000000E+03  -9.12747000000000E+01
 1.94737500000000E+03  -8.71610000000000E+01
 1.94745830000000E+03  -7.21243000000000E+01
 1.94754170000000E+03  -5.63955000000000E+01
 1.94762500000000E+03  -4.45128000000000E+01
 1.94770830000000E+03  -2.47842000000000E+01
 1.94779170000000E+03  -1.44403000000000E+01
 1.94787500000000E+03  -1.43272000000000E+01
 1.94795830000000E+03   7.08900000000000E-01
 1.94804170000000E+03   1.02832000000000E+01
 1.94812500000000E+03   1.68575000000000E+01
 1.94820830000000E+03   3.21240000000000E+01
 1.94829170000000E+03   4.30826000000000E+01
 1.94837500000000E+03   4.88873000000000E+01
 1.94845830000000E+03   4.36919000000000E+01
 1.94854170000000E+03   4.45733000000000E+01
 1.94862500000000E+03   5.16854000000000E+01
 1.94870830000000E+03   5.26435000000000E+01
 1.94879170000000E+03   5.73707000000000E+01
 1.94887500000000E+03   6.02517000000000E+01
 1.94895830000000E+03   7.06710000000000E+01
 1.94904170000000E+03   7.53979000000000E+01
 1.94912500000000E+03   8.22785000000000E+01
 1.94920830000000E+03   7.33129000000000E+01
 1.94929170000000E+03   6.31933000000000E+01
 1.94937500000000E+03   5.11506000000000E+01
 1.94945830000000E+03   5.51077000000000E+01
 1.94954170000000E+03   5.14493000000000E+01
 1.94962500000000E+03   3.79447000000000E+01
 1.94970830000000E+03   2.37476000000000E+01
 1.94979170000000E+03   2.64735000000000E+01
 1.94987500000000E+03   1.75070000000000E+01
 1.94995830000000E+03   2.00789000000000E+01
 1.95004170000000E+03   2.03429000000000E+01
 1.95012500000000E+03   1.44530000000000E+01
 1.95020830000000E+03   1.21784000000000E+01
 1.95029170000000E+03   2.56729000000000E+01
 1.95037500000000E+03   2.41672000000000E+01
 1.95045830000000E+03   2.18154000000000E+01
 1.95054170000000E+03   2.92490000000000E+00
 1.95062500000000E+03  -1.45811000000000E+01
 1.95070830000000E+03  -2.28563000000000E+01
 1.95079170000000E+03  -2.57472000000000E+01
 1.95087500000000E+03  -3.35611000000000E+01
 1.95095830000000E+03  -3.43752000000000E+01
 1.95104170000000E+03  -3.34202000000000E+01
 1.95112500000000E+03  -3.99268000000000E+01
 1.95120830000000E+03  -4.00489000000000E+01
 1.95129170000000E+03  -6.06327000000000E+01
 1.95137500000000E+03  -7.66781000000000E+01
 1.95145830000000E+03  -6.41851000000000E+01
 1.95154170000000E+03  -5.56154000000000E+01
 1.95162500000000E+03  -4.59688000000000E+01
 1.95170830000000E+03  -3.69377000000000E+01
 1.95179170000000E+03  -3.59837000000000E+01
 1.95187500000000E+03  -3.46451000000000E+01
 1.95195830000000E+03  -1.87682000000000E+01
 1.95204170000000E+03  -5.96840000000000E+00
 1.95212500000000E+03  -1.24550000000000E+00
 1.95220830000000E+03   9.40030000000000E+00
 1.95229170000000E+03   1.81229000000000E+01
 1.95237500000000E+03   3.19223000000000E+01
 1.95245830000000E+03   3.32601000000000E+01
 1.95254170000000E+03   1.77516000000000E+01
 1.95262500000000E+03   1.10892000000000E+01
 1.95270830000000E+03   3.96510000000000E+00
 1.95279170000000E+03   1.09178000000000E+01
 1.95287500000000E+03   1.92550000000000E+01
 1.95295830000000E+03   2.35153000000000E+01
 1.95304170000000E+03   2.12369000000000E+01
 1.95312500000000E+03   2.80353000000000E+01
 1.95320830000000E+03   3.17567000000000E+01
 1.95329170000000E+03   2.67088000000000E+01
 1.95337500000000E+03   1.78915000000000E+01
 1.95345830000000E+03   1.69972000000000E+01
 1.95354170000000E+03   2.43335000000000E+01
 1.95362500000000E+03   1.66980000000000E+00
 1.95370830000000E+03  -2.02248000000000E+01
 1.95379170000000E+03  -2.72735000000000E+01
 1.95387500000000E+03  -3.67837000000000E+01
 1.95395830000000E+03  -4.09094000000000E+01
 1.95404170000000E+03  -3.30353000000000E+01
 1.95412500000000E+03  -2.97766000000000E+01
 1.95420830000000E+03  -3.22103000000000E+01
 1.95429170000000E+03  -3.40289000000000E+01
 1.95437500000000E+03  -3.58474000000000E+01
 1.95445830000000E+03  -2.84354000000000E+01
 1.95454170000000E+03  -2.86388000000000E+01
 1.95462500000000E+03  -3.26885000000000E+01
 1.95470830000000E+03  -1.77383000000000E+01
 1.95479170000000E+03  -2.78820000000000E+00
 1.95487500000000E+03   9.16180000000000E+00
 1.95495830000000E+03   2.18040000000000E+01
 1.95504170000000E+03   3.15998000000000E+01
 1.95512500000000E+03   2.38572000000000E+01
 1.95520830000000E+03   2.20375000000000E+01
 1.95529170000000E+03   2.16023000000000E+01
 1.95537500000000E+03   2.12439000000000E+01
 1.95545830000000E+03   3.49624000000000E+01
 1.95554170000000E+03   3.46807000000000E+01
 1.95562500000000E+03   2.62451000000000E+01
 1.95570830000000E+03   1.50401000000000E+01
 1.95579170000000E+03   1.75273000000000E+01
 1.95587500000000E+03   2.03221000000000E+01
 1.95595830000000E+03   2.03476000000000E+01
 1.95604170000000E+03   2.52191000000000E+01
 1.95612500000000E+03   3.20905000000000E+01
 1.95620830000000E+03   3.61926000000000E+01
 1.95629170000000E+03   4.04484000000000E+01
 1.95637500000000E+03   3.41656000000000E+01
 1.95645830000000E+03   2.95751000000000E+01
 1.95654170000000E+03   1.58305000000000E+01
 1.95662500000000E+03   1.12397000000000E+01
 1.95670830000000E+03   6.95650000000000E+00
 1.95679170000000E+03   7.28860000000000E+00
 1.95687500000000E+03   8.08210000000000E+00
 1.95695830000000E+03   9.26010000000000E+00
 1.95704170000000E+03   1.11303000000000E+01
 1.95712500000000E+03   1.13850000000000E+01
 1.95720830000000E+03   1.47165000000000E+01
 1.95729170000000E+03   2.55094000000000E+01
 1.95737500000000E+03   2.41484000000000E+01
 1.95745830000000E+03   2.96335000000000E+01
 1.95754170000000E+03   2.39645000000000E+01
 1.95762500000000E+03   2.59878000000000E+01
 1.95770830000000E+03   1.68571000000000E+01
 1.95779170000000E+03   1.34186000000000E+01
 1.95787500000000E+03   2.16723000000000E+01
 1.95795830000000E+03   2.36952000000000E+01
 1.95804170000000E+03   3.04871000000000E+01
 1.95812500000000E+03   3.24328000000000E+01
 1.95820830000000E+03   2.47630000000000E+01
 1.95829170000000E+03   1.91700000000000E+01
 1.95837500000000E+03   3.65390000000000E+00
 1.95845830000000E+03   1.21450000000000E+00
 1.95854170000000E+03   1.15960000000000E+00
 1.95862500000000E+03   6.43100000000000E-01
 1.95870830000000E+03  -1.21812000000000E+01
 1.95879170000000E+03  -1.01595000000000E+01
 1.95887500000000E+03  -7.21480000000000E+00
 1.95895830000000E+03  -3.50090000000000E+00
 1.95904170000000E+03   3.82810000000000E+00
 1.95912500000000E+03   1.46480000000000E+00
 1.95920830000000E+03   1.25530000000000E+00
 1.95929170000000E+03   4.50710000000000E+00
 1.95937500000000E+03  -1.16258000000000E+01
 1.95945830000000E+03  -2.62972000000000E+01
 1.95954170000000E+03  -3.79688000000000E+01
 1.95962500000000E+03  -6.34097000000000E+01
 1.95970830000000E+03  -8.18507000000000E+01
 1.95979170000000E+03  -9.13688000000000E+01
 1.95987500000000E+03  -9.61946000000000E+01
 1.95995830000000E+03  -8.65590000000000E+01
 1.96004170000000E+03  -8.62313000000000E+01
 1.96012500000000E+03  -8.40574000000000E+01
 1.96020830000000E+03  -8.24991000000000E+01
 1.96029170000000E+03  -9.24794000000000E+01
 1.96037500000000E+03  -9.78443000000000E+01
 1.96045830000000E+03  -8.41324000000000E+01
 1.96054170000000E+03  -7.94208000000000E+01
 1.96062500000000E+03  -7.72476000000000E+01
 1.96070830000000E+03  -5.01514000000000E+01
 1.96079170000000E+03  -2.79785000000000E+01
 1.96087500000000E+03  -8.11340000000000E+00
 1.96095830000000E+03   1.08286000000000E+01
 1.96104170000000E+03   2.56935000000000E+01
 1.96112500000000E+03   3.82506000000000E+01
 1.96120830000000E+03   4.11923000000000E+01
 1.96129170000000E+03   3.59799000000000E+01
 1.96137500000000E+03   4.73829000000000E+01
 1.96145830000000E+03   5.76319000000000E+01
 1.96154170000000E+03   6.03422000000000E+01
 1.96162500000000E+03   8.03603000000000E+01
 1.96170830000000E+03   7.49166000000000E+01
 1.96179170000000E+03   5.66267000000000E+01
 1.96187500000000E+03   4.95674000000000E+01
 1.96195830000000E+03   4.87389000000000E+01
 1.96204170000000E+03   4.48332000000000E+01
 1.96212500000000E+03   4.20044000000000E+01
 1.96220830000000E+03   3.86370000000000E+01
 1.96229170000000E+03   3.38079000000000E+01
 1.96237500000000E+03   2.98250000000000E+01
 1.96245830000000E+03   2.29188000000000E+01
 1.96254170000000E+03   9.39710000000000E+00
 1.96262500000000E+03  -4.43240000000000E+00
 1.96270830000000E+03  -2.79542000000000E+01
 1.96279170000000E+03  -3.75532000000000E+01
 1.96287500000000E+03  -4.22291000000000E+01
 1.96295830000000E+03  -4.54436000000000E+01
 1.96304170000000E+03  -4.80429000000000E+01
 1.96312500000000E+03  -5.44884000000000E+01
 1.96320830000000E+03  -6.37033000000000E+01
 1.96329170000000E+03  -6.53029000000000E+01
 1.96337500000000E+03  -6.09795000000000E+01
 1.96345830000000E+03  -5.31177000000000E+01
 1.96354170000000E+03  -5.21792000000000E+01
 1.96362500000000E+03  -4.00100000000000E+01
 1.96370830000000E+03  -5.08409000000000E+01
 1.96379170000000E+03  -5.15181000000000E+01
 1.96387500000000E+03  -3.75800000000000E+01
 1.96395830000000E+03  -2.64112000000000E+01
 1.96404170000000E+03  -1.47041000000000E+01
 1.96412500000000E+03  -8.92020000000000E+00
 1.96420830000000E+03  -1.59790000000000E+00
 1.96429170000000E+03  -3.35270000000000E+00
 1.96437500000000E+03  -5.03060000000000E+00
 1.96445830000000E+03  -9.86250000000000E+00
 1.96454170000000E+03  -1.35407000000000E+01
 1.96462500000000E+03  -1.29881000000000E+01
 1.96470830000000E+03  -2.55126000000000E+01
 1.96479170000000E+03  -1.76527000000000E+01
 1.96487500000000E+03  -1.27928000000000E+01
 1.96495830000000E+03  -1.10869000000000E+01
 1.96504170000000E+03  -1.45810000000000E+00
 1.96512500000000E+03  -2.06000000000000E+00
 1.96520830000000E+03  -3.66210000000000E+00
 1.96529170000000E+03  -8.18750000000000E+00
 1.96537500000000E+03  -3.09750000000000E+00
 1.96545830000000E+03  -1.11614000000000E+01
 1.96554170000000E+03  -2.35333000000000E+01
 1.96562500000000E+03  -3.11359000000000E+01
 1.96570830000000E+03  -3.12002000000000E+01
 1.96579170000000E+03  -2.91878000000000E+01
 1.96587500000000E+03  -2.69446000000000E+01
 1.96595830000000E+03  -1.50092000000000E+01
 1.96604170000000E+03  -4.53550000000000E+00
 1.96612500000000E+03  -6.83110000000000E+00
 1.96620830000000E+03   2.95010000000000E+00
 1.96629170000000E+03   3.57730000000000E+00
 1.96637500000000E+03  -5.02640000000000E+00
 1.96645830000000E+03  -8.24550000000000E+00
 1.96654170000000E+03  -1.03879000000000E+01
 1.96662500000000E+03  -1.76110000000000E+00
 1.96670830000000E+03   2.02502000000000E+01
 1.96679170000000E+03   2.38768000000000E+01
 1.96687500000000E+03   2.91956000000000E+01
 1.96695830000000E+03   3.95912000000000E+01
 1.96704170000000E+03   4.19096000000000E+01
 1.96712500000000E+03   4.13050000000000E+01
 1.96720830000000E+03   4.23926000000000E+01
 1.96729170000000E+03   4.46339000000000E+01
 1.96737500000000E+03   4.79520000000000E+01
 1.96745830000000E+03   6.99623000000000E+01
 1.96754170000000E+03   7.54340000000000E+01
 1.96762500000000E+03   7.65979000000000E+01
 1.96770830000000E+03   7.95310000000000E+01
 1.96779170000000E+03   6.42331000000000E+01
 1.96787500000000E+03   5.53198000000000E+01
 1.96795830000000E+03   5.11757000000000E+01
 1.96804170000000E+03   4.83390000000000E+01
 1.96812500000000E+03   4.31946000000000E+01
 1.96820830000000E+03   3.07424000000000E+01
 1.96829170000000E+03   2.75977000000000E+01
 1.96837500000000E+03   1.34530000000000E+01
 1.96845830000000E+03  -3.07200000000000E-01
 1.96854170000000E+03  -2.95292000000000E+01
 1.96862500000000E+03  -4.49819000000000E+01
 1.96870830000000E+03  -6.12809000000000E+01
 1.96879170000000E+03  -7.38109000000000E+01
 1.96887500000000E+03  -8.01871000000000E+01
 1.96895830000000E+03  -7.84095000000000E+01
 1.96904170000000E+03  -6.97090000000000E+01
 1.96912500000000E+03  -7.25470000000000E+01
 1.96920830000000E+03  -6.29236000000000E+01
 1.96929170000000E+03  -4.63004000000000E+01
 1.96937500000000E+03  -3.21388000000000E+01
 1.96945830000000E+03  -4.00542000000000E+01
 1.96954170000000E+03  -4.68159000000000E+01
 1.96962500000000E+03  -4.40392000000000E+01
 1.96970830000000E+03  -4.64164000000000E+01
 1.96979170000000E+03  -3.11785000000000E+01
 1.96987500000000E+03  -2.63252000000000E+01
 1.96995830000000E+03  -2.00105000000000E+01
 1.97004170000000E+03  -1.20806000000000E+01
 1.97012500000000E+03  -1.23814000000000E+01
 1.97020830000000E+03  -3.52860000000000E+00
 1.97029170000000E+03  -3.06050000000000E+00
 1.97037500000000E+03  -6.28480000000000E+00
 1.97045830000000E+03  -1.79708000000000E+01
 1.97054170000000E+03  -1.51953000000000E+01
 1.97062500000000E+03  -4.96900000000000E-01
 1.97070830000000E+03   4.12450000000000E+00
 1.97079170000000E+03   6.82270000000000E+00
 1.97087500000000E+03  -6.33000000000000E-01
 1.97095830000000E+03   1.29580000000000E+00
 1.97104170000000E+03   6.91670000000000E+00
 1.97112500000000E+03   3.30680000000000E+00
 1.97120830000000E+03   2.00450000000000E+00
 1.97129170000000E+03   4.00970000000000E+00
 1.97137500000000E+03   7.47640000000000E+00
 1.97145830000000E+03   1.23276000000000E+01
 1.97154170000000E+03  -1.12060000000000E+01
 1.97162500000000E+03  -2.84319000000000E+01
 1.97170830000000E+03  -4.85811000000000E+01
 1.97179170000000E+03  -4.73458000000000E+01
 1.97187500000000E+03  -4.81874000000000E+01
 1.97195830000000E+03  -4.07215000000000E+01
 1.97204170000000E+03  -4.14865000000000E+01
 1.97212500000000E+03  -4.66362000000000E+01
 1.97220830000000E+03  -4.68629000000000E+01
 1.97229170000000E+03  -4.58590000000000E+01
 1.97237500000000E+03  -4.23936000000000E+01
 1.97245830000000E+03  -5.44668000000000E+01
 1.97254170000000E+03  -7.70017000000000E+01
 1.97262500000000E+03  -5.98444000000000E+01
 1.97270830000000E+03  -3.98410000000000E+01
 1.97279170000000E+03  -2.02993000000000E+01
 1.97287500000000E+03  -2.15269000000000E+01
 1.97295830000000E+03  -1.25238000000000E+01
 1.97304170000000E+03  -7.75170000000000E+00
 1.97312500000000E+03  -3.44110000000000E+00
 1.97320830000000E+03  -1.28450000000000E+00
 1.97329170000000E+03  -3.12810000000000E+00
 1.97337500000000E+03   8.95130000000000E+00
 1.97345830000000E+03   7.18450000000000E+00
 1.97354170000000E+03   2.63600000000000E-01
 1.97362500000000E+03   6.34280000000000E+00
 1.97370830000000E+03  -1.35013000000000E+01
 1.97379170000000E+03  -2.95763000000000E+01
 1.97387500000000E+03  -4.23437000000000E+01
 1.97395830000000E+03  -3.51112000000000E+01
 1.97404170000000E+03  -2.74942000000000E+01
 1.97412500000000E+03  -2.88004000000000E+01
 1.97420830000000E+03  -2.35682000000000E+01
 1.97429170000000E+03  -2.34131000000000E+01
 1.97437500000000E+03  -6.02730000000000E+00
 1.97445830000000E+03  -3.41080000000000E+00
 1.97462500000000E+03  -1.54090000000000E+01
 1.97470830000000E+03  -1.40236000000000E+01
 1.97479170000000E+03  -2.14846000000000E+01
 1.97487500000000E+03  -9.33020000000000E+00
 1.97495830000000E+03   6.36250000000000E+00
 1.97504170000000E+03   1.82859000000000E+01
 1.97512500000000E+03   1.70553000000000E+01
 1.97520830000000E+03   1.21323000000000E+01
 1.97529170000000E+03   1.65169000000000E+01
 1.97537500000000E+03   4.59370000000000E+00
 1.97545830000000E+03   1.39781000000000E+01
 1.97554170000000E+03   1.32853000000000E+01
 1.97562500000000E+03  -1.45612000000000E+01
 1.97570830000000E+03  -1.94079000000000E+01
 1.97579170000000E+03  -2.31779000000000E+01
 1.97587500000000E+03  -1.44864000000000E+01
 1.97595830000000E+03  -6.79500000000000E+00
 1.97604170000000E+03  -5.94990000000000E+00
 1.97612500000000E+03  -9.41250000000000E+00
 1.97629170000000E+03  -2.36459000000000E+01
 1.97637500000000E+03  -3.18781000000000E+01
 1.97645830000000E+03  -3.44181000000000E+01
 1.97654170000000E+03  -3.64968000000000E+01
 1.97662500000000E+03  -5.75754000000000E+01
 1.97670830000000E+03  -7.99619000000000E+01
 1.97679170000000E+03  -7.36563000000000E+01
 1.97687500000000E+03  -7.50430000000000E+01
 1.97695830000000E+03  -6.81221000000000E+01
 1.97704170000000E+03  -6.02784000000000E+01
 1.97712500000000E+03  -6.23577000000000E+01
 1.97720830000000E+03  -5.59756000000000E+01
 1.97729170000000E+03  -4.96707000000000E+01
 1.97737500000000E+03  -2.07503000000000E+01
 1.97745830000000E+03  -1.72916000000000E+01
 1.97754170000000E+03  -9.75620000000000E+00
 1.97762500000000E+03  -1.07593000000000E+01
 1.97770830000000E+03  -6.68560000000000E+00
 1.97779170000000E+03  -1.26890000000000E+01
 1.97787500000000E+03  -2.52308000000000E+01
 1.97795830000000E+03  -2.25420000000000E+01
 1.97804170000000E+03  -1.87765000000000E+01
 1.97812500000000E+03  -2.10880000000000E+01
 1.97820830000000E+03  -4.76400000000000E-01
 1.97829170000000E+03   4.36570000000000E+00
 1.97837500000000E+03   1.52847000000000E+01
 1.97845830000000E+03  -1.64260000000000E+00
 1.97854170000000E+03  -5.95460000000000E+00
 1.97862500000000E+03  -2.32667000000000E+01
 1.97870830000000E+03  -2.36558000000000E+01
 1.97879170000000E+03  -3.18913000000000E+01
 1.97887500000000E+03  -2.85114000000000E+01
 1.97895830000000E+03  -1.89009000000000E+01
 1.97904170000000E+03  -5.59820000000000E+00
 1.97912500000000E+03  -1.91100000000000E+00
 1.97920830000000E+03   4.46850000000000E+00
 1.97929170000000E+03  -1.99215000000000E+01
 1.97937500000000E+03  -3.23884000000000E+01
 1.97945830000000E+03  -4.13170000000000E+01
 1.97954170000000E+03  -4.82458000000000E+01
 1.97962500000000E+03  -5.78669000000000E+01
 1.97970830000000E+03  -6.86419000000000E+01
 1.97979170000000E+03  -6.58018000000000E+01
 1.97987500000000E+03  -6.05001000000000E+01
 1.97995830000000E+03  -5.38909000000000E+01
 1.98004170000000E+03  -4.58203000000000E+01
 1.98012500000000E+03  -4.95960000000000E+01
 1.98020830000000E+03  -4.91409000000000E+01
 1.98029170000000E+03  -4.87630000000000E+01
 1.98037500000000E+03  -3.66158000000000E+01
 1.98045830000000E+03  -2.11611000000000E+01
 1.98054170000000E+03  -1.74758000000000E+01
 1.98062500000000E+03  -1.32900000000000E+00
 1.98070830000000E+03   7.58690000000000E+00
 1.98079170000000E+03   1.33488000000000E+01
 1.98087500000000E+03   1.21107000000000E+01
 1.98095830000000E+03   2.27955000000000E+01
 1.98104170000000E+03   2.91725000000000E+01
 1.98112500000000E+03   3.62417000000000E+01
 1.98120830000000E+03   3.32339000000000E+01
 1.98129170000000E+03   3.71490000000000E+01
 1.98137500000000E+03   4.92948000000000E+01
 1.98145830000000E+03   6.00559000000000E+01
 1.98154170000000E+03   4.75091000000000E+01
 1.98162500000000E+03   3.11930000000000E+01
 1.98170830000000E+03   1.87231000000000E+01
 1.98179170000000E+03   2.82528000000000E+01
 1.98187500000000E+03   3.83211000000000E+01
 1.98195830000000E+03   4.19277000000000E+01
 1.98204170000000E+03   3.88418000000000E+01
 1.98212500000000E+03   3.79097000000000E+01
 1.98220830000000E+03   3.89775000000000E+01
 1.98229170000000E+03   3.31220000000000E+01
 1.98237500000000E+03   2.91127000000000E+01
 1.98245830000000E+03   1.57955000000000E+01
 1.98254170000000E+03   2.38628000000000E+01
 1.98262500000000E+03   2.43146000000000E+01
 1.98270830000000E+03   3.29972000000000E+01
 1.98279170000000E+03   3.55256000000000E+01
 1.98287500000000E+03   2.75157000000000E+01
 1.98295830000000E+03   2.60440000000000E+01
 1.98304170000000E+03   3.28798000000000E+01
 1.98312500000000E+03   5.26387000000000E+01
 1.98320830000000E+03   5.65514000000000E+01
 1.98329170000000E+03   5.10792000000000E+01
 1.98337500000000E+03   4.45301000000000E+01
 1.98345830000000E+03   2.02885000000000E+01
 1.98354170000000E+03  -1.49170000000000E+00
 1.98387500000000E+03  -3.42287000000000E+01
 1.98395830000000E+03  -3.59324000000000E+01
 1.98404170000000E+03  -3.32518000000000E+01
 1.98412500000000E+03  -3.07249000000000E+01
 1.98420830000000E+03  -1.95059000000000E+01
 1.98429170000000E+03  -4.21020000000000E+00
 1.98437500000000E+03  -9.68370000000000E+00
 1.98445830000000E+03  -3.20804000000000E+01
 1.98454170000000E+03  -4.67081000000000E+01
 1.98462500000000E+03  -5.60281000000000E+01
 1.98470830000000E+03  -5.80405000000000E+01
 1.98479170000000E+03  -4.50531000000000E+01
 1.98487500000000E+03  -3.99889000000000E+01
 1.98495830000000E+03  -3.27708000000000E+01
 1.98504170000000E+03  -2.90146000000000E+01
 1.98512500000000E+03  -2.71044000000000E+01
 1.98520830000000E+03  -1.59637000000000E+01
 1.98529170000000E+03  -1.49770000000000E+01
 1.98537500000000E+03  -2.31441000000000E+01
 1.98545830000000E+03  -1.60037000000000E+01
 1.98554170000000E+03  -7.40190000000000E+00
 1.98562500000000E+03  -1.75694000000000E+01
 1.98570830000000E+03  -2.84293000000000E+01
 1.98579170000000E+03  -2.80586000000000E+01
 1.98587500000000E+03  -3.12264000000000E+01
 1.98595830000000E+03  -2.80097000000000E+01
 1.98604170000000E+03  -2.21778000000000E+01
 1.98612500000000E+03  -2.39613000000000E+01
 1.98620830000000E+03  -1.88988000000000E+01
 1.98629170000000E+03  -1.99903000000000E+01
 1.98637500000000E+03  -1.59280000000000E+01
 1.98645830000000E+03  -9.86580000000000E+00
 1.98654170000000E+03  -2.06500000000000E+01
 1.98662500000000E+03  -3.07419000000000E+01
 1.98670830000000E+03  -3.29877000000000E+01
 1.98679170000000E+03  -3.21568000000000E+01
 1.98687500000000E+03  -2.40951000000000E+01
 1.98695830000000E+03  -1.46490000000000E+01
 1.98704170000000E+03  -3.28000000000000E+00
 1.98712500000000E+03   1.70440000000000E+00
 1.98720830000000E+03  -5.46510000000000E+00
 1.98729170000000E+03  -1.59426000000000E+01
 1.98745830000000E+03  -2.01284000000000E+01
 1.98754170000000E+03  -2.73754000000000E+01
 1.98762500000000E+03  -3.89302000000000E+01
 1.98770830000000E+03  -3.63311000000000E+01
 1.98779170000000E+03  -3.77324000000000E+01
 1.98787500000000E+03  -2.96720000000000E+01
 1.98795830000000E+03  -1.67656000000000E+01
 1.98804170000000E+03  -1.50903000000000E+01
 1.98812500000000E+03  -8.18410000000000E+00
 1.98820830000000E+03  -5.43190000000000E+00
 1.98829170000000E+03  -1.34491000000000E+01
 1.98837500000000E+03  -2.35600000000000E-01
 1.98845830000000E+03   1.30547000000000E+01
 1.98854170000000E+03   2.07294000000000E+01
 1.98862500000000E+03   3.12503000000000E+01
 1.98870830000000E+03   3.87711000000000E+01
 1.98879170000000E+03   3.55224000000000E+01
 1.98887500000000E+03   4.03507000000000E+01
 1.98895830000000E+03   4.96403000000000E+01
 1.98904170000000E+03   5.25452000000000E+01
 1.98912500000000E+03   6.62962000000000E+01
 1.98920830000000E+03   6.83547000000000E+01
 1.98929170000000E+03   6.61823000000000E+01
 1.98937500000000E+03   7.03945000000000E+01
 1.98945830000000E+03   7.20681000000000E+01
 1.98954170000000E+03   6.73569000000000E+01
 1.98962500000000E+03   6.94919000000000E+01
 1.98970830000000E+03   7.16267000000000E+01
 1.98979170000000E+03   6.56844000000000E+01
 1.98987500000000E+03   6.48960000000000E+01
 1.98995830000000E+03   6.45689000000000E+01
 1.99004170000000E+03   7.07032000000000E+01
 1.99012500000000E+03   7.29914000000000E+01
 1.99020830000000E+03   6.83563000000000E+01
 1.99029170000000E+03   6.32595000000000E+01
 1.99037500000000E+03   5.97781000000000E+01
 1.99045830000000E+03   5.07581000000000E+01
 1.99054170000000E+03   3.98917000000000E+01
 1.99062500000000E+03   1.67176000000000E+01
 1.99070830000000E+03  -1.89181000000000E+01
 1.99079170000000E+03  -4.60156000000000E+01
 1.99087500000000E+03  -5.10361000000000E+01
 1.99095830000000E+03  -4.06721000000000E+01
 1.99104170000000E+03  -2.78469000000000E+01
 1.99112500000000E+03  -2.54831000000000E+01
 1.99120830000000E+03  -2.56580000000000E+01
 1.99129170000000E+03  -3.16022000000000E+01
 1.99137500000000E+03  -3.79311000000000E+01
 1.99145830000000E+03  -3.63371000000000E+01
 1.99212500000000E+03  -2.33580000000000E+01
 1.99220830000000E+03  -1.41496000000000E+01
 1.99229170000000E+03   1.05870000000000E+00
 1.99237500000000E+03   3.12669000000000E+01
 1.99245830000000E+03   4.20904000000000E+01
 1.99254170000000E+03   5.72214000000000E+01
 1.99262500000000E+03   5.69678000000000E+01
 1.99270830000000E+03   4.12525000000000E+01
 1.99279170000000E+03   2.33832000000000E+01
 1.99287500000000E+03   8.05230000000000E+00
 1.99295830000000E+03   7.79820000000000E+00
 1.99304170000000E+03   1.79286000000000E+01
 1.99312500000000E+03   1.89820000000000E+01
 1.99320830000000E+03   6.72760000000000E+00
 1.99329170000000E+03  -1.18347000000000E+01
 1.99337500000000E+03  -2.70893000000000E+01
 1.99345830000000E+03  -3.74979000000000E+01
 1.99354170000000E+03  -3.42913000000000E+01
 1.99362500000000E+03  -5.77001000000000E+01
 1.99370830000000E+03  -6.21859000000000E+01
 1.99379170000000E+03  -6.34412000000000E+01
 1.99387500000000E+03  -6.08503000000000E+01
 1.99395830000000E+03  -4.22595000000000E+01
 1.99404170000000E+03  -4.49767000000000E+01
 1.99412500000000E+03  -5.42323000000000E+01
 1.99420830000000E+03  -6.04880000000000E+01
 1.99429170000000E+03  -5.97439000000000E+01
 1.99437500000000E+03  -4.54614000000000E+01
 1.99445830000000E+03  -2.29482000000000E+01
 1.99454170000000E+03  -2.11276000000000E+01
 1.99462500000000E+03  -1.30761000000000E+01
 1.99470830000000E+03   2.43670000000000E+00
 1.99479170000000E+03   9.64170000000000E+00
 1.99487500000000E+03   1.38466000000000E+01
 1.99495830000000E+03   2.08207000000000E+01
 1.99504170000000E+03   1.63330000000000E+01
 1.99512500000000E+03   1.84607000000000E+01
 1.99520830000000E+03   1.85114000000000E+01
 1.99529170000000E+03   2.42541000000000E+01
 1.99537500000000E+03   3.20738000000000E+01
 1.99545830000000E+03   2.22780000000000E+01
 1.99554170000000E+03  -1.28730000000000E+00
 1.99562500000000E+03  -2.15449000000000E+01
 1.99570830000000E+03  -5.45718000000000E+01
 1.99579170000000E+03  -7.24451000000000E+01
 1.99587500000000E+03  -8.33184000000000E+01
 1.99595830000000E+03  -8.29611000000000E+01
 1.99604170000000E+03  -7.56039000000000E+01
 1.99612500000000E+03  -8.21699000000000E+01
 1.99620830000000E+03  -8.76590000000000E+01
 1.99629170000000E+03  -8.65329000000000E+01
 1.99637500000000E+03  -8.36377000000000E+01
 1.99645830000000E+03  -9.32809000000000E+01
 1.99654170000000E+03  -9.52322000000000E+01
 1.99662500000000E+03  -7.47987000000000E+01
 1.99670830000000E+03  -5.52116000000000E+01
 1.99679170000000E+03  -2.92401000000000E+01
 1.99687500000000E+03  -1.74993000000000E+01
 1.99695830000000E+03  -1.64509000000000E+01
 1.99704170000000E+03  -2.01720000000000E+01
 1.99712500000000E+03  -1.05085000000000E+01
 1.99720830000000E+03   9.38570000000000E+00
 1.99729170000000E+03   1.39719000000000E+01
 1.99737500000000E+03   9.78890000000000E+00
 1.99745830000000E+03   5.60590000000000E+00
 1.99754170000000E+03   1.70380000000000E+01
 1.99770830000000E+03   2.71328000000000E+01
 1.99779170000000E+03   1.34107000000000E+01
 1.99787500000000E+03   6.53480000000000E+00
 1.99795830000000E+03   3.50490000000000E+00
 1.99804170000000E+03   1.77055000000000E+01
 1.99812500000000E+03   3.40600000000000E+01
 1.99820830000000E+03   4.25683000000000E+01
 1.99829170000000E+03   3.39994000000000E+01
 1.99837500000000E+03   2.39689000000000E+01
 1.99845830000000E+03   2.75538000000000E+01
 1.99854170000000E+03   3.62153000000000E+01
 1.99862500000000E+03   3.97230000000000E+01
 1.99870830000000E+03   2.49229000000000E+01
 1.99879170000000E+03   2.00456000000000E+01
 1.99887500000000E+03   2.10146000000000E+01
 1.99895830000000E+03   2.12141000000000E+01
 1.99904170000000E+03   1.88750000000000E+01
 1.99912500000000E+03   7.84360000000000E+00
 1.99920830000000E+03  -5.88030000000000E+00
 1.99929170000000E+03  -4.60440000000000E+00
 1.99937500000000E+03  -9.40530000000000E+00
 1.99945830000000E+03  -4.12950000000000E+00
 1.99954170000000E+03  -1.61600000000000E-01
 1.99962500000000E+03   4.26780000000000E+00
 1.99970830000000E+03   1.00490000000000E+00
 1.99979170000000E+03  -1.10450000000000E+00
 1.99987500000000E+03  -7.67530000000000E+00
 1.99995830000000E+03   7.36910000000000E+00
 2.00004170000000E+03   3.13363000000000E+01
 2.00012500000000E+03   4.60728000000000E+01
 2.00020830000000E+03   4.01169000000000E+01
 2.00029170000000E+03   3.26222000000000E+01
 2.00037500000000E+03   2.11276000000000E+01
 2.00045830000000E+03   2.28637000000000E+01
 2.00054170000000E+03   1.11379000000000E+01
 2.00062500000000E+03   2.48920000000000E+00
 2.00070830000000E+03  -9.08280000000000E+00
 2.00079170000000E+03  -6.96270000000000E+00
 2.00087500000000E+03   9.84970000000000E+00
 2.00095830000000E+03   2.67389000000000E+01
 2.00104170000000E+03   3.61664000000000E+01
 2.00112500000000E+03   2.19016000000000E+01
 2.00120830000000E+03   1.90982000000000E+01
 2.00162500000000E+03   4.45408000000000E+01
 2.00170830000000E+03   6.60444000000000E+01
 2.00179170000000E+03   7.04709000000000E+01
 2.00187500000000E+03   6.34358000000000E+01
 2.00195830000000E+03   6.77084000000000E+01
 2.00204170000000E+03   7.89037000000000E+01
 2.00212500000000E+03   8.44068000000000E+01
 2.00220830000000E+03   8.06790000000000E+01
 2.00229170000000E+03   7.37202000000000E+01
 2.00237500000000E+03   6.50691000000000E+01
 2.00245830000000E+03   3.18025000000000E+01
 2.00254170000000E+03   3.11511000000000E+01
 2.00262500000000E+03   1.14228000000000E+01
 2.00270830000000E+03  -2.16903000000000E+01
 2.00279170000000E+03  -3.84190000000000E+01
 2.00287500000000E+03  -4.32246000000000E+01
 2.00295830000000E+03  -3.87226000000000E+01
 2.00304170000000E+03  -3.83747000000000E+01
 2.00312500000000E+03  -4.08730000000000E+01
 2.00320830000000E+03  -4.08329000000000E+01
 2.00329170000000E+03  -3.92545000000000E+01
 2.00337500000000E+03  -4.72146000000000E+01
 2.00345830000000E+03  -3.73287000000000E+01
 2.00354170000000E+03  -2.59814000000000E+01
 2.00362500000000E+03  -2.88650000000000E+01
 2.00370830000000E+03  -2.25947000000000E+01
 2.00379170000000E+03  -1.42478000000000E+01
 2.00387500000000E+03  -7.90090000000000E+00
 2.00395830000000E+03   8.21520000000000E+00
 2.00404170000000E+03   1.91771000000000E+01
 2.00412500000000E+03   2.31391000000000E+01
 2.00420830000000E+03   3.17933000000000E+01
 2.00429170000000E+03   3.68318000000000E+01
 2.00437500000000E+03   4.59473000000000E+01
 2.00445830000000E+03   6.65243000000000E+01
 2.00454170000000E+03   8.17933000000000E+01
 2.00462500000000E+03   8.94469000000000E+01
 2.00470830000000E+03   8.24081000000000E+01
 2.00479170000000E+03   7.68306000000000E+01
 2.00487500000000E+03   7.35608000000000E+01
 2.00495830000000E+03   7.19833000000000E+01
 2.00504170000000E+03   6.74054000000000E+01
 2.00512500000000E+03   6.47507000000000E+01
 2.00520830000000E+03   6.21728000000000E+01
 2.00529170000000E+03   4.33639000000000E+01
 2.00537500000000E+03   3.84012000000000E+01
 2.00545830000000E+03   2.56691000000000E+01
 2.00554170000000E+03  -5.14020000000000E+00
 2.00562500000000E+03  -3.94879000000000E+01
 2.00570830000000E+03  -5.86818000000000E+01
 2.00579170000000E+03  -5.91837000000000E+01
 2.00587500000000E+03  -5.99933000000000E+01
 2.00595830000000E+03  -5.47260000000000E+01
 2.00604170000000E+03  -5.86898000000000E+01
 2.00612500000000E+03  -5.99612000000000E+01
 2.00620830000000E+03  -6.31558000000000E+01
 2.00629170000000E+03  -6.07353000000000E+01
 2.00637500000000E+03  -3.63147000000000E+01
 2.00645830000000E+03  -2.76635000000000E+01
 2.00654170000000E+03  -5.47410000000000E+00
 2.00662500000000E+03   1.14077000000000E+01
 2.00670830000000E+03   2.25971000000000E+01
 2.00679170000000E+03   3.67092000000000E+01
 2.00687500000000E+03   4.61291000000000E+01
 2.00695830000000E+03   5.62412000000000E+01
 2.00704170000000E+03   7.01992000000000E+01
 2.00712500000000E+03   8.03111000000000E+01
 2.00720830000000E+03   9.20382000000000E+01
 2.00729170000000E+03   8.98421000000000E+01
 2.00737500000000E+03   9.47998000000000E+01
 2.00745830000000E+03   7.86035000000000E+01
 2.00754170000000E+03   6.74839000000000E+01
 2.00762500000000E+03   5.50567000000000E+01
 2.00770830000000E+03   6.47063000000000E+01
 2.00779170000000E+03   5.75094000000000E+01
 2.00787500000000E+03   4.80049000000000E+01
 2.00795830000000E+03   4.17311000000000E+01
 2.00804170000000E+03   4.22262000000000E+01
 2.00812500000000E+03   3.47983000000000E+01
 2.00820830000000E+03   2.22934000000000E+01
 2.00829170000000E+03   1.60190000000000E+01
 2.00837500000000E+03   2.13600000000000E+01
 2.00845830000000E+03   1.59316000000000E+01
 2.00854170000000E+03   6.57990000000000E+00
 2.00862500000000E+03  -3.84860000000000E+00
 2.00870830000000E+03  -2.40465000000000E+01
 2.00879170000000E+03  -4.97062000000000E+01
 2.00887500000000E+03  -5.20582000000000E+01
 2.00895830000000E+03  -4.12564000000000E+01
 2.00904170000000E+03  -3.55318000000000E+01
 2.00912500000000E+03  -3.63457000000000E+01
 2.00920830000000E+03  -3.61596000000000E+01
 2.00929170000000E+03  -2.27431000000000E+01
 2.00937500000000E+03  -3.67880000000000E+01
 2.00945830000000E+03  -4.95254000000000E+01
 2.00954170000000E+03  -7.31091000000000E+01
 2.00962500000000E+03  -8.73082000000000E+01
 2.00970830000000E+03  -8.78151000000000E+01
 2.00979170000000E+03  -9.13992000000000E+01
 2.00987500000000E+03  -8.19833000000000E+01
 2.00995830000000E+03  -7.59521000000000E+01
 2.01004170000000E+03  -7.79211000000000E+01
 2.01012500000000E+03  -8.90440000000000E+01
 2.01020830000000E+03  -9.22439000000000E+01
 2.01029170000000E+03  -1.03751700000000E+02
 2.01037500000000E+03  -1.12105600000000E+02
 2.01045830000000E+03  -1.06844300000000E+02
 2.01112500000000E+03  -9.92965000000000E+01
 2.01120830000000E+03  -6.91131000000000E+01
 2.01129170000000E+03  -3.61607000000000E+01
 2.01137500000000E+03  -1.99775000000000E+01
 2.01145830000000E+03   1.52825000000000E+01
 2.01154170000000E+03   3.73114000000000E+01
 2.01162500000000E+03   3.56482000000000E+01
 2.01170830000000E+03   3.65232000000000E+01
 2.01179170000000E+03   4.59365000000000E+01
 2.01187500000000E+03   4.45036000000000E+01
 2.01195830000000E+03   5.40707000000000E+01
 2.01204170000000E+03   5.88682000000000E+01
 2.01212500000000E+03   6.36658000000000E+01
 2.01220830000000E+03   7.23864000000000E+01
 2.01229170000000E+03   7.02605000000000E+01
 2.01237500000000E+03   6.40578000000000E+01
 2.01245830000000E+03   5.50088000000000E+01
 2.01254170000000E+03   3.39595000000000E+01
 2.01262500000000E+03   1.26795000000000E+01
 2.01270830000000E+03   1.93790000000000E+00
 2.01279170000000E+03  -8.03480000000000E+00
 2.01287500000000E+03  -1.42382000000000E+01
 2.01295830000000E+03  -1.47494000000000E+01
 2.01304170000000E+03  -1.42608000000000E+01
 2.01312500000000E+03  -1.46953000000000E+01
 2.01320830000000E+03  -1.27453000000000E+01
 2.01329170000000E+03  -2.70263000000000E+01
 2.01337500000000E+03  -2.35381000000000E+01
 2.01345830000000E+03  -1.21269000000000E+01
 2.01354170000000E+03  -1.22544000000000E+01
 2.01362500000000E+03  -2.12280000000000E+01
 2.01370830000000E+03  -1.50479000000000E+01
 2.01379170000000E+03   1.90120000000000E+00
 2.01387500000000E+03   1.30811000000000E+01
 2.01395830000000E+03   2.03378000000000E+01
 2.01404170000000E+03   2.92097000000000E+01
 2.01412500000000E+03   3.43123000000000E+01
 2.01420830000000E+03   3.79533000000000E+01
 2.01429170000000E+03   3.69017000000000E+01
 2.01437500000000E+03   4.03117000000000E+01
 2.01445830000000E+03   4.04909000000000E+01
 2.01454170000000E+03   3.07467000000000E+01
 2.01462500000000E+03   2.96948000000000E+01
 2.01470830000000E+03   4.34890000000000E+01
 2.01479170000000E+03   3.02829000000000E+01
 2.01487500000000E+03   2.26923000000000E+01
 2.01495830000000E+03   1.63323000000000E+01
 2.01595830000000E+03   3.00320000000000E+00
 2.01604170000000E+03   1.41080000000000E+00
 2.01612500000000E+03   2.80100000000000E-01
 2.01620830000000E+03  -1.77390000000000E+00
 2.01629170000000E+03  -1.34435000000000E+01
 2.01637500000000E+03  -1.83438000000000E+01
 2.01645830000000E+03  -2.36288000000000E+01
 2.01654170000000E+03  -2.89141000000000E+01
 2.01662500000000E+03  -3.30456000000000E+01
 2.01670830000000E+03  -4.41771000000000E+01
 2.01679170000000E+03  -3.08473000000000E+01
 2.01687500000000E+03  -3.02099000000000E+01
 2.01695830000000E+03  -1.66494000000000E+01
 2.01704170000000E+03   5.26200000000000E-01
 2.01712500000000E+03   2.00950000000000E+00
 2.01720830000000E+03  -1.50730000000000E+00
 2.01729170000000E+03   7.28330000000000E+00
 2.01737500000000E+03   2.83047000000000E+01
 2.01745830000000E+03   4.42491000000000E+01
 2.01754170000000E+03   3.89561000000000E+01
 2.01762500000000E+03   3.90885000000000E+01
 2.01770830000000E+03   5.54738000000000E+01
 2.01779170000000E+03   6.96407000000000E+01
 2.01787500000000E+03   7.76326000000000E+01
 2.01795830000000E+03   1.00374500000000E+02
