 1.91604170000000E+03  -6.88528000000000E+01
 1.91612500000000E+03  -6.87533000000000E+01
 1.91620830000000E+03  -6.26979000000000E+01
 1.91629170000000E+03  -5.08723000000000E+01
 1.91637500000000E+03  -4.03068000000000E+01
 1.91645830000000E+03  -4.29356000000000E+01
 1.91654170000000E+03  -5.62514000000000E+01
 1.91662500000000E+03  -8.45046000000000E+01
 1.91670830000000E+03  -1.20373500000000E+02
 1.91679170000000E+03  -9.62418000000000E+01
 1.91687500000000E+03  -8.82654000000000E+01
 1.91695830000000E+03  -8.92894000000000E+01
 1.91704170000000E+03  -9.39281000000000E+01
 1.91712500000000E+03  -1.00875900000000E+02
 1.91720830000000E+03  -8.78242000000000E+01
 1.91729170000000E+03  -5.86179000000000E+01
 1.91737500000000E+03  -4.51054000000000E+01
 1.91745830000000E+03  -2.03625000000000E+01
 1.91754170000000E+03  -7.61900000000000E+00
 1.91762500000000E+03   1.09693000000000E+01
 1.91770830000000E+03   1.51725000000000E+01
 1.91779170000000E+03   2.13764000000000E+01
 1.91787500000000E+03  -3.49810000000000E+00
 1.91795830000000E+03  -4.91140000000000E+00
 1.91804170000000E+03   1.29130000000000E+00
 1.91812500000000E+03   8.56940000000000E+00
 1.91820830000000E+03   3.87703000000000E+01
 1.91829170000000E+03   4.19718000000000E+01
 1.91837500000000E+03   1.81719000000000E+01
 1.91845830000000E+03  -4.74600000000000E-01
 1.91854170000000E+03  -3.80435000000000E+01
 1.91862500000000E+03  -6.70754000000000E+01
 1.91870830000000E+03  -8.93385000000000E+01
 1.91879170000000E+03  -8.30624000000000E+01
 1.91887500000000E+03  -7.97109000000000E+01
 1.91895830000000E+03  -5.07444000000000E+01
 1.91904170000000E+03  -4.71618000000000E+01
 1.91912500000000E+03  -2.98884000000000E+01
 1.91920830000000E+03  -6.76920000000000E+00
 1.91929170000000E+03  -2.00340000000000E+01
 1.91937500000000E+03  -4.78387000000000E+01
 1.91945830000000E+03  -5.24130000000000E+01
 1.91954170000000E+03  -3.21405000000000E+01
 1.91962500000000E+03  -8.71560000000000E+00
 1.91970830000000E+03   3.30166000000000E+01
 1.91979170000000E+03   4.72879000000000E+01
 1.91987500000000E+03   5.57885000000000E+01
 1.91995830000000E+03   6.65964000000000E+01
 1.92004170000000E+03   7.03281000000000E+01
 1.92012500000000E+03   7.39044000000000E+01
 1.92020830000000E+03   5.59419000000000E+01
 1.92029170000000E+03   1.35185000000000E+01
 1.92037500000000E+03   5.63220000000000E+00
 1.92045830000000E+03   5.20690000000000E+00
 1.92054170000000E+03   1.87054000000000E+01
 1.92062500000000E+03   4.81790000000000E+00
 1.92070830000000E+03   2.31450000000000E+00
 1.92079170000000E+03  -1.26497000000000E+01
 1.92087500000000E+03  -1.22307000000000E+01
 1.92095830000000E+03  -1.54276000000000E+01
 1.92104170000000E+03  -3.08530000000000E+00
 1.92112500000000E+03   9.48630000000000E+00
 1.92120830000000E+03   1.11345000000000E+01
 1.92129170000000E+03   1.97832000000000E+01
 1.92137500000000E+03   4.51229000000000E+01
 1.92145830000000E+03   5.20775000000000E+01
 1.92154170000000E+03   8.28020000000000E+01
 1.92162500000000E+03   4.79867000000000E+01
 1.92170830000000E+03   4.23247000000000E+01
 1.92179170000000E+03   1.33557000000000E+01
 1.92187500000000E+03   8.30840000000000E+00
 1.92195830000000E+03   1.84914000000000E+01
 1.92204170000000E+03   2.27520000000000E+01
 1.92212500000000E+03   2.41650000000000E+01
 1.92220830000000E+03   8.88530000000000E+00
 1.92229170000000E+03  -1.77783000000000E+01
 1.92237500000000E+03  -2.12127000000000E+01
 1.92245830000000E+03  -6.95510000000000E+00
 1.92254170000000E+03   9.14930000000000E+00
 1.92262500000000E+03   3.71380000000000E+00
 1.92270830000000E+03   3.04710000000000E+00
 1.92279170000000E+03  -1.86959000000000E+01
 1.92287500000000E+03  -1.59410000000000E+00
 1.92295830000000E+03   8.50720000000000E+00
 1.92304170000000E+03   1.38400000000000E+01
 1.92312500000000E+03   2.45559000000000E+01
 1.92320830000000E+03   3.36561000000000E+01
 1.92329170000000E+03   5.58338000000000E+01
 1.92337500000000E+03   9.71640000000000E+01
 1.92345830000000E+03   9.80322000000000E+01
 1.92354170000000E+03   7.27472000000000E+01
 1.92362500000000E+03   4.36146000000000E+01
 1.92370830000000E+03   2.10970000000000E+01
 1.92379170000000E+03   3.55801000000000E+01
 1.92387500000000E+03   5.23694000000000E+01
 1.92395830000000E+03   4.55429000000000E+01
 1.92404170000000E+03   4.41786000000000E+01
 1.92412500000000E+03   3.38129000000000E+01
 1.92420830000000E+03   2.56006000000000E+01
 1.92429170000000E+03   1.18505000000000E+01
 1.92437500000000E+03  -7.13180000000000E+00
 1.92445830000000E+03  -1.54222000000000E+01
 1.92454170000000E+03   1.68265000000000E+01
 1.92462500000000E+03   4.84584000000000E+01
 1.92470830000000E+03   3.93207000000000E+01
 1.92479170000000E+03   4.87220000000000E+01
 1.92487500000000E+03   4.00450000000000E+01
 1.92495830000000E+03   4.20600000000000E+01
 1.92504170000000E+03   4.22294000000000E+01
 1.92512500000000E+03   3.24743000000000E+01
 1.92520830000000E+03   4.61803000000000E+01
 1.92529170000000E+03   4.63485000000000E+01
 1.92537500000000E+03   4.33615000000000E+01
 1.92545830000000E+03   4.33740000000000E+01
 1.92554170000000E+03   3.50795000000000E+01
 1.92562500000000E+03  -2.03702000000000E+01
 1.92570830000000E+03  -3.71281000000000E+01
 1.92579170000000E+03  -2.61930000000000E+01
 1.92587500000000E+03  -3.55671000000000E+01
 1.92595830000000E+03  -3.03261000000000E+01
 1.92604170000000E+03  -3.52384000000000E+01
 1.92612500000000E+03  -2.79983000000000E+01
 1.92620830000000E+03  -1.22970000000000E+01
 1.92629170000000E+03  -2.51335000000000E+01
 1.92637500000000E+03  -1.76638000000000E+01
 1.92645830000000E+03  -1.40406000000000E+01
 1.92654170000000E+03  -1.86000000000000E-01
 1.92662500000000E+03  -2.02520000000000E+00
 1.92670830000000E+03   7.36610000000000E+00
 1.92679170000000E+03   1.98870000000000E+00
 1.92687500000000E+03   1.55330000000000E+01
 1.92695830000000E+03   4.03076000000000E+01
 1.92704170000000E+03   4.90829000000000E+01
 1.92712500000000E+03   5.46260000000000E+01
 1.92720830000000E+03   5.74764000000000E+01
 1.92729170000000E+03   5.52505000000000E+01
 1.92737500000000E+03   6.29462000000000E+01
 1.92745830000000E+03   3.08723000000000E+01
 1.92754170000000E+03   2.74145000000000E+01
 1.92762500000000E+03   2.11090000000000E+01
 1.92770830000000E+03  -3.19680000000000E+00
 1.92779170000000E+03  -1.45789000000000E+01
 1.92787500000000E+03  -3.29625000000000E+01
 1.92795830000000E+03  -4.10388000000000E+01
 1.92804170000000E+03  -2.86528000000000E+01
 1.92812500000000E+03  -1.49607000000000E+01
 1.92820830000000E+03  -6.57660000000000E+00
 1.92829170000000E+03  -7.80720000000000E+00
 1.92837500000000E+03  -1.35778000000000E+01
 1.92845830000000E+03  -9.19490000000000E+00
 1.92854170000000E+03  -7.73440000000000E+00
 1.92862500000000E+03  -3.41985000000000E+01
 1.92870830000000E+03  -5.90475000000000E+01
 1.92879170000000E+03  -4.78959000000000E+01
 1.92887500000000E+03  -3.19765000000000E+01
 1.92895830000000E+03  -1.45191000000000E+01
 1.92904170000000E+03  -6.90720000000000E+00
 1.92912500000000E+03  -2.03736000000000E+01
 1.92920830000000E+03  -2.30712000000000E+01
 1.92929170000000E+03  -7.46040000000000E+00
 1.92937500000000E+03   1.06874000000000E+01
 1.92945830000000E+03   2.49886000000000E+01
 1.92954170000000E+03   4.25212000000000E+01
 1.92962500000000E+03   4.76678000000000E+01
 1.92970830000000E+03   6.42755000000000E+01
 1.92979170000000E+03   5.85762000000000E+01
 1.92987500000000E+03   4.92601000000000E+01
 1.92995830000000E+03   4.34820000000000E+01
 1.93004170000000E+03   3.78584000000000E+01
 1.93012500000000E+03   3.21565000000000E+01
 1.93020830000000E+03   6.68490000000000E+00
 1.93029170000000E+03  -2.40140000000000E+00
 1.93037500000000E+03   8.28000000000000E+00
 1.93045830000000E+03   2.96110000000000E+00
 1.93054170000000E+03  -1.68187000000000E+01
 1.93062500000000E+03  -5.02153000000000E+01
 1.93070830000000E+03  -5.63816000000000E+01
 1.93079170000000E+03  -6.23933000000000E+01
 1.93087500000000E+03  -5.27912000000000E+01
 1.93095830000000E+03  -3.80355000000000E+01
 1.93104170000000E+03  -1.35100000000000E+01
 1.93112500000000E+03  -1.52440000000000E+00
 1.93120830000000E+03  -6.92380000000000E+00
 1.93129170000000E+03   2.34466000000000E+01
 1.93137500000000E+03   3.82772000000000E+01
 1.93145830000000E+03   1.02613000000000E+01
 1.93154170000000E+03   2.73228000000000E+01
 1.93162500000000E+03   3.05368000000000E+01
 1.93170830000000E+03   1.71351000000000E+01
 1.93179170000000E+03   3.37339000000000E+01
 1.93187500000000E+03   3.57929000000000E+01
 1.93195830000000E+03   3.76976000000000E+01
 1.93204170000000E+03   4.22184000000000E+01
 1.93212500000000E+03   3.29685000000000E+01
 1.93220830000000E+03   4.31797000000000E+01
 1.93229170000000E+03   6.53146000000000E+01
 1.93237500000000E+03   5.79097000000000E+01
 1.93245830000000E+03   6.18120000000000E+01
 1.93254170000000E+03   7.08688000000000E+01
 1.93262500000000E+03   4.28473000000000E+01
 1.93270830000000E+03   2.03639000000000E+01
 1.93279170000000E+03   3.55734000000000E+01
 1.93287500000000E+03   2.30891000000000E+01
 1.93295830000000E+03   1.75276000000000E+01
 1.93304170000000E+03   2.35051000000000E+01
 1.93312500000000E+03   3.85581000000000E+01
 1.93320830000000E+03   2.46108000000000E+01
 1.93329170000000E+03   5.66400000000000E+00
 1.93337500000000E+03  -1.79765000000000E+01
 1.93345830000000E+03  -4.25404000000000E+01
 1.93354170000000E+03  -4.51037000000000E+01
 1.93362500000000E+03  -4.41300000000000E+01
 1.93370830000000E+03  -4.10797000000000E+01
 1.93379170000000E+03  -4.93366000000000E+01
 1.93387500000000E+03  -5.30563000000000E+01
 1.93395830000000E+03  -3.86995000000000E+01
 1.93404170000000E+03  -2.60345000000000E+01
 1.93412500000000E+03  -1.66785000000000E+01
 1.93420830000000E+03  -2.74768000000000E+01
 1.93429170000000E+03   1.18710000000000E+00
 1.93437500000000E+03   2.54650000000000E+01
 1.93445830000000E+03   4.15117000000000E+01
 1.93454170000000E+03   6.04051000000000E+01
 1.93462500000000E+03   6.07587000000000E+01
 1.93470830000000E+03   4.66504000000000E+01
 1.93479170000000E+03   4.08503000000000E+01
 1.93487500000000E+03   5.53566000000000E+01
 1.93495830000000E+03   5.54779000000000E+01
 1.93504170000000E+03   5.79843000000000E+01
 1.93512500000000E+03   7.22586000000000E+01
 1.93520830000000E+03   6.37633000000000E+01
 1.93529170000000E+03   8.46532000000000E+01
 1.93537500000000E+03   9.20032000000000E+01
 1.93545830000000E+03   8.50452000000000E+01
 1.93554170000000E+03   8.07031000000000E+01
 1.93562500000000E+03   7.52827000000000E+01
 1.93570830000000E+03   3.72465000000000E+01
 1.93579170000000E+03   2.24417000000000E+01
 1.93587500000000E+03   6.32780000000000E+00
 1.93595830000000E+03   5.75200000000000E+00
 1.93604170000000E+03   8.71530000000000E+00
 1.93612500000000E+03   1.65233000000000E+01
 1.93620830000000E+03   7.10010000000000E+00
 1.93629170000000E+03  -1.86090000000000E+00
 1.93637500000000E+03  -2.59250000000000E+00
 1.93645830000000E+03   8.13700000000000E+00
 1.93654170000000E+03   2.37132000000000E+01
 1.93662500000000E+03  -1.14812000000000E+01
 1.93670830000000E+03  -3.03682000000000E+01
 1.93679170000000E+03  -3.21778000000000E+01
 1.93687500000000E+03  -3.42964000000000E+01
 1.93695830000000E+03  -2.51077000000000E+01
 1.93704170000000E+03  -1.53031000000000E+01
 1.93712500000000E+03  -2.10383000000000E+01
 1.93720830000000E+03  -2.28508000000000E+01
 1.93729170000000E+03  -2.20474000000000E+01
 1.93737500000000E+03  -1.37838000000000E+01
 1.93745830000000E+03  -5.57513000000000E+01
 1.93754170000000E+03  -8.89491000000000E+01
 1.93762500000000E+03  -1.02917400000000E+02
 1.93770830000000E+03  -5.68862000000000E+01
 1.93779170000000E+03  -1.79313000000000E+01
 1.93787500000000E+03   1.71460000000000E+00
 1.93795830000000E+03   2.38985000000000E+01
 1.93804170000000E+03   3.65445000000000E+01
 1.93812500000000E+03   3.38815000000000E+01
 1.93820830000000E+03   4.29104000000000E+01
 1.93829170000000E+03   4.89398000000000E+01
 1.93837500000000E+03   7.75064000000000E+01
 1.93845830000000E+03   8.46110000000000E+01
 1.93854170000000E+03   9.20239000000000E+01
 1.93862500000000E+03   1.01666200000000E+02
 1.93870830000000E+03   7.21542000000000E+01
 1.93879170000000E+03   4.63351000000000E+01
 1.93887500000000E+03   7.43780000000000E+00
 1.93895830000000E+03   8.15540000000000E+00
 1.93904170000000E+03   6.02740000000000E+00
 1.93912500000000E+03  -7.25570000000000E+00
 1.93920830000000E+03  -2.43855000000000E+01
 1.93929170000000E+03  -5.28223000000000E+01
 1.93937500000000E+03  -7.11067000000000E+01
 1.93945830000000E+03  -9.81606000000000E+01
 1.93954170000000E+03  -1.10906400000000E+02
 1.93962500000000E+03  -1.28268800000000E+02
 1.93970830000000E+03  -1.55477800000000E+02
 1.93979170000000E+03  -1.53994000000000E+02
 1.93987500000000E+03  -1.69049900000000E+02
 1.93995830000000E+03  -1.59029400000000E+02
 1.94004170000000E+03  -1.57392900000000E+02
 1.94012500000000E+03  -1.44373100000000E+02
 1.94020830000000E+03  -1.13969100000000E+02
 1.94029170000000E+03  -9.01030000000000E+01
 1.94037500000000E+03  -6.10844000000000E+01
 1.94045830000000E+03  -4.92201000000000E+01
 1.94054170000000E+03  -7.08167000000000E+01
 1.94062500000000E+03  -8.85685000000000E+01
 1.94070830000000E+03  -7.94746000000000E+01
 1.94079170000000E+03  -8.99186000000000E+01
 1.94087500000000E+03  -1.00902400000000E+02
 1.94095830000000E+03  -9.07327000000000E+01
 1.94104170000000E+03  -8.17933000000000E+01
 1.94112500000000E+03  -7.73167000000000E+01
 1.94120830000000E+03  -8.75329000000000E+01
 1.94129170000000E+03  -1.21979200000000E+02
 1.94137500000000E+03  -1.33657700000000E+02
 1.94145830000000E+03  -1.32721200000000E+02
 1.94154170000000E+03  -1.53630300000000E+02
 1.94162500000000E+03  -1.57079200000000E+02
 1.94170830000000E+03  -1.55451500000000E+02
 1.94179170000000E+03  -1.55054100000000E+02
 1.94187500000000E+03  -1.48658000000000E+02
 1.94195830000000E+03  -1.29108500000000E+02
 1.94204170000000E+03  -1.11020000000000E+02
 1.94212500000000E+03  -1.06855900000000E+02
 1.94220830000000E+03  -1.00153700000000E+02
 1.94229170000000E+03  -8.66817000000000E+01
 1.94237500000000E+03  -6.92880000000000E+01
 1.94245830000000E+03  -3.65101000000000E+01
 1.94254170000000E+03  -4.14240000000000E+01
 1.94262500000000E+03  -2.03140000000000E+00
 1.94270830000000E+03   4.16684000000000E+01
 1.94279170000000E+03   8.55226000000000E+01
 1.94287500000000E+03   1.08760000000000E+02
 1.94295830000000E+03   1.23458600000000E+02
 1.94304170000000E+03   1.29927000000000E+02
 1.94312500000000E+03   1.37163300000000E+02
 1.94320830000000E+03   1.44168500000000E+02
 1.94329170000000E+03   1.50635600000000E+02
 1.94337500000000E+03   1.34716900000000E+02
 1.94345830000000E+03   1.35028500000000E+02
 1.94354170000000E+03   1.40725300000000E+02
 1.94362500000000E+03   1.62882300000000E+02
 1.94370830000000E+03   1.36962000000000E+02
 1.94379170000000E+03   1.07657600000000E+02
 1.94387500000000E+03   8.43518000000000E+01
 1.94395830000000E+03   7.59688000000000E+01
 1.94404170000000E+03   7.29709000000000E+01
 1.94412500000000E+03   6.61255000000000E+01
 1.94420830000000E+03   6.38182000000000E+01
 1.94429170000000E+03   6.11267000000000E+01
 1.94437500000000E+03   4.80494000000000E+01
 1.94445830000000E+03   6.02794000000000E+01
 1.94454170000000E+03   5.43560000000000E+01
 1.94462500000000E+03   2.57390000000000E+01
 1.94470830000000E+03   9.27550000000000E+00
 1.94479170000000E+03   1.37355000000000E+01
 1.94487500000000E+03   1.94250000000000E+01
 1.94495830000000E+03   3.12680000000000E+01
 1.94504170000000E+03   3.58038000000000E+01
 1.94512500000000E+03   3.97998000000000E+01
 1.94520830000000E+03   3.31800000000000E+01
 1.94529170000000E+03   2.60223000000000E+01
 1.94537500000000E+03   1.78633000000000E+01
 1.94545830000000E+03   2.01655000000000E+01
 1.94554170000000E+03   1.11604000000000E+01
 1.94562500000000E+03   1.16156000000000E+01
 1.94570830000000E+03   1.37810000000000E+00
 1.94579170000000E+03   9.14110000000000E+00
 1.94587500000000E+03  -1.00203000000000E+01
 1.94595830000000E+03  -3.25910000000000E+00
 1.94604170000000E+03  -9.88190000000000E+00
 1.94612500000000E+03  -4.12140000000000E+00
 1.94620830000000E+03   1.01003000000000E+01
 1.94629170000000E+03   1.50917000000000E+01
 1.94637500000000E+03   1.06971000000000E+01
 1.94645830000000E+03   1.00714000000000E+01
 1.94654170000000E+03  -2.15538000000000E+01
 1.94662500000000E+03  -6.87957000000000E+01
 1.94670830000000E+03  -9.47302000000000E+01
 1.94679170000000E+03  -8.02797000000000E+01
 1.94687500000000E+03  -1.06061200000000E+02
 1.94695830000000E+03  -9.98431000000000E+01
 1.94704170000000E+03  -1.02855300000000E+02
 1.94712500000000E+03  -1.18868800000000E+02
 1.94720830000000E+03  -1.25728900000000E+02
 1.94729170000000E+03  -1.28819200000000E+02
 1.94737500000000E+03  -1.26833800000000E+02
 1.94745830000000E+03  -1.24156600000000E+02
 1.94754170000000E+03  -1.16863500000000E+02
 1.94762500000000E+03  -9.30332000000000E+01
 1.94770830000000E+03  -5.18956000000000E+01
 1.94779170000000E+03  -2.99883000000000E+01
 1.94787500000000E+03  -4.48515000000000E+01
 1.94795830000000E+03  -3.43304000000000E+01
 1.94804170000000E+03  -2.51935000000000E+01
 1.94812500000000E+03  -2.36733000000000E+01
 1.94820830000000E+03   4.84650000000000E+00
 1.94829170000000E+03   3.31361000000000E+01
 1.94837500000000E+03   4.29628000000000E+01
 1.94845830000000E+03   7.02507000000000E+01
 1.94854170000000E+03   9.74621000000000E+01
 1.94862500000000E+03   1.18903000000000E+02
 1.94870830000000E+03   1.27343600000000E+02
 1.94879170000000E+03   1.31015400000000E+02
 1.94887500000000E+03   1.33762800000000E+02
 1.94895830000000E+03   1.42971400000000E+02
 1.94904170000000E+03   1.44565100000000E+02
 1.94912500000000E+03   1.59080500000000E+02
 1.94920830000000E+03   1.55903300000000E+02
 1.94929170000000E+03   1.48188100000000E+02
 1.94937500000000E+03   1.25779300000000E+02
 1.94945830000000E+03   1.34293200000000E+02
 1.94954170000000E+03   1.12576800000000E+02
 1.94962500000000E+03   8.44745000000000E+01
 1.94970830000000E+03   6.89103000000000E+01
 1.94979170000000E+03   7.05004000000000E+01
 1.94987500000000E+03   5.43969000000000E+01
 1.94995830000000E+03   5.47546000000000E+01
 1.95004170000000E+03   5.74204000000000E+01
 1.95012500000000E+03   5.47773000000000E+01
 1.95020830000000E+03   4.86723000000000E+01
 1.95029170000000E+03   7.91061000000000E+01
 1.95037500000000E+03   7.38464000000000E+01
 1.95045830000000E+03   7.90479000000000E+01
 1.95054170000000E+03   4.66344000000000E+01
 1.95062500000000E+03   2.19120000000000E+01
 1.95070830000000E+03   1.65070000000000E+00
 1.95079170000000E+03  -4.61010000000000E+00
 1.95087500000000E+03  -3.30260000000000E+01
 1.95095830000000E+03  -3.34423000000000E+01
 1.95104170000000E+03  -2.83197000000000E+01
 1.95112500000000E+03  -2.59676000000000E+01
 1.95120830000000E+03  -1.93081000000000E+01
 1.95129170000000E+03  -3.56482000000000E+01
 1.95137500000000E+03  -7.66050000000000E+01
 1.95145830000000E+03  -3.86391000000000E+01
 1.95154170000000E+03  -2.25188000000000E+01
 1.95162500000000E+03  -2.78450000000000E+00
 1.95170830000000E+03   4.71870000000000E+00
 1.95179170000000E+03   1.50686000000000E+01
 1.95187500000000E+03  -5.58290000000000E+00
 1.95195830000000E+03   3.18422000000000E+01
 1.95204170000000E+03   5.54216000000000E+01
 1.95212500000000E+03   4.96151000000000E+01
 1.95220830000000E+03   6.06544000000000E+01
 1.95229170000000E+03   5.84634000000000E+01
 1.95237500000000E+03   6.38096000000000E+01
 1.95245830000000E+03   7.79246000000000E+01
 1.95254170000000E+03   3.74247000000000E+01
 1.95262500000000E+03   1.09236000000000E+01
 1.95270830000000E+03  -2.73180000000000E+00
 1.95279170000000E+03   2.19209000000000E+01
 1.95287500000000E+03   2.12647000000000E+01
 1.95295830000000E+03   2.83774000000000E+01
 1.95304170000000E+03   1.32597000000000E+01
 1.95312500000000E+03   1.67562000000000E+01
 1.95320830000000E+03   2.96369000000000E+01
 1.95329170000000E+03   2.38257000000000E+01
 1.95337500000000E+03   3.73979000000000E+01
 1.95345830000000E+03   5.44313000000000E+01
 1.95354170000000E+03   6.07728000000000E+01
 1.95362500000000E+03   3.79592000000000E+01
 1.95370830000000E+03   1.34528000000000E+01
 1.95379170000000E+03  -1.74530000000000E+00
 1.95387500000000E+03  -3.50216000000000E+01
 1.95395830000000E+03  -3.19137000000000E+01
 1.95404170000000E+03  -1.33438000000000E+01
 1.95412500000000E+03  -5.54440000000000E+00
 1.95420830000000E+03  -2.07000000000000E-01
 1.95429170000000E+03   6.82330000000000E+00
 1.95437500000000E+03   1.81600000000000E+01
 1.95445830000000E+03   2.58039000000000E+01
 1.95454170000000E+03   1.95253000000000E+01
 1.95462500000000E+03   7.47620000000000E+00
 1.95470830000000E+03   1.83497000000000E+01
 1.95479170000000E+03   3.06853000000000E+01
 1.95487500000000E+03   5.07119000000000E+01
 1.95495830000000E+03   7.27381000000000E+01
 1.95504170000000E+03   7.46109000000000E+01
 1.95512500000000E+03   5.84056000000000E+01
 1.95520830000000E+03   5.07383000000000E+01
 1.95529170000000E+03   4.31484000000000E+01
 1.95537500000000E+03   2.74034000000000E+01
 1.95545830000000E+03   3.26580000000000E+01
 1.95554170000000E+03   3.22208000000000E+01
 1.95562500000000E+03   6.28400000000000E-01
 1.95570830000000E+03  -9.88740000000000E+00
 1.95579170000000E+03  -1.53258000000000E+01
 1.95587500000000E+03  -1.68860000000000E+00
 1.95595830000000E+03  -6.35940000000000E+00
 1.95604170000000E+03  -8.10670000000000E+00
 1.95612500000000E+03   6.29860000000000E+00
 1.95620830000000E+03   1.70881000000000E+01
 1.95629170000000E+03   2.98780000000000E+01
 1.95637500000000E+03   8.58980000000000E+00
 1.95645830000000E+03   2.00704000000000E+01
 1.95654170000000E+03   2.70540000000000E+00
 1.95662500000000E+03  -8.66100000000000E+00
 1.95670830000000E+03   1.89540000000000E+00
 1.95679170000000E+03  -4.70900000000000E-01
 1.95687500000000E+03   6.46930000000000E+00
 1.95695830000000E+03   1.02450000000000E+00
 1.95704170000000E+03  -1.34300000000000E+00
 1.95712500000000E+03   7.90370000000000E+00
 1.95720830000000E+03   1.19962000000000E+01
 1.95729170000000E+03   3.53967000000000E+01
 1.95737500000000E+03   3.81807000000000E+01
 1.95745830000000E+03   5.99643000000000E+01
 1.95754170000000E+03   5.43637000000000E+01
 1.95762500000000E+03   4.60695000000000E+01
 1.95770830000000E+03   2.34673000000000E+01
 1.95779170000000E+03   1.04809000000000E+01
 1.95787500000000E+03   2.70317000000000E+01
 1.95795830000000E+03   2.98898000000000E+01
 1.95804170000000E+03   3.29022000000000E+01
 1.95812500000000E+03   4.08364000000000E+01
 1.95820830000000E+03   2.35395000000000E+01
 1.95829170000000E+03   9.93530000000000E+00
 1.95837500000000E+03  -1.12085000000000E+01
 1.95845830000000E+03  -3.08912000000000E+01
 1.95854170000000E+03  -3.67274000000000E+01
 1.95862500000000E+03  -4.56417000000000E+01
 1.95870830000000E+03  -4.61717000000000E+01
 1.95879170000000E+03  -4.12398000000000E+01
 1.95887500000000E+03  -3.66168000000000E+01
 1.95895830000000E+03  -3.67635000000000E+01
 1.95904170000000E+03  -2.99097000000000E+01
 1.95912500000000E+03  -4.19033000000000E+01
 1.95920830000000E+03  -5.31280000000000E+01
 1.95929170000000E+03  -4.75062000000000E+01
 1.95937500000000E+03  -4.91933000000000E+01
 1.95945830000000E+03  -7.21884000000000E+01
 1.95954170000000E+03  -8.27216000000000E+01
 1.95962500000000E+03  -1.03948400000000E+02
 1.95970830000000E+03  -1.38483200000000E+02
 1.95979170000000E+03  -1.59479100000000E+02
 1.95987500000000E+03  -1.64091600000000E+02
 1.95995830000000E+03  -1.46704600000000E+02
 1.96004170000000E+03  -1.43394000000000E+02
 1.96012500000000E+03  -1.36623100000000E+02
 1.96020830000000E+03  -1.24775700000000E+02
 1.96029170000000E+03  -1.44158600000000E+02
 1.96037500000000E+03  -1.53388900000000E+02
 1.96045830000000E+03  -1.42773400000000E+02
 1.96054170000000E+03  -1.34465200000000E+02
 1.96062500000000E+03  -1.13696700000000E+02
 1.96070830000000E+03  -8.38517000000000E+01
 1.96079170000000E+03  -4.46985000000000E+01
 1.96087500000000E+03  -3.04696000000000E+01
 1.96095830000000E+03  -7.70270000000000E+00
 1.96104170000000E+03   1.17570000000000E+01
 1.96112500000000E+03   2.72154000000000E+01
 1.96120830000000E+03   3.59812000000000E+01
 1.96129170000000E+03   3.97473000000000E+01
 1.96137500000000E+03   7.35123000000000E+01
 1.96145830000000E+03   9.65076000000000E+01
 1.96154170000000E+03   1.11195700000000E+02
 1.96162500000000E+03   1.39805600000000E+02
 1.96170830000000E+03   1.18492000000000E+02
 1.96179170000000E+03   8.96404000000000E+01
 1.96187500000000E+03   7.04030000000000E+01
 1.96195830000000E+03   8.09344000000000E+01
 1.96204170000000E+03   7.66201000000000E+01
 1.96212500000000E+03   6.69969000000000E+01
 1.96220830000000E+03   6.60656000000000E+01
 1.96229170000000E+03   5.93654000000000E+01
 1.96237500000000E+03   5.41256000000000E+01
 1.96245830000000E+03   5.01931000000000E+01
 1.96254170000000E+03   2.37995000000000E+01
 1.96262500000000E+03  -1.52876000000000E+01
 1.96270830000000E+03  -5.49905000000000E+01
 1.96279170000000E+03  -6.79238000000000E+01
 1.96287500000000E+03  -7.13968000000000E+01
 1.96295830000000E+03  -7.77163000000000E+01
 1.96304170000000E+03  -7.89584000000000E+01
 1.96312500000000E+03  -8.68172000000000E+01
 1.96320830000000E+03  -9.33686000000000E+01
 1.96329170000000E+03  -8.97658000000000E+01
 1.96337500000000E+03  -8.90104000000000E+01
 1.96345830000000E+03  -8.12553000000000E+01
 1.96354170000000E+03  -7.96537000000000E+01
 1.96362500000000E+03  -5.55917000000000E+01
 1.96370830000000E+03  -6.86071000000000E+01
 1.96379170000000E+03  -7.24682000000000E+01
 1.96387500000000E+03  -4.82536000000000E+01
 1.96395830000000E+03  -3.35009000000000E+01
 1.96404170000000E+03  -2.36320000000000E+00
 1.96412500000000E+03   1.23480000000000E+00
 1.96420830000000E+03   1.39094000000000E+01
 1.96429170000000E+03   1.69690000000000E+01
 1.96437500000000E+03   4.95050000000000E+00
 1.96445830000000E+03   2.39315000000000E+01
 1.96454170000000E+03   2.59899000000000E+01
 1.96462500000000E+03   4.04710000000000E+00
 1.96470830000000E+03  -1.02038000000000E+01
 1.96479170000000E+03   6.93040000000000E+00
 1.96487500000000E+03   1.38325000000000E+01
 1.96495830000000E+03   8.58050000000000E+00
 1.96504170000000E+03   2.09442000000000E+01
 1.96512500000000E+03   1.25375000000000E+01
 1.96520830000000E+03   1.15919000000000E+01
 1.96529170000000E+03  -1.04560000000000E+00
 1.96537500000000E+03  -3.53040000000000E+00
 1.96545830000000E+03  -1.84772000000000E+01
 1.96554170000000E+03  -6.13466000000000E+01
 1.96562500000000E+03  -9.32942000000000E+01
 1.96570830000000E+03  -7.63959000000000E+01
 1.96579170000000E+03  -8.33435000000000E+01
 1.96587500000000E+03  -8.12153000000000E+01
 1.96595830000000E+03  -6.77029000000000E+01
 1.96604170000000E+03  -5.24978000000000E+01
 1.96612500000000E+03  -5.72170000000000E+01
 1.96620830000000E+03  -4.84750000000000E+01
 1.96629170000000E+03  -4.88095000000000E+01
 1.96637500000000E+03  -4.52991000000000E+01
 1.96645830000000E+03  -3.46352000000000E+01
 1.96654170000000E+03  -2.68171000000000E+01
 1.96662500000000E+03  -1.15386000000000E+01
 1.96670830000000E+03   4.57394000000000E+01
 1.96679170000000E+03   5.07102000000000E+01
 1.96687500000000E+03   6.12183000000000E+01
 1.96695830000000E+03   7.08798000000000E+01
 1.96704170000000E+03   8.41570000000000E+01
 1.96712500000000E+03   7.94331000000000E+01
 1.96720830000000E+03   7.67088000000000E+01
 1.96729170000000E+03   9.25234000000000E+01
 1.96737500000000E+03   1.13875200000000E+02
 1.96745830000000E+03   1.31688200000000E+02
 1.96754170000000E+03   1.27424600000000E+02
 1.96762500000000E+03   1.36313700000000E+02
 1.96770830000000E+03   1.48048500000000E+02
 1.96779170000000E+03   1.21476100000000E+02
 1.96787500000000E+03   1.04748600000000E+02
 1.96795830000000E+03   1.00790000000000E+02
 1.96804170000000E+03   9.77548000000000E+01
 1.96812500000000E+03   7.84108000000000E+01
 1.96820830000000E+03   5.21433000000000E+01
 1.96829170000000E+03   4.84146000000000E+01
 1.96837500000000E+03   1.09924000000000E+01
 1.96845830000000E+03  -1.65840000000000E+01
 1.96854170000000E+03  -4.59292000000000E+01
 1.96862500000000E+03  -6.91218000000000E+01
 1.96870830000000E+03  -1.09930200000000E+02
 1.96879170000000E+03  -1.36661200000000E+02
 1.96887500000000E+03  -1.63855000000000E+02
 1.96895830000000E+03  -1.67895300000000E+02
 1.96904170000000E+03  -1.53550600000000E+02
 1.96912500000000E+03  -1.63591700000000E+02
 1.96920830000000E+03  -1.52017800000000E+02
 1.96929170000000E+03  -1.13289700000000E+02
 1.96937500000000E+03  -7.54859000000000E+01
 1.96945830000000E+03  -5.92209000000000E+01
 1.96954170000000E+03  -7.77247000000000E+01
 1.96962500000000E+03  -8.21528000000000E+01
 1.96970830000000E+03  -8.21967000000000E+01
 1.96979170000000E+03  -5.63940000000000E+01
 1.96987500000000E+03  -5.13618000000000E+01
 1.96995830000000E+03  -3.87145000000000E+01
 1.97004170000000E+03  -1.46823000000000E+01
 1.97012500000000E+03  -2.25743000000000E+01
 1.97020830000000E+03  -6.62060000000000E+00
 1.97029170000000E+03   1.48740000000000E+00
 1.97037500000000E+03  -9.81000000000000E-02
 1.97045830000000E+03  -2.82994000000000E+01
 1.97054170000000E+03  -2.89618000000000E+01
 1.97062500000000E+03  -1.55485000000000E+01
 1.97070830000000E+03  -1.36741000000000E+01
 1.97079170000000E+03  -1.64916000000000E+01
 1.97087500000000E+03  -2.91564000000000E+01
 1.97095830000000E+03  -3.13601000000000E+01
 1.97104170000000E+03  -1.95633000000000E+01
 1.97112500000000E+03  -3.18447000000000E+01
 1.97120830000000E+03  -2.68188000000000E+01
 1.97129170000000E+03  -1.36387000000000E+01
 1.97137500000000E+03   2.61720000000000E+00
 1.97145830000000E+03   1.34112000000000E+01
 1.97154170000000E+03  -1.71760000000000E+00
 1.97162500000000E+03  -3.55398000000000E+01
 1.97170830000000E+03  -5.49778000000000E+01
 1.97179170000000E+03  -4.89539000000000E+01
 1.97187500000000E+03  -5.34696000000000E+01
 1.97195830000000E+03  -3.66011000000000E+01
 1.97204170000000E+03  -2.75784000000000E+01
 1.97212500000000E+03  -3.79414000000000E+01
 1.97220830000000E+03  -4.31510000000000E+01
 1.97229170000000E+03  -4.68987000000000E+01
 1.97237500000000E+03  -3.51860000000000E+01
 1.97245830000000E+03  -2.12430000000000E+01
 1.97254170000000E+03  -4.19150000000000E+01
 1.97262500000000E+03  -1.69727000000000E+01
 1.97270830000000E+03   1.75076000000000E+01
 1.97279170000000E+03   5.26806000000000E+01
 1.97287500000000E+03   5.54679000000000E+01
 1.97295830000000E+03   7.61008000000000E+01
 1.97304170000000E+03   7.55803000000000E+01
 1.97312500000000E+03   8.57510000000000E+01
 1.97320830000000E+03   9.03828000000000E+01
 1.97329170000000E+03   9.04765000000000E+01
 1.97337500000000E+03   1.05646000000000E+02
 1.97345830000000E+03   1.08199600000000E+02
 1.97354170000000E+03   8.60614000000000E+01
 1.97362500000000E+03   8.85373000000000E+01
 1.97370830000000E+03   4.06283000000000E+01
 1.97379170000000E+03   6.25810000000000E+00
 1.97387500000000E+03  -3.35748000000000E+01
 1.97395830000000E+03  -3.10235000000000E+01
 1.97404170000000E+03  -9.77950000000000E+00
 1.97412500000000E+03   1.77100000000000E+00
 1.97420830000000E+03   8.47490000000000E+00
 1.97429170000000E+03   5.87160000000000E+00
 1.97437500000000E+03   1.58055000000000E+01
 1.97445830000000E+03   3.88160000000000E+01
 1.97454170000000E+03   5.63653000000000E+01
 1.97462500000000E+03   4.43750000000000E+01
 1.97470830000000E+03   2.84612000000000E+01
 1.97479170000000E+03   4.34708000000000E+01
 1.97487500000000E+03   5.95562000000000E+01
 1.97495830000000E+03   8.74105000000000E+01
 1.97504170000000E+03   8.58805000000000E+01
 1.97512500000000E+03   6.31955000000000E+01
 1.97520830000000E+03   6.78177000000000E+01
 1.97529170000000E+03   6.12865000000000E+01
 1.97537500000000E+03   6.72927000000000E+01
 1.97545830000000E+03   8.58368000000000E+01
 1.97554170000000E+03   8.64583000000000E+01
 1.97562500000000E+03   4.18478000000000E+01
 1.97570830000000E+03   1.86985000000000E+01
 1.97579170000000E+03   2.31649000000000E+01
 1.97587500000000E+03   2.33994000000000E+01
 1.97595830000000E+03   2.78643000000000E+01
 1.97604170000000E+03   2.25603000000000E+01
 1.97612500000000E+03   1.99475000000000E+01
 1.97620830000000E+03   1.21804000000000E+01
 1.97629170000000E+03  -2.76632000000000E+01
 1.97637500000000E+03  -4.48157000000000E+01
 1.97645830000000E+03  -4.35071000000000E+01
 1.97654170000000E+03  -7.00442000000000E+01
 1.97662500000000E+03  -1.27121000000000E+02
 1.97670830000000E+03  -1.34659600000000E+02
 1.97679170000000E+03  -1.19967200000000E+02
 1.97687500000000E+03  -1.27045100000000E+02
 1.97695830000000E+03  -1.22661900000000E+02
 1.97704170000000E+03  -1.16047600000000E+02
 1.97712500000000E+03  -1.20665200000000E+02
 1.97720830000000E+03  -1.11975500000000E+02
 1.97729170000000E+03  -9.83624000000000E+01
 1.97737500000000E+03  -4.72119000000000E+01
 1.97745830000000E+03  -3.12926000000000E+01
 1.97754170000000E+03  -1.83730000000000E+01
 1.97762500000000E+03  -3.83006000000000E+01
 1.97770830000000E+03  -2.98441000000000E+01
 1.97779170000000E+03  -4.57718000000000E+01
 1.97787500000000E+03  -7.73929000000000E+01
 1.97795830000000E+03  -7.91683000000000E+01
 1.97804170000000E+03  -7.07895000000000E+01
 1.97812500000000E+03  -8.01042000000000E+01
 1.97820830000000E+03  -4.74961000000000E+01
 1.97829170000000E+03  -3.55801000000000E+01
 1.97837500000000E+03  -5.28050000000000E+00
 1.97845830000000E+03  -4.37506000000000E+01
 1.97854170000000E+03  -7.04511000000000E+01
 1.97862500000000E+03  -9.67681000000000E+01
 1.97870830000000E+03  -7.81625000000000E+01
 1.97879170000000E+03  -9.07103000000000E+01
 1.97887500000000E+03  -6.97978000000000E+01
 1.97895830000000E+03  -4.24241000000000E+01
 1.97904170000000E+03  -1.66654000000000E+01
 1.97912500000000E+03  -1.00617000000000E+01
 1.97920830000000E+03   1.64646000000000E+01
 1.97929170000000E+03  -5.00870000000000E+00
 1.97937500000000E+03  -1.48677000000000E+01
 1.97945830000000E+03  -2.93426000000000E+01
 1.97954170000000E+03  -3.10478000000000E+01
 1.97962500000000E+03  -2.75234000000000E+01
 1.97970830000000E+03  -4.89225000000000E+01
 1.97979170000000E+03  -6.05521000000000E+01
 1.97987500000000E+03  -5.57981000000000E+01
 1.97995830000000E+03  -6.38138000000000E+01
 1.98004170000000E+03  -6.49060000000000E+01
 1.98012500000000E+03  -8.70763000000000E+01
 1.98020830000000E+03  -8.57086000000000E+01
 1.98029170000000E+03  -9.34174000000000E+01
 1.98037500000000E+03  -8.73581000000000E+01
 1.98045830000000E+03  -6.69146000000000E+01
 1.98054170000000E+03  -5.70862000000000E+01
 1.98062500000000E+03  -2.71820000000000E+01
 1.98070830000000E+03  -2.29704000000000E+01
 1.98079170000000E+03  -7.98930000000000E+00
 1.98087500000000E+03  -5.70170000000000E+00
 1.98095830000000E+03   1.35856000000000E+01
 1.98104170000000E+03   3.01040000000000E+01
 1.98112500000000E+03   3.90059000000000E+01
 1.98120830000000E+03   4.51381000000000E+01
 1.98129170000000E+03   5.10399000000000E+01
 1.98137500000000E+03   6.64790000000000E+01
 1.98145830000000E+03   6.87639000000000E+01
 1.98154170000000E+03   3.56645000000000E+01
 1.98162500000000E+03   6.56400000000000E+00
 1.98170830000000E+03  -1.18446000000000E+01
 1.98179170000000E+03   4.90100000000000E+00
 1.98187500000000E+03   2.50301000000000E+01
 1.98195830000000E+03   2.57741000000000E+01
 1.98204170000000E+03   2.04416000000000E+01
 1.98212500000000E+03   1.48002000000000E+01
 1.98220830000000E+03   3.62354000000000E+01
 1.98229170000000E+03   2.99786000000000E+01
 1.98237500000000E+03   3.65668000000000E+01
 1.98245830000000E+03   3.96931000000000E+01
 1.98254170000000E+03   7.98198000000000E+01
 1.98262500000000E+03   1.06945300000000E+02
 1.98270830000000E+03   1.06378100000000E+02
 1.98279170000000E+03   9.97343000000000E+01
 1.98287500000000E+03   8.12432000000000E+01
 1.98295830000000E+03   7.23671000000000E+01
 1.98304170000000E+03   8.75683000000000E+01
 1.98312500000000E+03   9.19991000000000E+01
 1.98320830000000E+03   9.85834000000000E+01
 1.98329170000000E+03   1.10706400000000E+02
 1.98337500000000E+03   1.44443800000000E+02
 1.98345830000000E+03   1.39719200000000E+02
 1.98354170000000E+03   1.44994900000000E+02
 1.98362500000000E+03   9.95771000000000E+01
 1.98370830000000E+03   5.10821000000000E+01
 1.98379170000000E+03   3.43566000000000E+01
 1.98387500000000E+03   2.50147000000000E+01
 1.98395830000000E+03   3.19031000000000E+01
 1.98404170000000E+03   4.20995000000000E+01
 1.98412500000000E+03   3.50640000000000E+01
 1.98420830000000E+03   3.21820000000000E+01
 1.98429170000000E+03   3.79926000000000E+01
 1.98437500000000E+03   6.18670000000000E+00
 1.98445830000000E+03  -1.08503000000000E+01
 1.98454170000000E+03  -4.78102000000000E+01
 1.98462500000000E+03  -9.98480000000000E+01
 1.98470830000000E+03  -1.22732400000000E+02
 1.98479170000000E+03  -1.06231900000000E+02
 1.98487500000000E+03  -1.07578600000000E+02
 1.98495830000000E+03  -9.79257000000000E+01
 1.98504170000000E+03  -8.97341000000000E+01
 1.98512500000000E+03  -8.30051000000000E+01
 1.98520830000000E+03  -5.88918000000000E+01
 1.98529170000000E+03  -4.50860000000000E+01
 1.98537500000000E+03  -4.88966000000000E+01
 1.98545830000000E+03  -4.43230000000000E+01
 1.98554170000000E+03  -4.98261000000000E+01
 1.98562500000000E+03  -5.30225000000000E+01
 1.98570830000000E+03  -4.51424000000000E+01
 1.98579170000000E+03  -4.66467000000000E+01
 1.98587500000000E+03  -4.12289000000000E+01
 1.98595830000000E+03  -3.21962000000000E+01
 1.98604170000000E+03  -2.15477000000000E+01
 1.98612500000000E+03  -3.02081000000000E+01
 1.98620830000000E+03  -2.80227000000000E+01
 1.98629170000000E+03  -2.53755000000000E+01
 1.98637500000000E+03  -3.49850000000000E+00
 1.98645830000000E+03   5.31800000000000E-01
 1.98654170000000E+03  -2.15914000000000E+01
 1.98662500000000E+03  -2.19464000000000E+01
 1.98670830000000E+03  -2.36095000000000E+01
 1.98679170000000E+03  -3.17339000000000E+01
 1.98687500000000E+03  -1.81670000000000E+01
 1.98695830000000E+03  -1.46775000000000E+01
 1.98704170000000E+03  -4.95690000000000E+00
 1.98712500000000E+03  -1.54510000000000E+00
 1.98720830000000E+03   1.85586000000000E+01
 1.98729170000000E+03   2.11242000000000E+01
 1.98737500000000E+03  -9.26700000000000E-01
 1.98745830000000E+03  -3.20550000000000E+01
 1.98754170000000E+03  -1.91060000000000E+01
 1.98762500000000E+03  -4.61960000000000E+00
 1.98770830000000E+03  -1.08260000000000E+01
 1.98779170000000E+03   4.58340000000000E+00
 1.98787500000000E+03   3.99160000000000E+00
 1.98795830000000E+03   7.07200000000000E-01
 1.98804170000000E+03  -1.65390000000000E+00
 1.98812500000000E+03   6.90700000000000E+00
 1.98820830000000E+03   1.44675000000000E+01
 1.98829170000000E+03   1.38745000000000E+01
 1.98837500000000E+03  -4.87350000000000E+00
 1.98845830000000E+03   1.35320000000000E+01
 1.98854170000000E+03   5.33223000000000E+01
 1.98862500000000E+03   7.28809000000000E+01
 1.98870830000000E+03   9.59775000000000E+01
 1.98879170000000E+03   9.39205000000000E+01
 1.98887500000000E+03   1.11708600000000E+02
 1.98895830000000E+03   1.26650200000000E+02
 1.98904170000000E+03   1.39976600000000E+02
 1.98912500000000E+03   1.57917400000000E+02
 1.98920830000000E+03   1.53473200000000E+02
 1.98929170000000E+03   1.51106100000000E+02
 1.98937500000000E+03   1.48353400000000E+02
 1.98945830000000E+03   1.60600300000000E+02
 1.98954170000000E+03   1.65462900000000E+02
 1.98962500000000E+03   1.65708900000000E+02
 1.98970830000000E+03   1.66723900000000E+02
 1.98979170000000E+03   1.53123700000000E+02
 1.98987500000000E+03   1.52291700000000E+02
 1.98995830000000E+03   1.35074600000000E+02
 1.99004170000000E+03   1.44473300000000E+02
 1.99012500000000E+03   1.48640000000000E+02
 1.99020830000000E+03   1.37114100000000E+02
 1.99029170000000E+03   1.45896200000000E+02
 1.99037500000000E+03   1.31677200000000E+02
 1.99045830000000E+03   1.37303900000000E+02
 1.99054170000000E+03   1.42930900000000E+02
 1.99062500000000E+03   1.00249200000000E+02
 1.99070830000000E+03   3.48748000000000E+01
 1.99079170000000E+03  -2.84225000000000E+01
 1.99087500000000E+03  -5.27977000000000E+01
 1.99095830000000E+03  -4.14811000000000E+01
 1.99104170000000E+03  -2.78564000000000E+01
 1.99112500000000E+03  -3.12328000000000E+01
 1.99120830000000E+03  -3.23789000000000E+01
 1.99129170000000E+03  -2.74478000000000E+01
 1.99137500000000E+03  -2.47484000000000E+01
 1.99145830000000E+03  -1.08187000000000E+01
 1.99154170000000E+03   5.11120000000000E+00
 1.99162500000000E+03   1.50160000000000E+00
 1.99170830000000E+03   2.75071000000000E+01
 1.99179170000000E+03   3.73589000000000E+01
 1.99187500000000E+03   5.18251000000000E+01
 1.99195830000000E+03   4.59062000000000E+01
 1.99204170000000E+03   3.76799000000000E+01
 1.99212500000000E+03   4.76834000000000E+01
 1.99220830000000E+03   4.86864000000000E+01
 1.99229170000000E+03   2.53051000000000E+01
 1.99237500000000E+03   2.78458000000000E+01
 1.99245830000000E+03   3.20785000000000E+01
 1.99254170000000E+03   5.48498000000000E+01
 1.99262500000000E+03   4.83893000000000E+01
 1.99270830000000E+03   3.73900000000000E+01
 1.99279170000000E+03   1.55448000000000E+01
 1.99287500000000E+03   5.92930000000000E+00
 1.99295830000000E+03   6.98000000000000E-01
 1.99304170000000E+03   3.52362000000000E+01
 1.99312500000000E+03   4.43118000000000E+01
 1.99320830000000E+03   1.90024000000000E+01
 1.99329170000000E+03  -4.22980000000000E+00
 1.99337500000000E+03   1.92150000000000E+00
 1.99345830000000E+03  -1.54290000000000E+00
 1.99354170000000E+03  -3.94686000000000E+01
 1.99362500000000E+03  -6.43954000000000E+01
 1.99370830000000E+03  -9.19379000000000E+01
 1.99379170000000E+03  -1.13711000000000E+02
 1.99387500000000E+03  -8.88697000000000E+01
 1.99395830000000E+03  -7.33365000000000E+01
 1.99412500000000E+03  -8.47322000000000E+01
 1.99420830000000E+03  -1.02200200000000E+02
 1.99429170000000E+03  -9.82834000000000E+01
 1.99437500000000E+03  -8.17522000000000E+01
 1.99445830000000E+03  -3.18367000000000E+01
 1.99454170000000E+03   1.06943000000000E+01
 1.99462500000000E+03   3.80705000000000E+01
 1.99470830000000E+03   7.60617000000000E+01
 1.99479170000000E+03   7.88223000000000E+01
 1.99487500000000E+03   7.51973000000000E+01
 1.99495830000000E+03   8.84180000000000E+01
 1.99504170000000E+03   8.14083000000000E+01
 1.99512500000000E+03   7.84744000000000E+01
 1.99520830000000E+03   8.06939000000000E+01
 1.99529170000000E+03   9.22983000000000E+01
 1.99537500000000E+03   5.62094000000000E+01
 1.99545830000000E+03   1.48893000000000E+01
 1.99554170000000E+03  -4.98151000000000E+01
 1.99562500000000E+03  -1.02289900000000E+02
 1.99570830000000E+03  -1.54765000000000E+02
 1.99579170000000E+03  -1.77086000000000E+02
 1.99604170000000E+03  -1.80514300000000E+02
 1.99612500000000E+03  -1.84145300000000E+02
 1.99620830000000E+03  -2.04007400000000E+02
 1.99629170000000E+03  -2.05869300000000E+02
 1.99637500000000E+03  -1.78655300000000E+02
 1.99645830000000E+03  -1.63980100000000E+02
 1.99654170000000E+03  -1.78150900000000E+02
 1.99662500000000E+03  -1.36476500000000E+02
 1.99670830000000E+03  -8.73410000000000E+01
 1.99679170000000E+03  -4.70514000000000E+01
 1.99687500000000E+03  -3.07628000000000E+01
 1.99695830000000E+03  -2.36285000000000E+01
 1.99704170000000E+03  -4.01863000000000E+01
 1.99712500000000E+03  -6.33604000000000E+01
 1.99720830000000E+03  -4.04581000000000E+01
 1.99729170000000E+03  -3.63240000000000E+00
 1.99737500000000E+03  -8.34620000000000E+00
 1.99745830000000E+03  -3.75989000000000E+01
 1.99754170000000E+03  -3.81590000000000E+01
 1.99762500000000E+03  -1.37202000000000E+01
 1.99770830000000E+03  -9.35870000000000E+00
 1.99779170000000E+03  -4.83815000000000E+01
 1.99787500000000E+03  -6.83285000000000E+01
 1.99795830000000E+03  -6.83528000000000E+01
 1.99804170000000E+03  -4.32999000000000E+01
 1.99812500000000E+03  -1.14788000000000E+01
 1.99820830000000E+03   5.34190000000000E+00
 1.99829170000000E+03  -6.29880000000000E+00
 1.99837500000000E+03   6.75000000000000E-01
 1.99845830000000E+03   1.18022000000000E+01
 1.99854170000000E+03   3.59296000000000E+01
 1.99862500000000E+03   4.92868000000000E+01
 1.99870830000000E+03   3.06435000000000E+01
 1.99879170000000E+03   8.30820000000000E+00
 1.99887500000000E+03   1.98950000000000E+01
 1.99895830000000E+03   2.55582000000000E+01
 1.99904170000000E+03   3.14525000000000E+01
 1.99912500000000E+03   1.08073000000000E+01
 1.99920830000000E+03  -1.33768000000000E+01
 1.99929170000000E+03  -1.20991000000000E+01
 1.99937500000000E+03   2.38000000000000E-02
 1.99945830000000E+03   7.76160000000000E+00
 1.99954170000000E+03   2.20381000000000E+01
 1.99962500000000E+03   4.63136000000000E+01
 1.99970830000000E+03   4.84348000000000E+01
 1.99979170000000E+03   3.60948000000000E+01
 1.99987500000000E+03   2.63691000000000E+01
 1.99995830000000E+03   4.62584000000000E+01
 2.00004170000000E+03   5.90710000000000E+01
 2.00012500000000E+03   6.71902000000000E+01
 2.00020830000000E+03   6.92322000000000E+01
 2.00029170000000E+03   7.19667000000000E+01
 2.00037500000000E+03   7.04694000000000E+01
 2.00045830000000E+03   6.53563000000000E+01
 2.00054170000000E+03   3.90896000000000E+01
 2.00062500000000E+03   4.37200000000000E-01
 2.00070830000000E+03  -5.12155000000000E+01
 2.00079170000000E+03  -8.30219000000000E+01
 2.00087500000000E+03  -8.23677000000000E+01
 2.00095830000000E+03  -6.41755000000000E+01
 2.00104170000000E+03  -7.07523000000000E+01
 2.00112500000000E+03  -6.85608000000000E+01
 2.00120830000000E+03  -6.75236000000000E+01
 2.00129170000000E+03  -5.67170000000000E+01
 2.00137500000000E+03  -2.51421000000000E+01
 2.00145830000000E+03  -2.44907000000000E+01
 2.00154170000000E+03  -1.76083000000000E+01
 2.00162500000000E+03   2.60423000000000E+01
 2.00170830000000E+03   7.21540000000000E+01
 2.00179170000000E+03   7.66506000000000E+01
 2.00187500000000E+03   7.96077000000000E+01
 2.00195830000000E+03   8.58721000000000E+01
 2.00204170000000E+03   9.32136000000000E+01
 2.00212500000000E+03   8.42465000000000E+01
 2.00220830000000E+03   6.44328000000000E+01
 2.00229170000000E+03   4.00039000000000E+01
 2.00237500000000E+03   1.81125000000000E+01
 2.00245830000000E+03  -4.04717000000000E+01
 2.00254170000000E+03  -4.14402000000000E+01
 2.00262500000000E+03  -5.67174000000000E+01
 2.00270830000000E+03  -1.13995000000000E+02
 2.00279170000000E+03  -1.62041700000000E+02
 2.00287500000000E+03  -1.57166300000000E+02
 2.00295830000000E+03  -1.46060400000000E+02
 2.00304170000000E+03  -1.39723700000000E+02
 2.00312500000000E+03  -1.54926400000000E+02
 2.00320830000000E+03  -1.38437100000000E+02
 2.00329170000000E+03  -1.22640000000000E+02
 2.00337500000000E+03  -1.05766900000000E+02
 2.00345830000000E+03  -7.85097000000000E+01
 2.00354170000000E+03  -3.67906000000000E+01
 2.00362500000000E+03  -2.67649000000000E+01
 2.00370830000000E+03  -3.71242000000000E+01
 2.00379170000000E+03  -3.42526000000000E+01
 2.00387500000000E+03  -2.72280000000000E+01
 2.00395830000000E+03  -1.69731000000000E+01
 2.00404170000000E+03  -2.02570000000000E+00
 2.00412500000000E+03  -7.46390000000000E+00
 2.00420830000000E+03   1.00206000000000E+01
 2.00429170000000E+03   1.48129000000000E+01
 2.00437500000000E+03   2.42966000000000E+01
 2.00445830000000E+03   5.73953000000000E+01
 2.00454170000000E+03   9.24172000000000E+01
 2.00462500000000E+03   9.42074000000000E+01
 2.00470830000000E+03   6.30742000000000E+01
 2.00479170000000E+03   5.70180000000000E+01
 2.00487500000000E+03   6.11147000000000E+01
 2.00495830000000E+03   7.32110000000000E+01
 2.00504170000000E+03   6.90767000000000E+01
 2.00512500000000E+03   6.98645000000000E+01
 2.00520830000000E+03   8.78827000000000E+01
 2.00529170000000E+03   7.84396000000000E+01
 2.00537500000000E+03   8.36877000000000E+01
 2.00545830000000E+03   6.95509000000000E+01
 2.00554170000000E+03   3.21065000000000E+01
 2.00562500000000E+03  -2.35695000000000E+01
 2.00570830000000E+03  -6.19383000000000E+01
 2.00579170000000E+03  -4.59223000000000E+01
 2.00587500000000E+03  -4.17535000000000E+01
 2.00595830000000E+03  -3.20465000000000E+01
 2.00604170000000E+03  -3.74933000000000E+01
 2.00612500000000E+03  -4.57102000000000E+01
 2.00620830000000E+03  -5.44660000000000E+01
 2.00629170000000E+03  -6.70678000000000E+01
 2.00637500000000E+03  -4.32859000000000E+01
 2.00645830000000E+03  -1.94275000000000E+01
 2.00654170000000E+03   2.55080000000000E+01
 2.00662500000000E+03   3.96733000000000E+01
 2.00670830000000E+03   5.49921000000000E+01
 2.00679170000000E+03   8.38495000000000E+01
 2.00687500000000E+03   9.07059000000000E+01
 2.00695830000000E+03   9.45620000000000E+01
 2.00704170000000E+03   1.00341200000000E+02
 2.00712500000000E+03   1.15658000000000E+02
 2.00720830000000E+03   1.45897500000000E+02
 2.00729170000000E+03   1.46906300000000E+02
 2.00737500000000E+03   1.58991200000000E+02
 2.00745830000000E+03   1.51767900000000E+02
 2.00754170000000E+03   1.29160200000000E+02
 2.00762500000000E+03   1.07397600000000E+02
 2.00770830000000E+03   1.17557800000000E+02
 2.00779170000000E+03   9.87181000000000E+01
 2.00787500000000E+03   7.88006000000000E+01
 2.00795830000000E+03   6.76519000000000E+01
 2.00804170000000E+03   7.91187000000000E+01
 2.00812500000000E+03   7.15846000000000E+01
 2.00820830000000E+03   5.04347000000000E+01
 2.00829170000000E+03   5.12080000000000E+01
 2.00837500000000E+03   6.35188000000000E+01
 2.00845830000000E+03   6.43677000000000E+01
 2.00854170000000E+03   4.46014000000000E+01
 2.00862500000000E+03   1.29880000000000E+01
 2.00870830000000E+03  -1.87028000000000E+01
 2.00879170000000E+03  -5.61626000000000E+01
 2.00887500000000E+03  -5.23157000000000E+01
 2.00895830000000E+03  -3.94691000000000E+01
 2.00904170000000E+03  -3.07763000000000E+01
 2.00912500000000E+03  -2.83921000000000E+01
 2.00920830000000E+03  -1.34698000000000E+01
 2.00929170000000E+03   4.06800000000000E+00
 2.00937500000000E+03  -2.30105000000000E+01
 2.00945830000000E+03  -4.64741000000000E+01
 2.00954170000000E+03  -8.53990000000000E+01
 2.00962500000000E+03  -1.12401800000000E+02
 2.00970830000000E+03  -1.07328100000000E+02
 2.00979170000000E+03  -1.07254200000000E+02
 2.00987500000000E+03  -9.53351000000000E+01
 2.00995830000000E+03  -8.76472000000000E+01
 2.01004170000000E+03  -8.17283000000000E+01
 2.01012500000000E+03  -8.45796000000000E+01
 2.01020830000000E+03  -9.16621000000000E+01
 2.01029170000000E+03  -1.08359800000000E+02
 2.01037500000000E+03  -1.13981600000000E+02
 2.01045830000000E+03  -1.22911400000000E+02
 2.01054170000000E+03  -1.17764200000000E+02
 2.01062500000000E+03  -9.36179000000000E+01
 2.01070830000000E+03  -7.59335000000000E+01
 2.01079170000000E+03  -6.47105000000000E+01
 2.01087500000000E+03  -6.40270000000000E+01
 2.01095830000000E+03  -5.64207000000000E+01
 2.01104170000000E+03  -5.86604000000000E+01
 2.01112500000000E+03  -5.62088000000000E+01
 2.01120830000000E+03  -3.76038000000000E+01
 2.01129170000000E+03  -1.04601000000000E+01
 2.01137500000000E+03  -4.47120000000000E+00
 2.01145830000000E+03   4.29019000000000E+01
 2.01154170000000E+03   8.45059000000000E+01
 2.01162500000000E+03   8.09552000000000E+01
 2.01170830000000E+03   8.61733000000000E+01
 2.01179170000000E+03   9.31607000000000E+01
 2.01187500000000E+03   8.37626000000000E+01
 2.01195830000000E+03   9.11333000000000E+01
 2.01204170000000E+03   9.23504000000000E+01
 2.01212500000000E+03   9.69511000000000E+01
 2.01220830000000E+03   1.17705200000000E+02
 2.01229170000000E+03   1.17998000000000E+02
 2.01237500000000E+03   1.12212900000000E+02
 2.01245830000000E+03   1.00042800000000E+02
 2.01254170000000E+03   4.64882000000000E+01
 2.01262500000000E+03   6.54810000000000E+00
 2.01270830000000E+03  -2.57001000000000E+01
 2.01279170000000E+03  -4.42559000000000E+01
 2.01287500000000E+03  -5.68895000000000E+01
 2.01295830000000E+03  -6.07543000000000E+01
 2.01304170000000E+03  -6.46190000000000E+01
 2.01312500000000E+03  -6.77153000000000E+01
 2.01320830000000E+03  -7.25813000000000E+01
 2.01329170000000E+03  -1.00601000000000E+02
 2.01337500000000E+03  -9.43908000000000E+01
 2.01345830000000E+03  -7.68734000000000E+01
 2.01354170000000E+03  -6.63558000000000E+01
 2.01362500000000E+03  -6.81468000000000E+01
 2.01370830000000E+03  -5.52459000000000E+01
 2.01379170000000E+03  -2.58065000000000E+01
 2.01387500000000E+03  -2.85217000000000E+01
 2.01395830000000E+03  -3.17759000000000E+01
 2.01404170000000E+03  -3.15684000000000E+01
 2.01412500000000E+03  -2.63618000000000E+01
 2.01420830000000E+03  -3.65402000000000E+01
 2.01429170000000E+03  -3.08724000000000E+01
 2.01437500000000E+03  -3.16670000000000E+01
 2.01445830000000E+03  -4.15389000000000E+01
 2.01454170000000E+03  -4.36414000000000E+01
 2.01462500000000E+03  -2.98987000000000E+01
 2.01470830000000E+03  -2.00026000000000E+01
 2.01479170000000E+03  -1.99525000000000E+01
 2.01487500000000E+03  -6.59560000000000E+00
 2.01495830000000E+03   2.36839000000000E+01
 2.01504170000000E+03   4.96559000000000E+01
 2.01512500000000E+03   5.64731000000000E+01
 2.01520830000000E+03   4.99053000000000E+01
 2.01529170000000E+03   4.91838000000000E+01
 2.01537500000000E+03   6.77691000000000E+01
 2.01545830000000E+03   1.19123200000000E+02
 2.01554170000000E+03   9.97082000000000E+01
 2.01562500000000E+03   8.87538000000000E+01
 2.01570830000000E+03   6.63375000000000E+01
 2.01579170000000E+03   5.69213000000000E+01
 2.01587500000000E+03   4.42734000000000E+01
 2.01595830000000E+03   1.84713000000000E+01
 2.01604170000000E+03   1.02847000000000E+01
 2.01612500000000E+03   1.27125000000000E+01
 2.01620830000000E+03   1.79092000000000E+01
 2.01629170000000E+03   3.36800000000000E-01
 2.01637500000000E+03   1.60960000000000E+00
 2.01645830000000E+03  -8.87200000000000E-01
 2.01654170000000E+03  -1.76916000000000E+01
 2.01662500000000E+03  -2.46507000000000E+01
 2.01670830000000E+03  -4.41487000000000E+01
 2.01679170000000E+03  -3.59543000000000E+01
 2.01687500000000E+03  -4.36838000000000E+01
 2.01695830000000E+03  -2.87215000000000E+01
 2.01704170000000E+03  -5.60510000000000E+00
 2.01712500000000E+03  -3.64360000000000E+00
 2.01720830000000E+03  -1.50670000000000E+01
 2.01729170000000E+03  -1.34134000000000E+01
 2.01737500000000E+03   4.02393000000000E+01
 2.01745830000000E+03   8.19685000000000E+01
 2.01754170000000E+03   7.78516000000000E+01
 2.01762500000000E+03   3.90416000000000E+01
 2.01770830000000E+03   2.11542000000000E+01
 2.01779170000000E+03  -3.65610000000000E+00
 2.01787500000000E+03  -2.24673000000000E+01
 2.01795830000000E+03  -2.14328000000000E+01
 2.01804170000000E+03  -3.66289000000000E+01
 2.01812500000000E+03  -3.72875000000000E+01
 2.01820830000000E+03  -3.40234000000000E+01
 2.01829170000000E+03  -1.26053000000000E+01
 2.01837500000000E+03  -1.77266000000000E+01
 2.01845830000000E+03  -4.90021000000000E+01
 2.01854170000000E+03  -8.12007000000000E+01
 2.01862500000000E+03  -9.50924000000000E+01
 2.01870830000000E+03  -7.35229000000000E+01
 2.01879170000000E+03  -6.45688000000000E+01
 2.01887500000000E+03  -5.09232000000000E+01
 2.01895830000000E+03  -3.91242000000000E+01
 2.01904170000000E+03  -2.88636000000000E+01
 2.01912500000000E+03  -1.98346000000000E+01
 2.01920830000000E+03  -1.44983000000000E+01
 2.01929170000000E+03  -2.16235000000000E+01
 2.01937500000000E+03  -5.92880000000000E+01
 2.01945830000000E+03  -4.38760000000000E+01
 2.01954170000000E+03  -4.77150000000000E+00
 2.01962500000000E+03   4.04089000000000E+01
 2.01970830000000E+03   6.27428000000000E+01
 2.01979170000000E+03   5.24614000000000E+01
 2.01987500000000E+03   7.78715000000000E+01
 2.01995830000000E+03   7.62811000000000E+01
 2.02004170000000E+03   9.26909000000000E+01
 2.02012500000000E+03   9.80228000000000E+01
 2.02020830000000E+03   1.05200500000000E+02
 2.02029170000000E+03   8.81475000000000E+01
 2.02037500000000E+03   1.10170500000000E+02
 2.02045830000000E+03   1.33654700000000E+02
 2.02054170000000E+03   1.09139000000000E+02
 2.02062500000000E+03   5.06224000000000E+01
 2.02070830000000E+03   3.64380000000000E+00
 2.02079170000000E+03  -1.54115000000000E+01
 2.02087500000000E+03  -2.53139000000000E+01
 2.02095830000000E+03  -3.61398000000000E+01
 2.02104170000000E+03  -3.73502000000000E+01
 2.02112500000000E+03  -4.81769000000000E+01
 2.02120830000000E+03  -6.12347000000000E+01
 2.02129170000000E+03  -5.25232000000000E+01
 2.02137500000000E+03  -2.78896000000000E+01
 2.02145830000000E+03  -5.62563000000000E+01
 2.02154170000000E+03  -5.54691000000000E+01
 2.02162500000000E+03  -9.14430000000000E+00
 2.02170830000000E+03   1.11801000000000E+01
 2.02179170000000E+03   2.04310000000000E+00
 2.02187500000000E+03  -4.78720000000000E+00
 2.02195830000000E+03   1.05361000000000E+01
 2.02204170000000E+03   2.68594000000000E+01
 2.02212500000000E+03   3.75664000000000E+01
 2.02220830000000E+03   1.78884000000000E+01
 2.02229170000000E+03   4.03644000000000E+01
 2.02237500000000E+03   2.85318000000000E+01
 2.02245830000000E+03   2.31410000000000E+00
 2.02254170000000E+03   2.53274000000000E+01
 2.02262500000000E+03   3.14936000000000E+01
 2.02270830000000E+03  -1.72520000000000E+00
 2.02279170000000E+03  -2.41747000000000E+01
 2.02287500000000E+03  -2.45482000000000E+01
 2.02295830000000E+03  -3.36144000000000E+01
 2.02304170000000E+03  -3.19112000000000E+01
 2.02312500000000E+03  -2.51320000000000E+01
 2.02320830000000E+03  -1.64301000000000E+01
 2.02329170000000E+03   1.07334000000000E+01
 2.02337500000000E+03  -1.11040000000000E+01
 2.02345830000000E+03  -1.59417000000000E+01
 2.02354170000000E+03   4.83600000000000E+00
 2.02362500000000E+03   8.07440000000000E+00
 2.02370830000000E+03  -2.03031000000000E+01
 2.02379170000000E+03  -3.30650000000000E+01
 2.02387500000000E+03  -3.20586000000000E+01
 2.02395830000000E+03  -2.25910000000000E+01
 2.02404170000000E+03  -3.35420000000000E+00
 2.02412500000000E+03  -2.72000000000000E-01
 2.02420830000000E+03  -1.70364000000000E+01
 2.02429170000000E+03  -1.98777000000000E+01
 2.02437500000000E+03  -1.84890000000000E+01
 2.02445830000000E+03   5.13000000000000E+00
 2.02454170000000E+03   1.07747000000000E+01
 2.02462500000000E+03   2.83400000000000E-01
 2.02470830000000E+03  -2.70841000000000E+01
 2.02479170000000E+03  -7.84140000000000E+00
 2.02487500000000E+03   1.12394000000000E+01
 2.02495830000000E+03   5.75181000000000E+01
