 1.88870830000000E+03   2.87810000000000E+00
 1.88879170000000E+03  -1.19455000000000E+01
 1.88887500000000E+03  -2.50311000000000E+01
 1.88895830000000E+03  -2.60000000000000E+01
 1.88904170000000E+03  -2.17024000000000E+01
 1.88912500000000E+03  -1.53715000000000E+01
 1.88920830000000E+03  -1.09381000000000E+01
 1.88929170000000E+03  -6.86380000000000E+00
 1.88937500000000E+03  -9.86640000000000E+00
 1.88945830000000E+03  -1.83307000000000E+01
 1.88954170000000E+03  -1.48719000000000E+01
 1.88962500000000E+03  -2.34901000000000E+01
 1.88970830000000E+03  -2.70315000000000E+01
 1.88979170000000E+03  -2.64191000000000E+01
 1.88987500000000E+03  -2.27299000000000E+01
 1.88995830000000E+03  -1.45791000000000E+01
 1.89004170000000E+03  -1.11977000000000E+01
 1.89012500000000E+03  -1.12009000000000E+01
 1.89020830000000E+03  -1.62812000000000E+01
 1.89029170000000E+03  -7.13070000000000E+00
 1.89037500000000E+03  -1.59570000000000E+00
 1.89045830000000E+03  -8.90690000000000E+00
 1.89054170000000E+03  -4.83360000000000E+00
 1.89062500000000E+03  -2.52219000000000E+01
 1.89070830000000E+03  -1.30717000000000E+01
 1.89079170000000E+03  -2.22294000000000E+01
 1.89087500000000E+03  -2.48486000000000E+01
 1.89095830000000E+03  -2.51602000000000E+01
 1.89104170000000E+03  -2.30104000000000E+01
 1.89112500000000E+03  -2.29375000000000E+01
 1.89120830000000E+03  -2.02493000000000E+01
 1.89129170000000E+03  -1.54074000000000E+01
 1.89137500000000E+03  -2.96424000000000E+01
 1.89145830000000E+03  -3.04159000000000E+01
 1.89154170000000E+03  -2.58819000000000E+01
 1.89162500000000E+03  -3.20402000000000E+01
 1.89170830000000E+03  -2.61216000000000E+01
 1.89179170000000E+03  -3.47416000000000E+01
 1.89187500000000E+03  -3.08232000000000E+01
 1.89195830000000E+03  -2.60587000000000E+01
 1.89204170000000E+03  -2.02174000000000E+01
 1.89212500000000E+03  -1.78376000000000E+01
 1.89220830000000E+03  -1.65348000000000E+01
 1.89229170000000E+03  -2.13860000000000E+01
 1.89237500000000E+03  -3.16218000000000E+01
 1.89245830000000E+03  -2.44731000000000E+01
 1.89254170000000E+03  -3.44014000000000E+01
 1.89262500000000E+03  -4.80221000000000E+01
 1.89270830000000E+03  -4.63351000000000E+01
 1.89279170000000E+03  -4.87251000000000E+01
 1.89287500000000E+03  -4.39613000000000E+01
 1.89295830000000E+03  -4.14284000000000E+01
 1.89304170000000E+03  -3.95879000000000E+01
 1.89312500000000E+03  -3.67474000000000E+01
 1.89320830000000E+03  -3.14454000000000E+01
 1.89329170000000E+03  -2.17589000000000E+01
 1.89337500000000E+03  -1.64571000000000E+01
 1.89345830000000E+03  -8.00150000000000E+00
 1.89354170000000E+03  -1.48537000000000E+01
 1.89362500000000E+03  -4.16750000000000E+00
 1.89370830000000E+03   3.51870000000000E+00
 1.89379170000000E+03  -6.41300000000000E-01
 1.89387500000000E+03  -1.33990000000000E+00
 1.89395830000000E+03  -1.92400000000000E-01
 1.89404170000000E+03   2.72420000000000E+00
 1.89412500000000E+03   6.48700000000000E+00
 1.89420830000000E+03   4.01890000000000E+00
 1.89429170000000E+03  -1.83390000000000E+00
 1.89437500000000E+03  -1.06098000000000E+01
 1.89445830000000E+03  -9.53960000000000E+00
 1.89454170000000E+03  -1.51618000000000E+01
 1.89462500000000E+03  -1.57841000000000E+01
 1.89470830000000E+03  -2.66372000000000E+01
 1.89479170000000E+03  -2.77211000000000E+01
 1.89487500000000E+03  -2.84205000000000E+01
 1.89495830000000E+03  -2.27354000000000E+01
 1.89504170000000E+03  -1.70503000000000E+01
 1.89512500000000E+03  -1.28268000000000E+01
 1.89520830000000E+03  -1.09111000000000E+01
 1.89529170000000E+03  -3.84160000000000E+00
 1.89537500000000E+03  -4.07980000000000E+00
 1.89545830000000E+03  -4.85660000000000E+00
 1.89554170000000E+03  -1.12489000000000E+01
 1.89562500000000E+03  -1.22565000000000E+01
 1.89570830000000E+03  -1.16489000000000E+01
 1.89579170000000E+03  -1.15798000000000E+01
 1.89587500000000E+03  -9.74160000000000E+00
 1.89595830000000E+03   6.35100000000000E-01
 1.89604170000000E+03   7.16550000000000E+00
 1.89612500000000E+03   5.38820000000000E+00
 1.89620830000000E+03   5.61080000000000E+00
 1.89629170000000E+03  -2.93590000000000E+00
 1.89637500000000E+03  -9.71340000000000E+00
 1.89645830000000E+03  -1.51064000000000E+01
 1.89654170000000E+03  -2.01148000000000E+01
 1.89662500000000E+03  -2.25079000000000E+01
 1.89670830000000E+03  -2.73627000000000E+01
 1.89679170000000E+03  -3.50636000000000E+01
 1.89687500000000E+03  -3.39954000000000E+01
 1.89695830000000E+03  -3.25426000000000E+01
 1.89704170000000E+03  -3.01668000000000E+01
 1.89712500000000E+03  -2.99450000000000E+01
 1.89720830000000E+03  -2.59539000000000E+01
 1.89729170000000E+03  -3.12707000000000E+01
 1.89737500000000E+03  -2.55875000000000E+01
 1.89745830000000E+03  -2.98274000000000E+01
 1.89754170000000E+03  -2.12213000000000E+01
 1.89762500000000E+03  -1.39229000000000E+01
 1.89770830000000E+03  -1.17784000000000E+01
 1.89779170000000E+03  -9.24940000000000E+00
 1.89787500000000E+03  -4.10500000000000E+00
 1.89795830000000E+03  -3.73000000000000E+00
 1.89804170000000E+03   3.49110000000000E+00
 1.89812500000000E+03   9.68000000000000E-02
 1.89820830000000E+03   4.70240000000000E+00
 1.89829170000000E+03   3.46180000000000E+00
 1.89837500000000E+03   6.83650000000000E+00
 1.89845830000000E+03   1.94419000000000E+01
 1.89854170000000E+03   2.80472000000000E+01
 1.89862500000000E+03   2.28833000000000E+01
 1.89870830000000E+03   1.73346000000000E+01
 1.89879170000000E+03   1.60167000000000E+01
 1.89887500000000E+03   1.80064000000000E+01
 1.89895830000000E+03   2.03037000000000E+01
 1.89904170000000E+03   2.60625000000000E+01
 1.89912500000000E+03   2.65135000000000E+01
 1.89920830000000E+03   3.92722000000000E+01
 1.89929170000000E+03   4.15692000000000E+01
 1.89937500000000E+03   5.44815000000000E+01
 1.89945830000000E+03   5.48554000000000E+01
 1.89954170000000E+03   3.90753000000000E+01
 1.89962500000000E+03   2.56028000000000E+01
 1.89970830000000E+03   1.69765000000000E+01
 1.89979170000000E+03   9.35000000000000E+00
 1.89987500000000E+03   5.95430000000000E+00
 1.89995830000000E+03   7.02000000000000E+00
 1.90004170000000E+03   8.47030000000000E+00
 1.90012500000000E+03   7.45900000000000E+00
 1.90020830000000E+03   7.21680000000000E+00
 1.90029170000000E+03   2.59000000000000E+00
 1.90037500000000E+03  -8.88310000000000E+00
 1.90045830000000E+03  -1.76639000000000E+01
 1.90054170000000E+03  -2.20602000000000E+01
 1.90062500000000E+03  -2.94565000000000E+01
 1.90070830000000E+03  -3.40837000000000E+01
 1.90079170000000E+03  -3.37879000000000E+01
 1.90087500000000E+03  -3.87998000000000E+01
 1.90095830000000E+03  -3.81195000000000E+01
 1.90104170000000E+03  -4.11316000000000E+01
 1.90112500000000E+03  -3.92206000000000E+01
 1.90120830000000E+03  -3.94636000000000E+01
 1.90129170000000E+03  -3.93990000000000E+01
 1.90137500000000E+03  -3.84113000000000E+01
 1.90145830000000E+03  -3.31160000000000E+01
 1.90154170000000E+03  -2.79746000000000E+01
 1.90162500000000E+03  -3.29872000000000E+01
 1.90170830000000E+03  -2.75382000000000E+01
 1.90179170000000E+03  -2.67817000000000E+01
 1.90187500000000E+03  -2.12559000000000E+01
 1.90195830000000E+03  -1.22687000000000E+01
 1.90204170000000E+03  -3.43550000000000E+00
 1.90212500000000E+03   9.32080000000000E+00
 1.90220830000000E+03   1.09232000000000E+01
 1.90229170000000E+03   1.56024000000000E+01
 1.90237500000000E+03   1.33585000000000E+01
 1.90245830000000E+03   9.72990000000000E+00
 1.90254170000000E+03   9.17820000000000E+00
 1.90262500000000E+03   7.31870000000000E+00
 1.90270830000000E+03   1.52284000000000E+01
 1.90279170000000E+03   2.21380000000000E+01
 1.90287500000000E+03   3.05860000000000E+01
 1.90295830000000E+03   2.88800000000000E+01
 1.90304170000000E+03   3.94048000000000E+01
 1.90312500000000E+03   4.69295000000000E+01
 1.90320830000000E+03   4.46850000000000E+01
 1.90329170000000E+03   5.00557000000000E+01
 1.90337500000000E+03   5.67340000000000E+01
 1.90345830000000E+03   5.24893000000000E+01
 1.90354170000000E+03   4.37829000000000E+01
 1.90362500000000E+03   4.03072000000000E+01
 1.90370830000000E+03   1.76007000000000E+01
 1.90379170000000E+03   9.12480000000000E+00
 1.90387500000000E+03  -3.96650000000000E+00
 1.90395830000000E+03  -2.88600000000000E-01
 1.90404170000000E+03   6.31230000000000E+00
 1.90412500000000E+03   3.22090000000000E+00
 1.90420830000000E+03  -1.22553000000000E+01
 1.90429170000000E+03  -1.08085000000000E+01
 1.90437500000000E+03  -1.25924000000000E+01
 1.90445830000000E+03  -1.66842000000000E+01
 1.90454170000000E+03  -1.11606000000000E+01
 1.90462500000000E+03  -9.40630000000000E+00
 1.90470830000000E+03  -2.11906000000000E+01
 1.90479170000000E+03  -1.16672000000000E+01
 1.90487500000000E+03  -1.16055000000000E+01
 1.90495830000000E+03  -5.08220000000000E+00
 1.90504170000000E+03   9.79400000000000E-01
 1.90512500000000E+03   4.73330000000000E+00
 1.90520830000000E+03   9.41010000000000E+00
 1.90529170000000E+03   2.03946000000000E+01
 1.90537500000000E+03   1.60714000000000E+01
 1.90545830000000E+03   1.48250000000000E+01
 1.90554170000000E+03   1.34247000000000E+01
 1.90562500000000E+03   6.87040000000000E+00
 1.90570830000000E+03   1.47777000000000E+01
 1.90579170000000E+03   2.13772000000000E+01
 1.90587500000000E+03   1.59766000000000E+01
 1.90595830000000E+03   2.38836000000000E+01
 1.90604170000000E+03   3.04829000000000E+01
 1.90612500000000E+03   3.00821000000000E+01
 1.90620830000000E+03   2.56044000000000E+01
 1.90629170000000E+03   1.77419000000000E+01
 1.90637500000000E+03   1.81101000000000E+01
 1.90645830000000E+03   2.11706000000000E+01
 1.90654170000000E+03   1.34618000000000E+01
 1.90662500000000E+03   4.36830000000000E+00
 1.90670830000000E+03   2.65940000000000E+00
 1.90679170000000E+03  -7.43430000000000E+00
 1.90687500000000E+03  -5.06640000000000E+00
 1.90695830000000E+03  -1.00630000000000E+00
 1.90704170000000E+03  -3.31000000000000E-01
 1.90712500000000E+03   2.72900000000000E+00
 1.90720830000000E+03  -1.51880000000000E+00
 1.90729170000000E+03   1.77180000000000E+00
 1.90737500000000E+03   6.00700000000000E-01
 1.90745830000000E+03  -7.72420000000000E+00
 1.90754170000000E+03  -8.81840000000000E+00
 1.90762500000000E+03  -3.91270000000000E+00
 1.90770830000000E+03  -1.28533000000000E+01
 1.90779170000000E+03  -1.55631000000000E+01
 1.90787500000000E+03  -1.81191000000000E+01
 1.90795830000000E+03  -1.89060000000000E+01
 1.90804170000000E+03  -1.91545000000000E+01
 1.90812500000000E+03  -1.42492000000000E+01
 1.90820830000000E+03  -2.29594000000000E+01
 1.90829170000000E+03  -2.60542000000000E+01
 1.90837500000000E+03  -2.63030000000000E+01
 1.90845830000000E+03  -2.40902000000000E+01
 1.90854170000000E+03  -2.42622000000000E+01
 1.90862500000000E+03  -3.09727000000000E+01
 1.90870830000000E+03  -4.12987000000000E+01
 1.90879170000000E+03  -3.66247000000000E+01
 1.90887500000000E+03  -3.91815000000000E+01
 1.90895830000000E+03  -3.66615000000000E+01
 1.90904170000000E+03  -2.51416000000000E+01
 1.90912500000000E+03  -1.66986000000000E+01
 1.90920830000000E+03  -2.24865000000000E+01
 1.90929170000000E+03  -1.40437000000000E+01
 1.90937500000000E+03  -4.67790000000000E+00
 1.90945830000000E+03  -5.54290000000000E+00
 1.90954170000000E+03   6.59200000000000E+00
 1.90962500000000E+03   9.34220000000000E+00
 1.90970830000000E+03   5.63090000000000E+00
 1.90979170000000E+03   8.53480000000000E+00
 1.90987500000000E+03   1.13618000000000E+01
 1.90995830000000E+03   2.11887000000000E+01
 1.91004170000000E+03   2.99386000000000E+01
 1.91012500000000E+03   2.32269000000000E+01
 1.91020830000000E+03   2.05151000000000E+01
 1.91029170000000E+03   2.09571000000000E+01
 1.91037500000000E+03   1.80913000000000E+01
 1.91045830000000E+03   1.29178000000000E+01
 1.91054170000000E+03   7.74420000000000E+00
 1.91062500000000E+03   1.26290000000000E+00
 1.91070830000000E+03  -5.14160000000000E+00
 1.91079170000000E+03   5.45380000000000E+00
 1.91087500000000E+03   7.04920000000000E+00
 1.91095830000000E+03   7.56760000000000E+00
 1.91104170000000E+03   8.85520000000000E+00
 1.91112500000000E+03   8.21960000000000E+00
 1.91120830000000E+03   1.77378000000000E+01
 1.91129170000000E+03   1.51790000000000E+01
 1.91137500000000E+03   2.20816000000000E+01
 1.91145830000000E+03   2.05227000000000E+01
 1.91154170000000E+03   1.41945000000000E+01
 1.91162500000000E+03   2.08662000000000E+01
 1.91170830000000E+03   1.23070000000000E+01
 1.91179170000000E+03   1.16709000000000E+01
 1.91187500000000E+03   8.72700000000000E+00
 1.91195830000000E+03   1.27061000000000E+01
 1.91204170000000E+03   1.56852000000000E+01
 1.91212500000000E+03   2.15872000000000E+01
 1.91220830000000E+03   2.09508000000000E+01
 1.91229170000000E+03   1.50835000000000E+01
 1.91237500000000E+03   2.26007000000000E+01
 1.91245830000000E+03   2.89641000000000E+01
 1.91254170000000E+03   2.40965000000000E+01
 1.91262500000000E+03   2.33828000000000E+01
 1.91270830000000E+03   2.28229000000000E+01
 1.91279170000000E+03   2.41859000000000E+01
 1.91287500000000E+03   2.50874000000000E+01
 1.91295830000000E+03   2.49119000000000E+01
 1.91304170000000E+03   2.71978000000000E+01
 1.91312500000000E+03   3.20221000000000E+01
 1.91320830000000E+03   2.46925000000000E+01
 1.91329170000000E+03   2.75937000000000E+01
 1.91337500000000E+03   4.21101000000000E+01
 1.91345830000000E+03   4.97034000000000E+01
 1.91354170000000E+03   4.06812000000000E+01
 1.91362500000000E+03   4.89667000000000E+01
 1.91370830000000E+03   5.40983000000000E+01
 1.91379170000000E+03   4.68451000000000E+01
 1.91387500000000E+03   4.55150000000000E+01
 1.91395830000000E+03   4.96464000000000E+01
 1.91404170000000E+03   5.44699000000000E+01
 1.91412500000000E+03   5.44473000000000E+01
 1.91420830000000E+03   6.01169000000000E+01
 1.91429170000000E+03   6.37095000000000E+01
 1.91437500000000E+03   6.33021000000000E+01
 1.91445830000000E+03   5.53561000000000E+01
 1.91454170000000E+03   4.31024000000000E+01
 1.91462500000000E+03   3.40794000000000E+01
 1.91470830000000E+03   2.62101000000000E+01
 1.91479170000000E+03   1.90331000000000E+01
 1.91487500000000E+03   1.50099000000000E+01
 1.91495830000000E+03   1.57558000000000E+01
 1.91504170000000E+03   1.81939000000000E+01
 1.91512500000000E+03   1.75551000000000E+01
 1.91520830000000E+03   1.43009000000000E+01
 1.91529170000000E+03   8.15700000000000E-01
 1.91537500000000E+03   2.79210000000000E+00
 1.91545830000000E+03  -1.46240000000000E+00
 1.91554170000000E+03   2.97540000000000E+00
 1.91562500000000E+03  -9.71500000000000E-01
 1.91570830000000E+03   6.20000000000000E-01
 1.91579170000000E+03  -1.03271000000000E+01
 1.91587500000000E+03  -9.12040000000000E+00
 1.91595830000000E+03  -2.91370000000000E+00
 1.91604170000000E+03  -8.61000000000000E-01
 1.91612500000000E+03   3.03790000000000E+00
 1.91620830000000E+03   6.29000000000000E-01
 1.91629170000000E+03   1.17584000000000E+01
 1.91637500000000E+03   2.21955000000000E+01
 1.91645830000000E+03   2.22479000000000E+01
 1.91654170000000E+03   1.83772000000000E+01
 1.91662500000000E+03  -1.49360000000000E+00
 1.91670830000000E+03  -5.97990000000000E+00
 1.91679170000000E+03  -1.01585000000000E+01
 1.91687500000000E+03  -8.02950000000000E+00
 1.91695830000000E+03  -7.36210000000000E+00
 1.91704170000000E+03  -5.84860000000000E+00
 1.91712500000000E+03  -6.95060000000000E+00
 1.91720830000000E+03  -6.28340000000000E+00
 1.91729170000000E+03  -5.38550000000000E+00
 1.91737500000000E+03  -7.18000000000000E+00
 1.91745830000000E+03  -1.19746000000000E+01
 1.91754170000000E+03  -1.23077000000000E+01
 1.91762500000000E+03  -1.18716000000000E+01
 1.91770830000000E+03  -2.23586000000000E+01
 1.91779170000000E+03  -2.69227000000000E+01
 1.91787500000000E+03  -2.98714000000000E+01
 1.91795830000000E+03  -1.89740000000000E+01
 1.91804170000000E+03  -1.39999000000000E+01
 1.91812500000000E+03  -1.01796000000000E+01
 1.91820830000000E+03  -8.20900000000000E-01
 1.91829170000000E+03  -4.61610000000000E+00
 1.91837500000000E+03  -5.48830000000000E+00
 1.91845830000000E+03  -1.12067000000000E+01
 1.91854170000000E+03  -2.24637000000000E+01
 1.91862500000000E+03  -2.90284000000000E+01
 1.91870830000000E+03  -3.52855000000000E+01
 1.91879170000000E+03  -3.07735000000000E+01
 1.91887500000000E+03  -3.24153000000000E+01
 1.91895830000000E+03  -2.08265000000000E+01
 1.91904170000000E+03  -2.06223000000000E+01
 1.91912500000000E+03  -1.44951000000000E+01
 1.91920830000000E+03  -1.34449000000000E+01
 1.91929170000000E+03  -2.00102000000000E+01
 1.91937500000000E+03  -2.12678000000000E+01
 1.91945830000000E+03  -2.16024000000000E+01
 1.91954170000000E+03  -1.91679000000000E+01
 1.91962500000000E+03  -8.96420000000000E+00
 1.91970830000000E+03  -9.22210000000000E+00
 1.91979170000000E+03  -4.09550000000000E+00
 1.91987500000000E+03   1.10800000000000E+00
 1.91995830000000E+03   1.38499000000000E+01
 1.92004170000000E+03   1.67456000000000E+01
 1.92012500000000E+03   2.09489000000000E+01
 1.92020830000000E+03   1.58444000000000E+01
 1.92029170000000E+03   5.66290000000000E+00
 1.92037500000000E+03   2.50700000000000E-01
 1.92045830000000E+03  -4.93090000000000E+00
 1.92054170000000E+03   5.57970000000000E+00
 1.92062500000000E+03  -7.67890000000000E+00
 1.92070830000000E+03  -8.55300000000000E+00
 1.92079170000000E+03  -1.31195000000000E+01
 1.92087500000000E+03  -1.69937000000000E+01
 1.92095830000000E+03  -8.25260000000000E+00
 1.92104170000000E+03  -7.43470000000000E+00
 1.92112500000000E+03  -1.09245000000000E+01
 1.92120830000000E+03  -1.09529000000000E+01
 1.92129170000000E+03  -3.44280000000000E+00
 1.92137500000000E+03  -7.79000000000000E-01
 1.92145830000000E+03   1.25771000000000E+01
 1.92154170000000E+03   1.46253000000000E+01
 1.92162500000000E+03   1.75050000000000E+00
 1.92170830000000E+03   7.18330000000000E+00
 1.92179170000000E+03  -2.30100000000000E-01
 1.92187500000000E+03   3.04870000000000E+00
 1.92195830000000E+03   1.11736000000000E+01
 1.92204170000000E+03   1.29907000000000E+01
 1.92212500000000E+03   1.48847000000000E+01
 1.92220830000000E+03   1.66248000000000E+01
 1.92229170000000E+03   1.44417000000000E+01
 1.92237500000000E+03   1.25662000000000E+01
 1.92245830000000E+03   1.92292000000000E+01
 1.92254170000000E+03   1.59690000000000E+01
 1.92262500000000E+03   1.47087000000000E+01
 1.92270830000000E+03   4.06380000000000E+00
 1.92279170000000E+03  -3.50500000000000E-01
 1.92287500000000E+03   1.46600000000000E+00
 1.92295830000000E+03   7.35930000000000E+00
 1.92304170000000E+03   8.86800000000000E+00
 1.92312500000000E+03   9.83810000000000E+00
 1.92320830000000E+03   1.16543000000000E+01
 1.92329170000000E+03   2.37011000000000E+01
 1.92337500000000E+03   2.99787000000000E+01
 1.92345830000000E+03   2.64871000000000E+01
 1.92354170000000E+03   1.73029000000000E+01
 1.92362500000000E+03   1.06573000000000E+01
 1.92370830000000E+03   7.70380000000000E+00
 1.92379170000000E+03   1.14426000000000E+01
 1.92387500000000E+03   1.02583000000000E+01
 1.92395830000000E+03   1.18431000000000E+01
 1.92404170000000E+03   1.38894000000000E+01
 1.92412500000000E+03   1.58587000000000E+01
 1.92420830000000E+03   1.93664000000000E+01
 1.92429170000000E+03   1.74894000000000E+01
 1.92437500000000E+03   3.53540000000000E+00
 1.92445830000000E+03  -2.88020000000000E+00
 1.92454170000000E+03  -2.18900000000000E-01
 1.92462500000000E+03   6.67300000000000E+00
 1.92470830000000E+03   4.88000000000000E-01
 1.92479170000000E+03   1.68750000000000E+00
 1.92487500000000E+03   2.81010000000000E+00
 1.92495830000000E+03   1.27787000000000E+01
 1.92504170000000E+03   1.49780000000000E+01
 1.92512500000000E+03   1.71004000000000E+01
 1.92520830000000E+03   2.19150000000000E+01
 1.92529170000000E+03   2.08064000000000E+01
 1.92537500000000E+03   2.40824000000000E+01
 1.92545830000000E+03   3.40506000000000E+01
 1.92554170000000E+03   3.10187000000000E+01
 1.92562500000000E+03   2.46022000000000E+01
 1.92570830000000E+03   2.04933000000000E+01
 1.92579170000000E+03   2.22305000000000E+01
 1.92587500000000E+03   2.21214000000000E+01
 1.92595830000000E+03   2.95508000000000E+01
 1.92604170000000E+03   3.01339000000000E+01
 1.92612500000000E+03   3.79478000000000E+01
 1.92620830000000E+03   3.76077000000000E+01
 1.92629170000000E+03   3.59598000000000E+01
 1.92637500000000E+03   3.30042000000000E+01
 1.92645830000000E+03   3.08178000000000E+01
 1.92654170000000E+03   2.28621000000000E+01
 1.92662500000000E+03   1.92140000000000E+01
 1.92670830000000E+03   1.55658000000000E+01
 1.92679170000000E+03   2.07637000000000E+01
 1.92687500000000E+03   2.06539000000000E+01
 1.92695830000000E+03   2.74670000000000E+01
 1.92704170000000E+03   3.03570000000000E+01
 1.92712500000000E+03   3.50931000000000E+01
 1.92720830000000E+03   3.48292000000000E+01
 1.92729170000000E+03   3.82574000000000E+01
 1.92737500000000E+03   3.72241000000000E+01
 1.92745830000000E+03   3.04984000000000E+01
 1.92754170000000E+03   2.46188000000000E+01
 1.92762500000000E+03   1.95853000000000E+01
 1.92770830000000E+03   1.18594000000000E+01
 1.92779170000000E+03   1.23642000000000E+01
 1.92787500000000E+03   2.48430000000000E+00
 1.92795830000000E+03   9.98900000000000E+00
 1.92804170000000E+03   1.31089000000000E+01
 1.92812500000000E+03   1.65365000000000E+01
 1.92820830000000E+03   1.30410000000000E+01
 1.92829170000000E+03   1.49300000000000E+01
 1.92837500000000E+03   1.75112000000000E+01
 1.92845830000000E+03   1.48617000000000E+01
 1.92854170000000E+03   1.01351000000000E+01
 1.92862500000000E+03  -3.59160000000000E+00
 1.92870830000000E+03  -7.85670000000000E+00
 1.92879170000000E+03  -9.68100000000000E-01
 1.92887500000000E+03  -4.84880000000000E+00
 1.92895830000000E+03   1.96270000000000E+00
 1.92904170000000E+03   1.54340000000000E+00
 1.92912500000000E+03  -7.22100000000000E-01
 1.92920830000000E+03  -8.33800000000000E-01
 1.92929170000000E+03   6.59280000000000E+00
 1.92937500000000E+03   4.17330000000000E+00
 1.92945830000000E+03  -2.47710000000000E+00
 1.92954170000000E+03  -1.43530000000000E+00
 1.92962500000000E+03  -3.23960000000000E+00
 1.92970830000000E+03   5.57130000000000E+00
 1.92979170000000E+03   3.53600000000000E+00
 1.92987500000000E+03   2.50070000000000E+00
 1.92995830000000E+03   3.46530000000000E+00
 1.93004170000000E+03   7.73750000000000E+00
 1.93012500000000E+03   8.77890000000000E+00
 1.93020830000000E+03   5.82020000000000E+00
 1.93029170000000E+03   9.01520000000000E+00
 1.93037500000000E+03   1.08257000000000E+01
 1.93045830000000E+03   4.02060000000000E+00
 1.93054170000000E+03   5.29240000000000E+00
 1.93062500000000E+03  -6.43580000000000E+00
 1.93070830000000E+03  -1.39490000000000E+00
 1.93079170000000E+03  -2.04640000000000E+00
 1.93087500000000E+03   2.45590000000000E+00
 1.93095830000000E+03   8.34280000000000E+00
 1.93104170000000E+03   2.13064000000000E+01
 1.93112500000000E+03   1.94239000000000E+01
 1.93120830000000E+03   1.93875000000000E+01
 1.93129170000000E+03   3.02741000000000E+01
 1.93137500000000E+03   2.08529000000000E+01
 1.93145830000000E+03   2.13548000000000E+01
 1.93154170000000E+03   3.21642000000000E+01
 1.93162500000000E+03   2.35890000000000E+01
 1.93170830000000E+03   2.57060000000000E+01
 1.93179170000000E+03   2.58230000000000E+01
 1.93187500000000E+03   2.81706000000000E+01
 1.93195830000000E+03   3.15952000000000E+01
 1.93204170000000E+03   3.77888000000000E+01
 1.93212500000000E+03   3.57517000000000E+01
 1.93220830000000E+03   4.28683000000000E+01
 1.93229170000000E+03   4.99848000000000E+01
 1.93237500000000E+03   4.14090000000000E+01
 1.93245830000000E+03   4.26023000000000E+01
 1.93254170000000E+03   2.56417000000000E+01
 1.93262500000000E+03   1.57580000000000E+01
 1.93270830000000E+03   1.08743000000000E+01
 1.93279170000000E+03   1.36058000000000E+01
 1.93287500000000E+03   1.27988000000000E+01
 1.93295830000000E+03   1.76071000000000E+01
 1.93304170000000E+03   1.92615000000000E+01
 1.93312500000000E+03   2.13004000000000E+01
 1.93320830000000E+03   1.78009000000000E+01
 1.93329170000000E+03   1.16858000000000E+01
 1.93337500000000E+03   4.34000000000000E+00
 1.93345830000000E+03   1.60940000000000E+00
 1.93354170000000E+03  -2.12120000000000E+00
 1.93362500000000E+03  -3.13400000000000E-01
 1.93370830000000E+03  -6.35180000000000E+00
 1.93379170000000E+03  -9.62110000000000E+00
 1.93387500000000E+03  -1.31982000000000E+01
 1.93395830000000E+03  -1.38522000000000E+01
 1.93404170000000E+03  -1.19678000000000E+01
 1.93412500000000E+03  -7.85280000000000E+00
 1.93420830000000E+03  -1.16608000000000E+01
 1.93429170000000E+03  -5.16130000000000E+00
 1.93437500000000E+03  -5.96950000000000E+00
 1.93445830000000E+03  -1.04701000000000E+01
 1.93454170000000E+03  -1.25092000000000E+01
 1.93462500000000E+03  -1.93300000000000E+00
 1.93470830000000E+03  -9.20300000000000E+00
 1.93479170000000E+03  -7.78080000000000E+00
 1.93487500000000E+03  -7.97400000000000E+00
 1.93495830000000E+03  -5.47500000000000E+00
 1.93504170000000E+03   7.10080000000000E+00
 1.93512500000000E+03   5.75360000000000E+00
 1.93520830000000E+03   1.19447000000000E+01
 1.93529170000000E+03   2.10588000000000E+01
 1.93537500000000E+03   1.81729000000000E+01
 1.93545830000000E+03   1.67484000000000E+01
 1.93554170000000E+03   2.00931000000000E+01
 1.93562500000000E+03   2.22839000000000E+01
 1.93570830000000E+03   5.47460000000000E+00
 1.93579170000000E+03   1.13575000000000E+01
 1.93587500000000E+03   8.00970000000000E+00
 1.93595830000000E+03   1.58156000000000E+01
 1.93604170000000E+03   2.19291000000000E+01
 1.93612500000000E+03   1.66579000000000E+01
 1.93620830000000E+03   1.60021000000000E+01
 1.93629170000000E+03   1.68846000000000E+01
 1.93637500000000E+03   5.92090000000000E+00
 1.93645830000000E+03   1.11880000000000E+01
 1.93654170000000E+03   4.91650000000000E+00
 1.93662500000000E+03   7.18340000000000E+00
 1.93670830000000E+03   6.04100000000000E-01
 1.93679170000000E+03   2.48620000000000E+00
 1.93687500000000E+03  -3.47790000000000E+00
 1.93695830000000E+03   3.01950000000000E+00
 1.93704170000000E+03   1.15168000000000E+01
 1.93712500000000E+03   9.78330000000000E+00
 1.93720830000000E+03   1.48190000000000E+01
 1.93729170000000E+03   1.40853000000000E+01
 1.93737500000000E+03   9.58240000000000E+00
 1.93745830000000E+03   5.69480000000000E+00
 1.93754170000000E+03   3.96090000000000E+00
 1.93762500000000E+03  -8.49900000000000E-01
 1.93770830000000E+03   4.93100000000000E-01
 1.93779170000000E+03   7.68200000000000E+00
 1.93787500000000E+03   1.19480000000000E+01
 1.93795830000000E+03   2.15984000000000E+01
 1.93804170000000E+03   2.49410000000000E+01
 1.93812500000000E+03   2.14375000000000E+01
 1.93820830000000E+03   2.04724000000000E+01
 1.93829170000000E+03   2.22764000000000E+01
 1.93837500000000E+03   3.34649000000000E+01
 1.93845830000000E+03   2.48073000000000E+01
 1.93854170000000E+03   2.59188000000000E+01
 1.93862500000000E+03   1.86456000000000E+01
 1.93870830000000E+03   2.16031000000000E+01
 1.93879170000000E+03   1.17144000000000E+01
 1.93887500000000E+03   1.36410000000000E+00
 1.93895830000000E+03   2.32140000000000E+00
 1.93904170000000E+03   2.81710000000000E+00
 1.93912500000000E+03   6.97400000000000E-01
 1.93920830000000E+03  -8.83900000000000E-01
 1.93929170000000E+03  -3.08080000000000E+00
 1.93937500000000E+03  -1.42776000000000E+01
 1.93945830000000E+03  -3.27053000000000E+01
 1.93954170000000E+03  -3.65177000000000E+01
 1.93962500000000E+03  -4.30224000000000E+01
 1.93970830000000E+03  -4.96811000000000E+01
 1.93979170000000E+03  -5.53399000000000E+01
 1.93987500000000E+03  -5.75371000000000E+01
 1.93995830000000E+03  -5.26575000000000E+01
 1.94004170000000E+03  -5.07011000000000E+01
 1.94012500000000E+03  -4.85909000000000E+01
 1.94020830000000E+03  -4.00961000000000E+01
 1.94029170000000E+03  -4.16014000000000E+01
 1.94037500000000E+03  -3.21068000000000E+01
 1.94045830000000E+03  -3.29199000000000E+01
 1.94054170000000E+03  -3.21946000000000E+01
 1.94062500000000E+03  -3.27002000000000E+01
 1.94070830000000E+03  -3.45904000000000E+01
 1.94079170000000E+03  -4.32500000000000E+01
 1.94087500000000E+03  -3.86788000000000E+01
 1.94095830000000E+03  -3.62616000000000E+01
 1.94104170000000E+03  -3.07675000000000E+01
 1.94112500000000E+03  -2.80427000000000E+01
 1.94120830000000E+03  -3.52410000000000E+01
 1.94129170000000E+03  -3.65933000000000E+01
 1.94137500000000E+03  -4.22533000000000E+01
 1.94145830000000E+03  -3.76057000000000E+01
 1.94154170000000E+03  -5.34966000000000E+01
 1.94162500000000E+03  -5.74645000000000E+01
 1.94170830000000E+03  -6.68940000000000E+01
 1.94179170000000E+03  -7.13236000000000E+01
 1.94187500000000E+03  -6.35225000000000E+01
 1.94195830000000E+03  -6.02599000000000E+01
 1.94204170000000E+03  -5.60743000000000E+01
 1.94212500000000E+03  -5.86580000000000E+01
 1.94220830000000E+03  -5.66264000000000E+01
 1.94229170000000E+03  -3.96718000000000E+01
 1.94237500000000E+03  -3.59480000000000E+01
 1.94245830000000E+03  -2.10704000000000E+01
 1.94254170000000E+03  -3.35006000000000E+01
 1.94262500000000E+03  -1.21616000000000E+01
 1.94270830000000E+03  -6.74580000000000E+00
 1.94279170000000E+03   1.45161000000000E+01
 1.94287500000000E+03   2.36241000000000E+01
 1.94295830000000E+03   3.06552000000000E+01
 1.94304170000000E+03   3.77630000000000E+01
 1.94312500000000E+03   4.34093000000000E+01
 1.94320830000000E+03   5.02862000000000E+01
 1.94329170000000E+03   4.79323000000000E+01
 1.94337500000000E+03   3.51169000000000E+01
 1.94345830000000E+03   2.37629000000000E+01
 1.94354170000000E+03   2.31780000000000E+01
 1.94362500000000E+03   2.06700000000000E+01
 1.94370830000000E+03   1.53158000000000E+01
 1.94379170000000E+03   1.45769000000000E+01
 1.94387500000000E+03   4.91490000000000E+00
 1.94395830000000E+03   7.63740000000000E+00
 1.94404170000000E+03   7.89830000000000E+00
 1.94412500000000E+03   6.23610000000000E+00
 1.94420830000000E+03   1.26610000000000E+00
 1.94429170000000E+03  -3.62710000000000E+00
 1.94437500000000E+03   8.64400000000000E-01
 1.94445830000000E+03  -2.41350000000000E+00
 1.94454170000000E+03  -6.76840000000000E+00
 1.94462500000000E+03  -1.54311000000000E+01
 1.94470830000000E+03  -1.56322000000000E+01
 1.94479170000000E+03  -1.32950000000000E+01
 1.94487500000000E+03  -8.88090000000000E+00
 1.94495830000000E+03  -1.08230000000000E+00
 1.94504170000000E+03   7.02390000000000E+00
 1.94512500000000E+03   1.35148000000000E+01
 1.94520830000000E+03   1.28517000000000E+01
 1.94529170000000E+03   1.77269000000000E+01
 1.94537500000000E+03   2.57560000000000E+01
 1.94545830000000E+03   2.64773000000000E+01
 1.94554170000000E+03   3.18139000000000E+01
 1.94562500000000E+03   4.77658000000000E+01
 1.94570830000000E+03   4.57947000000000E+01
 1.94579170000000E+03   4.75156000000000E+01
 1.94587500000000E+03   4.40059000000000E+01
 1.94595830000000E+03   5.06499000000000E+01
 1.94604170000000E+03   4.93706000000000E+01
 1.94612500000000E+03   4.97068000000000E+01
 1.94620830000000E+03   5.23506000000000E+01
 1.94629170000000E+03   5.32250000000000E+01
 1.94637500000000E+03   4.60995000000000E+01
 1.94645830000000E+03   3.22046000000000E+01
 1.94654170000000E+03   1.50788000000000E+01
 1.94662500000000E+03  -2.58540000000000E+00
 1.94670830000000E+03  -1.70189000000000E+01
 1.94679170000000E+03  -2.03757000000000E+01
 1.94687500000000E+03  -3.26555000000000E+01
 1.94695830000000E+03  -3.27046000000000E+01
 1.94704170000000E+03  -3.86000000000000E+01
 1.94712500000000E+03  -4.54954000000000E+01
 1.94720830000000E+03  -4.54678000000000E+01
 1.94729170000000E+03  -5.38250000000000E+01
 1.94737500000000E+03  -4.30283000000000E+01
 1.94745830000000E+03  -3.57701000000000E+01
 1.94754170000000E+03  -2.66659000000000E+01
 1.94762500000000E+03  -2.31771000000000E+01
 1.94770830000000E+03  -1.13038000000000E+01
 1.94779170000000E+03  -1.25075000000000E+01
 1.94787500000000E+03  -1.15573000000000E+01
 1.94795830000000E+03   2.23890000000000E+00
 1.94804170000000E+03   8.49650000000000E+00
 1.94812500000000E+03   1.57542000000000E+01
 1.94820830000000E+03   2.95502000000000E+01
 1.94829170000000E+03   3.24999000000000E+01
 1.94837500000000E+03   3.76804000000000E+01
 1.94845830000000E+03   2.94763000000000E+01
 1.94854170000000E+03   3.14258000000000E+01
 1.94862500000000E+03   3.49138000000000E+01
 1.94870830000000E+03   2.97094000000000E+01
 1.94879170000000E+03   3.44280000000000E+01
 1.94887500000000E+03   3.41465000000000E+01
 1.94895830000000E+03   4.04804000000000E+01
 1.94904170000000E+03   4.18142000000000E+01
 1.94912500000000E+03   4.46095000000000E+01
 1.94920830000000E+03   4.03278000000000E+01
 1.94929170000000E+03   3.70459000000000E+01
 1.94937500000000E+03   3.23025000000000E+01
 1.94945830000000E+03   4.00206000000000E+01
 1.94954170000000E+03   3.51232000000000E+01
 1.94962500000000E+03   3.16104000000000E+01
 1.94970830000000E+03   1.95591000000000E+01
 1.94979170000000E+03   2.73537000000000E+01
 1.94987500000000E+03   1.70715000000000E+01
 1.94995830000000E+03   2.40969000000000E+01
 1.95004170000000E+03   2.88144000000000E+01
 1.95012500000000E+03   2.86858000000000E+01
 1.95020830000000E+03   3.54802000000000E+01
 1.95029170000000E+03   4.18899000000000E+01
 1.95037500000000E+03   4.22226000000000E+01
 1.95045830000000E+03   3.68630000000000E+01
 1.95054170000000E+03   2.00417000000000E+01
 1.95062500000000E+03   1.09896000000000E+01
 1.95070830000000E+03   2.32210000000000E+00
 1.95079170000000E+03  -6.53300000000000E-01
 1.95087500000000E+03  -6.78250000000000E+00
 1.95095830000000E+03  -2.98870000000000E+00
 1.95104170000000E+03  -3.19500000000000E+00
 1.95112500000000E+03  -8.40130000000000E+00
 1.95120830000000E+03  -6.37700000000000E+00
 1.95129170000000E+03  -2.42758000000000E+01
 1.95137500000000E+03  -2.75592000000000E+01
 1.95145830000000E+03  -2.23812000000000E+01
 1.95154170000000E+03  -1.56649000000000E+01
 1.95162500000000E+03  -1.28716000000000E+01
 1.95170830000000E+03  -1.10784000000000E+01
 1.95179170000000E+03  -1.43623000000000E+01
 1.95187500000000E+03  -9.41540000000000E+00
 1.95195830000000E+03   1.30070000000000E+00
 1.95204170000000E+03   6.32430000000000E+00
 1.95212500000000E+03   1.08864000000000E+01
 1.95220830000000E+03   1.59100000000000E+01
 1.95229170000000E+03   2.04719000000000E+01
 1.95237500000000E+03   2.94184000000000E+01
 1.95245830000000E+03   2.26725000000000E+01
 1.95254170000000E+03   1.02342000000000E+01
 1.95262500000000E+03   4.41130000000000E+00
 1.95270830000000E+03  -3.71940000000000E+00
 1.95279170000000E+03  -7.73300000000000E-01
 1.95287500000000E+03   4.01900000000000E+00
 1.95295830000000E+03   4.81120000000000E+00
 1.95304170000000E+03   7.83400000000000E+00
 1.95312500000000E+03   1.38568000000000E+01
 1.95320830000000E+03   1.54180000000000E+01
 1.95329170000000E+03   1.59791000000000E+01
 1.95337500000000E+03   1.25402000000000E+01
 1.95345830000000E+03   1.27166000000000E+01
 1.95354170000000E+03   1.68160000000000E+01
 1.95362500000000E+03   2.53070000000000E+00
 1.95370830000000E+03  -8.29310000000000E+00
 1.95379170000000E+03  -1.28093000000000E+01
 1.95387500000000E+03  -1.84794000000000E+01
 1.95395830000000E+03  -1.93034000000000E+01
 1.95404170000000E+03  -1.27430000000000E+01
 1.95412500000000E+03  -1.36440000000000E+01
 1.95420830000000E+03  -1.11605000000000E+01
 1.95429170000000E+03  -1.06772000000000E+01
 1.95437500000000E+03  -1.56554000000000E+01
 1.95445830000000E+03  -1.03259000000000E+01
 1.95454170000000E+03  -1.29197000000000E+01
 1.95462500000000E+03  -1.77442000000000E+01
 1.95470830000000E+03  -1.02611000000000E+01
 1.95479170000000E+03  -6.62430000000000E+00
 1.95487500000000E+03   6.27800000000000E-01
 1.95495830000000E+03   7.72610000000000E+00
 1.95504170000000E+03   1.25165000000000E+01
 1.95512500000000E+03   8.07620000000000E+00
 1.95520830000000E+03   1.18666000000000E+01
 1.95529170000000E+03   1.14261000000000E+01
 1.95537500000000E+03   1.16009000000000E+01
 1.95545830000000E+03   2.50834000000000E+01
 1.95554170000000E+03   1.91042000000000E+01
 1.95562500000000E+03   2.05865000000000E+01
 1.95570830000000E+03   1.63765000000000E+01
 1.95579170000000E+03   1.26279000000000E+01
 1.95587500000000E+03   1.11100000000000E+01
 1.95595830000000E+03   1.25152000000000E+01
 1.95704170000000E+03   1.67757000000000E+01
 1.95712500000000E+03   1.83338000000000E+01
 1.95720830000000E+03   2.66610000000000E+01
 1.95729170000000E+03   2.90650000000000E+01
 1.95737500000000E+03   2.67767000000000E+01
 1.95745830000000E+03   2.85653000000000E+01
 1.95754170000000E+03   1.28921000000000E+01
 1.95762500000000E+03   1.43729000000000E+01
 1.95770830000000E+03   5.31510000000000E+00
 1.95779170000000E+03   5.25710000000000E+00
 1.95787500000000E+03   1.07377000000000E+01
 1.95795830000000E+03   1.64489000000000E+01
 1.95804170000000E+03   2.30831000000000E+01
 1.95812500000000E+03   2.67942000000000E+01
 1.95820830000000E+03   2.57360000000000E+01
 1.95829170000000E+03   2.60622000000000E+01
 1.95837500000000E+03   1.23885000000000E+01
 1.95845830000000E+03   1.52532000000000E+01
 1.95854170000000E+03   9.50240000000000E+00
 1.95862500000000E+03   6.13610000000000E+00
 1.95870830000000E+03  -5.92250000000000E+00
 1.95879170000000E+03  -2.13510000000000E+00
 1.95887500000000E+03  -6.04000000000000E+00
 1.95895830000000E+03  -4.83400000000000E-01
 1.95904170000000E+03   4.61150000000000E+00
 1.95912500000000E+03   4.16800000000000E+00
 1.95920830000000E+03   2.57050000000000E+00
 1.95929170000000E+03   2.51130000000000E+00
 1.95937500000000E+03  -1.10093000000000E+01
 1.95945830000000E+03  -1.01455000000000E+01
 1.95954170000000E+03  -1.91279000000000E+01
 1.95962500000000E+03  -3.44180000000000E+01
 1.95970830000000E+03  -4.24774000000000E+01
 1.95979170000000E+03  -4.59216000000000E+01
 1.95987500000000E+03  -5.15965000000000E+01
 1.95995830000000E+03  -4.34254000000000E+01
 1.96004170000000E+03  -4.30236000000000E+01
 1.96012500000000E+03  -3.84679000000000E+01
 1.96020830000000E+03  -3.79893000000000E+01
 1.96029170000000E+03  -3.82800000000000E+01
 1.96037500000000E+03  -3.56477000000000E+01
 1.96045830000000E+03  -2.84000000000000E+01
 1.96054170000000E+03  -3.26140000000000E+01
 1.96062500000000E+03  -3.23665000000000E+01
 1.96070830000000E+03  -1.46574000000000E+01
 1.96079170000000E+03  -5.48700000000000E+00
 1.96087500000000E+03   8.37570000000000E+00
 1.96095830000000E+03   2.33922000000000E+01
 1.96104170000000E+03   3.07932000000000E+01
 1.96112500000000E+03   3.88095000000000E+01
 1.96120830000000E+03   3.82874000000000E+01
 1.96129170000000E+03   4.00728000000000E+01
 1.96137500000000E+03   4.50120000000000E+01
 1.96145830000000E+03   4.56435000000000E+01
 1.96154170000000E+03   5.14287000000000E+01
 1.96162500000000E+03   5.95216000000000E+01
 1.96170830000000E+03   5.21529000000000E+01
 1.96179170000000E+03   3.67840000000000E+01
 1.96187500000000E+03   3.34921000000000E+01
 1.96195830000000E+03   2.72770000000000E+01
 1.96204170000000E+03   2.25233000000000E+01
 1.96212500000000E+03   2.50004000000000E+01
 1.96220830000000E+03   2.21697000000000E+01
 1.96229170000000E+03   2.07236000000000E+01
 1.96237500000000E+03   1.52005000000000E+01
 1.96245830000000E+03   7.36960000000000E+00
 1.96254170000000E+03   1.00000000000000E-04
 1.96262500000000E+03  -2.06770000000000E+01
 1.96270830000000E+03  -3.48927000000000E+01
 1.96279170000000E+03  -3.38008000000000E+01
 1.96287500000000E+03  -2.68628000000000E+01
 1.96295830000000E+03  -2.03864000000000E+01
 1.96304170000000E+03  -1.66024000000000E+01
 1.96329170000000E+03  -1.17892000000000E+01
 1.96337500000000E+03  -9.08230000000000E+00
 1.96345830000000E+03  -1.09140000000000E+01
 1.96354170000000E+03  -1.75920000000000E+01
 1.96362500000000E+03  -1.62699000000000E+01
 1.96370830000000E+03  -2.59479000000000E+01
 1.96379170000000E+03  -3.25492000000000E+01
 1.96387500000000E+03  -2.50735000000000E+01
 1.96395830000000E+03  -1.33671000000000E+01
 1.96404170000000E+03  -7.27620000000000E+00
 1.96412500000000E+03  -2.95460000000000E+00
 1.96420830000000E+03   2.13620000000000E+00
 1.96429170000000E+03  -1.46550000000000E+00
 1.96437500000000E+03   6.25200000000000E-01
 1.96445830000000E+03  -8.74570000000000E+00
 1.96454170000000E+03  -1.15014000000000E+01
 1.96462500000000E+03  -1.04110000000000E+01
 1.96470830000000E+03  -1.86283000000000E+01
 1.96479170000000E+03  -1.83842000000000E+01
 1.96487500000000E+03  -1.88324000000000E+01
 1.96495830000000E+03  -1.52037000000000E+01
 1.96504170000000E+03  -1.17290000000000E+01
 1.96512500000000E+03  -1.17159000000000E+01
 1.96520830000000E+03  -9.85670000000000E+00
 1.96529170000000E+03  -1.19207000000000E+01
 1.96537500000000E+03  -2.83080000000000E+00
 1.96545830000000E+03  -7.12560000000000E+00
 1.96554170000000E+03  -1.41898000000000E+01
 1.96562500000000E+03  -1.26386000000000E+01
 1.96570830000000E+03  -1.41644000000000E+01
 1.96579170000000E+03  -1.40750000000000E+01
 1.96587500000000E+03  -1.22932000000000E+01
 1.96595830000000E+03   1.33470000000000E+00
 1.96604170000000E+03   1.05777000000000E+01
 1.96612500000000E+03   1.01285000000000E+01
 1.96620830000000E+03   2.07562000000000E+01
 1.96629170000000E+03   2.07683000000000E+01
 1.96637500000000E+03   1.67804000000000E+01
 1.96645830000000E+03   1.41002000000000E+01
 1.96654170000000E+03   5.34290000000000E+00
 1.96662500000000E+03   1.38163000000000E+01
 1.96670830000000E+03   2.35974000000000E+01
 1.96679170000000E+03   2.28399000000000E+01
 1.96687500000000E+03   2.80824000000000E+01
 1.96695830000000E+03   3.60941000000000E+01
 1.96704170000000E+03   3.47979000000000E+01
 1.96712500000000E+03   3.31940000000000E+01
 1.96720830000000E+03   3.77440000000000E+01
 1.96729170000000E+03   4.30630000000000E+01
 1.96737500000000E+03   4.35358000000000E+01
 1.96745830000000E+03   5.55471000000000E+01
 1.96754170000000E+03   5.64813000000000E+01
 1.96762500000000E+03   5.64924000000000E+01
 1.96770830000000E+03   5.65034000000000E+01
 1.96779170000000E+03   3.71297000000000E+01
 1.96787500000000E+03   3.43714000000000E+01
 1.96795830000000E+03   3.40746000000000E+01
 1.96804170000000E+03   3.05468000000000E+01
 1.96812500000000E+03   2.63268000000000E+01
 1.96820830000000E+03   2.11067000000000E+01
 1.96829170000000E+03   2.04248000000000E+01
 1.96837500000000E+03   9.12770000000000E+00
 1.96845830000000E+03   2.59970000000000E+00
 1.96854170000000E+03  -1.59285000000000E+01
 1.96862500000000E+03  -2.59182000000000E+01
 1.96870830000000E+03  -3.08310000000000E+01
 1.96879170000000E+03  -4.10517000000000E+01
 1.96887500000000E+03  -4.23493000000000E+01
 1.96895830000000E+03  -3.95700000000000E+01
 1.96904170000000E+03  -3.51755000000000E+01
 1.96912500000000E+03  -3.00117000000000E+01
 1.96920830000000E+03  -2.43096000000000E+01
 1.96929170000000E+03  -1.57614000000000E+01
 1.96937500000000E+03  -6.44400000000000E+00
 1.96945830000000E+03  -1.62805000000000E+01
 1.96954170000000E+03  -2.19633000000000E+01
 1.96962500000000E+03  -1.87231000000000E+01
 1.96970830000000E+03  -2.43290000000000E+01
 1.96979170000000E+03  -2.05505000000000E+01
 1.96987500000000E+03  -6.61810000000000E+00
 1.97004170000000E+03   2.09250000000000E+00
 1.97020830000000E+03   9.57220000000000E+00
 1.97029170000000E+03   1.51196000000000E+01
 1.97037500000000E+03   1.84361000000000E+01
 1.97045830000000E+03   1.82911000000000E+01
 1.97054170000000E+03   9.76140000000000E+00
 1.97062500000000E+03  -2.92220000000000E+00
 1.97070830000000E+03  -1.37520000000000E+00
 1.97079170000000E+03   4.40260000000000E+00
 1.97087500000000E+03   3.71880000000000E+00
 1.97095830000000E+03   1.40349000000000E+01
 1.97104170000000E+03   1.92739000000000E+01
 1.97112500000000E+03   1.51284000000000E+01
 1.97120830000000E+03   1.56751000000000E+01
 1.97129170000000E+03   1.91447000000000E+01
 1.97137500000000E+03   2.16143000000000E+01
 1.97145830000000E+03   2.55454000000000E+01
 1.97154170000000E+03   9.63020000000000E+00
 1.97162500000000E+03  -1.97730000000000E+00
 1.97170830000000E+03  -1.37387000000000E+01
 1.97179170000000E+03  -1.39618000000000E+01
 1.97187500000000E+03  -1.81079000000000E+01
 1.97195830000000E+03  -1.49465000000000E+01
 1.97204170000000E+03  -1.78621000000000E+01
 1.97212500000000E+03  -1.86238000000000E+01
 1.97220830000000E+03  -1.86933000000000E+01
 1.97229170000000E+03  -1.62245000000000E+01
 1.97237500000000E+03  -1.24480000000000E+01
 1.97245830000000E+03  -2.25946000000000E+01
 1.97254170000000E+03  -3.72029000000000E+01
 1.97262500000000E+03  -2.31958000000000E+01
 1.97270830000000E+03  -1.72657000000000E+01
 1.97279170000000E+03  -1.17204000000000E+01
 1.97287500000000E+03  -1.47135000000000E+01
 1.97295830000000E+03  -1.00144000000000E+01
 1.97304170000000E+03  -2.85390000000000E+00
 1.97312500000000E+03  -5.39500000000000E-01
 1.97320830000000E+03   3.54400000000000E+00
 1.97329170000000E+03   3.78130000000000E+00
 1.97337500000000E+03   1.39416000000000E+01
 1.97345830000000E+03   7.56340000000000E+00
 1.97354170000000E+03   7.64660000000000E+00
 1.97362500000000E+03   9.88360000000000E+00
 1.97370830000000E+03  -7.64860000000000E+00
 1.97379170000000E+03  -1.41041000000000E+01
 1.97387500000000E+03  -1.87134000000000E+01
 1.97395830000000E+03  -1.20151000000000E+01
 1.97404170000000E+03  -4.00930000000000E+00
 1.97412500000000E+03  -8.61880000000000E+00
 1.97420830000000E+03  -4.92070000000000E+00
 1.97429170000000E+03  -3.91500000000000E+00
 1.97437500000000E+03  -4.67860000000000E+00
 1.97445830000000E+03  -5.05760000000000E+00
 1.97454170000000E+03  -1.51360000000000E+00
 1.97462500000000E+03  -6.73890000000000E+00
 1.97470830000000E+03  -6.88740000000000E+00
 1.97479170000000E+03  -3.88210000000000E+00
 1.97487500000000E+03  -2.49230000000000E+00
 1.97495830000000E+03   1.43600000000000E+00
 1.97504170000000E+03   2.82570000000000E+00
 1.97512500000000E+03  -4.70770000000000E+00
 1.97520830000000E+03  -2.08730000000000E+00
 1.97529170000000E+03  -2.39020000000000E+00
 1.97537500000000E+03  -8.30840000000000E+00
 1.97545830000000E+03  -2.26700000000000E-01
 1.97554170000000E+03  -6.52970000000000E+00
 1.97562500000000E+03  -2.68327000000000E+01
 1.97570830000000E+03  -3.04435000000000E+01
 1.97579170000000E+03  -3.75160000000000E+01
 1.97587500000000E+03  -3.65115000000000E+01
 1.97595830000000E+03  -3.01994000000000E+01
 1.97604170000000E+03  -2.81952000000000E+01
 1.97612500000000E+03  -3.34986000000000E+01
 1.97620830000000E+03  -3.57252000000000E+01
 1.97629170000000E+03  -4.20289000000000E+01
 1.97637500000000E+03  -4.41787000000000E+01
 1.97645830000000E+03  -4.21747000000000E+01
 1.97654170000000E+03  -5.83247000000000E+01
 1.97662500000000E+03  -7.22439000000000E+01
 1.97670830000000E+03  -6.88555000000000E+01
 1.97679170000000E+03  -6.71595000000000E+01
 1.97687500000000E+03  -6.99251000000000E+01
 1.97695830000000E+03  -6.29215000000000E+01
 1.97704170000000E+03  -5.78412000000000E+01
 1.97712500000000E+03  -5.92223000000000E+01
 1.97720830000000E+03  -5.28343000000000E+01
 1.97729170000000E+03  -4.62926000000000E+01
 1.97737500000000E+03  -3.27509000000000E+01
 1.97745830000000E+03  -3.59785000000000E+01
 1.97754170000000E+03  -3.81293000000000E+01
 1.97762500000000E+03  -4.13571000000000E+01
 1.97770830000000E+03  -3.97387000000000E+01
 1.97779170000000E+03  -4.73512000000000E+01
 1.97787500000000E+03  -5.20407000000000E+01
 1.97795830000000E+03  -4.08841000000000E+01
 1.97804170000000E+03  -4.08045000000000E+01
 1.97812500000000E+03  -4.15711000000000E+01
 1.97820830000000E+03  -2.89532000000000E+01
 1.97829170000000E+03  -2.85661000000000E+01
 1.97837500000000E+03  -2.44867000000000E+01
 1.97845830000000E+03  -3.37921000000000E+01
 1.97854170000000E+03  -3.74052000000000E+01
 1.97862500000000E+03  -4.26338000000000E+01
 1.97870830000000E+03  -4.36316000000000E+01
 1.97879170000000E+03  -5.23988000000000E+01
 1.97887500000000E+03  -4.76275000000000E+01
 1.97895830000000E+03  -4.29332000000000E+01
 1.97904170000000E+03  -3.90853000000000E+01
 1.97912500000000E+03  -3.16219000000000E+01
 1.97920830000000E+03  -2.48509000000000E+01
 1.97929170000000E+03  -3.84647000000000E+01
 1.97937500000000E+03  -3.85399000000000E+01
 1.97945830000000E+03  -4.03076000000000E+01
 1.97954170000000E+03  -5.06908000000000E+01
 1.97962500000000E+03  -5.80740000000000E+01
 1.97970830000000E+03  -6.43803000000000E+01
 1.97979170000000E+03  -5.75329000000000E+01
 1.97987500000000E+03  -5.49933000000000E+01
 1.97995830000000E+03  -4.75305000000000E+01
 1.98004170000000E+03  -4.26834000000000E+01
 1.98012500000000E+03  -4.47593000000000E+01
 1.98020830000000E+03  -4.79891000000000E+01
 1.98029170000000E+03  -4.90652000000000E+01
 1.98037500000000E+03  -4.08336000000000E+01
 1.98045830000000E+03  -3.72944000000000E+01
 1.98054170000000E+03  -4.38322000000000E+01
 1.98062500000000E+03  -3.57547000000000E+01
 1.98070830000000E+03  -2.70618000000000E+01
 1.98079170000000E+03  -2.56768000000000E+01
 1.98087500000000E+03  -2.85225000000000E+01
 1.98095830000000E+03  -1.87529000000000E+01
 1.98104170000000E+03  -1.59835000000000E+01
 1.98112500000000E+03  -9.21400000000000E+00
 1.98120830000000E+03  -6.82930000000000E+00
 1.98129170000000E+03  -2.13900000000000E-01
 1.98137500000000E+03   8.17070000000000E+00
 1.98145830000000E+03   6.93990000000000E+00
 1.98154170000000E+03  -5.75260000000000E+00
 1.98162500000000E+03  -1.00604000000000E+01
 1.98170830000000E+03  -1.02145000000000E+01
 1.98179170000000E+03  -1.06765000000000E+01
 1.98187500000000E+03  -1.67690000000000E+00
 1.98204170000000E+03   3.01440000000000E+00
 1.98212500000000E+03   9.86000000000000E+00
 1.98220830000000E+03   1.37055000000000E+01
 1.98229170000000E+03   1.83970000000000E+01
 1.98237500000000E+03   2.33193000000000E+01
 1.98245830000000E+03   3.53184000000000E+01
 1.98254170000000E+03   1.25482000000000E+01
 1.98262500000000E+03   9.47030000000000E+00
 1.98279170000000E+03   1.15449000000000E+01
 1.98287500000000E+03   1.44668000000000E+01
 1.98295830000000E+03   1.18502000000000E+01
 1.98304170000000E+03   1.67718000000000E+01
 1.98312500000000E+03   1.87704000000000E+01
 1.98320830000000E+03   2.86151000000000E+01
 1.98329170000000E+03   3.87674000000000E+01
 1.98337500000000E+03   4.76888000000000E+01
 1.98345830000000E+03   4.42256000000000E+01
 1.98354170000000E+03   4.27623000000000E+01
 1.98362500000000E+03   1.36836000000000E+01
 1.98370830000000E+03   8.83560000000000E+00
 1.98379170000000E+03  -1.66500000000000E-01
 1.98387500000000E+03  -1.47620000000000E+00
 1.98395830000000E+03  -9.39800000000000E-01
 1.98404170000000E+03   2.11900000000000E-01
 1.98412500000000E+03  -1.25190000000000E+00
 1.98420830000000E+03   6.74590000000000E+00
 1.98429170000000E+03  -1.07181000000000E+01
 1.98437500000000E+03  -3.67205000000000E+01
 1.98445830000000E+03  -5.67230000000000E+01
 1.98454170000000E+03  -6.99564000000000E+01
 1.98462500000000E+03  -8.77282000000000E+01
 1.98470830000000E+03  -8.40386000000000E+01
 1.98487500000000E+03  -7.52750000000000E+01
 1.98512500000000E+03  -6.89762000000000E+01
 1.98520830000000E+03  -6.67485000000000E+01
 1.98529170000000E+03  -7.25209000000000E+01
 1.98537500000000E+03  -6.24472000000000E+01
 1.98545830000000E+03  -5.75274000000000E+01
 1.98554170000000E+03  -7.69924000000000E+01
 1.98562500000000E+03  -7.59958000000000E+01
 1.98570830000000E+03  -7.26916000000000E+01
 1.98587500000000E+03  -6.20065000000000E+01
 1.98595830000000E+03  -5.59333000000000E+01
 1.98604170000000E+03  -4.07063000000000E+01
 1.98629170000000E+03  -2.77181000000000E+01
 1.98637500000000E+03  -1.61067000000000E+01
 1.98645830000000E+03  -3.57230000000000E+00
 1.98654170000000E+03  -5.57660000000000E+00
 1.98662500000000E+03  -1.37346000000000E+01
 1.98670830000000E+03  -3.33543000000000E+01
 1.98679170000000E+03  -4.51280000000000E+01
 1.98687500000000E+03  -3.79016000000000E+01
 1.98695830000000E+03  -2.59061000000000E+01
 1.98712500000000E+03  -9.06920000000000E+00
 1.98720830000000E+03  -1.43047000000000E+01
 1.98729170000000E+03  -7.23260000000000E+00
 1.98737500000000E+03  -4.23740000000000E+00
 1.98745830000000E+03  -1.57808000000000E+01
 1.98762500000000E+03  -3.14831000000000E+01
 1.98770830000000E+03  -4.92575000000000E+01
 1.98779170000000E+03  -4.34166000000000E+01
 1.98787500000000E+03  -2.31910000000000E+01
 1.98795830000000E+03  -1.73480000000000E+00
 1.98820830000000E+03   8.40270000000000E+00
 1.98829170000000E+03   2.48586000000000E+01
 1.98837500000000E+03   3.51607000000000E+01
 1.98854170000000E+03   3.49952000000000E+01
 1.98862500000000E+03   4.72202000000000E+01
 1.98870830000000E+03   4.50604000000000E+01
 1.98879170000000E+03   3.31313000000000E+01
 1.98887500000000E+03   3.53560000000000E+01
 1.98895830000000E+03   4.28884000000000E+01
 1.98904170000000E+03   5.18821000000000E+01
 1.98912500000000E+03   6.17221000000000E+01
 1.98920830000000E+03   6.32542000000000E+01
 1.98929170000000E+03   6.15555000000000E+01
 1.98937500000000E+03   6.77798000000000E+01
 1.98945830000000E+03   6.91579000000000E+01
 1.98954170000000E+03   6.39205000000000E+01
 1.98962500000000E+03   6.89908000000000E+01
 1.98970830000000E+03   7.69071000000000E+01
 1.98979170000000E+03   6.98233000000000E+01
 1.98987500000000E+03   6.74319000000000E+01
 1.98995830000000E+03   6.93481000000000E+01
 1.99004170000000E+03   7.11871000000000E+01
 1.99012500000000E+03   7.42570000000000E+01
 1.99020830000000E+03   7.07884000000000E+01
 1.99029170000000E+03   6.88580000000000E+01
 1.99037500000000E+03   6.89277000000000E+01
 1.99045830000000E+03   6.14589000000000E+01
 1.99054170000000E+03   4.46052000000000E+01
 1.99062500000000E+03   2.71362000000000E+01
 1.99070830000000E+03  -4.02510000000000E+00
 1.99079170000000E+03  -3.30328000000000E+01
 1.99087500000000E+03  -3.64251000000000E+01
 1.99095830000000E+03  -2.97405000000000E+01
 1.99104170000000E+03  -3.24406000000000E+01
 1.99112500000000E+03  -3.13716000000000E+01
 1.99120830000000E+03  -3.03795000000000E+01
 1.99129170000000E+03  -3.85414000000000E+01
 1.99137500000000E+03  -4.17033000000000E+01
 1.99145830000000E+03  -4.46345000000000E+01
 1.99154170000000E+03  -4.51812000000000E+01
 1.99162500000000E+03  -4.58818000000000E+01
 1.99170830000000E+03  -4.21209000000000E+01
 1.99179170000000E+03  -3.58217000000000E+01
 1.99187500000000E+03  -2.96763000000000E+01
 1.99195830000000E+03  -2.16848000000000E+01
 1.99204170000000E+03  -1.49243000000000E+01
 1.99220830000000E+03  -1.10186000000000E+01
 1.99229170000000E+03  -1.23351000000000E+01
 1.99237500000000E+03  -9.34400000000000E+00
 1.99245830000000E+03  -6.89140000000000E+00
 1.99254170000000E+03   4.79180000000000E+00
 1.99262500000000E+03  -2.75570000000000E+00
 1.99270830000000E+03  -7.61100000000000E+00
 1.99279170000000E+03  -1.19280000000000E+01
 1.99287500000000E+03  -1.53988000000000E+01
 1.99295830000000E+03  -4.63890000000000E+00
 1.99304170000000E+03   2.04400000000000E+00
 1.99312500000000E+03   4.96000000000000E-01
 1.99320830000000E+03  -6.59040000000000E+00
 1.99329170000000E+03  -1.49078000000000E+01
 1.99337500000000E+03  -2.41482000000000E+01
 1.99345830000000E+03  -2.86964000000000E+01
 1.99354170000000E+03  -3.04756000000000E+01
 1.99362500000000E+03  -6.05623000000000E+01
 1.99370830000000E+03  -6.14184000000000E+01
 1.99379170000000E+03  -6.93516000000000E+01
 1.99387500000000E+03  -6.98232000000000E+01
 1.99395830000000E+03  -6.36026000000000E+01
 1.99404170000000E+03  -7.14590000000000E+01
 1.99412500000000E+03  -7.74693000000000E+01
 1.99420830000000E+03  -7.57104000000000E+01
 1.99429170000000E+03  -7.32594000000000E+01
 1.99437500000000E+03  -5.91929000000000E+01
 1.99445830000000E+03  -4.12804000000000E+01
 1.99454170000000E+03  -4.19065000000000E+01
 1.99462500000000E+03  -2.98402000000000E+01
 1.99470830000000E+03  -1.20048000000000E+01
 1.99479170000000E+03  -1.00927000000000E+01
 1.99487500000000E+03  -1.79580000000000E+00
 1.99495830000000E+03   5.27020000000000E+00
 1.99504170000000E+03   9.02830000000000E+00
 1.99512500000000E+03   1.63249000000000E+01
 1.99520830000000E+03   2.11599000000000E+01
 1.99529170000000E+03   2.61486000000000E+01
 1.99537500000000E+03   2.95988000000000E+01
 1.99545830000000E+03   1.92798000000000E+01
 1.99554170000000E+03  -4.24000000000000E-01
 1.99562500000000E+03  -2.08201000000000E+01
 1.99570830000000E+03  -4.35240000000000E+01
 1.99579170000000E+03  -5.19972000000000E+01
 1.99587500000000E+03  -5.57781000000000E+01
 1.99595830000000E+03  -5.20207000000000E+01
 1.99604170000000E+03  -5.28787000000000E+01
 1.99620830000000E+03  -5.69026000000000E+01
 1.99629170000000E+03  -5.75301000000000E+01
 1.99637500000000E+03  -5.65422000000000E+01
 1.99645830000000E+03  -6.54774000000000E+01
 1.99654170000000E+03  -7.57205000000000E+01
 1.99662500000000E+03  -6.84251000000000E+01
 1.99670830000000E+03  -6.07451000000000E+01
 1.99679170000000E+03  -4.36038000000000E+01
 1.99687500000000E+03  -3.72317000000000E+01
 1.99695830000000E+03  -3.26288000000000E+01
 1.99704170000000E+03  -3.11031000000000E+01
 1.99712500000000E+03  -3.20389000000000E+01
 1.99720830000000E+03  -2.26670000000000E+01
 1.99729170000000E+03  -1.18338000000000E+01
 1.99737500000000E+03  -1.43082000000000E+01
 1.99745830000000E+03  -1.56289000000000E+01
 1.99754170000000E+03  -1.04112000000000E+01
 1.99762500000000E+03  -8.08900000000000E-01
 1.99770830000000E+03  -1.13606000000000E+01
 1.99779170000000E+03  -1.46816000000000E+01
 1.99787500000000E+03  -2.06949000000000E+01
 1.99795830000000E+03  -1.73236000000000E+01
 1.99804170000000E+03  -7.95260000000000E+00
 1.99812500000000E+03   3.03390000000000E+00
 1.99820830000000E+03   5.71270000000000E+00
 1.99829170000000E+03   9.08360000000000E+00
 1.99837500000000E+03   1.99290000000000E+00
 1.99845830000000E+03   9.97920000000000E+00
 1.99854170000000E+03   1.23499000000000E+01
 1.99862500000000E+03   1.54898000000000E+01
 1.99870830000000E+03   5.24510000000000E+00
 1.99879170000000E+03   5.84630000000000E+00
 1.99887500000000E+03   4.29370000000000E+00
 1.99895830000000E+03   6.20270000000000E+00
 1.99904170000000E+03   7.11140000000000E+00
 1.99912500000000E+03   1.86630000000000E+00
 1.99920830000000E+03  -2.53270000000000E+00
 1.99929170000000E+03   6.06600000000000E-01
 1.99937500000000E+03  -5.17710000000000E+00
 1.99945830000000E+03   2.19290000000000E+00
 1.99954170000000E+03   1.17820000000000E+00
 1.99962500000000E+03   5.00960000000000E+00
 1.99970830000000E+03  -6.97500000000000E-01
 1.99979170000000E+03   1.33700000000000E-01
 1.99987500000000E+03   1.11880000000000E+00
 1.99995830000000E+03   8.02690000000000E+00
 2.00004170000000E+03   1.39349000000000E+01
 2.00012500000000E+03   1.39967000000000E+01
 2.00020830000000E+03   1.12123000000000E+01
 2.00029170000000E+03   1.08123000000000E+01
 2.00037500000000E+03   6.10470000000000E+00
 2.00045830000000E+03   8.93540000000000E+00
 2.00054170000000E+03  -2.61860000000000E+00
 2.00062500000000E+03  -1.08649000000000E+01
 2.00070830000000E+03  -2.24958000000000E+01
 2.00079170000000E+03  -2.85885000000000E+01
 2.00087500000000E+03  -2.97581000000000E+01
 2.00095830000000E+03  -2.57739000000000E+01
 2.00104170000000E+03  -2.48667000000000E+01
 2.00112500000000E+03  -2.14211000000000E+01
 2.00120830000000E+03  -1.28217000000000E+01
 2.00129170000000E+03  -5.30200000000000E-01
 2.00137500000000E+03   9.53060000000000E+00
 2.00145830000000E+03   1.28990000000000E+01
 2.00154170000000E+03   1.68058000000000E+01
 2.00162500000000E+03   3.46356000000000E+01
 2.00170830000000E+03   4.13115000000000E+01
 2.00179170000000E+03   4.35257000000000E+01
 2.00187500000000E+03   4.66630000000000E+01
 2.00195830000000E+03   5.58003000000000E+01
 2.00204170000000E+03   5.90912000000000E+01
 2.00212500000000E+03   5.96129000000000E+01
 2.00220830000000E+03   5.91346000000000E+01
 2.00229170000000E+03   5.46561000000000E+01
 2.00237500000000E+03   4.47161000000000E+01
 2.00245830000000E+03   2.63145000000000E+01
 2.00254170000000E+03   3.26050000000000E+01
 2.00262500000000E+03   1.16648000000000E+01
 2.00270830000000E+03  -9.96780000000000E+00
 2.00279170000000E+03  -1.72159000000000E+01
 2.00287500000000E+03  -1.91563000000000E+01
 2.00295830000000E+03  -1.33276000000000E+01
 2.00304170000000E+03  -1.24990000000000E+01
 2.00312500000000E+03  -7.51650000000000E+00
 2.00320830000000E+03  -5.22640000000000E+00
 2.00329170000000E+03  -2.85960000000000E+00
 2.00337500000000E+03  -6.87730000000000E+00
 2.00345830000000E+03  -7.41300000000000E-01
 2.00354170000000E+03   3.54840000000000E+00
 2.00362500000000E+03  -3.70030000000000E+00
 2.00370830000000E+03   1.05090000000000E+00
 2.00379170000000E+03   3.28000000000000E-02
 2.00387500000000E+03   2.09150000000000E+00
 2.00395830000000E+03   6.07330000000000E+00
 2.00404170000000E+03   2.82420000000000E+00
 2.00412500000000E+03   7.28900000000000E-01
 2.00420830000000E+03   4.01820000000000E+00
 2.00429170000000E+03   5.46120000000000E+00
 2.00437500000000E+03   8.51950000000000E+00
 2.00445830000000E+03   1.81163000000000E+01
 2.00454170000000E+03   2.27898000000000E+01
 2.00462500000000E+03   2.21557000000000E+01
 2.00470830000000E+03   1.29061000000000E+01
 2.00479170000000E+03   1.97333000000000E+01
 2.00487500000000E+03   3.34836000000000E+01
 2.00495830000000E+03   4.14646000000000E+01
 2.00504170000000E+03   3.06761000000000E+01
 2.00512500000000E+03   2.50416000000000E+01
 2.00520830000000E+03   1.44070000000000E+01
 2.00579170000000E+03  -1.42200000000000E+00
 2.00587500000000E+03  -1.11341000000000E+01
 2.00595830000000E+03  -2.43078000000000E+01
 2.00604170000000E+03  -3.43278000000000E+01
 2.00612500000000E+03  -4.02708000000000E+01
 2.00620830000000E+03  -3.03677000000000E+01
 2.00629170000000E+03  -1.26956000000000E+01
 2.00637500000000E+03   7.13040000000000E+00
 2.00645830000000E+03   1.27255000000000E+01
 2.00654170000000E+03   2.57051000000000E+01
 2.00662500000000E+03   3.87617000000000E+01
 2.00670830000000E+03   4.74336000000000E+01
 2.00679170000000E+03   5.01053000000000E+01
 2.00687500000000E+03   5.83924000000000E+01
 2.00695830000000E+03   6.61410000000000E+01
 2.00704170000000E+03   8.01202000000000E+01
 2.00712500000000E+03   8.47918000000000E+01
 2.00720830000000E+03   9.14632000000000E+01
 2.00729170000000E+03   8.89807000000000E+01
 2.00737500000000E+03   8.99597000000000E+01
 2.00745830000000E+03   7.38618000000000E+01
 2.00754170000000E+03   6.89175000000000E+01
 2.00762500000000E+03   5.83578000000000E+01
 2.00770830000000E+03   6.83366000000000E+01
 2.00779170000000E+03   6.53152000000000E+01
 2.00787500000000E+03   6.79092000000000E+01
 2.00795830000000E+03   6.67339000000000E+01
 2.00804170000000E+03   6.48662000000000E+01
 2.00812500000000E+03   5.86908000000000E+01
 2.00820830000000E+03   5.25153000000000E+01
 2.00829170000000E+03   5.32627000000000E+01
 2.00837500000000E+03   5.77794000000000E+01
 2.00845830000000E+03   4.68345000000000E+01
 2.00854170000000E+03   4.13509000000000E+01
 2.00862500000000E+03   3.21751000000000E+01
 2.00870830000000E+03   1.91530000000000E+01
 2.00879170000000E+03  -3.10000000000000E+00
 2.00887500000000E+03  -7.73750000000000E+00
 2.00895830000000E+03  -4.91360000000000E+00
 2.00904170000000E+03  -3.16680000000000E+00
 2.00912500000000E+03  -2.11220000000000E+00
 2.00920830000000E+03  -1.05780000000000E+00
 2.00929170000000E+03   5.30420000000000E+00
 2.00937500000000E+03  -2.71840000000000E+00
 2.00945830000000E+03  -9.58720000000000E+00
 2.00954170000000E+03  -1.73023000000000E+01
 2.00962500000000E+03  -2.40174000000000E+01
 2.00970830000000E+03  -2.50402000000000E+01
 2.00979170000000E+03  -2.85248000000000E+01
 2.00987500000000E+03  -2.00093000000000E+01
 2.00995830000000E+03  -1.54170000000000E+01
 2.01004170000000E+03  -1.15171000000000E+01
 2.01012500000000E+03  -9.00190000000000E+00
 2.01020830000000E+03  -7.02510000000000E+00
 2.01029170000000E+03  -8.04850000000000E+00
 2.01037500000000E+03  -2.84120000000000E+00
 2.01045830000000E+03  -4.09540000000000E+00
 2.01054170000000E+03  -6.11900000000000E+00
 2.01062500000000E+03  -5.98880000000000E+00
 2.01070830000000E+03  -7.78160000000000E+00
 2.01079170000000E+03  -8.65160000000000E+00
 2.01087500000000E+03  -3.44470000000000E+00
 2.01095830000000E+03   3.00700000000000E-01
 2.01104170000000E+03   2.50750000000000E+00
 2.01112500000000E+03   3.09880000000000E+00
 2.01120830000000E+03   3.84400000000000E+00
 2.01129170000000E+03   5.81980000000000E+00
 2.01137500000000E+03   6.79560000000000E+00
 2.01145830000000E+03   1.30790000000000E+01
 2.01154170000000E+03   1.35930000000000E+01
 2.01162500000000E+03   6.79940000000000E+00
 2.01170830000000E+03   9.15960000000000E+00
 2.01179170000000E+03   1.60580000000000E+01
 2.01187500000000E+03   1.58026000000000E+01
 2.01195830000000E+03   1.93934000000000E+01
 2.01204170000000E+03   2.01377000000000E+01
 2.01212500000000E+03   2.24206000000000E+01
 2.01220830000000E+03   3.14727000000000E+01
 2.01229170000000E+03   3.26784000000000E+01
 2.01237500000000E+03   3.58073000000000E+01
 2.01245830000000E+03   3.08591000000000E+01
 2.01254170000000E+03   1.59877000000000E+01
 2.01262500000000E+03   7.34710000000000E+00
 2.01270830000000E+03   3.55260000000000E+00
 2.01279170000000E+03   9.11800000000000E-01
 2.01287500000000E+03  -3.03670000000000E+00
 2.01295830000000E+03  -3.44680000000000E+00
 2.01304170000000E+03  -2.24170000000000E+00
 2.01312500000000E+03  -1.57500000000000E+00
 2.01320830000000E+03  -9.08300000000000E-01
 2.01329170000000E+03  -1.21650000000000E+01
 2.01337500000000E+03  -1.11908000000000E+01
 2.01345830000000E+03  -7.37050000000000E+00
 2.01354170000000E+03  -1.08581000000000E+01
 2.01362500000000E+03  -1.15764000000000E+01
 2.01370830000000E+03  -7.29480000000000E+00
 2.01379170000000E+03  -5.51800000000000E-01
 2.01387500000000E+03   1.19120000000000E+00
 2.01395830000000E+03   4.93420000000000E+00
 2.01404170000000E+03   1.05231000000000E+01
 2.01412500000000E+03   1.14197000000000E+01
 2.01420830000000E+03   1.07779000000000E+01
 2.01429170000000E+03   9.82810000000000E+00
 2.01437500000000E+03   8.18610000000000E+00
 2.01445830000000E+03   4.92870000000000E+00
 2.01454170000000E+03  -1.09820000000000E+00
 2.01462500000000E+03  -5.35580000000000E+00
 2.01470830000000E+03  -1.15365000000000E+01
 2.01479170000000E+03  -1.34097000000000E+01
 2.01487500000000E+03  -1.05906000000000E+01
 2.01495830000000E+03  -5.77150000000000E+00
 2.01504170000000E+03   1.04740000000000E+00
 2.01512500000000E+03   2.17400000000000E+00
 2.01520830000000E+03   1.99290000000000E+00
 2.01529170000000E+03   5.80800000000000E-01
 2.01537500000000E+03   1.05533000000000E+01
 2.01545830000000E+03   1.96028000000000E+01
 2.01554170000000E+03   1.16520000000000E+01
 2.01562500000000E+03   3.00900000000000E+00
 2.01570830000000E+03   3.65900000000000E-01
 2.01579170000000E+03   2.26110000000000E+00
 2.01587500000000E+03   1.77180000000000E+00
 2.01595830000000E+03  -1.94840000000000E+00
 2.01604170000000E+03   2.17730000000000E+00
 2.01612500000000E+03   2.99550000000000E+00
 2.01620830000000E+03   9.12120000000000E+00
 2.01629170000000E+03   8.16990000000000E+00
 2.01637500000000E+03   8.52630000000000E+00
 2.01645830000000E+03   2.88260000000000E+00
 2.01654170000000E+03  -6.83820000000000E+00
 2.01662500000000E+03  -1.03282000000000E+01
 2.01670830000000E+03  -1.44336000000000E+01
 2.01679170000000E+03  -6.15460000000000E+00
 2.01687500000000E+03  -5.72170000000000E+00
 2.01695830000000E+03   1.86500000000000E+00
 2.01704170000000E+03   9.68230000000000E+00
 2.01712500000000E+03   1.18073000000000E+01
 2.01720830000000E+03   9.62450000000000E+00
 2.01729170000000E+03   1.55185000000000E+01
 2.01737500000000E+03   2.39510000000000E+01
 2.01745830000000E+03   2.88450000000000E+01
 2.01754170000000E+03   2.28349000000000E+01
 2.01762500000000E+03   2.71151000000000E+01
 2.01770830000000E+03   3.75725000000000E+01
 2.01779170000000E+03   5.08217000000000E+01
 2.01787500000000E+03   6.11598000000000E+01
 2.01795830000000E+03   7.79105000000000E+01
