 1.88904170000000E+03  -2.17692600000000E+02
 1.88912500000000E+03  -1.75729000000000E+02
 1.88920830000000E+03  -1.65194000000000E+02
 1.88929170000000E+03  -1.74658400000000E+02
 1.88937500000000E+03  -1.53214300000000E+02
 1.88945830000000E+03  -1.21921800000000E+02
 1.88954170000000E+03  -1.03052900000000E+02
 1.88962500000000E+03  -1.11748800000000E+02
 1.88970830000000E+03  -1.17367700000000E+02
 1.88979170000000E+03  -1.21447600000000E+02
 1.88987500000000E+03  -1.30143500000000E+02
 1.88995830000000E+03  -1.08839500000000E+02
 1.89004170000000E+03  -7.59963000000000E+01
 1.89012500000000E+03  -5.85385000000000E+01
 1.89020830000000E+03  -6.95422000000000E+01
 1.89029170000000E+03  -6.20837000000000E+01
 1.89037500000000E+03  -5.30875000000000E+01
 1.89045830000000E+03  -6.79374000000000E+01
 1.89054170000000E+03  -9.35559000000000E+01
 1.89062500000000E+03  -9.76366000000000E+01
 1.89070830000000E+03  -9.40251000000000E+01
 1.89079170000000E+03  -1.13489800000000E+02
 1.89087500000000E+03  -1.07570600000000E+02
 1.89095830000000E+03  -9.39591000000000E+01
 1.89104170000000E+03  -1.00346900000000E+02
 1.89112500000000E+03  -1.22889300000000E+02
 1.89120830000000E+03  -1.23124000000000E+02
 1.89129170000000E+03  -1.27204300000000E+02
 1.89137500000000E+03  -1.40516000000000E+02
 1.89145830000000E+03  -1.26904600000000E+02
 1.89154170000000E+03  -1.29446400000000E+02
 1.89162500000000E+03  -1.30450500000000E+02
 1.89170830000000E+03  -1.68377600000000E+02
 1.89179170000000E+03  -1.81688700000000E+02
 1.89187500000000E+03  -1.56539000000000E+02
 1.89195830000000E+03  -1.46004600000000E+02
 1.89204170000000E+03  -1.27777400000000E+02
 1.89212500000000E+03  -1.16473800000000E+02
 1.89220830000000E+03  -9.51703000000000E+01
 1.89229170000000E+03  -1.06943100000000E+02
 1.89237500000000E+03  -1.06408900000000E+02
 1.89245830000000E+03  -1.05105400000000E+02
 1.89254170000000E+03  -1.12262900000000E+02
 1.89262500000000E+03  -9.48056000000000E+01
 1.89270830000000E+03  -7.58099000000000E+01
 1.89279170000000E+03  -3.83521000000000E+01
 1.89287500000000E+03  -2.55103000000000E+01
 1.89295830000000E+03  -2.65146000000000E+01
 1.89304170000000E+03  -2.82876000000000E+01
 1.89312500000000E+03  -3.15997000000000E+01
 1.89320830000000E+03  -1.72195000000000E+01
 1.89329170000000E+03  -1.43771000000000E+01
 1.89337500000000E+03   1.69261000000000E+01
 1.89345830000000E+03   4.05370000000000E+01
 1.89354170000000E+03   5.26101000000000E+01
 1.89362500000000E+03   8.08363000000000E+01
 1.89370830000000E+03   8.06010000000000E+01
 1.89379170000000E+03   4.42125000000000E+01
 1.89387500000000E+03   1.78233000000000E+01
 1.89395830000000E+03   6.64800000000000E-01
 1.89404170000000E+03   2.73780000000000E+00
 1.89412500000000E+03   1.86562000000000E+01
 1.89420830000000E+03   9.95920000000000E+00
 1.89429170000000E+03  -2.56602000000000E+01
 1.89437500000000E+03  -3.43572000000000E+01
 1.89445830000000E+03  -4.22850000000000E+01
 1.89454170000000E+03  -7.63660000000000E+01
 1.89462500000000E+03  -1.13524600000000E+02
 1.89470830000000E+03  -1.55298600000000E+02
 1.89479170000000E+03  -1.67072000000000E+02
 1.89487500000000E+03  -1.60384500000000E+02
 1.89495830000000E+03  -1.51389400000000E+02
 1.89504170000000E+03  -1.27009000000000E+02
 1.89512500000000E+03  -1.25706200000000E+02
 1.89520830000000E+03  -1.20557200000000E+02
 1.89529170000000E+03  -1.05407700000000E+02
 1.89537500000000E+03  -7.17972000000000E+01
 1.89545830000000E+03  -7.58791000000000E+01
 1.89554170000000E+03  -7.91911000000000E+01
 1.89562500000000E+03  -4.63500000000000E+01
 1.89570830000000E+03  -1.12012000000000E+01
 1.89579170000000E+03   7.02520000000000E+00
 1.89587500000000E+03   1.14048000000000E+01
 1.89595830000000E+03   2.73228000000000E+01
 1.89604170000000E+03   4.93952000000000E+01
 1.89612500000000E+03   4.91593000000000E+01
 1.89620830000000E+03   5.04619000000000E+01
 1.89629170000000E+03   5.02266000000000E+01
 1.89637500000000E+03   4.76829000000000E+01
 1.89645830000000E+03   2.05239000000000E+01
 1.89654170000000E+03   4.13470000000000E+00
 1.89662500000000E+03  -8.40900000000000E+00
 1.89670830000000E+03  -3.78758000000000E+01
 1.89679170000000E+03  -4.50343000000000E+01
 1.89687500000000E+03  -5.14242000000000E+01
 1.89695830000000E+03  -5.16603000000000E+01
 1.89704170000000E+03  -3.88188000000000E+01
 1.89712500000000E+03  -4.82857000000000E+01
 1.89720830000000E+03  -3.00604000000000E+01
 1.89729170000000E+03  -1.79882000000000E+01
 1.89737500000000E+03  -2.82244000000000E+01
 1.89745830000000E+03  -1.84606000000000E+01
 1.89754170000000E+03   2.28423000000000E+01
 1.89762500000000E+03   6.10676000000000E+01
 1.89770830000000E+03   6.39082000000000E+01
 1.89779170000000E+03   6.36726000000000E+01
 1.89787500000000E+03   6.26670000000000E+01
 1.89795830000000E+03   6.62768000000000E+01
 1.89804170000000E+03   8.52719000000000E+01
 1.89812500000000E+03   9.42663000000000E+01
 1.89820830000000E+03   9.94145000000000E+01
 1.89829170000000E+03   7.37941000000000E+01
 1.89837500000000E+03   7.35577000000000E+01
 1.89845830000000E+03   1.06398200000000E+02
 1.89854170000000E+03   1.30777700000000E+02
 1.89862500000000E+03   1.29772000000000E+02
 1.89870830000000E+03   1.22612400000000E+02
 1.89879170000000E+03   1.40838100000000E+02
 1.89887500000000E+03   1.53678400000000E+02
 1.89895830000000E+03   1.55749500000000E+02
 1.89904170000000E+03   1.60898200000000E+02
 1.89912500000000E+03   1.49892400000000E+02
 1.89920830000000E+03   1.37348000000000E+02
 1.89929170000000E+03   1.57881300000000E+02
 1.89937500000000E+03   1.96106100000000E+02
 1.89945830000000E+03   1.95869400000000E+02
 1.89954170000000E+03   1.53325700000000E+02
 1.89962500000000E+03   1.03088900000000E+02
 1.89970830000000E+03   6.82368000000000E+01
 1.89979170000000E+03   4.03084000000000E+01
 1.89987500000000E+03   2.46870000000000E+01
 1.89995830000000E+03   1.59886000000000E+01
 1.90004170000000E+03   2.88293000000000E+01
 1.90012500000000E+03   3.39771000000000E+01
 1.90020830000000E+03   3.52787000000000E+01
 1.90029170000000E+03   5.19655000000000E+01
 1.90037500000000E+03   3.32671000000000E+01
 1.90045830000000E+03   6.87630000000000E+00
 1.90054170000000E+03  -1.05230000000000E+00
 1.90062500000000E+03   1.02491000000000E+01
 1.90070830000000E+03   1.69352000000000E+01
 1.90079170000000E+03   2.13142000000000E+01
 1.90087500000000E+03   1.26157000000000E+01
 1.90095830000000E+03   1.00709000000000E+01
 1.90104170000000E+03   1.21422000000000E+01
 1.90112500000000E+03   3.44360000000000E+00
 1.90120830000000E+03  -1.60243000000000E+01
 1.90129170000000E+03  -2.01070000000000E+01
 1.90137500000000E+03  -4.57287000000000E+01
 1.90145830000000E+03  -5.51967000000000E+01
 1.90154170000000E+03  -4.08179000000000E+01
 1.90162500000000E+03  -3.87474000000000E+01
 1.90170830000000E+03  -5.51384000000000E+01
 1.90179170000000E+03  -6.76828000000000E+01
 1.90187500000000E+03  -7.79200000000000E+01
 1.90195830000000E+03  -6.81573000000000E+01
 1.90204170000000E+03  -5.99325000000000E+01
 1.90212500000000E+03  -4.09390000000000E+01
 1.90220830000000E+03  -3.11764000000000E+01
 1.90229170000000E+03  -2.29516000000000E+01
 1.90237500000000E+03  -2.08813000000000E+01
 1.90245830000000E+03  -1.49648000000000E+01
 1.90254170000000E+03  -1.35550000000000E+00
 1.90262500000000E+03   1.60994000000000E+01
 1.90270830000000E+03   4.27850000000000E+01
 1.90279170000000E+03   7.48558000000000E+01
 1.90287500000000E+03   9.46183000000000E+01
 1.90295830000000E+03   1.05919200000000E+02
 1.90304170000000E+03   1.23374600000000E+02
 1.90312500000000E+03   1.40829400000000E+02
 1.90320830000000E+03   1.49822500000000E+02
 1.90329170000000E+03   1.40354800000000E+02
 1.90337500000000E+03   1.58578700000000E+02
 1.90345830000000E+03   1.62187200000000E+02
 1.90354170000000E+03   1.70411700000000E+02
 1.90362500000000E+03   1.40943200000000E+02
 1.90370830000000E+03   8.37825000000000E+01
 1.90379170000000E+03   4.43146000000000E+01
 1.90387500000000E+03   2.48461000000000E+01
 1.90395830000000E+03   2.46083000000000E+01
 1.90404170000000E+03   3.82173000000000E+01
 1.90412500000000E+03   4.10564000000000E+01
 1.90420830000000E+03   1.23570000000000E+01
 1.90429170000000E+03  -2.49560000000000E+00
 1.90437500000000E+03   1.03435000000000E+01
 1.90445830000000E+03   1.31825000000000E+01
 1.90454170000000E+03   2.37145000000000E+01
 1.90462500000000E+03   3.88611000000000E+01
 1.90470830000000E+03   4.40078000000000E+01
 1.90479170000000E+03   5.30012000000000E+01
 1.90487500000000E+03   5.96863000000000E+01
 1.90495830000000E+03   4.94483000000000E+01
 1.90504170000000E+03   5.38263000000000E+01
 1.90512500000000E+03   4.97421000000000E+01
 1.90520830000000E+03   5.10425000000000E+01
 1.90529170000000E+03   5.46512000000000E+01
 1.90537500000000E+03   4.36438000000000E+01
 1.90545830000000E+03   5.49442000000000E+01
 1.90554170000000E+03   5.39374000000000E+01
 1.90562500000000E+03   5.21608000000000E+01
 1.90570830000000E+03   3.73072000000000E+01
 1.90579170000000E+03   5.01465000000000E+01
 1.90587500000000E+03   4.37545000000000E+01
 1.90595830000000E+03   4.27470000000000E+01
 1.90604170000000E+03   6.02017000000000E+01
 1.90612500000000E+03   6.22710000000000E+01
 1.90620830000000E+03   5.58789000000000E+01
 1.90629170000000E+03   4.71797000000000E+01
 1.90637500000000E+03   3.54028000000000E+01
 1.90645830000000E+03   5.74722000000000E+01
 1.90654170000000E+03   4.26190000000000E+01
 1.90662500000000E+03   3.16114000000000E+01
 1.90670830000000E+03   2.75268000000000E+01
 1.90679170000000E+03   5.75050000000000E+00
 1.90687500000000E+03  -6.41800000000000E-01
 1.90695830000000E+03   1.21966000000000E+01
 1.90704170000000E+03   1.58049000000000E+01
 1.90712500000000E+03   3.09510000000000E+01
 1.90720830000000E+03   5.37893000000000E+01
 1.90729170000000E+03   5.12437000000000E+01
 1.90737500000000E+03   4.48513000000000E+01
 1.90745830000000E+03   4.23050000000000E+01
 1.90754170000000E+03   2.36054000000000E+01
 1.90762500000000E+03   3.18283000000000E+01
 1.90770830000000E+03   9.28190000000000E+00
 1.90779170000000E+03  -2.71100000000000E+01
 1.90787500000000E+03  -2.35025000000000E+01
 1.90795830000000E+03  -2.29720000000000E+01
 1.90804170000000E+03  -2.85948000000000E+01
 1.90812500000000E+03  -2.96028000000000E+01
 1.90820830000000E+03  -4.29185000000000E+01
 1.90829170000000E+03  -7.16182000000000E+01
 1.90837500000000E+03  -7.87801000000000E+01
 1.90845830000000E+03  -6.74805000000000E+01
 1.90854170000000E+03  -3.23341000000000E+01
 1.90862500000000E+03  -3.48807000000000E+01
 1.90870830000000E+03  -7.20427000000000E+01
 1.90879170000000E+03  -7.84348000000000E+01
 1.90887500000000E+03  -6.40584000000000E+01
 1.90895830000000E+03  -5.89128000000000E+01
 1.90904170000000E+03  -4.53050000000000E+01
 1.90912500000000E+03  -1.70825000000000E+01
 1.90920830000000E+03  -9.62920000000000E+00
 1.90929170000000E+03  -2.17530000000000E+00
 1.90937500000000E+03   1.43180000000000E+00
 1.90945830000000E+03   2.19619000000000E+01
 1.90954170000000E+03   4.09542000000000E+01
 1.90962500000000E+03   4.22535000000000E+01
 1.90970830000000E+03   4.43221000000000E+01
 1.90979170000000E+03   6.17758000000000E+01
 1.90987500000000E+03   7.84597000000000E+01
 1.90995830000000E+03   8.05282000000000E+01
 1.91004170000000E+03   8.18281000000000E+01
 1.91012500000000E+03   6.54350000000000E+01
 1.91020830000000E+03   4.21188000000000E+01
 1.91029170000000E+03   3.95724000000000E+01
 1.91037500000000E+03   1.93331000000000E+01
 1.91045830000000E+03   6.78610000000000E+00
 1.91054170000000E+03   8.85500000000000E+00
 1.91062500000000E+03  -9.07660000000000E+00
 1.91070830000000E+03  -2.23930000000000E+01
 1.91079170000000E+03  -2.87856000000000E+01
 1.91087500000000E+03  -3.36404000000000E+01
 1.91095830000000E+03  -3.54183000000000E+01
 1.91104170000000E+03  -1.87341000000000E+01
 1.91112500000000E+03  -2.20505000000000E+01
 1.91120830000000E+03  -7.51600000000000E-01
 1.91129170000000E+03   4.39420000000000E+00
 1.91137500000000E+03   2.10777000000000E+01
 1.91145830000000E+03   2.46843000000000E+01
 1.91154170000000E+03   3.90607000000000E+01
 1.91162500000000E+03   2.34364000000000E+01
 1.91170830000000E+03   1.39660000000000E+01
 1.91179170000000E+03   1.06501000000000E+01
 1.91187500000000E+03   1.11797000000000E+01
 1.91195830000000E+03   2.47861000000000E+01
 1.91204170000000E+03   2.76240000000000E+01
 1.91212500000000E+03   1.66150000000000E+01
 1.91220830000000E+03   2.56060000000000E+01
 1.91229170000000E+03   9.21300000000000E+00
 1.91237500000000E+03   2.35886000000000E+01
 1.91245830000000E+03   2.95026000000000E+01
 1.91254170000000E+03   3.95711000000000E+01
 1.91262500000000E+03   4.11005000000000E+01
 1.91270830000000E+03   6.93991000000000E+01
 1.91279170000000E+03   6.90829000000000E+01
 1.91287500000000E+03   5.43045000000000E+01
 1.91295830000000E+03   6.53723000000000E+01
 1.91304170000000E+03   6.19791000000000E+01
 1.91312500000000E+03   7.37391000000000E+01
 1.91320830000000E+03   6.37299000000000E+01
 1.91329170000000E+03   4.91059000000000E+01
 1.91337500000000E+03   7.43274000000000E+01
 1.91345830000000E+03   9.65489000000000E+01
 1.91354170000000E+03   8.57710000000000E+01
 1.91362500000000E+03   1.00838600000000E+02
 1.91370830000000E+03   9.29831000000000E+01
 1.91379170000000E+03   6.54359000000000E+01
 1.91387500000000E+03   7.62727000000000E+01
 1.91395830000000E+03   8.68786000000000E+01
 1.91404170000000E+03   8.00237000000000E+01
 1.91412500000000E+03   7.37066000000000E+01
 1.91420830000000E+03   6.79279000000000E+01
 1.91429170000000E+03   8.24575000000000E+01
 1.91437500000000E+03   8.90633000000000E+01
 1.91445830000000E+03   8.95923000000000E+01
 1.91454170000000E+03   4.07372000000000E+01
 1.91462500000000E+03   1.23430000000000E+01
 1.91470830000000E+03  -2.32819000000000E+01
 1.91479170000000E+03  -1.90601000000000E+01
 1.91487500000000E+03  -1.91467000000000E+01
 1.91495830000000E+03  -2.56948000000000E+01
 1.91504170000000E+03  -2.16269000000000E+01
 1.91512500000000E+03  -1.54828000000000E+01
 1.91520830000000E+03  -1.74925000000000E+01
 1.91529170000000E+03  -4.18092000000000E+01
 1.91537500000000E+03  -6.37421000000000E+01
 1.91545830000000E+03  -7.25980000000000E+01
 1.91554170000000E+03  -8.30687000000000E+01
 1.91562500000000E+03  -6.37708000000000E+01
 1.91570830000000E+03  -7.99345000000000E+01
 1.91579170000000E+03  -8.17129000000000E+01
 1.91587500000000E+03  -1.01876600000000E+02
 1.91595830000000E+03  -1.09655800000000E+02
 1.91604170000000E+03  -1.14203500000000E+02
 1.91612500000000E+03  -1.22828800000000E+02
 1.91620830000000E+03  -1.24377200000000E+02
 1.91629170000000E+03  -1.11309600000000E+02
 1.91637500000000E+03  -8.26273000000000E+01
 1.91645830000000E+03  -6.90988000000000E+01
 1.91654170000000E+03  -6.58005000000000E+01
 1.91662500000000E+03  -9.07337000000000E+01
 1.91670830000000E+03  -1.21897600000000E+02
 1.91679170000000E+03  -1.01676300000000E+02
 1.91687500000000E+03  -9.56864000000000E+01
 1.91695830000000E+03  -8.50042000000000E+01
 1.91704170000000E+03  -8.54753000000000E+01
 1.91712500000000E+03  -9.30239000000000E+01
 1.91720830000000E+03  -7.79571000000000E+01
 1.91729170000000E+03  -5.09667000000000E+01
 1.91737500000000E+03  -4.08231000000000E+01
 1.91745830000000E+03  -1.72949000000000E+01
 1.91754170000000E+03   6.18600000000000E-01
 1.91762500000000E+03   1.21467000000000E+01
 1.91770830000000E+03   1.28287000000000E+01
 1.91779170000000E+03   1.25883000000000E+01
 1.91787500000000E+03  -7.65290000000000E+00
 1.91795830000000E+03   2.79830000000000E+00
 1.91804170000000E+03   1.14809000000000E+01
 1.91812500000000E+03   1.95474000000000E+01
 1.91820830000000E+03   5.23062000000000E+01
 1.91829170000000E+03   6.10656000000000E+01
 1.91837500000000E+03   4.36705000000000E+01
 1.91845830000000E+03   2.58139000000000E+01
 1.91854170000000E+03  -9.65750000000000E+00
 1.91862500000000E+03  -3.85142000000000E+01
 1.91870830000000E+03  -5.72171000000000E+01
 1.91879170000000E+03  -4.89193000000000E+01
 1.91887500000000E+03  -4.48530000000000E+01
 1.91895830000000E+03  -1.77097000000000E+01
 1.91904170000000E+03  -1.80274000000000E+01
 1.91912500000000E+03  -1.03810000000000E+00
 1.91920830000000E+03   2.64897000000000E+01
 1.91929170000000E+03   1.13258000000000E+01
 1.91937500000000E+03  -2.27618000000000E+01
 1.91945830000000E+03  -3.30802000000000E+01
 1.91954170000000E+03  -1.29365000000000E+01
 1.91962500000000E+03   9.51430000000000E+00
 1.91970830000000E+03   4.66573000000000E+01
 1.91979170000000E+03   5.78010000000000E+01
 1.91987500000000E+03   6.95594000000000E+01
 1.91995830000000E+03   8.51639000000000E+01
 1.92004170000000E+03   9.59229000000000E+01
 1.92012500000000E+03   1.02296600000000E+02
 1.92020830000000E+03   8.67473000000000E+01
 1.92029170000000E+03   4.15062000000000E+01
 1.92037500000000E+03   4.34953000000000E+01
 1.92045830000000E+03   4.69458000000000E+01
 1.92054170000000E+03   5.84739000000000E+01
 1.92062500000000E+03   4.46168000000000E+01
 1.92070830000000E+03   4.30673000000000E+01
 1.92079170000000E+03   2.47492000000000E+01
 1.92087500000000E+03   2.60458000000000E+01
 1.92095830000000E+03   2.25732000000000E+01
 1.92104170000000E+03   3.61011000000000E+01
 1.92112500000000E+03   4.39362000000000E+01
 1.92120830000000E+03   4.87712000000000E+01
 1.92129170000000E+03   5.72991000000000E+01
 1.92137500000000E+03   8.52110000000000E+01
 1.92145830000000E+03   9.45075000000000E+01
 1.92154170000000E+03   1.11650700000000E+02
 1.92162500000000E+03   1.03408700000000E+02
 1.92170830000000E+03   1.07089700000000E+02
 1.92179170000000E+03   9.48483000000000E+01
 1.92187500000000E+03   7.86832000000000E+01
 1.92195830000000E+03   9.27487000000000E+01
 1.92245830000000E+03   1.10143200000000E+02
 1.92254170000000E+03   1.24440000000000E+02
 1.92262500000000E+03   1.10274700000000E+02
 1.92270830000000E+03   6.51862000000000E+01
 1.92279170000000E+03   1.99446000000000E+01
 1.92287500000000E+03   1.15484000000000E+01
 1.92295830000000E+03   8.30610000000000E+00
 1.92304170000000E+03   1.34490000000000E+01
 1.92312500000000E+03   2.34373000000000E+01
 1.92320830000000E+03   3.38103000000000E+01
 1.92329170000000E+03   5.51070000000000E+01
 1.92337500000000E+03   9.13261000000000E+01
 1.92345830000000E+03   9.44683000000000E+01
 1.92354170000000E+03   6.96110000000000E+01
 1.92362500000000E+03   3.91378000000000E+01
 1.92370830000000E+03   4.63568000000000E+01
 1.92379170000000E+03   7.96533000000000E+01
 1.92387500000000E+03   1.25795400000000E+02
 1.92395830000000E+03   1.30245100000000E+02
 1.92437500000000E+03   1.25802400000000E+02
 1.92445830000000E+03   1.34636600000000E+02
 1.92454170000000E+03   1.61317600000000E+02
 1.92462500000000E+03   1.73151800000000E+02
 1.92470830000000E+03   1.35601400000000E+02
 1.92479170000000E+03   1.03666900000000E+02
 1.92487500000000E+03   7.35779000000000E+01
 1.92495830000000E+03   7.82582000000000E+01
 1.92504170000000E+03   8.03237000000000E+01
 1.92512500000000E+03   6.80039000000000E+01
 1.92520830000000E+03   7.99918000000000E+01
 1.92529170000000E+03   7.95188000000000E+01
 1.92537500000000E+03   7.67374000000000E+01
 1.92545830000000E+03   7.20329000000000E+01
 1.92554170000000E+03   4.95598000000000E+01
 1.92562500000000E+03  -8.22160000000000E+00
 1.92570830000000E+03  -3.24646000000000E+01
 1.92579170000000E+03  -2.75532000000000E+01
 1.92587500000000E+03  -3.58731000000000E+01
 1.92595830000000E+03  -2.86547000000000E+01
 1.92604170000000E+03  -3.13587000000000E+01
 1.92612500000000E+03  -2.14479000000000E+01
 1.92620830000000E+03  -2.22950000000000E+00
 1.92629170000000E+03  -1.56258000000000E+01
 1.92637500000000E+03  -2.10998000000000E+01
 1.92645830000000E+03  -1.58814000000000E+01
 1.92654170000000E+03  -4.27780000000000E+00
 1.92662500000000E+03  -2.44410000000000E+00
 1.92670830000000E+03   2.77420000000000E+00
 1.92679170000000E+03  -1.85310000000000E+00
 1.92687500000000E+03   9.74980000000000E+00
 1.92695830000000E+03   3.88911000000000E+01
 1.92704170000000E+03   4.30330000000000E+01
 1.92712500000000E+03   4.54820000000000E+01
 1.92720830000000E+03   4.61617000000000E+01
 1.92729170000000E+03   4.17651000000000E+01
 1.92737500000000E+03   4.99063000000000E+01
 1.92745830000000E+03   2.33552000000000E+01
 1.92754170000000E+03   1.84201000000000E+01
 1.92762500000000E+03   1.22536000000000E+01
 1.92770830000000E+03  -1.26822000000000E+01
 1.92779170000000E+03  -2.23866000000000E+01
 1.92787500000000E+03  -4.73994000000000E+01
 1.92795830000000E+03  -4.82583000000000E+01
 1.92804170000000E+03  -3.35782000000000E+01
 1.92812500000000E+03  -1.87448000000000E+01
 1.92820830000000E+03  -8.98840000000000E+00
 1.92829170000000E+03  -1.02314000000000E+01
 1.92837500000000E+03  -1.87827000000000E+01
 1.92845830000000E+03  -1.37187000000000E+01
 1.92854170000000E+03  -7.26940000000000E+00
 1.92862500000000E+03  -3.90516000000000E+01
 1.92870830000000E+03  -6.21415000000000E+01
 1.92879170000000E+03  -5.17692000000000E+01
 1.92887500000000E+03  -4.01668000000000E+01
 1.92895830000000E+03  -1.51798000000000E+01
 1.92904170000000E+03  -8.88450000000000E+00
 1.92912500000000E+03  -2.21284000000000E+01
 1.92920830000000E+03  -2.08337000000000E+01
 1.92929170000000E+03  -5.76930000000000E+00
 1.92937500000000E+03   1.14484000000000E+01
 1.92945830000000E+03   2.83583000000000E+01
 1.92954170000000E+03   4.47304000000000E+01
 1.92962500000000E+03   5.03326000000000E+01
 1.92970830000000E+03   7.50887000000000E+01
 1.92979170000000E+03   6.46146000000000E+01
 1.92987500000000E+03   5.86013000000000E+01
 1.92995830000000E+03   5.80496000000000E+01
 1.93004170000000E+03   4.87293000000000E+01
 1.93012500000000E+03   3.98698000000000E+01
 1.93020830000000E+03   1.03950000000000E+01
 1.93029170000000E+03   9.20700000000000E-01
 1.93037500000000E+03   8.75350000000000E+00
 1.93045830000000E+03  -1.41370000000000E+00
 1.93054170000000E+03  -2.47341000000000E+01
 1.93062500000000E+03  -6.60552000000000E+01
 1.93070830000000E+03  -7.45302000000000E+01
 1.93079170000000E+03  -8.68507000000000E+01
 1.93087500000000E+03  -7.80180000000000E+01
 1.93095830000000E+03  -5.64931000000000E+01
 1.93104170000000E+03  -3.43521000000000E+01
 1.93112500000000E+03  -2.14426000000000E+01
 1.93120830000000E+03  -2.51484000000000E+01
 1.93129170000000E+03   1.27617000000000E+01
 1.93137500000000E+03   2.17481000000000E+01
 1.93145830000000E+03  -2.81117000000000E+01
 1.93154170000000E+03  -4.71247000000000E+01
 1.93162500000000E+03  -4.55229000000000E+01
 1.93170830000000E+03  -2.89212000000000E+01
 1.93179170000000E+03   1.11426000000000E+01
 1.93187500000000E+03   4.29751000000000E+01
 1.93237500000000E+03   7.06629000000000E+01
 1.93245830000000E+03   9.01875000000000E+01
 1.93254170000000E+03   8.76358000000000E+01
 1.93262500000000E+03   8.60834000000000E+01
 1.93270830000000E+03   7.69926000000000E+01
 1.93279170000000E+03   5.62101000000000E+01
 1.93287500000000E+03   2.69653000000000E+01
 1.93295830000000E+03   2.43360000000000E+01
 1.93304170000000E+03   3.73995000000000E+01
 1.93312500000000E+03   5.01548000000000E+01
 1.93320830000000E+03   2.99869000000000E+01
 1.93329170000000E+03   2.89650000000000E+00
 1.93337500000000E+03  -1.85791000000000E+01
 1.93345830000000E+03  -4.39778000000000E+01
 1.93354170000000E+03  -4.34528000000000E+01
 1.93362500000000E+03  -3.51593000000000E+01
 1.93370830000000E+03  -3.90196000000000E+01
 1.93379170000000E+03  -5.19562000000000E+01
 1.93387500000000E+03  -5.68935000000000E+01
 1.93395830000000E+03  -3.79077000000000E+01
 1.93404170000000E+03  -2.58443000000000E+01
 1.93412500000000E+03  -2.61663000000000E+01
 1.93420830000000E+03  -3.97190000000000E+01
 1.93429170000000E+03  -4.65580000000000E+00
 1.93437500000000E+03   1.41761000000000E+01
 1.93445830000000E+03   3.51617000000000E+01
 1.93454170000000E+03   3.42249000000000E+01
 1.93462500000000E+03   1.11336000000000E+01
 1.93470830000000E+03  -1.72690000000000E+00
 1.93479170000000E+03  -1.66380000000000E+00
 1.93487500000000E+03   2.31679000000000E+01
 1.93495830000000E+03   5.02304000000000E+01
 1.93537500000000E+03   6.80053000000000E+01
 1.93545830000000E+03   8.55291000000000E+01
 1.93554170000000E+03   5.45152000000000E+01
 1.93562500000000E+03   4.58083000000000E+01
 1.93570830000000E+03   2.63321000000000E+01
 1.93579170000000E+03   1.86258000000000E+01
 1.93587500000000E+03  -2.69660000000000E+00
 1.93595830000000E+03   1.12887000000000E+01
 1.93637500000000E+03   3.67546000000000E+01
 1.93645830000000E+03   7.08168000000000E+01
 1.93654170000000E+03   8.73410000000000E+01
 1.93662500000000E+03   6.39415000000000E+01
 1.93670830000000E+03   1.68497000000000E+01
 1.93679170000000E+03  -2.41645000000000E+01
 1.93687500000000E+03  -4.87179000000000E+01
 1.93695830000000E+03  -2.09636000000000E+01
 1.93704170000000E+03  -1.62856000000000E+01
 1.93712500000000E+03  -2.69929000000000E+01
 1.93720830000000E+03  -2.66233000000000E+01
 1.93729170000000E+03  -1.64838000000000E+01
 1.93737500000000E+03  -1.50373000000000E+01
 1.93745830000000E+03  -5.56678000000000E+01
 1.93754170000000E+03  -9.12976000000000E+01
 1.93762500000000E+03  -8.99281000000000E+01
 1.93770830000000E+03  -4.74816000000000E+01
 1.93779170000000E+03  -6.95770000000000E+00
 1.93787500000000E+03   1.37195000000000E+01
 1.93795830000000E+03   3.58581000000000E+01
 1.93804170000000E+03   4.29205000000000E+01
 1.93812500000000E+03   4.84437000000000E+01
 1.93820830000000E+03   5.41208000000000E+01
 1.93829170000000E+03   2.32600000000000E+01
 1.93837500000000E+03   1.90140000000000E+01
 1.93845830000000E+03   2.07679000000000E+01
 1.93854170000000E+03   3.68302000000000E+01
 1.93862500000000E+03   1.36610000000000E+01
 1.93929170000000E+03  -2.64605000000000E+01
 1.93937500000000E+03  -4.46299000000000E+01
 1.93945830000000E+03  -5.91839000000000E+01
 1.93954170000000E+03  -6.35065000000000E+01
 1.93962500000000E+03  -9.72144000000000E+01
 1.93970830000000E+03  -1.20768500000000E+02
 1.93979170000000E+03  -1.33937300000000E+02
 1.93987500000000E+03  -1.54876000000000E+02
 1.93995830000000E+03  -1.44122400000000E+02
 1.94004170000000E+03  -1.42906700000000E+02
 1.94012500000000E+03  -1.25999300000000E+02
 1.94020830000000E+03  -9.92458000000000E+01
 1.94029170000000E+03  -7.70301000000000E+01
 1.94037500000000E+03  -5.16613000000000E+01
 1.94045830000000E+03  -4.01386000000000E+01
 1.94054170000000E+03  -6.16922000000000E+01
 1.94062500000000E+03  -8.03234000000000E+01
 1.94070830000000E+03  -7.18008000000000E+01
 1.94079170000000E+03  -8.15853000000000E+01
 1.94087500000000E+03  -9.24473000000000E+01
 1.94095830000000E+03  -8.14632000000000E+01
 1.94104170000000E+03  -7.39400000000000E+01
 1.94112500000000E+03  -7.34175000000000E+01
 1.94120830000000E+03  -8.55104000000000E+01
 1.94129170000000E+03  -1.17141100000000E+02
 1.94137500000000E+03  -1.28849400000000E+02
 1.94145830000000E+03  -1.27865400000000E+02
 1.94154170000000E+03  -1.50111600000000E+02
 1.94162500000000E+03  -1.57512300000000E+02
 1.94170830000000E+03  -1.55682200000000E+02
 1.94179170000000E+03  -1.55466900000000E+02
 1.94187500000000E+03  -1.49636900000000E+02
 1.94195830000000E+03  -1.31499100000000E+02
 1.94204170000000E+03  -1.15745400000000E+02
 1.94212500000000E+03  -1.08607800000000E+02
 1.94220830000000E+03  -9.58547000000000E+01
 1.94229170000000E+03  -8.47165000000000E+01
 1.94237500000000E+03  -6.59635000000000E+01
 1.94245830000000E+03  -3.33644000000000E+01
 1.94254170000000E+03  -3.87646000000000E+01
 1.94262500000000E+03  -4.73200000000000E-01
 1.94270830000000E+03   4.54335000000000E+01
 1.94279170000000E+03   8.91871000000000E+01
 1.94287500000000E+03   1.12863000000000E+02
 1.94295830000000E+03   1.26923600000000E+02
 1.94304170000000E+03   1.32369300000000E+02
 1.94312500000000E+03   1.40891400000000E+02
 1.94320830000000E+03   1.45798000000000E+02
 1.94329170000000E+03   1.51012900000000E+02
 1.94337500000000E+03   1.38611900000000E+02
 1.94345830000000E+03   1.38595400000000E+02
 1.94354170000000E+03   1.41733300000000E+02
 1.94362500000000E+03   1.66024500000000E+02
 1.94370830000000E+03   1.39161800000000E+02
 1.94379170000000E+03   1.08684300000000E+02
 1.94387500000000E+03   8.41292000000000E+01
 1.94395830000000E+03   7.24972000000000E+01
 1.94404170000000E+03   6.74812000000000E+01
 1.94412500000000E+03   6.32338000000000E+01
 1.94420830000000E+03   5.99863000000000E+01
 1.94429170000000E+03   5.80472000000000E+01
 1.94437500000000E+03   3.91843000000000E+01
 1.94445830000000E+03   4.85522000000000E+01
 1.94454170000000E+03   3.90745000000000E+01
 1.94462500000000E+03   9.13470000000000E+00
 1.94470830000000E+03  -9.34370000000000E+00
 1.94479170000000E+03  -1.56676000000000E+01
 1.94487500000000E+03   2.00790000000000E+00
 1.94495830000000E+03   4.45260000000000E+00
 1.94504170000000E+03   5.35940000000000E+00
 1.94512500000000E+03   8.04100000000000E-01
 1.94520830000000E+03   6.71020000000000E+00
 1.94537500000000E+03  -3.40000000000000E+00
 1.94545830000000E+03  -4.49390000000000E+00
 1.94554170000000E+03   1.10520000000000E+00
 1.94562500000000E+03  -1.28349000000000E+01
 1.94570830000000E+03  -2.46740000000000E+00
 1.94579170000000E+03   3.43930000000000E+00
 1.94587500000000E+03   7.26840000000000E+00
 1.94595830000000E+03   2.39436000000000E+01
 1.94604170000000E+03   1.29271000000000E+01
 1.94612500000000E+03   1.39869000000000E+01
 1.94629170000000E+03  -5.43150000000000E+00
 1.94645830000000E+03  -3.07736000000000E+01
 1.94654170000000E+03  -2.54825000000000E+01
 1.94670830000000E+03  -7.82470000000000E+00
 1.94679170000000E+03  -1.97645000000000E+01
 1.94687500000000E+03  -2.87818000000000E+01
 1.94704170000000E+03  -2.82774000000000E+01
 1.94712500000000E+03  -4.59871000000000E+01
 1.94770830000000E+03  -4.84157000000000E+01
 1.94779170000000E+03  -5.73557000000000E+01
 1.94787500000000E+03  -7.99887000000000E+01
 1.94795830000000E+03  -8.20062000000000E+01
 1.94804170000000E+03  -8.01001000000000E+01
 1.94812500000000E+03  -5.71177000000000E+01
 1.94820830000000E+03  -3.21230000000000E+00
 1.94829170000000E+03   1.79245000000000E+01
 1.94837500000000E+03   2.39838000000000E+01
 1.94845830000000E+03   5.62737000000000E+01
 1.94854170000000E+03   8.78720000000000E+01
 1.94862500000000E+03   1.10931200000000E+02
 1.94870830000000E+03   1.19990400000000E+02
 1.94879170000000E+03   1.23511700000000E+02
 1.94887500000000E+03   1.27801600000000E+02
 1.94895830000000E+03   1.34014500000000E+02
 1.94904170000000E+03   1.36151200000000E+02
 1.94912500000000E+03   1.52671800000000E+02
 1.94920830000000E+03   1.55500100000000E+02
 1.94929170000000E+03   1.49636600000000E+02
 1.94937500000000E+03   1.22157200000000E+02
 1.94945830000000E+03   1.24908500000000E+02
 1.94954170000000E+03   1.00660400000000E+02
 1.94962500000000E+03   6.97962000000000E+01
 1.94970830000000E+03   5.35475000000000E+01
 1.94979170000000E+03   5.52993000000000E+01
 1.94987500000000E+03   4.33582000000000E+01
 1.94995830000000E+03   4.37247000000000E+01
 1.95004170000000E+03   4.63227000000000E+01
 1.95012500000000E+03   4.32276000000000E+01
 1.95020830000000E+03   3.27480000000000E+01
 1.95029170000000E+03   5.92689000000000E+01
 1.95037500000000E+03   4.68662000000000E+01
 1.95045830000000E+03   5.46941000000000E+01
 1.95054170000000E+03   2.40612000000000E+01
 1.95062500000000E+03   6.42760000000000E+00
 1.95070830000000E+03  -2.35990000000000E+00
 1.95079170000000E+03  -6.22370000000000E+00
 1.95087500000000E+03  -2.07804000000000E+01
 1.95095830000000E+03  -2.64490000000000E+00
 1.95104170000000E+03   2.97000000000000E-02
 1.95112500000000E+03   7.08830000000000E+00
 1.95120830000000E+03   1.83777000000000E+01
 1.95129170000000E+03   2.41291000000000E+01
 1.95145830000000E+03  -1.75380000000000E+00
 1.95154170000000E+03   1.41514000000000E+01
 1.95162500000000E+03  -2.55930000000000E+00
 1.95170830000000E+03   2.26830000000000E+00
 1.95179170000000E+03   1.93274000000000E+01
 1.95254170000000E+03   3.27003000000000E+01
 1.95262500000000E+03   2.69124000000000E+01
 1.95270830000000E+03   3.65860000000000E+01
 1.95279170000000E+03   3.47986000000000E+01
 1.95287500000000E+03   1.79337000000000E+01
 1.95295830000000E+03  -6.23500000000000E-01
 1.95304170000000E+03  -7.79550000000000E+00
 1.95312500000000E+03  -1.02759000000000E+01
 1.95320830000000E+03   8.59100000000000E-01
 1.95329170000000E+03  -3.46680000000000E+00
 1.95337500000000E+03   1.98989000000000E+01
 1.95345830000000E+03   4.31108000000000E+01
 1.95354170000000E+03   4.04002000000000E+01
 1.95362500000000E+03   1.63812000000000E+01
 1.95370830000000E+03  -7.63770000000000E+00
 1.95379170000000E+03  -2.38099000000000E+01
 1.95387500000000E+03  -5.61366000000000E+01
 1.95395830000000E+03  -5.17710000000000E+01
 1.95404170000000E+03  -3.26356000000000E+01
 1.95412500000000E+03  -2.41931000000000E+01
 1.95420830000000E+03  -1.53660000000000E+01
 1.95429170000000E+03  -5.38450000000000E+00
 1.95437500000000E+03   6.13480000000000E+00
 1.95445830000000E+03   1.16542000000000E+01
 1.95454170000000E+03   2.09720000000000E+00
 1.95462500000000E+03  -6.14300000000000E-01
 1.95470830000000E+03   1.18280000000000E+01
 1.95479170000000E+03   2.71940000000000E+01
 1.95487500000000E+03   4.83286000000000E+01
 1.95495830000000E+03   7.36171000000000E+01
 1.95504170000000E+03   7.65984000000000E+01
 1.95512500000000E+03   6.41945000000000E+01
 1.95520830000000E+03   5.75598000000000E+01
 1.95529170000000E+03   5.22334000000000E+01
 1.95537500000000E+03   3.27525000000000E+01
 1.95545830000000E+03   3.34254000000000E+01
 1.95554170000000E+03   2.96374000000000E+01
 1.95562500000000E+03  -3.22820000000000E+00
 1.95570830000000E+03  -1.57861000000000E+01
 1.95579170000000E+03  -2.24972000000000E+01
 1.95587500000000E+03  -1.15936000000000E+01
 1.95595830000000E+03  -1.66131000000000E+01
 1.95604170000000E+03  -2.41705000000000E+01
 1.95612500000000E+03  -1.64977000000000E+01
 1.95620830000000E+03  -7.44040000000000E+00
 1.95629170000000E+03   5.84840000000000E+00
 1.95637500000000E+03  -1.87866000000000E+01
 1.95645830000000E+03  -6.03700000000000E+00
 1.95654170000000E+03  -2.09022000000000E+01
 1.95662500000000E+03  -3.25372000000000E+01
 1.95670830000000E+03  -2.47877000000000E+01
 1.95679170000000E+03  -2.71144000000000E+01
 1.95687500000000E+03  -1.92880000000000E+01
 1.95695830000000E+03  -2.30001000000000E+01
 1.95704170000000E+03  -2.77884000000000E+01
 1.95712500000000E+03  -1.70390000000000E+01
 1.95720830000000E+03  -1.25203000000000E+01
 1.95729170000000E+03   1.16913000000000E+01
 1.95737500000000E+03   1.78253000000000E+01
 1.95745830000000E+03   4.08054000000000E+01
 1.95754170000000E+03   3.45554000000000E+01
 1.95762500000000E+03   2.77662000000000E+01
 1.95770830000000E+03   8.28480000000000E+00
 1.95779170000000E+03  -2.11910000000000E+00
 1.95787500000000E+03   1.78609000000000E+01
 1.95795830000000E+03   2.27640000000000E+01
 1.95804170000000E+03   2.70523000000000E+01
 1.95812500000000E+03   3.71092000000000E+01
 1.95820830000000E+03   2.50892000000000E+01
 1.95829170000000E+03   1.96851000000000E+01
 1.95837500000000E+03   1.28040000000000E+00
 1.95845830000000E+03  -2.25089000000000E+01
 1.95854170000000E+03  -2.96053000000000E+01
 1.95862500000000E+03  -3.53947000000000E+01
 1.95870830000000E+03  -3.53380000000000E+01
 1.95879170000000E+03  -3.43575000000000E+01
 1.95887500000000E+03  -2.90700000000000E+01
 1.95895830000000E+03  -3.14749000000000E+01
 1.95904170000000E+03  -2.56483000000000E+01
 1.95912500000000E+03  -3.87455000000000E+01
 1.95920830000000E+03  -4.69196000000000E+01
 1.95929170000000E+03  -4.52470000000000E+01
 1.95937500000000E+03  -5.23443000000000E+01
 1.95945830000000E+03  -7.89800000000000E+01
 1.95954170000000E+03  -9.14613000000000E+01
 1.95962500000000E+03  -1.11404700000000E+02
 1.95970830000000E+03  -1.47579000000000E+02
 1.95979170000000E+03  -1.70675700000000E+02
 1.95987500000000E+03  -1.70157700000000E+02
 1.95995830000000E+03  -1.52255000000000E+02
 1.96004170000000E+03  -1.53736400000000E+02
 1.96012500000000E+03  -1.51910800000000E+02
 1.96020830000000E+03  -1.43469800000000E+02
 1.96029170000000E+03  -1.66335900000000E+02
 1.96037500000000E+03  -1.77202600000000E+02
 1.96045830000000E+03  -1.66915500000000E+02
 1.96054170000000E+03  -1.58704700000000E+02
 1.96062500000000E+03  -1.35033000000000E+02
 1.96070830000000E+03  -1.03438200000000E+02
 1.96079170000000E+03  -6.41506000000000E+01
 1.96087500000000E+03  -4.98636000000000E+01
 1.96095830000000E+03  -3.30381000000000E+01
 1.96104170000000E+03  -1.59813000000000E+01
 1.96112500000000E+03  -1.55900000000000E-01
 1.96120830000000E+03   1.35926000000000E+01
 1.96129170000000E+03   2.18801000000000E+01
 1.96137500000000E+03   6.01670000000000E+01
 1.96145830000000E+03   8.89923000000000E+01
 1.96154170000000E+03   1.05664400000000E+02
 1.96162500000000E+03   1.36412800000000E+02
 1.96170830000000E+03   1.38545800000000E+02
 1.96179170000000E+03   1.23679300000000E+02
 1.96187500000000E+03   1.22427600000000E+02
 1.96195830000000E+03   1.47406700000000E+02
 1.96204170000000E+03   1.54232500000000E+02
 1.96212500000000E+03   1.39596100000000E+02
 1.96245830000000E+03   1.35512600000000E+02
 1.96254170000000E+03   1.04184500000000E+02
 1.96262500000000E+03   8.37787000000000E+01
 1.96270830000000E+03   4.42192000000000E+01
 1.96279170000000E+03   2.10448000000000E+01
 1.96287500000000E+03   1.02360000000000E+00
 1.96295830000000E+03  -2.46899000000000E+01
 1.96304170000000E+03  -2.93258000000000E+01
 1.96312500000000E+03  -1.01932000000000E+01
 1.96329170000000E+03  -6.54280000000000E+00
 1.96337500000000E+03  -1.20256000000000E+01
 1.96354170000000E+03  -1.24522000000000E+01
 1.96362500000000E+03  -9.39660000000000E+00
 1.96370830000000E+03  -3.47257000000000E+01
 1.96379170000000E+03  -1.91311000000000E+01
 1.96387500000000E+03  -8.44800000000000E-01
 1.96395830000000E+03   3.73646000000000E+01
 1.96404170000000E+03   5.23437000000000E+01
 1.96412500000000E+03   6.14761000000000E+01
 1.96429170000000E+03   7.41261000000000E+01
 1.96437500000000E+03   7.93353000000000E+01
 1.96445830000000E+03   8.83907000000000E+01
 1.96454170000000E+03   8.77544000000000E+01
 1.96462500000000E+03   6.43482000000000E+01
 1.96470830000000E+03   4.38650000000000E+01
 1.96479170000000E+03   4.22286000000000E+01
 1.96487500000000E+03   7.12070000000000E+01
 1.96495830000000E+03   7.71084000000000E+01
 1.96504170000000E+03   7.93950000000000E+01
 1.96512500000000E+03   6.97580000000000E+01
 1.96520830000000E+03   7.31208000000000E+01
 1.96545830000000E+03   6.10562000000000E+01
 1.96554170000000E+03   4.01119000000000E+01
 1.96562500000000E+03   6.39780000000000E+00
 1.96570830000000E+03  -3.58548000000000E+01
 1.96579170000000E+03  -5.31068000000000E+01
 1.96587500000000E+03  -4.33595000000000E+01
 1.96595830000000E+03  -2.70737000000000E+01
 1.96604170000000E+03  -1.84796000000000E+01
 1.96612500000000E+03  -1.48093000000000E+01
 1.96629170000000E+03  -1.23141000000000E+01
 1.96637500000000E+03  -1.04900000000000E+01
 1.96645830000000E+03   2.65000000000000E-02
 1.96654170000000E+03  -6.87300000000000E-01
 1.96662500000000E+03   3.14445000000000E+01
 1.96670830000000E+03   4.34224000000000E+01
 1.96679170000000E+03   6.93240000000000E+01
 1.96687500000000E+03   9.35327000000000E+01
 1.96695830000000E+03   1.04510500000000E+02
 1.96704170000000E+03   1.09950500000000E+02
 1.96720830000000E+03   1.33060000000000E+02
 1.96737500000000E+03   1.45323800000000E+02
 1.96745830000000E+03   1.45301600000000E+02
 1.96754170000000E+03   1.45587600000000E+02
 1.96762500000000E+03   1.47257600000000E+02
 1.96770830000000E+03   1.43389100000000E+02
 1.96779170000000E+03   1.43521200000000E+02
 1.96787500000000E+03   1.01114300000000E+02
 1.96795830000000E+03   9.40919000000000E+01
 1.96804170000000E+03   8.66855000000000E+01
 1.96812500000000E+03   6.20477000000000E+01
 1.96820830000000E+03   3.53329000000000E+01
 1.96829170000000E+03   3.14649000000000E+01
 1.96837500000000E+03  -7.40370000000000E+00
 1.96845830000000E+03  -3.42724000000000E+01
 1.96854170000000E+03  -6.21404000000000E+01
 1.96862500000000E+03  -8.46245000000000E+01
 1.96870830000000E+03  -1.23954800000000E+02
 1.96879170000000E+03  -1.48592100000000E+02
 1.96887500000000E+03  -1.73845500000000E+02
 1.96895830000000E+03  -1.75714300000000E+02
 1.96904170000000E+03  -1.60197800000000E+02
 1.96912500000000E+03  -1.67451300000000E+02
 1.96920830000000E+03  -1.56012400000000E+02
 1.96929170000000E+03  -1.13726800000000E+02
 1.96937500000000E+03  -7.62111000000000E+01
 1.96945830000000E+03  -6.56184000000000E+01
 1.96954170000000E+03  -8.67175000000000E+01
 1.96962500000000E+03  -9.02788000000000E+01
 1.96970830000000E+03  -9.20708000000000E+01
 1.96979170000000E+03  -6.87084000000000E+01
 1.96987500000000E+03  -6.25005000000000E+01
 1.96995830000000E+03  -4.95233000000000E+01
 1.97004170000000E+03  -2.44687000000000E+01
 1.97012500000000E+03  -3.42608000000000E+01
 1.97020830000000E+03  -1.73607000000000E+01
 1.97029170000000E+03  -6.45990000000000E+00
 1.97037500000000E+03  -1.10213000000000E+01
 1.97045830000000E+03  -6.14289000000000E+01
 1.97054170000000E+03  -8.50667000000000E+01
 1.97062500000000E+03  -7.98590000000000E+01
 1.97070830000000E+03  -7.84205000000000E+01
 1.97079170000000E+03  -5.81352000000000E+01
 1.97087500000000E+03  -5.00045000000000E+01
 1.97120830000000E+03  -3.61733000000000E+01
 1.97129170000000E+03  -5.11890000000000E+00
 1.97137500000000E+03   6.55020000000000E+00
 1.97145830000000E+03   9.11500000000000E-01
 1.97154170000000E+03  -3.21111000000000E+01
 1.97162500000000E+03  -7.21343000000000E+01
 1.97170830000000E+03  -9.71576000000000E+01
 1.97187500000000E+03  -1.08665200000000E+02
 1.97195830000000E+03  -9.24578000000000E+01
 1.97204170000000E+03  -8.09420000000000E+01
 1.97212500000000E+03  -7.44270000000000E+01
 1.97220830000000E+03  -8.48350000000000E+01
 1.97229170000000E+03  -4.27039000000000E+01
 1.97237500000000E+03  -3.90351000000000E+01
 1.97245830000000E+03  -4.39047000000000E+01
 1.97254170000000E+03  -6.03891000000000E+01
 1.97262500000000E+03  -4.62588000000000E+01
 1.97270830000000E+03  -2.46669000000000E+01
 1.97295830000000E+03   5.10920000000000E+00
 1.97304170000000E+03   1.13169000000000E+01
 1.97312500000000E+03   4.49087000000000E+01
 1.97320830000000E+03   4.55004000000000E+01
 1.97329170000000E+03   4.51697000000000E+01
 1.97337500000000E+03   6.60691000000000E+01
 1.97345830000000E+03   1.01506900000000E+02
 1.97354170000000E+03   7.17915000000000E+01
 1.97362500000000E+03   6.86908000000000E+01
 1.97370830000000E+03   1.83594000000000E+01
 1.97379170000000E+03  -1.58946000000000E+01
 1.97387500000000E+03  -5.58414000000000E+01
 1.97395830000000E+03  -5.37114000000000E+01
 1.97404170000000E+03  -3.62731000000000E+01
 1.97412500000000E+03  -2.14508000000000E+01
 1.97420830000000E+03  -1.53209000000000E+01
 1.97429170000000E+03  -2.19595000000000E+01
 1.97437500000000E+03  -1.75988000000000E+01
 1.97445830000000E+03   3.45410000000000E+00
 1.97454170000000E+03   2.29692000000000E+01
 1.97462500000000E+03   1.39453000000000E+01
 1.97470830000000E+03  -1.84800000000000E+00
 1.97479170000000E+03   1.38978000000000E+01
 1.97487500000000E+03   2.91046000000000E+01
 1.97495830000000E+03   5.90036000000000E+01
 1.97504170000000E+03   6.00570000000000E+01
 1.97512500000000E+03   3.85714000000000E+01
 1.97520830000000E+03   4.66242000000000E+01
 1.97529170000000E+03   3.70622000000000E+01
 1.97537500000000E+03   5.04996000000000E+01
 1.97545830000000E+03   7.80138000000000E+01
 1.97554170000000E+03   7.90672000000000E+01
 1.97562500000000E+03   3.13506000000000E+01
 1.97570830000000E+03   5.55720000000000E+00
 1.97579170000000E+03   9.68740000000000E+00
 1.97587500000000E+03   7.97080000000000E+00
 1.97595830000000E+03   9.71570000000000E+00
 1.97604170000000E+03   3.76890000000000E+00
 1.97612500000000E+03   1.05230000000000E+00
 1.97620830000000E+03  -2.66440000000000E+00
 1.97629170000000E+03  -4.79959000000000E+01
 1.97637500000000E+03  -6.50972000000000E+01
 1.97645830000000E+03  -6.95832000000000E+01
 1.97654170000000E+03  -1.00299300000000E+02
 1.97662500000000E+03  -1.58016100000000E+02
 1.97670830000000E+03  -1.65502100000000E+02
 1.97679170000000E+03  -1.50987500000000E+02
 1.97687500000000E+03  -1.57704400000000E+02
 1.97695830000000E+03  -1.50959700000000E+02
 1.97704170000000E+03  -1.43522100000000E+02
 1.97712500000000E+03  -1.50085200000000E+02
 1.97720830000000E+03  -1.41879000000000E+02
 1.97729170000000E+03  -1.30826100000000E+02
 1.97737500000000E+03  -7.97738000000000E+01
 1.97745830000000E+03  -6.22600000000000E+01
 1.97754170000000E+03  -4.47456000000000E+01
 1.97762500000000E+03  -6.59242000000000E+01
 1.97770830000000E+03  -5.81027000000000E+01
 1.97779170000000E+03  -7.48192000000000E+01
 1.97787500000000E+03  -1.05690100000000E+02
 1.97795830000000E+03  -1.10099500000000E+02
 1.97804170000000E+03  -1.04585200000000E+02
 1.97812500000000E+03  -1.15071600000000E+02
 1.97820830000000E+03  -8.49426000000000E+01
 1.97829170000000E+03  -7.02745000000000E+01
 1.97837500000000E+03  -3.58379000000000E+01
 1.97845830000000E+03  -7.37090000000000E+01
 1.97854170000000E+03  -1.03271700000000E+02
 1.97862500000000E+03  -1.31912100000000E+02
 1.97870830000000E+03  -1.14167800000000E+02
 1.97879170000000E+03  -1.26422900000000E+02
 1.97887500000000E+03  -1.03447900000000E+02
 1.97895830000000E+03  -7.38576000000000E+01
 1.97904170000000E+03  -4.83436000000000E+01
 1.97912500000000E+03  -4.05994000000000E+01
 1.97920830000000E+03  -8.08600000000000E+00
 1.97929170000000E+03  -2.70336000000000E+01
 1.97937500000000E+03  -4.15972000000000E+01
 1.97945830000000E+03  -5.93916000000000E+01
 1.97954170000000E+03  -6.01853000000000E+01
 1.97962500000000E+03  -5.56721000000000E+01
 1.97970830000000E+03  -7.73896000000000E+01
 1.97979170000000E+03  -8.84911000000000E+01
 1.97987500000000E+03  -8.34394000000000E+01
 1.97995830000000E+03  -9.17724000000000E+01
 1.98004170000000E+03  -9.76432000000000E+01
 1.98012500000000E+03  -1.21130100000000E+02
 1.98020830000000E+03  -1.19155400000000E+02
 1.98029170000000E+03  -1.31334000000000E+02
 1.98037500000000E+03  -1.23128600000000E+02
 1.98045830000000E+03  -1.00461700000000E+02
 1.98054170000000E+03  -9.16403000000000E+01
 1.98062500000000E+03  -6.22042000000000E+01
 1.98070830000000E+03  -5.75373000000000E+01
 1.98079170000000E+03  -4.08699000000000E+01
 1.98087500000000E+03  -3.82800000000000E+01
 1.98095830000000E+03  -1.83055000000000E+01
 1.98104170000000E+03  -3.40730000000000E+00
 1.98112500000000E+03   7.49020000000000E+00
 1.98120830000000E+03   1.81569000000000E+01
 1.98129170000000E+03   2.15935000000000E+01
 1.98137500000000E+03   3.61833000000000E+01
 1.98145830000000E+03   3.43115000000000E+01
 1.98154170000000E+03   1.20960000000000E+00
 1.98162500000000E+03  -2.84315000000000E+01
 1.98170830000000E+03  -4.64572000000000E+01
 1.98179170000000E+03  -3.04823000000000E+01
 1.98187500000000E+03  -9.50800000000000E+00
 1.98195830000000E+03  -7.22610000000000E+00
 1.98204170000000E+03  -9.40510000000000E+00
 1.98212500000000E+03  -1.32001000000000E+01
 1.98220830000000E+03   1.16203000000000E+01
 1.98229170000000E+03   5.44120000000000E+00
 1.98237500000000E+03   1.54923000000000E+01
 1.98245830000000E+03   2.25433000000000E+01
 1.98254170000000E+03   6.74411000000000E+01
 1.98262500000000E+03   9.34921000000000E+01
 1.98270830000000E+03   9.26970000000000E+01
 1.98279170000000E+03   8.50563000000000E+01
 1.98287500000000E+03   6.57226000000000E+01
 1.98295830000000E+03   5.63120000000000E+01
 1.98304170000000E+03   7.22097000000000E+01
 1.98312500000000E+03   7.94913000000000E+01
 1.98320830000000E+03   8.72345000000000E+01
 1.98329170000000E+03   9.99014000000000E+01
 1.98337500000000E+03   1.35259900000000E+02
 1.98345830000000E+03   1.30926100000000E+02
 1.98354170000000E+03   1.34516000000000E+02
 1.98362500000000E+03   8.64129000000000E+01
 1.98370830000000E+03   3.87714000000000E+01
 1.98379170000000E+03   2.15919000000000E+01
 1.98387500000000E+03   1.28734000000000E+01
 1.98395830000000E+03   1.99241000000000E+01
 1.98404170000000E+03   2.87446000000000E+01
 1.98412500000000E+03   2.10261000000000E+01
 1.98420830000000E+03   8.53820000000000E+00
 1.98429170000000E+03   8.97410000000000E+00
 1.98437500000000E+03  -2.68984000000000E+01
 1.98445830000000E+03  -4.53863000000000E+01
 1.98454170000000E+03  -8.50274000000000E+01
 1.98462500000000E+03  -1.37284600000000E+02
 1.98470830000000E+03  -1.59311000000000E+02
 1.98479170000000E+03  -1.44644500000000E+02
 1.98487500000000E+03  -1.47055600000000E+02
 1.98495830000000E+03  -1.39466700000000E+02
 1.98504170000000E+03  -1.33031000000000E+02
 1.98512500000000E+03  -1.26134400000000E+02
 1.98520830000000E+03  -1.01853300000000E+02
 1.98529170000000E+03  -7.71869000000000E+01
 1.98537500000000E+03  -7.60596000000000E+01
 1.98545830000000E+03  -7.04708000000000E+01
 1.98554170000000E+03  -7.71891000000000E+01
 1.98562500000000E+03  -7.92927000000000E+01
 1.98570830000000E+03  -7.27039000000000E+01
 1.98579170000000E+03  -7.38838000000000E+01
 1.98587500000000E+03  -6.88336000000000E+01
 1.98595830000000E+03  -5.63219000000000E+01
 1.98604170000000E+03  -4.40403000000000E+01
 1.98612500000000E+03  -5.23747000000000E+01
 1.98620830000000E+03  -5.14015000000000E+01
 1.98629170000000E+03  -4.39661000000000E+01
 1.98637500000000E+03  -2.69160000000000E+01
 1.98645830000000E+03  -2.30198000000000E+01
 1.98654170000000E+03  -4.45076000000000E+01
 1.98662500000000E+03  -4.33806000000000E+01
 1.98670830000000E+03  -4.49459000000000E+01
 1.98679170000000E+03  -5.17415000000000E+01
 1.98687500000000E+03  -3.89222000000000E+01
 1.98695830000000E+03  -3.59492000000000E+01
 1.98704170000000E+03  -2.85909000000000E+01
 1.98712500000000E+03  -2.70025000000000E+01
 1.98720830000000E+03  -6.64490000000000E+00
 1.98729170000000E+03   4.82500000000000E-01
 1.98737500000000E+03  -2.96984000000000E+01
 1.98745830000000E+03  -6.08024000000000E+01
 1.98754170000000E+03  -4.89827000000000E+01
 1.98762500000000E+03  -3.53944000000000E+01
 1.98770830000000E+03  -4.31139000000000E+01
 1.98779170000000E+03  -2.72942000000000E+01
 1.98787500000000E+03  -2.71676000000000E+01
 1.98795830000000E+03  -3.02717000000000E+01
 1.98804170000000E+03  -2.98367000000000E+01
 1.98812500000000E+03  -2.30947000000000E+01
 1.98820830000000E+03  -1.16605000000000E+01
 1.98829170000000E+03  -4.99480000000000E+00
 1.98837500000000E+03  -1.40221000000000E+01
 1.98845830000000E+03   8.33520000000000E+00
 1.98854170000000E+03   4.93085000000000E+01
 1.98862500000000E+03   6.87427000000000E+01
 1.98870830000000E+03   9.37922000000000E+01
 1.98879170000000E+03   9.04578000000000E+01
 1.98887500000000E+03   1.09122700000000E+02
 1.98895830000000E+03   1.25172200000000E+02
 1.98904170000000E+03   1.41299200000000E+02
 1.98912500000000E+03   1.57040900000000E+02
 1.98920830000000E+03   1.59705700000000E+02
 1.98929170000000E+03   1.55909600000000E+02
 1.98937500000000E+03   1.47497500000000E+02
 1.98945830000000E+03   1.49931500000000E+02
 1.98954170000000E+03   1.52443000000000E+02
 1.98962500000000E+03   1.49338400000000E+02
 1.98970830000000E+03   1.51233900000000E+02
 1.98979170000000E+03   1.36053000000000E+02
 1.98987500000000E+03   1.38640800000000E+02
 1.98995830000000E+03   1.19305400000000E+02
 1.99004170000000E+03   1.22509100000000E+02
 1.99012500000000E+03   1.24019900000000E+02
 1.99020830000000E+03   1.08838300000000E+02
 1.99029170000000E+03   1.13041900000000E+02
 1.99037500000000E+03   9.77834000000000E+01
 1.99045830000000E+03   1.05832500000000E+02
 1.99054170000000E+03   1.09959100000000E+02
 1.99062500000000E+03   6.71621000000000E+01
 1.99070830000000E+03   4.44190000000000E+00
 1.99079170000000E+03  -4.16623000000000E+01
 1.99087500000000E+03  -4.62286000000000E+01
 1.99095830000000E+03  -3.65642000000000E+01
 1.99104170000000E+03  -1.88992000000000E+01
 1.99112500000000E+03  -1.16964000000000E+01
 1.99120830000000E+03   4.27560000000000E+00
 1.99145830000000E+03   2.43460000000000E+01
 1.99154170000000E+03   4.35494000000000E+01
 1.99162500000000E+03   6.34444000000000E+01
 1.99170830000000E+03   6.23394000000000E+01
 1.99179170000000E+03   2.93119000000000E+01
 1.99187500000000E+03   6.04376000000000E+01
 1.99195830000000E+03   7.25633000000000E+01
 1.99204170000000E+03   6.51511000000000E+01
 1.99212500000000E+03   7.35845000000000E+01
 1.99220830000000E+03   7.27870000000000E+01
 1.99229170000000E+03   4.32979000000000E+01
 1.99237500000000E+03   4.18850000000000E+01
 1.99245830000000E+03   5.70106000000000E+01
 1.99254170000000E+03   8.19060000000000E+01
 1.99262500000000E+03   7.49546000000000E+01
 1.99270830000000E+03   6.09262000000000E+01
 1.99279170000000E+03   3.09754000000000E+01
 1.99287500000000E+03   2.47163000000000E+01
 1.99295830000000E+03   1.09956000000000E+01
 1.99304170000000E+03   2.78909000000000E+01
 1.99312500000000E+03   3.51701000000000E+01
 1.99320830000000E+03   9.44940000000000E+00
 1.99329170000000E+03  -7.80930000000000E+00
 1.99337500000000E+03   3.85450000000000E+00
 1.99345830000000E+03   1.13370000000000E+00
 1.99354170000000E+03  -2.82788000000000E+01
 1.99362500000000E+03  -7.64612000000000E+01
 1.99370830000000E+03  -1.02489800000000E+02
 1.99379170000000E+03  -1.08440800000000E+02
 1.99387500000000E+03  -1.12084800000000E+02
 1.99395830000000E+03  -7.71135000000000E+01
 1.99404170000000E+03  -7.90646000000000E+01
 1.99412500000000E+03  -9.87086000000000E+01
 1.99420830000000E+03  -1.07583500000000E+02
 1.99429170000000E+03  -8.26116000000000E+01
 1.99437500000000E+03  -6.11788000000000E+01
 1.99445830000000E+03  -1.56691000000000E+01
 1.99454170000000E+03   1.11489000000000E+01
 1.99462500000000E+03   4.15817000000000E+01
 1.99470830000000E+03   7.03221000000000E+01
 1.99479170000000E+03   8.26785000000000E+01
 1.99487500000000E+03   7.70342000000000E+01
 1.99495830000000E+03   9.03900000000000E+01
 1.99504170000000E+03   8.02079000000000E+01
 1.99512500000000E+03   7.97943000000000E+01
 1.99520830000000E+03   7.46115000000000E+01
 1.99529170000000E+03   9.55832000000000E+01
 1.99537500000000E+03   8.80927000000000E+01
 1.99545830000000E+03   6.97560000000000E+01
 1.99554170000000E+03   1.65738000000000E+01
 1.99562500000000E+03  -4.76091000000000E+01
 1.99570830000000E+03  -1.16099700000000E+02
 1.99579170000000E+03  -1.59743600000000E+02
 1.99587500000000E+03  -1.92234200000000E+02
 1.99595830000000E+03  -1.83032500000000E+02
 1.99604170000000E+03  -1.69061000000000E+02
 1.99612500000000E+03  -1.80321000000000E+02
 1.99620830000000E+03  -2.01196300000000E+02
 1.99629170000000E+03  -1.79994100000000E+02
 1.99637500000000E+03  -1.78638700000000E+02
 1.99645830000000E+03  -1.88437200000000E+02
 1.99654170000000E+03  -1.79696600000000E+02
 1.99662500000000E+03  -1.46725900000000E+02
 1.99670830000000E+03  -9.92936000000000E+01
 1.99679170000000E+03  -5.95531000000000E+01
 1.99687500000000E+03  -4.28132000000000E+01
 1.99695830000000E+03  -3.61502000000000E+01
 1.99704170000000E+03  -5.44098000000000E+01
 1.99712500000000E+03  -7.57468000000000E+01
 1.99720830000000E+03  -5.15455000000000E+01
 1.99729170000000E+03  -1.43435000000000E+01
 1.99737500000000E+03  -2.25268000000000E+01
 1.99745830000000E+03  -5.04025000000000E+01
 1.99754170000000E+03  -4.46621000000000E+01
 1.99762500000000E+03  -2.29224000000000E+01
 1.99770830000000E+03  -1.94135000000000E+01
 1.99779170000000E+03  -5.97501000000000E+01
 1.99787500000000E+03  -7.90874000000000E+01
 1.99795830000000E+03  -7.99631000000000E+01
 1.99804170000000E+03  -5.50691000000000E+01
 1.99812500000000E+03  -2.44833000000000E+01
 1.99820830000000E+03  -9.35910000000000E+00
 1.99829170000000E+03  -2.49266000000000E+01
 1.99837500000000E+03  -1.66486000000000E+01
 1.99845830000000E+03  -1.29370000000000E+00
 1.99854170000000E+03   2.12156000000000E+01
 1.99862500000000E+03   3.18012000000000E+01
 1.99870830000000E+03   1.05407000000000E+01
 1.99879170000000E+03  -9.79620000000000E+00
 1.99887500000000E+03   1.78940000000000E+00
 1.99895830000000E+03   8.29800000000000E+00
 1.99904170000000E+03   1.97303000000000E+01
 1.99912500000000E+03   2.16200000000000E+00
 1.99920830000000E+03  -1.63295000000000E+01
 1.99929170000000E+03  -1.38203000000000E+01
 1.99937500000000E+03   1.53440000000000E+00
 1.99945830000000E+03   8.35060000000000E+00
 1.99954170000000E+03   2.17058000000000E+01
 1.99962500000000E+03   4.66758000000000E+01
 1.99970830000000E+03   5.51074000000000E+01
 1.99979170000000E+03   4.73087000000000E+01
 1.99987500000000E+03   3.82017000000000E+01
 1.99995830000000E+03   6.17101000000000E+01
 2.00004170000000E+03   7.10653000000000E+01
 2.00012500000000E+03   7.47274000000000E+01
 2.00020830000000E+03   7.86204000000000E+01
 2.00029170000000E+03   7.61293000000000E+01
 2.00037500000000E+03   6.97914000000000E+01
 2.00045830000000E+03   6.06843000000000E+01
 2.00054170000000E+03   3.48855000000000E+01
 2.00062500000000E+03  -7.76010000000000E+00
 2.00070830000000E+03  -6.04058000000000E+01
 2.00079170000000E+03  -9.56662000000000E+01
 2.00087500000000E+03  -9.70042000000000E+01
 2.00095830000000E+03  -8.09576000000000E+01
 2.00104170000000E+03  -8.86027000000000E+01
 2.00112500000000E+03  -8.21715000000000E+01
 2.00120830000000E+03  -8.49711000000000E+01
 2.00129170000000E+03  -7.89240000000000E+01
 2.00137500000000E+03  -4.31852000000000E+01
 2.00145830000000E+03  -3.96771000000000E+01
 2.00154170000000E+03  -3.11685000000000E+01
 2.00162500000000E+03   1.14933000000000E+01
 2.00170830000000E+03   5.72321000000000E+01
 2.00179170000000E+03   6.09714000000000E+01
 2.00187500000000E+03   6.31716000000000E+01
 2.00195830000000E+03   6.92949000000000E+01
 2.00204170000000E+03   7.87265000000000E+01
 2.00212500000000E+03   6.80805000000000E+01
 2.00220830000000E+03   4.82807000000000E+01
 2.00229170000000E+03   2.50199000000000E+01
 2.00237500000000E+03   9.89200000000000E-01
 2.00245830000000E+03  -5.80415000000000E+01
 2.00254170000000E+03  -5.72254000000000E+01
 2.00262500000000E+03  -7.29484000000000E+01
 2.00270830000000E+03  -1.29209900000000E+02
 2.00279170000000E+03  -1.75855500000000E+02
 2.00287500000000E+03  -1.68347800000000E+02
 2.00295830000000E+03  -1.55763200000000E+02
 2.00304170000000E+03  -1.50178000000000E+02
 2.00312500000000E+03  -1.68901100000000E+02
 2.00320830000000E+03  -1.50162800000000E+02
 2.00329170000000E+03  -1.35039200000000E+02
 2.00337500000000E+03  -1.16147000000000E+02
 2.00345830000000E+03  -7.98702000000000E+01
 2.00354170000000E+03  -3.89775000000000E+01
 2.00362500000000E+03  -3.20084000000000E+01
 2.00370830000000E+03  -4.25779000000000E+01
 2.00379170000000E+03  -4.29929000000000E+01
 2.00387500000000E+03  -3.66393000000000E+01
 2.00395830000000E+03  -2.70549000000000E+01
 2.00404170000000E+03  -1.35469000000000E+01
 2.00412500000000E+03  -1.98857000000000E+01
 2.00420830000000E+03   1.16010000000000E+00
 2.00429170000000E+03   3.51430000000000E+00
 2.00437500000000E+03   1.62524000000000E+01
 2.00445830000000E+03   5.27597000000000E+01
 2.00454170000000E+03   8.22676000000000E+01
 2.00462500000000E+03   8.47748000000000E+01
 2.00470830000000E+03   5.52821000000000E+01
 2.00479170000000E+03   4.90207000000000E+01
 2.00487500000000E+03   5.71433000000000E+01
 2.00495830000000E+03   7.00351000000000E+01
 2.00504170000000E+03   6.61582000000000E+01
 2.00512500000000E+03   6.78961000000000E+01
 2.00520830000000E+03   9.47879000000000E+01
 2.00529170000000E+03   8.89110000000000E+01
 2.00537500000000E+03   9.71104000000000E+01
 2.00545830000000E+03   7.77713000000000E+01
 2.00554170000000E+03   3.97405000000000E+01
 2.00562500000000E+03  -1.60602000000000E+01
 2.00570830000000E+03  -5.50916000000000E+01
 2.00579170000000E+03  -3.95071000000000E+01
 2.00587500000000E+03  -3.51540000000000E+01
 2.00595830000000E+03  -2.48009000000000E+01
 2.00604170000000E+03  -2.79088000000000E+01
 2.00612500000000E+03  -4.05557000000000E+01
 2.00620830000000E+03  -5.02027000000000E+01
 2.00629170000000E+03  -7.23875000000000E+01
 2.00637500000000E+03  -5.46499000000000E+01
 2.00645830000000E+03  -2.93738000000000E+01
 2.00654170000000E+03   1.81336000000000E+01
 2.00662500000000E+03   2.97173000000000E+01
 2.00670830000000E+03   4.47625000000000E+01
 2.00679170000000E+03   7.45006000000000E+01
 2.00687500000000E+03   8.29304000000000E+01
 2.00695830000000E+03   8.78218000000000E+01
 2.00704170000000E+03   9.00983000000000E+01
 2.00712500000000E+03   1.04451100000000E+02
 2.00720830000000E+03   1.40188500000000E+02
 2.00729170000000E+03   1.46311100000000E+02
 2.00737500000000E+03   1.62894700000000E+02
 2.00745830000000E+03   1.60401300000000E+02
 2.00754170000000E+03   1.33523800000000E+02
 2.00762500000000E+03   1.11568800000000E+02
 2.00770830000000E+03   1.21767700000000E+02
 2.00779170000000E+03   1.02274800000000E+02
 2.00787500000000E+03   8.23197000000000E+01
 2.00795830000000E+03   7.07493000000000E+01
 2.00804170000000E+03   8.17178000000000E+01
 2.00812500000000E+03   7.45320000000000E+01
 2.00820830000000E+03   5.44999000000000E+01
 2.00829170000000E+03   5.60838000000000E+01
 2.00837500000000E+03   6.64363000000000E+01
 2.00845830000000E+03   6.84042000000000E+01
 2.00854170000000E+03   4.76804000000000E+01
 2.00862500000000E+03   1.74175000000000E+01
 2.00870830000000E+03  -1.53839000000000E+01
 2.00879170000000E+03  -5.14155000000000E+01
 2.00887500000000E+03  -4.48324000000000E+01
 2.00895830000000E+03  -3.32492000000000E+01
 2.00904170000000E+03  -2.52809000000000E+01
 2.00912500000000E+03  -2.17747000000000E+01
 2.00920830000000E+03   2.11610000000000E+00
 2.00929170000000E+03   1.78536000000000E+01
 2.00937500000000E+03  -1.24095000000000E+01
 2.00945830000000E+03  -3.84419000000000E+01
 2.00954170000000E+03  -8.01659000000000E+01
 2.00962500000000E+03  -1.08890600000000E+02
 2.00970830000000E+03  -1.04076900000000E+02
 2.00979170000000E+03  -1.03493300000000E+02
 2.00987500000000E+03  -9.52181000000000E+01
 2.00995830000000E+03  -8.82506000000000E+01
 2.01004170000000E+03  -8.08209000000000E+01
 2.01012500000000E+03  -8.45458000000000E+01
 2.01020830000000E+03  -9.31168000000000E+01
 2.01029170000000E+03  -1.12994900000000E+02
 2.01037500000000E+03  -1.21719700000000E+02
 2.01045830000000E+03  -1.30444700000000E+02
 2.01054170000000E+03  -1.24707400000000E+02
 2.01062500000000E+03  -1.00893900000000E+02
 2.01070830000000E+03  -8.32343000000000E+01
 2.01079170000000E+03  -7.28817000000000E+01
 2.01087500000000E+03  -7.31452000000000E+01
 2.01095830000000E+03  -6.34087000000000E+01
 2.01104170000000E+03  -6.72100000000000E+01
 2.01112500000000E+03  -6.86274000000000E+01
 2.01120830000000E+03  -5.06602000000000E+01
 2.01129170000000E+03  -2.01539000000000E+01
 2.01137500000000E+03  -1.36483000000000E+01
 2.01145830000000E+03   3.68574000000000E+01
 2.01154170000000E+03   7.52097000000000E+01
 2.01162500000000E+03   7.14076000000000E+01
 2.01170830000000E+03   7.83747000000000E+01
 2.01179170000000E+03   8.43424000000000E+01
 2.01187500000000E+03   7.59248000000000E+01
 2.01195830000000E+03   8.31227000000000E+01
 2.01204170000000E+03   8.59364000000000E+01
 2.01212500000000E+03   9.06727000000000E+01
 2.01220830000000E+03   1.15178100000000E+02
 2.01229170000000E+03   1.16145700000000E+02
 2.01237500000000E+03   1.08343400000000E+02
 2.01245830000000E+03   8.80795000000000E+01
 2.01254170000000E+03   3.43547000000000E+01
 2.01262500000000E+03  -1.60140000000000E+00
 2.01270830000000E+03  -3.28654000000000E+01
 2.01279170000000E+03  -5.25902000000000E+01
 2.01287500000000E+03  -6.57003000000000E+01
 2.01295830000000E+03  -7.18874000000000E+01
 2.01304170000000E+03  -7.42277000000000E+01
 2.01312500000000E+03  -7.76455000000000E+01
 2.01320830000000E+03  -8.47557000000000E+01
 2.01329170000000E+03  -1.10634500000000E+02
 2.01337500000000E+03  -9.85909000000000E+01
 2.01345830000000E+03  -8.00088000000000E+01
 2.01354170000000E+03  -6.68877000000000E+01
 2.01362500000000E+03  -6.95365000000000E+01
 2.01370830000000E+03  -5.49545000000000E+01
 2.01379170000000E+03  -2.42180000000000E+01
 2.01387500000000E+03  -2.71745000000000E+01
 2.01395830000000E+03  -2.91310000000000E+01
 2.01404170000000E+03  -2.84716000000000E+01
 2.01412500000000E+03  -2.45820000000000E+01
 2.01420830000000E+03  -3.04616000000000E+01
 2.01429170000000E+03  -2.32638000000000E+01
 2.01437500000000E+03  -2.57588000000000E+01
 2.01445830000000E+03  -3.67924000000000E+01
 2.01454170000000E+03  -4.24408000000000E+01
 2.01462500000000E+03  -2.49359000000000E+01
 2.01470830000000E+03  -1.26618000000000E+01
 2.01479170000000E+03  -1.23102000000000E+01
 2.01487500000000E+03  -2.67000000000000E-01
 2.01495830000000E+03   3.33147000000000E+01
 2.01504170000000E+03   5.78201000000000E+01
 2.01512500000000E+03   6.75556000000000E+01
 2.01520830000000E+03   6.22911000000000E+01
 2.01529170000000E+03   6.25656000000000E+01
 2.01537500000000E+03   8.44549000000000E+01
 2.01545830000000E+03   1.37882700000000E+02
 2.01554170000000E+03   1.14541800000000E+02
 2.01562500000000E+03   1.05046400000000E+02
 2.01570830000000E+03   8.01664000000000E+01
 2.01579170000000E+03   6.83639000000000E+01
 2.01587500000000E+03   5.41761000000000E+01
 2.01595830000000E+03   2.94499000000000E+01
 2.01604170000000E+03   2.02627000000000E+01
 2.01612500000000E+03   2.63057000000000E+01
 2.01620830000000E+03   3.18102000000000E+01
 2.01629170000000E+03   1.46999000000000E+01
 2.01637500000000E+03   8.05040000000000E+00
 2.01645830000000E+03   6.93950000000000E+00
 2.01654170000000E+03  -9.17090000000000E+00
 2.01662500000000E+03  -1.38204000000000E+01
 2.01670830000000E+03  -3.20083000000000E+01
 2.01679170000000E+03  -2.40418000000000E+01
 2.01687500000000E+03  -3.01529000000000E+01
 2.01695830000000E+03  -1.45717000000000E+01
 2.01704170000000E+03   7.54860000000000E+00
 2.01712500000000E+03   1.01298000000000E+01
 2.01720830000000E+03  -5.82750000000000E+00
 2.01729170000000E+03  -7.63040000000000E+00
 2.01737500000000E+03   4.43354000000000E+01
 2.01745830000000E+03   8.79934000000000E+01
 2.01754170000000E+03   8.14213000000000E+01
 2.01762500000000E+03   3.86946000000000E+01
 2.01770830000000E+03   2.09680000000000E+01
 2.01779170000000E+03  -3.91190000000000E+00
 2.01787500000000E+03  -2.10232000000000E+01
 2.01795830000000E+03  -1.70576000000000E+01
 2.01804170000000E+03  -3.29376000000000E+01
 2.01812500000000E+03  -2.92028000000000E+01
 2.01820830000000E+03  -2.27757000000000E+01
 2.01829170000000E+03   5.49810000000000E+00
 2.01837500000000E+03   7.15590000000000E+00
 2.01845830000000E+03  -2.21863000000000E+01
 2.01854170000000E+03  -5.19126000000000E+01
 2.01862500000000E+03  -6.47164000000000E+01
 2.01870830000000E+03  -4.15202000000000E+01
 2.01879170000000E+03  -3.16311000000000E+01
 2.01887500000000E+03  -1.74349000000000E+01
 2.01895830000000E+03  -3.31570000000000E+00
 2.01904170000000E+03   2.41950000000000E+00
 2.01912500000000E+03   1.21540000000000E+01
 2.01920830000000E+03   1.50424000000000E+01
 2.01929170000000E+03   2.70060000000000E+00
 2.01937500000000E+03  -3.90265000000000E+01
 2.01945830000000E+03  -2.51382000000000E+01
 2.01954170000000E+03   1.81354000000000E+01
 2.01962500000000E+03   6.42544000000000E+01
 2.01970830000000E+03   8.87580000000000E+01
 2.01979170000000E+03   7.89546000000000E+01
 2.01987500000000E+03   1.04535100000000E+02
 2.01995830000000E+03   1.02577100000000E+02
 2.02004170000000E+03   1.16542800000000E+02
 2.02012500000000E+03   1.26354100000000E+02
 2.02020830000000E+03   1.37857600000000E+02
 2.02029170000000E+03   1.18284800000000E+02
 2.02037500000000E+03   1.45249800000000E+02
 2.02045830000000E+03   1.68214800000000E+02
 2.02054170000000E+03   1.37103500000000E+02
 2.02062500000000E+03   7.36069000000000E+01
 2.02070830000000E+03   2.61872000000000E+01
 2.02079170000000E+03   4.99890000000000E+00
 2.02087500000000E+03  -6.19010000000000E+00
 2.02095830000000E+03  -1.61483000000000E+01
 2.02104170000000E+03  -1.29520000000000E+01
 2.02112500000000E+03  -2.63718000000000E+01
 2.02120830000000E+03  -4.10993000000000E+01
 2.02129170000000E+03  -3.63647000000000E+01
 2.02137500000000E+03  -8.55370000000000E+00
 2.02145830000000E+03  -4.11274000000000E+01
 2.02154170000000E+03  -3.63929000000000E+01
 2.02162500000000E+03   1.44180000000000E+01
 2.02170830000000E+03   3.58443000000000E+01
 2.02179170000000E+03   2.59634000000000E+01
 2.02187500000000E+03   1.97742000000000E+01
 2.02195830000000E+03   3.57388000000000E+01
 2.02204170000000E+03   5.24733000000000E+01
 2.02212500000000E+03   6.22840000000000E+01
 2.02220830000000E+03   4.28640000000000E+01
 2.02229170000000E+03   6.79830000000000E+01
 2.02237500000000E+03   5.63322000000000E+01
 2.02245830000000E+03   2.89890000000000E+01
 2.02254170000000E+03   5.53387000000000E+01
 2.02262500000000E+03   6.22263000000000E+01
 2.02270830000000E+03   2.94215000000000E+01
 2.02279170000000E+03   6.54040000000000E+00
 2.02287500000000E+03   8.12020000000000E+00
 2.02295830000000E+03  -6.93000000000000E-02
 2.02304170000000E+03   1.20340000000000E+00
 2.02312500000000E+03   4.78320000000000E+00
 2.02320830000000E+03   1.42860000000000E+01
 2.02329170000000E+03   4.54047000000000E+01
 2.02337500000000E+03   1.61383000000000E+01
 2.02345830000000E+03   1.03333000000000E+01
 2.02354170000000E+03   3.15289000000000E+01
 2.02362500000000E+03   3.24932000000000E+01
 2.02370830000000E+03   1.99590000000000E+00
 2.02379170000000E+03  -1.12701000000000E+01
 2.02387500000000E+03  -8.45980000000000E+00
 2.02395830000000E+03   1.42750000000000E+00
 2.02404170000000E+03   1.96230000000000E+01
 2.02412500000000E+03   2.45871000000000E+01
 2.02420830000000E+03   1.17820000000000E+01
 2.02429170000000E+03   9.28510000000000E+00
 2.02437500000000E+03   1.35568000000000E+01
 2.02445830000000E+03   4.50593000000000E+01
 2.02454170000000E+03   5.38958000000000E+01
 2.02462500000000E+03   4.50649000000000E+01
 2.02470830000000E+03   1.98673000000000E+01
 2.02479170000000E+03   4.16259000000000E+01
 2.02487500000000E+03   6.43227000000000E+01
 2.02495830000000E+03   1.12218000000000E+02
