 1.88904170000000E+03  -1.14027900000000E+02
 1.88912500000000E+03  -7.91571000000000E+01
 1.88920830000000E+03  -6.52785000000000E+01
 1.88929170000000E+03  -6.40940000000000E+01
 1.88937500000000E+03  -6.57787000000000E+01
 1.88945830000000E+03  -6.71151000000000E+01
 1.88954170000000E+03  -5.51062000000000E+01
 1.88962500000000E+03  -5.77773000000000E+01
 1.88970830000000E+03  -7.42948000000000E+01
 1.88979170000000E+03  -6.77349000000000E+01
 1.88987500000000E+03  -6.65603000000000E+01
 1.88995830000000E+03  -3.69243000000000E+01
 1.89004170000000E+03  -1.49802000000000E+01
 1.89012500000000E+03  -1.07290000000000E+01
 1.89020830000000E+03  -2.34011000000000E+01
 1.89029170000000E+03  -7.61120000000000E+00
 1.89037500000000E+03   3.56270000000000E+00
 1.89045830000000E+03  -4.49440000000000E+00
 1.89054170000000E+03  -1.25510000000000E+01
 1.89062500000000E+03  -2.36852000000000E+01
 1.89070830000000E+03  -1.63580000000000E+01
 1.89079170000000E+03  -3.13381000000000E+01
 1.89087500000000E+03  -3.63189000000000E+01
 1.89095830000000E+03  -3.66844000000000E+01
 1.89104170000000E+03  -4.62802000000000E+01
 1.89112500000000E+03  -4.97229000000000E+01
 1.89120830000000E+03  -4.85503000000000E+01
 1.89129170000000E+03  -4.73773000000000E+01
 1.89137500000000E+03  -7.62050000000000E+01
 1.89145830000000E+03  -7.96481000000000E+01
 1.89154170000000E+03  -5.92448000000000E+01
 1.89162500000000E+03  -4.26882000000000E+01
 1.89170830000000E+03  -6.38240000000000E+01
 1.89179170000000E+03  -7.49595000000000E+01
 1.89187500000000E+03  -5.68648000000000E+01
 1.89195830000000E+03  -4.64626000000000E+01
 1.89204170000000E+03  -2.29831000000000E+01
 1.89212500000000E+03  -1.41195000000000E+01
 1.89220830000000E+03  -1.44869000000000E+01
 1.89229170000000E+03  -2.33155000000000E+01
 1.89237500000000E+03  -3.90677000000000E+01
 1.89245830000000E+03  -2.78970000000000E+01
 1.89254170000000E+03  -4.28798000000000E+01
 1.89262500000000E+03  -6.01708000000000E+01
 1.89270830000000E+03  -5.82313000000000E+01
 1.89279170000000E+03  -3.55221000000000E+01
 1.89287500000000E+03  -3.97366000000000E+01
 1.89295830000000E+03  -3.85667000000000E+01
 1.89304170000000E+03  -4.04733000000000E+01
 1.89312500000000E+03  -4.54574000000000E+01
 1.89320830000000E+03  -2.96724000000000E+01
 1.89329170000000E+03  -1.61948000000000E+01
 1.89337500000000E+03   6.51300000000000E+00
 1.89345830000000E+03   3.22976000000000E+01
 1.89354170000000E+03   3.03902000000000E+01
 1.89362500000000E+03   6.92515000000000E+01
 1.89370830000000E+03   8.81126000000000E+01
 1.89379170000000E+03   6.31279000000000E+01
 1.89387500000000E+03   5.27580000000000E+01
 1.89395830000000E+03   5.93111000000000E+01
 1.89404170000000E+03   6.12491000000000E+01
 1.89412500000000E+03   7.08789000000000E+01
 1.89420830000000E+03   7.20469000000000E+01
 1.89429170000000E+03   4.24461000000000E+01
 1.89437500000000E+03   2.59217000000000E+01
 1.89445830000000E+03   1.40124000000000E+01
 1.89454170000000E+03  -9.73400000000000E-01
 1.89462500000000E+03  -2.36521000000000E+01
 1.89470830000000E+03  -6.01771000000000E+01
 1.89479170000000E+03  -6.90094000000000E+01
 1.89487500000000E+03  -6.39962000000000E+01
 1.89495830000000E+03  -6.20600000000000E+01
 1.89504170000000E+03  -4.78158000000000E+01
 1.89512500000000E+03  -4.20337000000000E+01
 1.89520830000000E+03  -3.47133000000000E+01
 1.89529170000000E+03  -2.81618000000000E+01
 1.89537500000000E+03  -1.08417000000000E+01
 1.89545830000000E+03  -1.04447000000000E+01
 1.89554170000000E+03  -2.00474000000000E+01
 1.89562500000000E+03  -8.11220000000000E+00
 1.89570830000000E+03   1.45920000000000E+01
 1.89579170000000E+03   1.57582000000000E+01
 1.89587500000000E+03   1.38468000000000E+01
 1.89595830000000E+03   2.73199000000000E+01
 1.89604170000000E+03   4.69472000000000E+01
 1.89612500000000E+03   4.19586000000000E+01
 1.89620830000000E+03   3.23544000000000E+01
 1.89629170000000E+03   1.65967000000000E+01
 1.89637500000000E+03   8.38400000000000E-01
 1.89645830000000E+03  -1.95354000000000E+01
 1.89654170000000E+03  -4.06780000000000E+01
 1.89662500000000E+03  -4.56675000000000E+01
 1.89670830000000E+03  -6.29647000000000E+01
 1.89679170000000E+03  -7.02616000000000E+01
 1.89687500000000E+03  -6.83283000000000E+01
 1.89695830000000E+03  -7.17798000000000E+01
 1.89704170000000E+03  -6.36925000000000E+01
 1.89712500000000E+03  -7.32980000000000E+01
 1.89720830000000E+03  -6.98268000000000E+01
 1.89729170000000E+03  -6.25091000000000E+01
 1.89737500000000E+03  -6.67304000000000E+01
 1.89745830000000E+03  -5.78749000000000E+01
 1.89754170000000E+03  -3.44037000000000E+01
 1.89762500000000E+03   8.29760000000000E+00
 1.89770830000000E+03   1.56143000000000E+01
 1.89779170000000E+03   1.29312000000000E+01
 1.89787500000000E+03   7.17070000000000E+00
 1.89795830000000E+03   8.33310000000000E+00
 1.89804170000000E+03   3.18035000000000E+01
 1.89812500000000E+03   3.45041000000000E+01
 1.89820830000000E+03   4.56662000000000E+01
 1.89829170000000E+03   3.06747000000000E+01
 1.89837500000000E+03   2.49134000000000E+01
 1.89845830000000E+03   5.53058000000000E+01
 1.89854170000000E+03   7.26216000000000E+01
 1.89862500000000E+03   6.76292000000000E+01
 1.89870830000000E+03   4.95597000000000E+01
 1.89879170000000E+03   5.68752000000000E+01
 1.89887500000000E+03   5.88054000000000E+01
 1.89895830000000E+03   7.15048000000000E+01
 1.89904170000000E+03   6.95891000000000E+01
 1.89912500000000E+03   6.07497000000000E+01
 1.89920830000000E+03   6.65256000000000E+01
 1.89929170000000E+03   7.23018000000000E+01
 1.89937500000000E+03   1.07308300000000E+02
 1.89945830000000E+03   1.23083800000000E+02
 1.89954170000000E+03   8.42443000000000E+01
 1.89962500000000E+03   4.46349000000000E+01
 1.89970830000000E+03   2.34870000000000E+01
 1.89979170000000E+03   2.33940000000000E+00
 1.89987500000000E+03  -6.50110000000000E+00
 1.89995830000000E+03  -3.03400000000000E+00
 1.90004170000000E+03   4.33400000000000E-01
 1.90012500000000E+03   8.51560000000000E+00
 1.90020830000000E+03   1.98230000000000E+00
 1.90029170000000E+03   6.21860000000000E+00
 1.90037500000000E+03  -1.26227000000000E+01
 1.90045830000000E+03  -3.06948000000000E+01
 1.90054170000000E+03  -4.79974000000000E+01
 1.90062500000000E+03  -3.29929000000000E+01
 1.90070830000000E+03  -3.41423000000000E+01
 1.90079170000000E+03  -3.06760000000000E+01
 1.90087500000000E+03  -3.72104000000000E+01
 1.90095830000000E+03  -4.14371000000000E+01
 1.90104170000000E+03  -4.41251000000000E+01
 1.90112500000000E+03  -5.29674000000000E+01
 1.90120830000000E+03  -6.56561000000000E+01
 1.90129170000000E+03  -7.29598000000000E+01
 1.90137500000000E+03  -8.79564000000000E+01
 1.90145830000000E+03  -7.37224000000000E+01
 1.90154170000000E+03  -6.25649000000000E+01
 1.90162500000000E+03  -5.75619000000000E+01
 1.90170830000000E+03  -6.71744000000000E+01
 1.90179170000000E+03  -7.14019000000000E+01
 1.90187500000000E+03  -7.10147000000000E+01
 1.90195830000000E+03  -5.75506000000000E+01
 1.90204170000000E+03  -4.48555000000000E+01
 1.90212500000000E+03  -2.21609000000000E+01
 1.90220830000000E+03  -8.69720000000000E+00
 1.90229170000000E+03   1.51400000000000E-01
 1.90237500000000E+03   2.84560000000000E+00
 1.90245830000000E+03  -1.29219000000000E+01
 1.90254170000000E+03  -1.86890000000000E+01
 1.90262500000000E+03  -9.07220000000000E+00
 1.90270830000000E+03   2.08310000000000E+00
 1.90279170000000E+03   2.78540000000000E+01
 1.90287500000000E+03   4.82398000000000E+01
 1.90295830000000E+03   5.32408000000000E+01
 1.90304170000000E+03   6.67036000000000E+01
 1.90312500000000E+03   8.24736000000000E+01
 1.90320830000000E+03   8.51665000000000E+01
 1.90329170000000E+03   8.01675000000000E+01
 1.90337500000000E+03   9.13217000000000E+01
 1.90345830000000E+03   9.24758000000000E+01
 1.90354170000000E+03   9.36302000000000E+01
 1.90362500000000E+03   8.09379000000000E+01
 1.90370830000000E+03   2.74762000000000E+01
 1.90379170000000E+03   9.38000000000000E-01
 1.90387500000000E+03  -1.79086000000000E+01
 1.90395830000000E+03  -1.59860000000000E+01
 1.90404170000000E+03   2.86000000000000E+00
 1.90412500000000E+03   1.09361000000000E+01
 1.90420830000000E+03  -1.63724000000000E+01
 1.90429170000000E+03  -3.67576000000000E+01
 1.90437500000000E+03  -3.02203000000000E+01
 1.90445830000000E+03  -1.98369000000000E+01
 1.90454170000000E+03  -4.06860000000000E+00
 1.90462500000000E+03   2.55452000000000E+01
 1.90470830000000E+03   1.74667000000000E+01
 1.90479170000000E+03   3.16961000000000E+01
 1.90487500000000E+03   3.82327000000000E+01
 1.90495830000000E+03   2.93845000000000E+01
 1.90504170000000E+03   3.59213000000000E+01
 1.90512500000000E+03   3.47652000000000E+01
 1.90520830000000E+03   3.20704000000000E+01
 1.90529170000000E+03   4.70684000000000E+01
 1.90537500000000E+03   4.51426000000000E+01
 1.90545830000000E+03   4.70629000000000E+01
 1.90554170000000E+03   3.82143000000000E+01
 1.90562500000000E+03   3.55190000000000E+01
 1.90570830000000E+03   3.28235000000000E+01
 1.90579170000000E+03   4.24361000000000E+01
 1.90587500000000E+03   3.97404000000000E+01
 1.90595830000000E+03   4.62753000000000E+01
 1.90604170000000E+03   6.43490000000000E+01
 1.90612500000000E+03   6.78068000000000E+01
 1.90620830000000E+03   5.81875000000000E+01
 1.90629170000000E+03   3.93377000000000E+01
 1.90637500000000E+03   1.89490000000000E+01
 1.90645830000000E+03   4.08678000000000E+01
 1.90654170000000E+03   3.35561000000000E+01
 1.90662500000000E+03   1.93208000000000E+01
 1.90670830000000E+03   1.50854000000000E+01
 1.90679170000000E+03  -1.06882000000000E+01
 1.90687500000000E+03  -7.23160000000000E+00
 1.90695830000000E+03   8.40300000000000E-01
 1.90704170000000E+03   7.37400000000000E+00
 1.90712500000000E+03   2.15995000000000E+01
 1.90720830000000E+03   2.81325000000000E+01
 1.90729170000000E+03   2.31274000000000E+01
 1.90737500000000E+03   1.50448000000000E+01
 1.90745830000000E+03   1.38852000000000E+01
 1.90754170000000E+03  -6.50490000000000E+00
 1.90762500000000E+03   9.25830000000000E+00
 1.90770830000000E+03  -4.20940000000000E+00
 1.90779170000000E+03  -3.30614000000000E+01
 1.90787500000000E+03  -3.34525000000000E+01
 1.90795830000000E+03  -3.99975000000000E+01
 1.90804170000000E+03  -4.26960000000000E+01
 1.90812500000000E+03  -4.38567000000000E+01
 1.90820830000000E+03  -5.57867000000000E+01
 1.90829170000000E+03  -8.15626000000000E+01
 1.90837500000000E+03  -9.04159000000000E+01
 1.90845830000000E+03  -7.08078000000000E+01
 1.90854170000000E+03  -6.04302000000000E+01
 1.90862500000000E+03  -5.69762000000000E+01
 1.90870830000000E+03  -9.50608000000000E+01
 1.90879170000000E+03  -9.39144000000000E+01
 1.90887500000000E+03  -8.04608000000000E+01
 1.90895830000000E+03  -7.08534000000000E+01
 1.90904170000000E+03  -5.43227000000000E+01
 1.90912500000000E+03  -2.85618000000000E+01
 1.90920830000000E+03  -2.97241000000000E+01
 1.90929170000000E+03  -3.85784000000000E+01
 1.90937500000000E+03  -2.12794000000000E+01
 1.90945830000000E+03  -4.74980000000000E+00
 1.90954170000000E+03   1.33187000000000E+01
 1.90962500000000E+03   2.13865000000000E+01
 1.90970830000000E+03   1.86850000000000E+01
 1.90979170000000E+03   2.98300000000000E+01
 1.90987500000000E+03   4.17436000000000E+01
 1.90995830000000E+03   4.21186000000000E+01
 1.91004170000000E+03   5.01863000000000E+01
 1.91012500000000E+03   4.36380000000000E+01
 1.91020830000000E+03   1.93973000000000E+01
 1.91029170000000E+03   1.36184000000000E+01
 1.91037500000000E+03   1.63005000000000E+01
 1.91045830000000E+03   5.20900000000000E-01
 1.91054170000000E+03   4.81860000000000E+00
 1.91062500000000E+03  -8.19200000000000E+00
 1.91070830000000E+03  -1.17411000000000E+01
 1.91079170000000E+03  -1.41361000000000E+01
 1.91087500000000E+03  -1.26087000000000E+01
 1.91095830000000E+03  -1.83121000000000E+01
 1.91104170000000E+03  -4.24590000000000E+00
 1.91112500000000E+03  -1.36419000000000E+01
 1.91120830000000E+03  -5.76400000000000E-01
 1.91129170000000E+03   8.25860000000000E+00
 1.91137500000000E+03   2.64007000000000E+01
 1.91145830000000E+03   1.77735000000000E+01
 1.91154170000000E+03   1.52235000000000E+01
 1.91162500000000E+03   1.59600000000000E+00
 1.91170830000000E+03  -1.31085000000000E+01
 1.91179170000000E+03  -1.45050000000000E+01
 1.91187500000000E+03  -9.90210000000000E+00
 1.91195830000000E+03   1.77760000000000E+00
 1.91204170000000E+03   3.07300000000000E+00
 1.91212500000000E+03   3.75240000000000E+00
 1.91220830000000E+03   1.85856000000000E+01
 1.91229170000000E+03   2.34220000000000E+00
 1.91237500000000E+03   6.94430000000000E+00
 1.91245830000000E+03   1.83156000000000E+01
 1.91254170000000E+03   3.20718000000000E+01
 1.91262500000000E+03   4.29812000000000E+01
 1.91270830000000E+03   6.81983000000000E+01
 1.91279170000000E+03   7.53387000000000E+01
 1.91287500000000E+03   6.02478000000000E+01
 1.91295830000000E+03   6.58491000000000E+01
 1.91304170000000E+03   6.93737000000000E+01
 1.91312500000000E+03   8.84363000000000E+01
 1.91320830000000E+03   7.10372000000000E+01
 1.91329170000000E+03   4.55615000000000E+01
 1.91337500000000E+03   6.37006000000000E+01
 1.91345830000000E+03   9.66857000000000E+01
 1.91354170000000E+03   8.72096000000000E+01
 1.91362500000000E+03   9.81176000000000E+01
 1.91370830000000E+03   1.00640800000000E+02
 1.91379170000000E+03   7.57797000000000E+01
 1.91387500000000E+03   7.97642000000000E+01
 1.91395830000000E+03   8.73639000000000E+01
 1.91404170000000E+03   8.08871000000000E+01
 1.91412500000000E+03   7.41020000000000E+01
 1.91420830000000E+03   6.49321000000000E+01
 1.91429170000000E+03   7.71472000000000E+01
 1.91437500000000E+03   7.40540000000000E+01
 1.91445830000000E+03   6.83453000000000E+01
 1.91454170000000E+03   2.45600000000000E+01
 1.91462500000000E+03  -2.37970000000000E+00
 1.91470830000000E+03  -3.06272000000000E+01
 1.91479170000000E+03  -3.50283000000000E+01
 1.91487500000000E+03  -3.47376000000000E+01
 1.91495830000000E+03  -3.97547000000000E+01
 1.91504170000000E+03  -3.02331000000000E+01
 1.91512500000000E+03  -1.84812000000000E+01
 1.91520830000000E+03  -1.25757000000000E+01
 1.91529170000000E+03  -3.08236000000000E+01
 1.91537500000000E+03  -4.06106000000000E+01
 1.91545830000000E+03  -1.80131000000000E+01
 1.91554170000000E+03  -1.24153000000000E+01
 1.91562500000000E+03   3.48960000000000E+00
 1.91570830000000E+03  -8.75950000000000E+00
 1.91579170000000E+03  -8.08510000000000E+00
 1.91587500000000E+03  -1.51805000000000E+01
 1.91595830000000E+03  -1.27377000000000E+01
 1.91604170000000E+03  -8.52520000000000E+00
 1.91612500000000E+03  -4.08260000000000E+00
 1.91620830000000E+03  -9.87080000000000E+00
 1.91629170000000E+03  -1.06588000000000E+01
 1.91637500000000E+03   4.55270000000000E+00
 1.91645830000000E+03   1.11487000000000E+01
 1.91654170000000E+03  -5.17810000000000E+00
 1.91662500000000E+03  -3.55055000000000E+01
 1.91670830000000E+03  -6.72945000000000E+01
 1.91679170000000E+03  -5.10062000000000E+01
 1.91687500000000E+03  -5.11032000000000E+01
 1.91695830000000E+03  -5.31234000000000E+01
 1.91704170000000E+03  -5.67586000000000E+01
 1.91712500000000E+03  -6.83175000000000E+01
 1.91720830000000E+03  -6.90303000000000E+01
 1.91729170000000E+03  -5.49736000000000E+01
 1.91737500000000E+03  -4.69944000000000E+01
 1.91745830000000E+03  -1.40923000000000E+01
 1.91754170000000E+03   3.48700000000000E-01
 1.91762500000000E+03   1.24044000000000E+01
 1.91770830000000E+03   1.23062000000000E+01
 1.91779170000000E+03   1.05929000000000E+01
 1.91787500000000E+03  -1.27363000000000E+01
 1.91795830000000E+03  -9.88800000000000E-01
 1.91804170000000E+03   1.71437000000000E+01
 1.91812500000000E+03   2.85833000000000E+01
 1.91820830000000E+03   5.34074000000000E+01
 1.91829170000000E+03   5.69242000000000E+01
 1.91837500000000E+03   3.64403000000000E+01
 1.91845830000000E+03   2.07256000000000E+01
 1.91854170000000E+03  -1.60658000000000E+01
 1.91862500000000E+03  -4.43961000000000E+01
 1.91870830000000E+03  -6.59574000000000E+01
 1.91879170000000E+03  -5.77491000000000E+01
 1.91887500000000E+03  -5.43107000000000E+01
 1.91895830000000E+03  -2.37185000000000E+01
 1.91904170000000E+03  -2.06644000000000E+01
 1.91912500000000E+03  -7.68780000000000E+00
 1.91920830000000E+03  -3.63450000000000E+00
 1.91929170000000E+03  -8.65770000000000E+00
 1.91937500000000E+03  -3.76046000000000E+01
 1.91945830000000E+03  -3.25516000000000E+01
 1.91954170000000E+03  -2.31907000000000E+01
 1.91962500000000E+03  -9.98410000000000E+00
 1.91970830000000E+03   1.24531000000000E+01
 1.91979170000000E+03   2.29676000000000E+01
 1.91987500000000E+03   3.04815000000000E+01
 1.91995830000000E+03   4.66876000000000E+01
 1.92004170000000E+03   4.57401000000000E+01
 1.92012500000000E+03   4.92536000000000E+01
 1.92020830000000E+03   2.92285000000000E+01
 1.92029170000000E+03  -6.42400000000000E-01
 1.92037500000000E+03  -2.64369000000000E+01
 1.92045830000000E+03  -3.15393000000000E+01
 1.92054170000000E+03  -2.08722000000000E+01
 1.92062500000000E+03  -2.55132000000000E+01
 1.92070830000000E+03  -2.91545000000000E+01
 1.92079170000000E+03  -3.31031000000000E+01
 1.92087500000000E+03  -3.57445000000000E+01
 1.92095830000000E+03  -3.50784000000000E+01
 1.92104170000000E+03  -2.14889000000000E+01
 1.92112500000000E+03  -1.08231000000000E+01
 1.92120830000000E+03  -9.38810000000000E+00
 1.92129170000000E+03   2.35480000000000E+00
 1.92137500000000E+03   2.82510000000000E+01
 1.92145830000000E+03   4.80702000000000E+01
 1.92154170000000E+03   8.75820000000000E+01
 1.92162500000000E+03   5.97856000000000E+01
 1.92170830000000E+03   5.96813000000000E+01
 1.92179170000000E+03   4.38081000000000E+01
 1.92187500000000E+03   3.90882000000000E+01
 1.92195830000000E+03   5.83682000000000E+01
 1.92204170000000E+03   6.41870000000000E+01
 1.92212500000000E+03   6.41590000000000E+01
 1.92220830000000E+03   5.61309000000000E+01
 1.92229170000000E+03   3.79492000000000E+01
 1.92237500000000E+03   2.99209000000000E+01
 1.92245830000000E+03   3.98155000000000E+01
 1.92254170000000E+03   4.42489000000000E+01
 1.92262500000000E+03   3.03740000000000E+01
 1.92270830000000E+03   1.54221000000000E+01
 1.92279170000000E+03  -1.76834000000000E+01
 1.92287500000000E+03  -1.09433000000000E+01
 1.92295830000000E+03   4.18130000000000E+00
 1.92304170000000E+03   4.84470000000000E+00
 1.92312500000000E+03   1.70460000000000E+01
 1.92320830000000E+03   1.84010000000000E+01
 1.92329170000000E+03   3.74486000000000E+01
 1.92337500000000E+03   7.29572000000000E+01
 1.92345830000000E+03   7.82349000000000E+01
 1.92354170000000E+03   5.46668000000000E+01
 1.92362500000000E+03   4.46365000000000E+01
 1.92370830000000E+03   3.37600000000000E+01
 1.92379170000000E+03   6.04992000000000E+01
 1.92387500000000E+03   8.10070000000000E+01
 1.92395830000000E+03   8.48994000000000E+01
 1.92404170000000E+03   8.46382000000000E+01
 1.92412500000000E+03   7.63764000000000E+01
 1.92420830000000E+03   5.86530000000000E+01
 1.92429170000000E+03   4.65452000000000E+01
 1.92437500000000E+03   2.66677000000000E+01
 1.92445830000000E+03  -2.28690000000000E+00
 1.92454170000000E+03   1.36050000000000E+01
 1.92462500000000E+03   3.90348000000000E+01
 1.92470830000000E+03   3.18491000000000E+01
 1.92479170000000E+03   3.05867000000000E+01
 1.92487500000000E+03   1.93238000000000E+01
 1.92495830000000E+03   3.09070000000000E+01
 1.92504170000000E+03   3.05673000000000E+01
 1.92512500000000E+03   2.30733000000000E+01
 1.92520830000000E+03   3.94253000000000E+01
 1.92529170000000E+03   5.10852000000000E+01
 1.92537500000000E+03   5.46677000000000E+01
 1.92545830000000E+03   5.97886000000000E+01
 1.92554170000000E+03   5.93712000000000E+01
 1.92562500000000E+03   1.85688000000000E+01
 1.92570830000000E+03   4.99690000000000E+00
 1.92579170000000E+03   3.34840000000000E+00
 1.92587500000000E+03   8.53300000000000E-01
 1.92595830000000E+03   1.01272000000000E+01
 1.92604170000000E+03   3.70910000000000E+00
 1.92612500000000E+03   1.34443000000000E+01
 1.92620830000000E+03   2.31025000000000E+01
 1.92629170000000E+03   1.41456000000000E+01
 1.92637500000000E+03   1.41880000000000E+00
 1.92645830000000E+03   1.38430000000000E+00
 1.92654170000000E+03   3.73470000000000E+00
 1.92662500000000E+03   2.93070000000000E+00
 1.92670830000000E+03   1.02035000000000E+01
 1.92679170000000E+03   8.86120000000000E+00
 1.92687500000000E+03   2.58261000000000E+01
 1.92695830000000E+03   4.94831000000000E+01
 1.92704170000000E+03   5.88327000000000E+01
 1.92712500000000E+03   6.65664000000000E+01
 1.92720830000000E+03   6.64539000000000E+01
 1.92729170000000E+03   6.61877000000000E+01
 1.92737500000000E+03   6.96903000000000E+01
 1.92745830000000E+03   5.38850000000000E+01
 1.92754170000000E+03   4.65416000000000E+01
 1.92762500000000E+03   3.95822000000000E+01
 1.92770830000000E+03   1.29304000000000E+01
 1.92779170000000E+03   1.81740000000000E+00
 1.92787500000000E+03  -1.56808000000000E+01
 1.92795830000000E+03  -1.67176000000000E+01
 1.92804170000000E+03  -8.83100000000000E+00
 1.92812500000000E+03   5.36270000000000E+00
 1.92820830000000E+03   1.02486000000000E+01
 1.92829170000000E+03   1.04425000000000E+01
 1.92837500000000E+03   3.71280000000000E+00
 1.92845830000000E+03   2.13680000000000E+00
 1.92854170000000E+03   9.17650000000000E+00
 1.92862500000000E+03  -1.90921000000000E+01
 1.92870830000000E+03  -3.89762000000000E+01
 1.92879170000000E+03  -1.67830000000000E+01
 1.92887500000000E+03  -3.12890000000000E+00
 1.92895830000000E+03   1.57559000000000E+01
 1.92904170000000E+03   1.92563000000000E+01
 1.92912500000000E+03   3.83320000000000E+00
 1.92920830000000E+03  -6.05170000000000E+00
 1.92929170000000E+03   1.21760000000000E+00
 1.92937500000000E+03   2.56330000000000E+00
 1.92945830000000E+03   3.98580000000000E+00
 1.92954170000000E+03   4.71630000000000E+00
 1.92962500000000E+03   2.36930000000000E+00
 1.92970830000000E+03   2.30222000000000E+01
 1.92979170000000E+03   2.09061000000000E+01
 1.92987500000000E+03   1.13279000000000E+01
 1.92995830000000E+03   7.13430000000000E+00
 1.93004170000000E+03   8.32550000000000E+00
 1.93012500000000E+03   1.02085000000000E+01
 1.93020830000000E+03  -2.37010000000000E+00
 1.93029170000000E+03  -7.56390000000000E+00
 1.93037500000000E+03   4.54960000000000E+00
 1.93045830000000E+03  -1.10640000000000E+00
 1.93054170000000E+03  -5.45440000000000E+00
 1.93062500000000E+03  -3.03413000000000E+01
 1.93070830000000E+03  -3.09977000000000E+01
 1.93079170000000E+03  -3.27306000000000E+01
 1.93087500000000E+03  -2.66949000000000E+01
 1.93095830000000E+03  -1.18131000000000E+01
 1.93104170000000E+03   9.06890000000000E+00
 1.93112500000000E+03   8.71960000000000E+00
 1.93120830000000E+03   2.83180000000000E+00
 1.93129170000000E+03   2.30211000000000E+01
 1.93137500000000E+03   2.31330000000000E+01
 1.93145830000000E+03  -1.75520000000000E+00
 1.93154170000000E+03   1.53568000000000E+01
 1.93162500000000E+03   1.94684000000000E+01
 1.93170830000000E+03   2.39644000000000E+01
 1.93179170000000E+03   2.99991000000000E+01
 1.93187500000000E+03   3.23410000000000E+01
 1.93195830000000E+03   4.17597000000000E+01
 1.93204170000000E+03   4.42556000000000E+01
 1.93212500000000E+03   3.93664000000000E+01
 1.93220830000000E+03   4.51694000000000E+01
 1.93229170000000E+03   5.45110000000000E+01
 1.93237500000000E+03   4.33907000000000E+01
 1.93245830000000E+03   4.47317000000000E+01
 1.93254170000000E+03   3.42268000000000E+01
 1.93262500000000E+03   1.49522000000000E+01
 1.93270830000000E+03  -9.78400000000000E+00
 1.93279170000000E+03   3.63380000000000E+00
 1.93287500000000E+03  -9.48900000000000E-01
 1.93295830000000E+03  -4.53170000000000E+00
 1.93304170000000E+03   1.19350000000000E+00
 1.93312500000000E+03   1.45335000000000E+01
 1.93320830000000E+03   5.87340000000000E+00
 1.93329170000000E+03  -1.21710000000000E+01
 1.93337500000000E+03  -3.49083000000000E+01
 1.93345830000000E+03  -5.11842000000000E+01
 1.93354170000000E+03  -5.88444000000000E+01
 1.93362500000000E+03  -3.96590000000000E+01
 1.93370830000000E+03  -3.90121000000000E+01
 1.93379170000000E+03  -5.12881000000000E+01
 1.93387500000000E+03  -6.04877000000000E+01
 1.93395830000000E+03  -4.93028000000000E+01
 1.93404170000000E+03  -3.37330000000000E+01
 1.93412500000000E+03  -2.73945000000000E+01
 1.93420830000000E+03  -4.39792000000000E+01
 1.93429170000000E+03  -2.36405000000000E+01
 1.93437500000000E+03  -3.84080000000000E+00
 1.93445830000000E+03   2.26640000000000E+00
 1.93454170000000E+03   7.75850000000000E+00
 1.93462500000000E+03   2.30963000000000E+01
 1.93470830000000E+03   5.81850000000000E+00
 1.93479170000000E+03   5.46410000000000E+00
 1.93487500000000E+03   1.91092000000000E+01
 1.93495830000000E+03   2.03695000000000E+01
 1.93504170000000E+03   3.04763000000000E+01
 1.93512500000000E+03   3.87363000000000E+01
 1.93520830000000E+03   3.73040000000000E+01
 1.93529170000000E+03   6.11027000000000E+01
 1.93537500000000E+03   5.11316000000000E+01
 1.93545830000000E+03   4.68527000000000E+01
 1.93554170000000E+03   5.52664000000000E+01
 1.93562500000000E+03   5.91411000000000E+01
 1.93570830000000E+03   2.60926000000000E+01
 1.93579170000000E+03   2.38905000000000E+01
 1.93587500000000E+03   4.68790000000000E+00
 1.93595830000000E+03   1.06391000000000E+01
 1.93604170000000E+03   1.38981000000000E+01
 1.93612500000000E+03   6.77210000000000E+00
 1.93620830000000E+03  -4.73870000000000E+00
 1.93629170000000E+03  -7.63380000000000E+00
 1.93637500000000E+03  -1.98372000000000E+01
 1.93645830000000E+03  -1.25791000000000E+01
 1.93654170000000E+03  -1.76285000000000E+01
 1.93662500000000E+03  -4.41399000000000E+01
 1.93670830000000E+03  -5.29592000000000E+01
 1.93679170000000E+03  -5.10089000000000E+01
 1.93687500000000E+03  -5.82899000000000E+01
 1.93695830000000E+03  -4.71096000000000E+01
 1.93704170000000E+03  -3.28520000000000E+01
 1.93712500000000E+03  -3.16719000000000E+01
 1.93720830000000E+03  -2.81842000000000E+01
 1.93729170000000E+03  -3.08500000000000E+01
 1.93737500000000E+03  -3.42857000000000E+01
 1.93745830000000E+03  -5.15676000000000E+01
 1.93754170000000E+03  -6.69262000000000E+01
 1.93762500000000E+03  -5.77468000000000E+01
 1.93770830000000E+03  -2.41060000000000E+01
 1.93779170000000E+03   1.27658000000000E+01
 1.93787500000000E+03   2.90217000000000E+01
 1.93795830000000E+03   4.70468000000000E+01
 1.93804170000000E+03   6.13797000000000E+01
 1.93812500000000E+03   4.92507000000000E+01
 1.93820830000000E+03   4.93522000000000E+01
 1.93829170000000E+03   5.09156000000000E+01
 1.93837500000000E+03   7.07092000000000E+01
 1.93845830000000E+03   6.61181000000000E+01
 1.93854170000000E+03   6.58350000000000E+01
 1.93862500000000E+03   7.60897000000000E+01
 1.93870830000000E+03   5.75752000000000E+01
 1.93879170000000E+03   3.52916000000000E+01
 1.93887500000000E+03  -3.06930000000000E+00
 1.93895830000000E+03  -3.35350000000000E+00
 1.93904170000000E+03  -3.56050000000000E+00
 1.93912500000000E+03  -1.61526000000000E+01
 1.93920830000000E+03  -2.68218000000000E+01
 1.93929170000000E+03  -4.82599000000000E+01
 1.93937500000000E+03  -7.37755000000000E+01
 1.93945830000000E+03  -8.92912000000000E+01
 1.93954170000000E+03  -8.85759000000000E+01
 1.93962500000000E+03  -1.05861100000000E+02
 1.93970830000000E+03  -1.25223300000000E+02
 1.93979170000000E+03  -1.33585300000000E+02
 1.93987500000000E+03  -1.46563200000000E+02
 1.93995830000000E+03  -1.40848900000000E+02
 1.94004170000000E+03  -1.41057400000000E+02
 1.94012500000000E+03  -1.31266400000000E+02
 1.94020830000000E+03  -1.05860200000000E+02
 1.94029170000000E+03  -9.01460000000000E+01
 1.94037500000000E+03  -6.78938000000000E+01
 1.94045830000000E+03  -4.46418000000000E+01
 1.94054170000000E+03  -6.51588000000000E+01
 1.94062500000000E+03  -8.46762000000000E+01
 1.94070830000000E+03  -7.35015000000000E+01
 1.94079170000000E+03  -8.51727000000000E+01
 1.94087500000000E+03  -8.95367000000000E+01
 1.94095830000000E+03  -8.17470000000000E+01
 1.94104170000000E+03  -7.35724000000000E+01
 1.94112500000000E+03  -6.63983000000000E+01
 1.94120830000000E+03  -7.23782000000000E+01
 1.94129170000000E+03  -9.68963000000000E+01
 1.94137500000000E+03  -1.11799500000000E+02
 1.94145830000000E+03  -1.06933600000000E+02
 1.94154170000000E+03  -1.20375200000000E+02
 1.94162500000000E+03  -1.24663400000000E+02
 1.94170830000000E+03  -1.26259400000000E+02
 1.94179170000000E+03  -1.29624400000000E+02
 1.94187500000000E+03  -1.21220700000000E+02
 1.94195830000000E+03  -1.01740200000000E+02
 1.94204170000000E+03  -8.24902000000000E+01
 1.94212500000000E+03  -8.20868000000000E+01
 1.94220830000000E+03  -8.47605000000000E+01
 1.94229170000000E+03  -7.66647000000000E+01
 1.94237500000000E+03  -6.30310000000000E+01
 1.94245830000000E+03  -3.03974000000000E+01
 1.94254170000000E+03  -3.68405000000000E+01
 1.94262500000000E+03  -1.35917000000000E+01
 1.94270830000000E+03   1.99646000000000E+01
 1.94279170000000E+03   5.92134000000000E+01
 1.94287500000000E+03   8.09233000000000E+01
 1.94295830000000E+03   9.42485000000000E+01
 1.94304170000000E+03   1.02497000000000E+02
 1.94312500000000E+03   1.10668100000000E+02
 1.94320830000000E+03   1.16377500000000E+02
 1.94329170000000E+03   1.22317900000000E+02
 1.94337500000000E+03   1.06334700000000E+02
 1.94345830000000E+03   9.92745000000000E+01
 1.94354170000000E+03   1.08445300000000E+02
 1.94362500000000E+03   1.26461800000000E+02
 1.94370830000000E+03   1.13093500000000E+02
 1.94379170000000E+03   9.48793000000000E+01
 1.94387500000000E+03   8.46646000000000E+01
 1.94395830000000E+03   8.09883000000000E+01
 1.94404170000000E+03   8.00045000000000E+01
 1.94412500000000E+03   6.57125000000000E+01
 1.94420830000000E+03   5.51127000000000E+01
 1.94429170000000E+03   5.04362000000000E+01
 1.94437500000000E+03   4.39131000000000E+01
 1.94445830000000E+03   4.76206000000000E+01
 1.94454170000000E+03   4.97129000000000E+01
 1.94462500000000E+03   2.01894000000000E+01
 1.94470830000000E+03   1.09735000000000E+01
 1.94479170000000E+03   1.71424000000000E+01
 1.94487500000000E+03   2.66954000000000E+01
 1.94495830000000E+03   2.90945000000000E+01
 1.94504170000000E+03   3.69553000000000E+01
 1.94512500000000E+03   4.48926000000000E+01
 1.94520830000000E+03   4.95221000000000E+01
 1.94529170000000E+03   5.07672000000000E+01
 1.94537500000000E+03   4.73963000000000E+01
 1.94545830000000E+03   5.20254000000000E+01
 1.94554170000000E+03   4.95778000000000E+01
 1.94562500000000E+03   5.72066000000000E+01
 1.94570830000000E+03   5.04507000000000E+01
 1.94579170000000E+03   5.02335000000000E+01
 1.94587500000000E+03   3.09389000000000E+01
 1.94595830000000E+03   3.21826000000000E+01
 1.94604170000000E+03   2.64265000000000E+01
 1.94612500000000E+03   2.65161000000000E+01
 1.94620830000000E+03   2.88364000000000E+01
 1.94629170000000E+03   2.80800000000000E+01
 1.94637500000000E+03   1.16307000000000E+01
 1.94645830000000E+03   2.56600000000000E+00
 1.94654170000000E+03  -2.94216000000000E+01
 1.94662500000000E+03  -6.85635000000000E+01
 1.94670830000000E+03  -1.00628700000000E+02
 1.94679170000000E+03  -8.96166000000000E+01
 1.94687500000000E+03  -1.11220400000000E+02
 1.94695830000000E+03  -1.09439800000000E+02
 1.94704170000000E+03  -1.12966600000000E+02
 1.94712500000000E+03  -1.20801600000000E+02
 1.94720830000000E+03  -1.37098200000000E+02
 1.94729170000000E+03  -1.40548500000000E+02
 1.94737500000000E+03  -1.35230000000000E+02
 1.94745830000000E+03  -1.19296200000000E+02
 1.94754170000000E+03  -9.90546000000000E+01
 1.94762500000000E+03  -7.82749000000000E+01
 1.94770830000000E+03  -4.46492000000000E+01
 1.94779170000000E+03  -3.05618000000000E+01
 1.94787500000000E+03  -4.15518000000000E+01
 1.94795830000000E+03  -2.96188000000000E+01
 1.94804170000000E+03  -1.76086000000000E+01
 1.94812500000000E+03  -9.98360000000000E+00
 1.94820830000000E+03   8.17980000000000E+00
 1.94829170000000E+03   3.84204000000000E+01
 1.94837500000000E+03   4.55066000000000E+01
 1.94845830000000E+03   5.20542000000000E+01
 1.94854170000000E+03   6.51405000000000E+01
 1.94862500000000E+03   7.66109000000000E+01
 1.94870830000000E+03   8.61582000000000E+01
 1.94879170000000E+03   9.04749000000000E+01
 1.94887500000000E+03   9.56373000000000E+01
 1.94895830000000E+03   1.12722600000000E+02
 1.94904170000000E+03   1.18038900000000E+02
 1.94912500000000E+03   1.29200900000000E+02
 1.94920830000000E+03   1.15516600000000E+02
 1.94929170000000E+03   1.04217200000000E+02
 1.94937500000000E+03   8.56865000000000E+01
 1.94945830000000E+03   9.25403000000000E+01
 1.94954170000000E+03   8.82405000000000E+01
 1.94962500000000E+03   6.68633000000000E+01
 1.94970830000000E+03   5.22551000000000E+01
 1.94979170000000E+03   5.32626000000000E+01
 1.94987500000000E+03   4.45004000000000E+01
 1.94995830000000E+03   4.81996000000000E+01
 1.95004170000000E+03   4.82067000000000E+01
 1.95012500000000E+03   4.17518000000000E+01
 1.95020830000000E+03   3.69122000000000E+01
 1.95029170000000E+03   6.71497000000000E+01
 1.95037500000000E+03   6.99252000000000E+01
 1.95045830000000E+03   7.42390000000000E+01
 1.95054170000000E+03   5.02454000000000E+01
 1.95062500000000E+03   2.06359000000000E+01
 1.95070830000000E+03   4.56470000000000E+00
 1.95079170000000E+03  -1.04470000000000E+00
 1.95087500000000E+03  -1.95776000000000E+01
 1.95095830000000E+03  -2.29569000000000E+01
 1.95104170000000E+03  -2.21820000000000E+01
 1.95112500000000E+03  -3.11000000000000E+01
 1.95120830000000E+03  -2.95565000000000E+01
 1.95129170000000E+03  -5.63205000000000E+01
 1.95137500000000E+03  -9.27773000000000E+01
 1.95145830000000E+03  -6.70804000000000E+01
 1.95154170000000E+03  -5.12294000000000E+01
 1.95162500000000E+03  -3.60712000000000E+01
 1.95170830000000E+03  -2.29900000000000E+01
 1.95179170000000E+03  -1.59855000000000E+01
 1.95187500000000E+03  -2.52123000000000E+01
 1.95195830000000E+03  -3.62300000000000E-01
 1.95204170000000E+03   2.01803000000000E+01
 1.95212500000000E+03   1.77993000000000E+01
 1.95220830000000E+03   3.42643000000000E+01
 1.95229170000000E+03   4.78834000000000E+01
 1.95237500000000E+03   6.73482000000000E+01
 1.95245830000000E+03   8.47359000000000E+01
 1.95254170000000E+03   4.97393000000000E+01
 1.95262500000000E+03   3.23575000000000E+01
 1.95270830000000E+03   1.82833000000000E+01
 1.95279170000000E+03   3.04401000000000E+01
 1.95287500000000E+03   3.36734000000000E+01
 1.95295830000000E+03   3.89834000000000E+01
 1.95304170000000E+03   2.93706000000000E+01
 1.95312500000000E+03   3.70650000000000E+01
 1.95320830000000E+03   5.23747000000000E+01
 1.95329170000000E+03   4.41461000000000E+01
 1.95337500000000E+03   3.10709000000000E+01
 1.95345830000000E+03   3.23802000000000E+01
 1.95354170000000E+03   3.79974000000000E+01
 1.95362500000000E+03   1.53834000000000E+01
 1.95370830000000E+03  -1.74615000000000E+01
 1.95379170000000E+03  -2.76139000000000E+01
 1.95387500000000E+03  -4.62284000000000E+01
 1.95395830000000E+03  -5.09967000000000E+01
 1.95404170000000E+03  -3.66110000000000E+01
 1.95412500000000E+03  -3.05335000000000E+01
 1.95420830000000E+03  -3.39946000000000E+01
 1.95429170000000E+03  -3.17631000000000E+01
 1.95437500000000E+03  -2.13783000000000E+01
 1.95445830000000E+03  -8.07050000000000E+00
 1.95454170000000E+03  -5.22410000000000E+00
 1.95462500000000E+03  -1.17627000000000E+01
 1.95470830000000E+03   5.16010000000000E+00
 1.95479170000000E+03   2.37754000000000E+01
 1.95487500000000E+03   4.33133000000000E+01
 1.95495830000000E+03   5.78511000000000E+01
 1.95504170000000E+03   6.87738000000000E+01
 1.95512500000000E+03   5.37728000000000E+01
 1.95520830000000E+03   4.83102000000000E+01
 1.95529170000000E+03   4.80017000000000E+01
 1.95537500000000E+03   3.77697000000000E+01
 1.95545830000000E+03   4.69221000000000E+01
 1.95554170000000E+03   5.70747000000000E+01
 1.95562500000000E+03   3.69192000000000E+01
 1.95570830000000E+03   1.98405000000000E+01
 1.95579170000000E+03   1.82235000000000E+01
 1.95587500000000E+03   2.42215000000000E+01
 1.95595830000000E+03   1.57577000000000E+01
 1.95604170000000E+03   2.24481000000000E+01
 1.95612500000000E+03   3.92918000000000E+01
 1.95620830000000E+03   4.69046000000000E+01
 1.95629170000000E+03   5.84408000000000E+01
 1.95637500000000E+03   4.39764000000000E+01
 1.95645830000000E+03   4.68196000000000E+01
 1.95654170000000E+03   2.28169000000000E+01
 1.95662500000000E+03   9.42910000000000E+00
 1.95670830000000E+03   9.96430000000000E+00
 1.95679170000000E+03   1.01920000000000E+01
 1.95687500000000E+03   1.66499000000000E+01
 1.95695830000000E+03   1.47232000000000E+01
 1.95704170000000E+03   1.87197000000000E+01
 1.95712500000000E+03   2.15619000000000E+01
 1.95720830000000E+03   2.37117000000000E+01
 1.95729170000000E+03   4.39386000000000E+01
 1.95737500000000E+03   4.11651000000000E+01
 1.95745830000000E+03   5.38529000000000E+01
 1.95754170000000E+03   5.40025000000000E+01
 1.95762500000000E+03   6.05363000000000E+01
 1.95770830000000E+03   4.38392000000000E+01
 1.95779170000000E+03   3.52192000000000E+01
 1.95787500000000E+03   5.27526000000000E+01
 1.95795830000000E+03   5.42858000000000E+01
 1.95804170000000E+03   6.05885000000000E+01
 1.95812500000000E+03   6.53523000000000E+01
 1.95820830000000E+03   5.02698000000000E+01
 1.95829170000000E+03   3.64952000000000E+01
 1.95837500000000E+03   1.38740000000000E+01
 1.95845830000000E+03   6.79110000000000E+00
 1.95854170000000E+03   1.38623000000000E+01
 1.95862500000000E+03  -6.70000000000000E-02
 1.95870830000000E+03  -1.38426000000000E+01
 1.95879170000000E+03  -1.11564000000000E+01
 1.95887500000000E+03  -7.70140000000000E+00
 1.95895830000000E+03  -1.20928000000000E+01
 1.95904170000000E+03  -7.09920000000000E+00
 1.95912500000000E+03  -1.46447000000000E+01
 1.95920830000000E+03  -1.96518000000000E+01
 1.95929170000000E+03  -1.51202000000000E+01
 1.95937500000000E+03  -2.58198000000000E+01
 1.95945830000000E+03  -4.90581000000000E+01
 1.95954170000000E+03  -5.94499000000000E+01
 1.95962500000000E+03  -9.34577000000000E+01
 1.95970830000000E+03  -1.23773200000000E+02
 1.95979170000000E+03  -1.41627000000000E+02
 1.95987500000000E+03  -1.48019700000000E+02
 1.95995830000000E+03  -1.33720200000000E+02
 1.96004170000000E+03  -1.26343600000000E+02
 1.96012500000000E+03  -1.18582900000000E+02
 1.96020830000000E+03  -1.07668400000000E+02
 1.96029170000000E+03  -1.23138300000000E+02
 1.96037500000000E+03  -1.27762600000000E+02
 1.96045830000000E+03  -1.08156200000000E+02
 1.96054170000000E+03  -9.27034000000000E+01
 1.96062500000000E+03  -8.47126000000000E+01
 1.96070830000000E+03  -5.24912000000000E+01
 1.96079170000000E+03  -1.20388000000000E+01
 1.96087500000000E+03   1.05669000000000E+01
 1.96095830000000E+03   3.17110000000000E+01
 1.96104170000000E+03   5.68554000000000E+01
 1.96112500000000E+03   7.06146000000000E+01
 1.96120830000000E+03   7.42199000000000E+01
 1.96129170000000E+03   6.14408000000000E+01
 1.96137500000000E+03   8.31227000000000E+01
 1.96145830000000E+03   1.01343000000000E+02
 1.96154170000000E+03   1.09255800000000E+02
 1.96162500000000E+03   1.36860400000000E+02
 1.96170830000000E+03   1.23388000000000E+02
 1.96179170000000E+03   9.80697000000000E+01
 1.96187500000000E+03   8.26739000000000E+01
 1.96195830000000E+03   8.44319000000000E+01
 1.96204170000000E+03   8.47286000000000E+01
 1.96212500000000E+03   7.20247000000000E+01
 1.96220830000000E+03   7.30900000000000E+01
 1.96229170000000E+03   6.33863000000000E+01
 1.96237500000000E+03   6.43744000000000E+01
 1.96245830000000E+03   6.14393000000000E+01
 1.96254170000000E+03   3.90430000000000E+01
 1.96262500000000E+03   4.72300000000000E+00
 1.96270830000000E+03  -3.26740000000000E+01
 1.96279170000000E+03  -4.59939000000000E+01
 1.96287500000000E+03  -5.29296000000000E+01
 1.96295830000000E+03  -5.96346000000000E+01
 1.96304170000000E+03  -6.11856000000000E+01
 1.96312500000000E+03  -7.24294000000000E+01
 1.96320830000000E+03  -8.71349000000000E+01
 1.96329170000000E+03  -9.10709000000000E+01
 1.96337500000000E+03  -8.27766000000000E+01
 1.96345830000000E+03  -7.56363000000000E+01
 1.96354170000000E+03  -7.83419000000000E+01
 1.96362500000000E+03  -5.78172000000000E+01
 1.96370830000000E+03  -7.16772000000000E+01
 1.96379170000000E+03  -7.75371000000000E+01
 1.96387500000000E+03  -5.65512000000000E+01
 1.96395830000000E+03  -4.47963000000000E+01
 1.96404170000000E+03  -2.45026000000000E+01
 1.96412500000000E+03  -1.89787000000000E+01
 1.96420830000000E+03  -8.22410000000000E+00
 1.96429170000000E+03  -1.08470000000000E+00
 1.96437500000000E+03  -1.20227000000000E+01
 1.96445830000000E+03  -6.11460000000000E+00
 1.96454170000000E+03  -9.75600000000000E-01
 1.96462500000000E+03  -4.76010000000000E+00
 1.96470830000000E+03  -2.37755000000000E+01
 1.96479170000000E+03  -6.79070000000000E+00
 1.96487500000000E+03   1.80900000000000E+00
 1.96495830000000E+03  -3.43750000000000E+00
 1.96504170000000E+03   1.33931000000000E+01
 1.96512500000000E+03   1.29155000000000E+01
 1.96520830000000E+03   1.17455000000000E+01
 1.96529170000000E+03  -1.27050000000000E+00
 1.96537500000000E+03   3.79000000000000E+00
 1.96545830000000E+03   2.46580000000000E+00
 1.96554170000000E+03  -2.59352000000000E+01
 1.96562500000000E+03  -5.04135000000000E+01
 1.96570830000000E+03  -4.21996000000000E+01
 1.96579170000000E+03  -4.07548000000000E+01
 1.96587500000000E+03  -3.89258000000000E+01
 1.96595830000000E+03  -2.70970000000000E+01
 1.96604170000000E+03  -1.11910000000000E+01
 1.96612500000000E+03  -2.00547000000000E+01
 1.96620830000000E+03  -1.43031000000000E+01
 1.96629170000000E+03  -1.73975000000000E+01
 1.96637500000000E+03  -2.40308000000000E+01
 1.96645830000000E+03  -2.55104000000000E+01
 1.96654170000000E+03  -2.32975000000000E+01
 1.96662500000000E+03  -1.36235000000000E+01
 1.96670830000000E+03   2.75119000000000E+01
 1.96679170000000E+03   2.98783000000000E+01
 1.96687500000000E+03   3.83981000000000E+01
 1.96695830000000E+03   4.83024000000000E+01
 1.96704170000000E+03   5.48992000000000E+01
 1.96712500000000E+03   5.48032000000000E+01
 1.96720830000000E+03   5.41686000000000E+01
 1.96729170000000E+03   6.20727000000000E+01
 1.96737500000000E+03   7.70533000000000E+01
 1.96745830000000E+03   1.09187600000000E+02
 1.96754170000000E+03   1.11706700000000E+02
 1.96762500000000E+03   1.11379200000000E+02
 1.96770830000000E+03   1.20513100000000E+02
 1.96779170000000E+03   1.01185600000000E+02
 1.96787500000000E+03   8.63193000000000E+01
 1.96795830000000E+03   7.38374000000000E+01
 1.96804170000000E+03   7.41250000000000E+01
 1.96812500000000E+03   6.33352000000000E+01
 1.96820830000000E+03   4.26222000000000E+01
 1.96829170000000E+03   4.16017000000000E+01
 1.96837500000000E+03   1.51192000000000E+01
 1.96845830000000E+03  -9.05570000000000E+00
 1.96854170000000E+03  -4.88458000000000E+01
 1.96862500000000E+03  -7.00210000000000E+01
 1.96870830000000E+03  -1.08580900000000E+02
 1.96879170000000E+03  -1.25371400000000E+02
 1.96887500000000E+03  -1.42700800000000E+02
 1.96895830000000E+03  -1.47414900000000E+02
 1.96904170000000E+03  -1.30436500000000E+02
 1.96912500000000E+03  -1.41458600000000E+02
 1.96920830000000E+03  -1.32480800000000E+02
 1.96929170000000E+03  -1.09733600000000E+02
 1.96937500000000E+03  -7.79099000000000E+01
 1.96945830000000E+03  -7.40863000000000E+01
 1.96954170000000E+03  -8.79549000000000E+01
 1.96962500000000E+03  -8.60546000000000E+01
 1.96970830000000E+03  -8.70776000000000E+01
 1.96979170000000E+03  -5.49465000000000E+01
 1.96987500000000E+03  -5.15082000000000E+01
 1.96995830000000E+03  -4.47623000000000E+01
 1.97004170000000E+03  -2.91700000000000E+01
 1.97012500000000E+03  -3.32706000000000E+01
 1.97020830000000E+03  -1.70635000000000E+01
 1.97029170000000E+03  -1.22409000000000E+01
 1.97037500000000E+03  -2.03410000000000E+00
 1.97045830000000E+03  -2.65967000000000E+01
 1.97054170000000E+03  -2.40052000000000E+01
 1.97062500000000E+03   3.55100000000000E-01
 1.97070830000000E+03   8.09990000000000E+00
 1.97079170000000E+03   7.61410000000000E+00
 1.97087500000000E+03  -7.41070000000000E+00
 1.97095830000000E+03  -1.02048000000000E+01
 1.97104170000000E+03   3.00140000000000E+00
 1.97112500000000E+03  -5.33140000000000E+00
 1.97120830000000E+03  -3.35670000000000E+00
 1.97129170000000E+03   1.38750000000000E+00
 1.97137500000000E+03   1.67467000000000E+01
 1.97145830000000E+03   1.81057000000000E+01
 1.97154170000000E+03  -5.45820000000000E+00
 1.97162500000000E+03  -3.34841000000000E+01
 1.97170830000000E+03  -6.48947000000000E+01
 1.97179170000000E+03  -5.94589000000000E+01
 1.97187500000000E+03  -6.16390000000000E+01
 1.97195830000000E+03  -4.98192000000000E+01
 1.97204170000000E+03  -4.33838000000000E+01
 1.97212500000000E+03  -5.46412000000000E+01
 1.97220830000000E+03  -5.59757000000000E+01
 1.97229170000000E+03  -5.92330000000000E+01
 1.97237500000000E+03  -4.62600000000000E+01
 1.97245830000000E+03  -4.99794000000000E+01
 1.97254170000000E+03  -7.68525000000000E+01
 1.97262500000000E+03  -5.11106000000000E+01
 1.97270830000000E+03  -2.02920000000000E+01
 1.97279170000000E+03   1.72192000000000E+01
 1.97287500000000E+03   1.31914000000000E+01
 1.97295830000000E+03   2.50097000000000E+01
 1.97304170000000E+03   2.86743000000000E+01
 1.97312500000000E+03   3.41847000000000E+01
 1.97320830000000E+03   4.22333000000000E+01
 1.97329170000000E+03   4.23591000000000E+01
 1.97337500000000E+03   6.23306000000000E+01
 1.97345830000000E+03   6.56097000000000E+01
 1.97354170000000E+03   5.29659000000000E+01
 1.97362500000000E+03   6.17062000000000E+01
 1.97370830000000E+03   2.29080000000000E+01
 1.97379170000000E+03  -3.19780000000000E+00
 1.97387500000000E+03  -3.57655000000000E+01
 1.97395830000000E+03  -2.91795000000000E+01
 1.97404170000000E+03  -6.13180000000000E+00
 1.97412500000000E+03   2.30010000000000E+00
 1.97420830000000E+03  -4.21900000000000E-01
 1.97429170000000E+03   4.47160000000000E+00
 1.97437500000000E+03   1.68262000000000E+01
 1.97445830000000E+03   2.97960000000000E+01
 1.97454170000000E+03   4.05353000000000E+01
 1.97462500000000E+03   3.89664000000000E+01
 1.97470830000000E+03   2.67052000000000E+01
 1.97479170000000E+03   4.46748000000000E+01
 1.97487500000000E+03   5.77210000000000E+01
 1.97495830000000E+03   7.75362000000000E+01
 1.97504170000000E+03   7.23517000000000E+01
 1.97512500000000E+03   5.23975000000000E+01
 1.97520830000000E+03   4.37508000000000E+01
 1.97529170000000E+03   4.69505000000000E+01
 1.97537500000000E+03   3.00728000000000E+01
 1.97545830000000E+03   3.44257000000000E+01
 1.97554170000000E+03   3.89328000000000E+01
 1.97562500000000E+03  -7.40680000000000E+00
 1.97570830000000E+03  -2.70543000000000E+01
 1.97579170000000E+03  -2.16246000000000E+01
 1.97587500000000E+03  -2.39645000000000E+01
 1.97595830000000E+03  -1.92277000000000E+01
 1.97604170000000E+03  -2.03369000000000E+01
 1.97612500000000E+03  -1.89080000000000E+01
 1.97620830000000E+03  -2.71716000000000E+01
 1.97629170000000E+03  -5.44349000000000E+01
 1.97637500000000E+03  -7.30064000000000E+01
 1.97645830000000E+03  -5.66550000000000E+01
 1.97654170000000E+03  -7.76879000000000E+01
 1.97662500000000E+03  -1.29029100000000E+02
 1.97670830000000E+03  -1.28524100000000E+02
 1.97679170000000E+03  -1.13172900000000E+02
 1.97687500000000E+03  -1.17283600000000E+02
 1.97695830000000E+03  -1.14086800000000E+02
 1.97704170000000E+03  -1.01812800000000E+02
 1.97712500000000E+03  -1.05385400000000E+02
 1.97720830000000E+03  -1.01035100000000E+02
 1.97729170000000E+03  -9.05308000000000E+01
 1.97737500000000E+03  -3.89499000000000E+01
 1.97745830000000E+03  -2.29846000000000E+01
 1.97754170000000E+03  -2.31729000000000E+01
 1.97762500000000E+03  -3.67463000000000E+01
 1.97770830000000E+03  -2.80891000000000E+01
 1.97779170000000E+03  -3.69701000000000E+01
 1.97787500000000E+03  -6.48516000000000E+01
 1.97795830000000E+03  -6.68870000000000E+01
 1.97804170000000E+03  -5.74607000000000E+01
 1.97812500000000E+03  -6.62656000000000E+01
 1.97820830000000E+03  -3.18399000000000E+01
 1.97829170000000E+03  -2.35678000000000E+01
 1.97837500000000E+03  -5.21930000000000E+00
 1.97845830000000E+03  -3.78709000000000E+01
 1.97854170000000E+03  -5.60607000000000E+01
 1.97862500000000E+03  -7.65587000000000E+01
 1.97870830000000E+03  -6.45953000000000E+01
 1.97879170000000E+03  -7.84778000000000E+01
 1.97887500000000E+03  -6.90531000000000E+01
 1.97895830000000E+03  -5.21669000000000E+01
 1.97904170000000E+03  -2.65114000000000E+01
 1.97912500000000E+03  -2.22409000000000E+01
 1.97920830000000E+03  -7.73980000000000E+00
 1.97929170000000E+03  -3.50077000000000E+01
 1.97937500000000E+03  -4.76606000000000E+01
 1.97945830000000E+03  -5.57752000000000E+01
 1.97954170000000E+03  -5.86589000000000E+01
 1.97962500000000E+03  -6.20815000000000E+01
 1.97970830000000E+03  -7.95811000000000E+01
 1.97979170000000E+03  -8.40036000000000E+01
 1.97987500000000E+03  -7.95035000000000E+01
 1.97995830000000E+03  -7.95419000000000E+01
 1.98004170000000E+03  -6.85802000000000E+01
 1.98012500000000E+03  -8.44651000000000E+01
 1.98020830000000E+03  -8.58116000000000E+01
 1.98029170000000E+03  -8.54656000000000E+01
 1.98037500000000E+03  -7.44278000000000E+01
 1.98045830000000E+03  -4.62362000000000E+01
 1.98054170000000E+03  -3.29676000000000E+01
 1.98062500000000E+03  -5.23780000000000E+00
 1.98070830000000E+03   4.26110000000000E+00
 1.98079170000000E+03   1.86832000000000E+01
 1.98087500000000E+03   1.87972000000000E+01
 1.98095830000000E+03   3.46803000000000E+01
 1.98104170000000E+03   4.74098000000000E+01
 1.98112500000000E+03   5.64464000000000E+01
 1.98120830000000E+03   5.33292000000000E+01
 1.98129170000000E+03   5.94429000000000E+01
 1.98137500000000E+03   7.36330000000000E+01
 1.98145830000000E+03   8.97462000000000E+01
 1.98154170000000E+03   6.06287000000000E+01
 1.98162500000000E+03   2.91262000000000E+01
 1.98170830000000E+03   7.00810000000000E+00
 1.98179170000000E+03   2.16595000000000E+01
 1.98187500000000E+03   3.80028000000000E+01
 1.98195830000000E+03   4.25767000000000E+01
 1.98204170000000E+03   3.69969000000000E+01
 1.98212500000000E+03   3.05706000000000E+01
 1.98220830000000E+03   3.25287000000000E+01
 1.98229170000000E+03   2.33332000000000E+01
 1.98237500000000E+03   2.00603000000000E+01
 1.98245830000000E+03   1.20950000000000E+01
 1.98254170000000E+03   2.73607000000000E+01
 1.98262500000000E+03   4.90105000000000E+01
 1.98270830000000E+03   5.49679000000000E+01
 1.98279170000000E+03   5.42331000000000E+01
 1.98287500000000E+03   3.83441000000000E+01
 1.98295830000000E+03   3.12242000000000E+01
 1.98304170000000E+03   4.01814000000000E+01
 1.98312500000000E+03   4.53689000000000E+01
 1.98320830000000E+03   5.44025000000000E+01
 1.98329170000000E+03   6.94362000000000E+01
 1.98337500000000E+03   1.08238700000000E+02
 1.98345830000000E+03   1.12887300000000E+02
 1.98354170000000E+03   1.24074500000000E+02
 1.98362500000000E+03   7.37228000000000E+01
 1.98370830000000E+03   3.00633000000000E+01
 1.98379170000000E+03   1.27886000000000E+01
 1.98387500000000E+03   2.51340000000000E+00
 1.98395830000000E+03   9.69970000000000E+00
 1.98404170000000E+03   2.45015000000000E+01
 1.98412500000000E+03   2.09183000000000E+01
 1.98420830000000E+03   2.79503000000000E+01
 1.98429170000000E+03   3.56749000000000E+01
 1.98437500000000E+03   5.93740000000000E+00
 1.98445830000000E+03  -2.13386000000000E+01
 1.98454170000000E+03  -4.64606000000000E+01
 1.98462500000000E+03  -8.72753000000000E+01
 1.98470830000000E+03  -9.82441000000000E+01
 1.98479170000000E+03  -8.24434000000000E+01
 1.98487500000000E+03  -7.74893000000000E+01
 1.98495830000000E+03  -6.50737000000000E+01
 1.98504170000000E+03  -5.61196000000000E+01
 1.98512500000000E+03  -6.07812000000000E+01
 1.98520830000000E+03  -4.12122000000000E+01
 1.98529170000000E+03  -3.97200000000000E+01
 1.98537500000000E+03  -4.40743000000000E+01
 1.98545830000000E+03  -3.27365000000000E+01
 1.98554170000000E+03  -2.11677000000000E+01
 1.98562500000000E+03  -3.22147000000000E+01
 1.98570830000000E+03  -4.34157000000000E+01
 1.98579170000000E+03  -3.94627000000000E+01
 1.98587500000000E+03  -4.24332000000000E+01
 1.98595830000000E+03  -3.75576000000000E+01
 1.98604170000000E+03  -3.02203000000000E+01
 1.98612500000000E+03  -3.34220000000000E+01
 1.98620830000000E+03  -2.19314000000000E+01
 1.98629170000000E+03  -2.62099000000000E+01
 1.98637500000000E+03  -1.51811000000000E+01
 1.98645830000000E+03  -2.76790000000000E+00
 1.98654170000000E+03  -1.92775000000000E+01
 1.98662500000000E+03  -3.03261000000000E+01
 1.98670830000000E+03  -2.99132000000000E+01
 1.98679170000000E+03  -2.68847000000000E+01
 1.98687500000000E+03  -1.54721000000000E+01
 1.98695830000000E+03  -6.36730000000000E+00
 1.98704170000000E+03   2.81460000000000E+00
 1.98712500000000E+03   9.14990000000000E+00
 1.98720830000000E+03   2.24082000000000E+01
 1.98729170000000E+03   6.82050000000000E+00
 1.98737500000000E+03  -4.92150000000000E+00
 1.98745830000000E+03  -1.93559000000000E+01
 1.98754170000000E+03  -2.50978000000000E+01
 1.98762500000000E+03  -1.26094000000000E+01
 1.98770830000000E+03  -1.27365000000000E+01
 1.98779170000000E+03   4.21350000000000E+00
 1.98787500000000E+03   6.77850000000000E+00
 1.98795830000000E+03   4.49710000000000E+00
 1.98804170000000E+03   6.77500000000000E-01
 1.98812500000000E+03   1.00113000000000E+01
 1.98820830000000E+03   9.11430000000000E+00
 1.98829170000000E+03   2.14040000000000E+00
 1.98837500000000E+03   7.93540000000000E+00
 1.98845830000000E+03   2.54995000000000E+01
 1.98854170000000E+03   5.05253000000000E+01
 1.98862500000000E+03   6.97045000000000E+01
 1.98870830000000E+03   8.43451000000000E+01
 1.98879170000000E+03   8.05244000000000E+01
 1.98887500000000E+03   8.81647000000000E+01
 1.98895830000000E+03   1.00343400000000E+02
 1.98904170000000E+03   1.08830000000000E+02
 1.98912500000000E+03   1.28777700000000E+02
 1.98920830000000E+03   1.18186800000000E+02
 1.98929170000000E+03   1.17903800000000E+02
 1.98937500000000E+03   1.17543400000000E+02
 1.98945830000000E+03   1.22029000000000E+02
 1.98954170000000E+03   1.24822500000000E+02
 1.98962500000000E+03   1.25077200000000E+02
 1.98970830000000E+03   1.29331700000000E+02
 1.98979170000000E+03   1.20047900000000E+02
 1.98987500000000E+03   1.17532900000000E+02
 1.98995830000000E+03   1.11633100000000E+02
 1.99004170000000E+03   1.23425900000000E+02
 1.99012500000000E+03   1.26449000000000E+02
 1.99020830000000E+03   1.21087400000000E+02
 1.99029170000000E+03   1.31341300000000E+02
 1.99037500000000E+03   1.25440900000000E+02
 1.99045830000000E+03   1.20078900000000E+02
 1.99054170000000E+03   1.20640100000000E+02
 1.99062500000000E+03   8.60471000000000E+01
 1.99070830000000E+03   3.53001000000000E+01
 1.99079170000000E+03  -1.86776000000000E+01
 1.99087500000000E+03  -3.79633000000000E+01
 1.99095830000000E+03  -2.85568000000000E+01
 1.99104170000000E+03  -2.01502000000000E+01
 1.99112500000000E+03  -2.42825000000000E+01
 1.99120830000000E+03  -2.41841000000000E+01
 1.99129170000000E+03  -2.68548000000000E+01
 1.99137500000000E+03  -3.58336000000000E+01
 1.99145830000000E+03  -3.18894000000000E+01
 1.99154170000000E+03  -9.56040000000000E+00
 1.99162500000000E+03  -1.03858000000000E+01
 1.99170830000000E+03   1.10195000000000E+01
 1.99179170000000E+03   2.75789000000000E+01
 1.99187500000000E+03   3.68301000000000E+01
 1.99195830000000E+03   3.00043000000000E+01
 1.99204170000000E+03   2.24094000000000E+01
 1.99212500000000E+03   2.74295000000000E+01
 1.99220830000000E+03   2.82186000000000E+01
 1.99229170000000E+03   1.41618000000000E+01
 1.99237500000000E+03   1.85661000000000E+01
 1.99245830000000E+03   2.55857000000000E+01
 1.99254170000000E+03   3.39131000000000E+01
 1.99262500000000E+03   2.85478000000000E+01
 1.99270830000000E+03   1.59517000000000E+01
 1.99279170000000E+03  -6.02900000000000E+00
 1.99287500000000E+03  -2.23947000000000E+01
 1.99295830000000E+03  -2.01451000000000E+01
 1.99304170000000E+03   9.33540000000000E+00
 1.99312500000000E+03   2.38925000000000E+01
 1.99320830000000E+03   1.02955000000000E+01
 1.99329170000000E+03  -1.44551000000000E+01
 1.99337500000000E+03  -2.63600000000000E+01
 1.99345830000000E+03  -3.68035000000000E+01
 1.99354170000000E+03  -3.87852000000000E+01
 1.99362500000000E+03  -6.36136000000000E+01
 1.99370830000000E+03  -8.32882000000000E+01
 1.99379170000000E+03  -8.56550000000000E+01
 1.99387500000000E+03  -8.81760000000000E+01
 1.99395830000000E+03  -6.00049000000000E+01
 1.99404170000000E+03  -6.43720000000000E+01
 1.99412500000000E+03  -8.31242000000000E+01
 1.99420830000000E+03  -9.39534000000000E+01
 1.99429170000000E+03  -8.44748000000000E+01
 1.99437500000000E+03  -6.40735000000000E+01
 1.99445830000000E+03  -2.52877000000000E+01
 1.99454170000000E+03  -7.50180000000000E+00
 1.99462500000000E+03   1.03607000000000E+01
 1.99470830000000E+03   3.32999000000000E+01
 1.99479170000000E+03   5.02393000000000E+01
 1.99487500000000E+03   5.12552000000000E+01
 1.99495830000000E+03   6.52710000000000E+01
 1.99504170000000E+03   5.60562000000000E+01
 1.99512500000000E+03   5.42256000000000E+01
 1.99520830000000E+03   5.15487000000000E+01
 1.99529170000000E+03   5.87181000000000E+01
 1.99537500000000E+03   6.35025000000000E+01
 1.99545830000000E+03   4.65176000000000E+01
 1.99554170000000E+03   5.45580000000000E+00
 1.99562500000000E+03  -4.19140000000000E+01
 1.99570830000000E+03  -9.78224000000000E+01
 1.99579170000000E+03  -1.33576800000000E+02
 1.99587500000000E+03  -1.59793200000000E+02
 1.99595830000000E+03  -1.59625100000000E+02
 1.99604170000000E+03  -1.49533700000000E+02
 1.99612500000000E+03  -1.59673500000000E+02
 1.99620830000000E+03  -1.72659600000000E+02
 1.99629170000000E+03  -1.71953200000000E+02
 1.99637500000000E+03  -1.62631900000000E+02
 1.99645830000000E+03  -1.72849100000000E+02
 1.99654170000000E+03  -1.65450800000000E+02
 1.99662500000000E+03  -1.31976000000000E+02
 1.99670830000000E+03  -9.29629000000000E+01
 1.99679170000000E+03  -5.26419000000000E+01
 1.99687500000000E+03  -3.51675000000000E+01
 1.99695830000000E+03  -3.20778000000000E+01
 1.99704170000000E+03  -4.12187000000000E+01
 1.99712500000000E+03  -6.07446000000000E+01
 1.99720830000000E+03  -3.98092000000000E+01
 1.99729170000000E+03  -2.18120000000000E+00
 1.99737500000000E+03   2.29250000000000E+00
 1.99745830000000E+03  -2.49263000000000E+01
 1.99754170000000E+03  -1.93757000000000E+01
 1.99762500000000E+03   3.48220000000000E+00
 1.99770830000000E+03   8.26310000000000E+00
 1.99779170000000E+03  -1.81866000000000E+01
 1.99787500000000E+03  -3.83291000000000E+01
 1.99795830000000E+03  -3.59332000000000E+01
 1.99804170000000E+03  -1.46910000000000E+01
 1.99812500000000E+03   1.33969000000000E+01
 1.99820830000000E+03   2.95616000000000E+01
 1.99829170000000E+03   1.68034000000000E+01
 1.99837500000000E+03   1.28141000000000E+01
 1.99845830000000E+03   1.99015000000000E+01
 1.99854170000000E+03   4.31429000000000E+01
 1.99862500000000E+03   5.37685000000000E+01
 1.99870830000000E+03   3.75479000000000E+01
 1.99879170000000E+03   2.10197000000000E+01
 1.99887500000000E+03   2.78757000000000E+01
 1.99895830000000E+03   3.02701000000000E+01
 1.99904170000000E+03   2.67415000000000E+01
 1.99912500000000E+03   9.28950000000000E+00
 1.99920830000000E+03  -1.73165000000000E+01
 1.99929170000000E+03  -1.69993000000000E+01
 1.99937500000000E+03  -1.71440000000000E+01
 1.99945830000000E+03  -4.90430000000000E+00
 1.99954170000000E+03   8.87410000000000E+00
 1.99962500000000E+03   2.25751000000000E+01
 1.99970830000000E+03   2.41991000000000E+01
 1.99979170000000E+03   1.61310000000000E+01
 1.99987500000000E+03   1.52400000000000E+00
 1.99995830000000E+03   1.59168000000000E+01
 2.00004170000000E+03   3.66944000000000E+01
 2.00012500000000E+03   4.72409000000000E+01
 2.00020830000000E+03   4.01718000000000E+01
 2.00029170000000E+03   3.75644000000000E+01
 2.00037500000000E+03   3.19567000000000E+01
 2.00045830000000E+03   4.19641000000000E+01
 2.00054170000000E+03   1.34333000000000E+01
 2.00062500000000E+03  -1.02518000000000E+01
 2.00070830000000E+03  -4.61678000000000E+01
 2.00079170000000E+03  -7.63143000000000E+01
 2.00087500000000E+03  -7.61537000000000E+01
 2.00095830000000E+03  -5.60700000000000E+01
 2.00104170000000E+03  -6.36785000000000E+01
 2.00112500000000E+03  -7.32874000000000E+01
 2.00120830000000E+03  -6.88195000000000E+01
 2.00129170000000E+03  -5.87361000000000E+01
 2.00137500000000E+03  -2.37300000000000E+01
 2.00145830000000E+03  -1.91087000000000E+01
 2.00154170000000E+03  -1.26410000000000E+01
 2.00162500000000E+03   2.26724000000000E+01
 2.00170830000000E+03   5.46780000000000E+01
 2.00179170000000E+03   5.48376000000000E+01
 2.00187500000000E+03   5.55352000000000E+01
 2.00195830000000E+03   5.83866000000000E+01
 2.00204170000000E+03   6.02381000000000E+01
 2.00212500000000E+03   5.30123000000000E+01
 2.00220830000000E+03   3.92479000000000E+01
 2.00229170000000E+03   1.73298000000000E+01
 2.00237500000000E+03   1.12574000000000E+01
 2.00245830000000E+03  -4.22766000000000E+01
 2.00254170000000E+03  -4.68873000000000E+01
 2.00262500000000E+03  -6.84216000000000E+01
 2.00270830000000E+03  -1.22340600000000E+02
 2.00279170000000E+03  -1.59874800000000E+02
 2.00287500000000E+03  -1.55563300000000E+02
 2.00295830000000E+03  -1.40175000000000E+02
 2.00304170000000E+03  -1.29786500000000E+02
 2.00312500000000E+03  -1.32167700000000E+02
 2.00320830000000E+03  -1.19241300000000E+02
 2.00329170000000E+03  -1.01160900000000E+02
 2.00337500000000E+03  -9.34655000000000E+01
 2.00345830000000E+03  -7.82318000000000E+01
 2.00354170000000E+03  -4.41518000000000E+01
 2.00362500000000E+03  -3.53799000000000E+01
 2.00370830000000E+03  -3.39158000000000E+01
 2.00379170000000E+03  -2.57592000000000E+01
 2.00387500000000E+03  -2.11415000000000E+01
 2.00395830000000E+03  -9.83160000000000E+00
 2.00404170000000E+03   1.24760000000000E+00
 2.00412500000000E+03  -5.36580000000000E+00
 2.00420830000000E+03   1.40520000000000E+00
 2.00429170000000E+03   9.56100000000000E+00
 2.00437500000000E+03   1.06395000000000E+01
 2.00445830000000E+03   3.44871000000000E+01
 2.00454170000000E+03   6.27194000000000E+01
 2.00462500000000E+03   6.65668000000000E+01
 2.00470830000000E+03   4.29524000000000E+01
 2.00479170000000E+03   3.07998000000000E+01
 2.00487500000000E+03   3.38006000000000E+01
 2.00495830000000E+03   4.39551000000000E+01
 2.00504170000000E+03   4.22636000000000E+01
 2.00512500000000E+03   4.14948000000000E+01
 2.00520830000000E+03   4.57259000000000E+01
 2.00529170000000E+03   2.97264000000000E+01
 2.00537500000000E+03   2.61110000000000E+01
 2.00545830000000E+03   2.04955000000000E+01
 2.00554170000000E+03  -1.44275000000000E+01
 2.00562500000000E+03  -6.29663000000000E+01
 2.00570830000000E+03  -9.10436000000000E+01
 2.00579170000000E+03  -7.82747000000000E+01
 2.00587500000000E+03  -7.08139000000000E+01
 2.00595830000000E+03  -6.21224000000000E+01
 2.00604170000000E+03  -7.22000000000000E+01
 2.00612500000000E+03  -7.80473000000000E+01
 2.00620830000000E+03  -8.58177000000000E+01
 2.00629170000000E+03  -8.02034000000000E+01
 2.00637500000000E+03  -4.92049000000000E+01
 2.00645830000000E+03  -2.75911000000000E+01
 2.00654170000000E+03   1.25613000000000E+01
 2.00662500000000E+03   3.97133000000000E+01
 2.00670830000000E+03   5.47883000000000E+01
 2.00679170000000E+03   7.63249000000000E+01
 2.00687500000000E+03   8.10150000000000E+01
 2.00695830000000E+03   8.79357000000000E+01
 2.00704170000000E+03   1.02087400000000E+02
 2.00712500000000E+03   1.17777100000000E+02
 2.00720830000000E+03   1.39312800000000E+02
 2.00729170000000E+03   1.35156400000000E+02
 2.00737500000000E+03   1.40999600000000E+02
 2.00745830000000E+03   1.28996500000000E+02
 2.00754170000000E+03   1.11839700000000E+02
 2.00762500000000E+03   8.90671000000000E+01
 2.00770830000000E+03   1.02986700000000E+02
 2.00779170000000E+03   9.31372000000000E+01
 2.00787500000000E+03   7.88258000000000E+01
 2.00795830000000E+03   6.88219000000000E+01
 2.00804170000000E+03   7.81259000000000E+01
 2.00812500000000E+03   7.21987000000000E+01
 2.00820830000000E+03   5.50406000000000E+01
 2.00829170000000E+03   5.18827000000000E+01
 2.00837500000000E+03   7.02628000000000E+01
 2.00845830000000E+03   6.90274000000000E+01
 2.00854170000000E+03   5.63306000000000E+01
 2.00862500000000E+03   3.45565000000000E+01
 2.00870830000000E+03   7.62850000000000E+00
 2.00879170000000E+03  -3.38379000000000E+01
 2.00887500000000E+03  -3.79201000000000E+01
 2.00895830000000E+03  -2.36947000000000E+01
 2.00904170000000E+03  -1.20076000000000E+01
 2.00912500000000E+03  -1.51671000000000E+01
 2.00920830000000E+03  -1.63267000000000E+01
 2.00929170000000E+03   5.97540000000000E+00
 2.00937500000000E+03  -1.94921000000000E+01
 2.00945830000000E+03  -3.84213000000000E+01
 2.00954170000000E+03  -7.38888000000000E+01
 2.00962500000000E+03  -9.45106000000000E+01
 2.00970830000000E+03  -8.75171000000000E+01
 2.00979170000000E+03  -8.78312000000000E+01
 2.00987500000000E+03  -7.39148000000000E+01
 2.00995830000000E+03  -6.31525000000000E+01
 2.01004170000000E+03  -6.60823000000000E+01
 2.01012500000000E+03  -6.60894000000000E+01
 2.01020830000000E+03  -6.55582000000000E+01
 2.01029170000000E+03  -8.03346000000000E+01
 2.01037500000000E+03  -8.01113000000000E+01
 2.01045830000000E+03  -7.65805000000000E+01
 2.01054170000000E+03  -7.82034000000000E+01
 2.01062500000000E+03  -5.42882000000000E+01
 2.01070830000000E+03  -4.84501000000000E+01
 2.01079170000000E+03  -4.25349000000000E+01
 2.01087500000000E+03  -4.53893000000000E+01
 2.01095830000000E+03  -3.88592000000000E+01
 2.01104170000000E+03  -3.70213000000000E+01
 2.01112500000000E+03  -3.08761000000000E+01
 2.01120830000000E+03  -2.21926000000000E+01
 2.01129170000000E+03  -9.43200000000000E+00
 2.01137500000000E+03  -5.90250000000000E+00
 2.01145830000000E+03   1.53960000000000E+01
 2.01154170000000E+03   5.32331000000000E+01
 2.01162500000000E+03   4.61468000000000E+01
 2.01170830000000E+03   4.81373000000000E+01
 2.01179170000000E+03   6.49741000000000E+01
 2.01187500000000E+03   5.67335000000000E+01
 2.01195830000000E+03   6.90313000000000E+01
 2.01204170000000E+03   6.86369000000000E+01
 2.01212500000000E+03   6.89344000000000E+01
 2.01220830000000E+03   8.30011000000000E+01
 2.01229170000000E+03   8.84525000000000E+01
 2.01237500000000E+03   8.71342000000000E+01
 2.01245830000000E+03   9.04313000000000E+01
 2.01254170000000E+03   5.18823000000000E+01
 2.01262500000000E+03   1.46406000000000E+01
 2.01270830000000E+03  -6.37040000000000E+00
 2.01279170000000E+03  -2.73044000000000E+01
 2.01287500000000E+03  -3.83926000000000E+01
 2.01295830000000E+03  -3.90194000000000E+01
 2.01304170000000E+03  -4.24153000000000E+01
 2.01312500000000E+03  -4.67347000000000E+01
 2.01320830000000E+03  -4.95926000000000E+01
 2.01329170000000E+03  -7.77581000000000E+01
 2.01337500000000E+03  -7.86933000000000E+01
 2.01345830000000E+03  -6.72439000000000E+01
 2.01354170000000E+03  -5.97944000000000E+01
 2.01362500000000E+03  -7.21914000000000E+01
 2.01370830000000E+03  -6.85117000000000E+01
 2.01379170000000E+03  -4.59856000000000E+01
 2.01387500000000E+03  -3.68446000000000E+01
 2.01395830000000E+03  -3.64729000000000E+01
 2.01404170000000E+03  -3.68703000000000E+01
 2.01412500000000E+03  -3.60373000000000E+01
 2.01420830000000E+03  -4.42814000000000E+01
 2.01429170000000E+03  -4.93715000000000E+01
 2.01437500000000E+03  -4.60774000000000E+01
 2.01445830000000E+03  -6.04757000000000E+01
 2.01454170000000E+03  -5.57969000000000E+01
 2.01462500000000E+03  -5.15801000000000E+01
 2.01470830000000E+03  -3.79018000000000E+01
 2.01479170000000E+03  -3.21465000000000E+01
 2.01487500000000E+03  -1.96993000000000E+01
 2.01495830000000E+03  -9.84000000000000E-02
 2.01504170000000E+03   1.84258000000000E+01
 2.01512500000000E+03   2.11803000000000E+01
 2.01520830000000E+03   1.70117000000000E+01
 2.01529170000000E+03   1.10739000000000E+01
 2.01537500000000E+03   2.88281000000000E+01
 2.01545830000000E+03   7.00436000000000E+01
 2.01554170000000E+03   6.54901000000000E+01
 2.01562500000000E+03   5.47054000000000E+01
 2.01570830000000E+03   3.73053000000000E+01
 2.01579170000000E+03   3.65975000000000E+01
 2.01587500000000E+03   2.61201000000000E+01
 2.01595830000000E+03   7.02730000000000E+00
 2.01604170000000E+03   1.54990000000000E+00
 2.01612500000000E+03   1.37990000000000E+00
 2.01620830000000E+03   6.13280000000000E+00
 2.01629170000000E+03  -7.26800000000000E+00
 2.01637500000000E+03   1.10000000000000E+00
 2.01645830000000E+03   1.31400000000000E+00
 2.01654170000000E+03  -1.53179000000000E+01
 2.01662500000000E+03  -2.47964000000000E+01
 2.01670830000000E+03  -4.24289000000000E+01
 2.01679170000000E+03  -2.85997000000000E+01
 2.01687500000000E+03  -3.51555000000000E+01
 2.01695830000000E+03  -2.20191000000000E+01
 2.01704170000000E+03  -9.59500000000000E-01
 2.01712500000000E+03  -1.05410000000000E+00
 2.01720830000000E+03  -4.53350000000000E+00
 2.01729170000000E+03   5.44880000000000E+00
 2.01737500000000E+03   4.79691000000000E+01
 2.01745830000000E+03   8.34894000000000E+01
 2.01754170000000E+03   8.14713000000000E+01
 2.01762500000000E+03   6.23759000000000E+01
 2.01770830000000E+03   4.95881000000000E+01
 2.01779170000000E+03   3.00311000000000E+01
 2.01787500000000E+03   1.07815000000000E+01
 2.01795830000000E+03   9.37790000000000E+00
 2.01804170000000E+03  -7.94800000000000E-01
 2.01812500000000E+03  -8.81400000000000E+00
 2.01820830000000E+03  -9.67950000000000E+00
 2.01829170000000E+03   1.99360000000000E+00
 2.01837500000000E+03  -1.63337000000000E+01
 2.01845830000000E+03  -4.72765000000000E+01
 2.01854170000000E+03  -6.91423000000000E+01
 2.01862500000000E+03  -8.00084000000000E+01
 2.01870830000000E+03  -6.48747000000000E+01
 2.01879170000000E+03  -5.32023000000000E+01
 2.01887500000000E+03  -3.98381000000000E+01
 2.01895830000000E+03  -3.23970000000000E+01
 2.01904170000000E+03  -1.46482000000000E+01
 2.01912500000000E+03  -1.58227000000000E+01
 2.01920830000000E+03  -6.68980000000000E+00
 2.01929170000000E+03  -4.02800000000000E-01
 2.01937500000000E+03  -2.48855000000000E+01
 2.01945830000000E+03  -5.67590000000000E+00
 2.01954170000000E+03   2.76876000000000E+01
 2.01962500000000E+03   5.62045000000000E+01
 2.01970830000000E+03   7.34906000000000E+01
 2.01979170000000E+03   6.41614000000000E+01
 2.01987500000000E+03   8.22934000000000E+01
 2.01995830000000E+03   8.08099000000000E+01
 2.02004170000000E+03   9.60187000000000E+01
 2.02012500000000E+03   9.03811000000000E+01
 2.02020830000000E+03   9.98203000000000E+01
 2.02029170000000E+03   8.67211000000000E+01
 2.02037500000000E+03   9.10062000000000E+01
 2.02045830000000E+03   9.95988000000000E+01
 2.02054170000000E+03   8.71146000000000E+01
 2.02062500000000E+03   4.60147000000000E+01
 2.02070830000000E+03   8.45310000000000E+00
 2.02079170000000E+03  -1.87760000000000E+00
 2.02087500000000E+03  -6.05480000000000E+00
 2.02095830000000E+03  -1.62322000000000E+01
 2.02104170000000E+03  -1.58709000000000E+01
 2.02112500000000E+03  -1.78947000000000E+01
 2.02120830000000E+03  -2.39186000000000E+01
 2.02129170000000E+03  -2.19424000000000E+01
 2.02137500000000E+03   3.35000000000000E-02
 2.02145830000000E+03  -1.19138000000000E+01
 2.02154170000000E+03  -7.07200000000000E-01
 2.02162500000000E+03   3.52683000000000E+01
 2.02170830000000E+03   4.56282000000000E+01
 2.02179170000000E+03   4.19883000000000E+01
 2.02187500000000E+03   3.14250000000000E+01
 2.02195830000000E+03   3.84769000000000E+01
 2.02204170000000E+03   5.29135000000000E+01
 2.02212500000000E+03   5.88113000000000E+01
 2.02220830000000E+03   4.04013000000000E+01
 2.02229170000000E+03   5.06837000000000E+01
 2.02237500000000E+03   4.82735000000000E+01
 2.02245830000000E+03   2.17862000000000E+01
 2.02254170000000E+03   3.23759000000000E+01
 2.02262500000000E+03   3.19652000000000E+01
 2.02270830000000E+03   6.47750000000000E+00
 2.02279170000000E+03  -3.93310000000000E+00
 2.02287500000000E+03  -1.24210000000000E+01
 2.02295830000000E+03  -1.85245000000000E+01
 2.02304170000000E+03  -1.63201000000000E+01
 2.02312500000000E+03  -9.19310000000000E+00
 2.02320830000000E+03  -4.75850000000000E+00
 2.02329170000000E+03   2.32148000000000E+01
 2.02337500000000E+03   2.64953000000000E+01
 2.02345830000000E+03   2.96988000000000E+01
 2.02354170000000E+03   5.15178000000000E+01
 2.02362500000000E+03   6.08748000000000E+01
 2.02370830000000E+03   3.80779000000000E+01
 2.02379170000000E+03   3.12812000000000E+01
 2.02387500000000E+03   2.73302000000000E+01
 2.02395830000000E+03   3.84560000000000E+01
 2.02404170000000E+03   5.42742000000000E+01
 2.02412500000000E+03   5.22459000000000E+01
 2.02420830000000E+03   3.30636000000000E+01
 2.02429170000000E+03   2.75738000000000E+01
 2.02437500000000E+03   2.19297000000000E+01
 2.02445830000000E+03   2.39779000000000E+01
 2.02454170000000E+03   1.96543000000000E+01
 2.02462500000000E+03   7.78030000000000E+00
 2.02470830000000E+03  -1.78091000000000E+01
 2.02479170000000E+03  -3.68510000000000E+00
 2.02487500000000E+03  -4.20600000000000E+00
 2.02495830000000E+03   3.19238000000000E+01
