 1.88704170000000E+03  -9.46877000000000E+01
 1.88712500000000E+03  -7.00766000000000E+01
 1.88720830000000E+03  -5.42355000000000E+01
 1.88729170000000E+03  -3.95331000000000E+01
 1.88737500000000E+03  -3.47502000000000E+01
 1.88745830000000E+03  -1.57401000000000E+01
 1.88754170000000E+03  -2.04012000000000E+01
 1.88762500000000E+03  -1.02549000000000E+01
 1.88770830000000E+03  -3.39548000000000E+01
 1.88779170000000E+03  -5.61162000000000E+01
 1.88787500000000E+03  -5.59701000000000E+01
 1.88795830000000E+03  -5.65933000000000E+01
 1.88804170000000E+03  -5.56780000000000E+01
 1.88812500000000E+03  -5.70706000000000E+01
 1.88820830000000E+03  -7.07710000000000E+01
 1.88829170000000E+03  -6.75483000000000E+01
 1.88837500000000E+03  -7.66334000000000E+01
 1.88845830000000E+03  -6.57187000000000E+01
 1.88854170000000E+03  -8.48038000000000E+01
 1.88862500000000E+03  -6.23508000000000E+01
 1.88870830000000E+03  -6.75901000000000E+01
 1.88879170000000E+03  -4.35986000000000E+01
 1.88887500000000E+03  -4.11458000000000E+01
 1.88895830000000E+03  -4.40777000000000E+01
 1.88904170000000E+03  -3.31633000000000E+01
 1.88912500000000E+03  -1.76338000000000E+01
 1.88920830000000E+03  -1.44121000000000E+01
 1.88929170000000E+03  -7.34410000000000E+00
 1.88937500000000E+03  -2.10456000000000E+01
 1.88945830000000E+03  -2.70549000000000E+01
 1.88954170000000E+03  -3.53718000000000E+01
 1.88962500000000E+03  -3.52274000000000E+01
 1.88970830000000E+03  -6.12369000000000E+01
 1.88979170000000E+03  -5.41694000000000E+01
 1.88987500000000E+03  -5.78714000000000E+01
 1.88995830000000E+03  -2.84965000000000E+01
 1.89004170000000E+03  -9.89080000000000E+00
 1.89012500000000E+03  -8.97770000000000E+00
 1.89020830000000E+03  -2.42184000000000E+01
 1.89029170000000E+03  -8.68990000000000E+00
 1.89037500000000E+03  -1.62310000000000E+00
 1.89045830000000E+03  -8.40260000000000E+00
 1.89054170000000E+03  -1.21050000000000E+01
 1.89062500000000E+03  -2.19616000000000E+01
 1.89070830000000E+03  -1.72028000000000E+01
 1.89079170000000E+03  -2.70594000000000E+01
 1.89087500000000E+03  -3.46085000000000E+01
 1.89095830000000E+03  -3.21576000000000E+01
 1.89104170000000E+03  -4.12452000000000E+01
 1.89112500000000E+03  -4.18715000000000E+01
 1.89120830000000E+03  -3.86516000000000E+01
 1.89129170000000E+03  -3.69702000000000E+01
 1.89137500000000E+03  -6.60582000000000E+01
 1.89145830000000E+03  -7.05310000000000E+01
 1.89154170000000E+03  -5.42344000000000E+01
 1.89162500000000E+03  -3.79380000000000E+01
 1.89170830000000E+03  -5.39495000000000E+01
 1.89179170000000E+03  -6.30377000000000E+01
 1.89187500000000E+03  -4.59724000000000E+01
 1.89195830000000E+03  -3.35225000000000E+01
 1.89204170000000E+03  -1.26110000000000E+01
 1.89212500000000E+03  -4.00750000000000E+00
 1.89220830000000E+03  -6.94250000000000E+00
 1.89229170000000E+03  -1.68004000000000E+01
 1.89237500000000E+03  -3.12740000000000E+01
 1.89245830000000E+03  -1.57477000000000E+01
 1.89254170000000E+03  -2.79136000000000E+01
 1.89262500000000E+03  -4.39259000000000E+01
 1.89270830000000E+03  -4.68614000000000E+01
 1.89279170000000E+03  -2.74891000000000E+01
 1.89287500000000E+03  -3.27324000000000E+01
 1.89295830000000E+03  -3.33604000000000E+01
 1.89304170000000E+03  -3.55268000000000E+01
 1.89312500000000E+03  -4.07704000000000E+01
 1.89320830000000E+03  -2.44755000000000E+01
 1.89329170000000E+03  -1.12575000000000E+01
 1.89337500000000E+03   1.19602000000000E+01
 1.89345830000000E+03   3.44086000000000E+01
 1.89354170000000E+03   2.60879000000000E+01
 1.89362500000000E+03   6.23824000000000E+01
 1.89370830000000E+03   7.48306000000000E+01
 1.89379170000000E+03   4.34327000000000E+01
 1.89387500000000E+03   2.12653000000000E+01
 1.89395830000000E+03   2.83287000000000E+01
 1.89404170000000E+03   3.15459000000000E+01
 1.89412500000000E+03   4.01476000000000E+01
 1.89420830000000E+03   4.64415000000000E+01
 1.89429170000000E+03   2.42739000000000E+01
 1.89437500000000E+03   1.05676000000000E+01
 1.89445830000000E+03  -1.60030000000000E+00
 1.89454170000000E+03  -1.06912000000000E+01
 1.89462500000000E+03  -2.28593000000000E+01
 1.89470830000000E+03  -5.96428000000000E+01
 1.89479170000000E+03  -6.33493000000000E+01
 1.89487500000000E+03  -5.01330000000000E+01
 1.89495830000000E+03  -3.69168000000000E+01
 1.89504170000000E+03  -2.52389000000000E+01
 1.89512500000000E+03  -2.27921000000000E+01
 1.89520830000000E+03  -1.64992000000000E+01
 1.89529170000000E+03  -1.71292000000000E+01
 1.89537500000000E+03  -9.29800000000000E+00
 1.89545830000000E+03  -1.22361000000000E+01
 1.89554170000000E+03  -2.51741000000000E+01
 1.89562500000000E+03  -1.88816000000000E+01
 1.89570830000000E+03  -5.66610000000000E+00
 1.89579170000000E+03  -5.52740000000000E+00
 1.89587500000000E+03  -6.15820000000000E+00
 1.89595830000000E+03   7.05710000000000E+00
 1.89604170000000E+03   2.64263000000000E+01
 1.89612500000000E+03   2.42568000000000E+01
 1.89620830000000E+03   1.59334000000000E+01
 1.89629170000000E+03  -8.23000000000000E-02
 1.89637500000000E+03  -1.22520000000000E+01
 1.89645830000000E+03  -3.05757000000000E+01
 1.89654170000000E+03  -4.65916000000000E+01
 1.89662500000000E+03  -5.03000000000000E+01
 1.89670830000000E+03  -6.24701000000000E+01
 1.89679170000000E+03  -6.92554000000000E+01
 1.89687500000000E+03  -6.68102000000000E+01
 1.89695830000000E+03  -7.05190000000000E+01
 1.89704170000000E+03  -6.26892000000000E+01
 1.89712500000000E+03  -7.17827000000000E+01
 1.89720830000000E+03  -6.85687000000000E+01
 1.89729170000000E+03  -5.92007000000000E+01
 1.89737500000000E+03  -6.06021000000000E+01
 1.89745830000000E+03  -5.35421000000000E+01
 1.89754170000000E+03  -3.18667000000000E+01
 1.89762500000000E+03   6.73160000000000E+00
 1.89770830000000E+03   1.84068000000000E+01
 1.89779170000000E+03   1.54666000000000E+01
 1.89787500000000E+03   1.09878000000000E+01
 1.89795830000000E+03   1.42011000000000E+01
 1.89804170000000E+03   3.74146000000000E+01
 1.89812500000000E+03   4.13970000000000E+01
 1.89820830000000E+03   5.30717000000000E+01
 1.89829170000000E+03   4.01311000000000E+01
 1.89837500000000E+03   3.41132000000000E+01
 1.89845830000000E+03   6.34800000000000E+01
 1.89854170000000E+03   8.28468000000000E+01
 1.89862500000000E+03   8.29826000000000E+01
 1.89870830000000E+03   6.92722000000000E+01
 1.89879170000000E+03   7.24849000000000E+01
 1.89887500000000E+03   7.56974000000000E+01
 1.89895830000000E+03   8.89098000000000E+01
 1.89904170000000E+03   8.75069000000000E+01
 1.89912500000000E+03   8.22576000000000E+01
 1.89920830000000E+03   8.85467000000000E+01
 1.89929170000000E+03   9.48359000000000E+01
 1.89937500000000E+03   1.30355600000000E+02
 1.89945830000000E+03   1.49721400000000E+02
 1.89954170000000E+03   1.12933400000000E+02
 1.89962500000000E+03   7.76836000000000E+01
 1.89970830000000E+03   5.62799000000000E+01
 1.89979170000000E+03   3.33379000000000E+01
 1.89987500000000E+03   2.57802000000000E+01
 1.89995830000000E+03   2.51455000000000E+01
 1.90004170000000E+03   2.60493000000000E+01
 1.90012500000000E+03   3.31068000000000E+01
 1.90020830000000E+03   2.63180000000000E+01
 1.90029170000000E+03   3.02985000000000E+01
 1.90037500000000E+03   1.12019000000000E+01
 1.90045830000000E+03  -9.43330000000000E+00
 1.90054170000000E+03  -3.08376000000000E+01
 1.90062500000000E+03  -1.53191000000000E+01
 1.90070830000000E+03  -1.90315000000000E+01
 1.90079170000000E+03  -1.81283000000000E+01
 1.90087500000000E+03  -2.49178000000000E+01
 1.90095830000000E+03  -2.86303000000000E+01
 1.90104170000000E+03  -3.00351000000000E+01
 1.90112500000000E+03  -3.68248000000000E+01
 1.90120830000000E+03  -4.66915000000000E+01
 1.90129170000000E+03  -5.65580000000000E+01
 1.90137500000000E+03  -6.64249000000000E+01
 1.90145830000000E+03  -4.93687000000000E+01
 1.90154170000000E+03  -3.69278000000000E+01
 1.90162500000000E+03  -3.44872000000000E+01
 1.90170830000000E+03  -4.58928000000000E+01
 1.90179170000000E+03  -4.88368000000000E+01
 1.90187500000000E+03  -4.79348000000000E+01
 1.90195830000000E+03  -3.16484000000000E+01
 1.90204170000000E+03  -1.61311000000000E+01
 1.90212500000000E+03   5.53990000000000E+00
 1.90220830000000E+03   1.79799000000000E+01
 1.90229170000000E+03   2.34970000000000E+01
 1.90237500000000E+03   2.74754000000000E+01
 1.90245830000000E+03   8.37680000000000E+00
 1.90254170000000E+03  -1.49100000000000E+00
 1.90262500000000E+03   3.25640000000000E+00
 1.90270830000000E+03   1.49267000000000E+01
 1.90279170000000E+03   4.04433000000000E+01
 1.90287500000000E+03   5.59597000000000E+01
 1.90295830000000E+03   5.99375000000000E+01
 1.90304170000000E+03   6.85308000000000E+01
 1.90312500000000E+03   7.86623000000000E+01
 1.90320830000000E+03   8.03322000000000E+01
 1.90329170000000E+03   7.43098000000000E+01
 1.90337500000000E+03   8.44411000000000E+01
 1.90345830000000E+03   8.38031000000000E+01
 1.90354170000000E+03   8.08574000000000E+01
 1.90362500000000E+03   7.17577000000000E+01
 1.90370830000000E+03   2.41963000000000E+01
 1.90379170000000E+03  -1.82650000000000E+00
 1.90387500000000E+03  -2.24650000000000E+01
 1.90395830000000E+03  -2.15650000000000E+01
 1.90404170000000E+03  -3.74190000000000E+00
 1.90412500000000E+03   4.85020000000000E+00
 1.90420830000000E+03  -1.88655000000000E+01
 1.90429170000000E+03  -3.64273000000000E+01
 1.90437500000000E+03  -2.86047000000000E+01
 1.90445830000000E+03  -1.69360000000000E+01
 1.90454170000000E+03  -6.51800000000000E-01
 1.90462500000000E+03   2.87090000000000E+01
 1.90470830000000E+03   1.65313000000000E+01
 1.90479170000000E+03   2.81999000000000E+01
 1.90487500000000E+03   3.52528000000000E+01
 1.90495830000000E+03   2.69210000000000E+01
 1.90504170000000E+03   3.47431000000000E+01
 1.90512500000000E+03   3.48727000000000E+01
 1.90520830000000E+03   3.34638000000000E+01
 1.90529170000000E+03   4.82087000000000E+01
 1.90537500000000E+03   4.60304000000000E+01
 1.90545830000000E+03   4.76981000000000E+01
 1.90554170000000E+03   3.70583000000000E+01
 1.90562500000000E+03   3.10335000000000E+01
 1.90570830000000E+03   3.11626000000000E+01
 1.90579170000000E+03   4.28302000000000E+01
 1.90587500000000E+03   3.98821000000000E+01
 1.90595830000000E+03   5.00109000000000E+01
 1.90604170000000E+03   6.93706000000000E+01
 1.90612500000000E+03   7.56530000000000E+01
 1.90620830000000E+03   6.88585000000000E+01
 1.90629170000000E+03   5.05256000000000E+01
 1.90637500000000E+03   3.29617000000000E+01
 1.90645830000000E+03   5.61670000000000E+01
 1.90654170000000E+03   4.93723000000000E+01
 1.90662500000000E+03   3.64235000000000E+01
 1.90670830000000E+03   3.80901000000000E+01
 1.90679170000000E+03   1.28336000000000E+01
 1.90687500000000E+03   1.75769000000000E+01
 1.90695830000000E+03   2.61663000000000E+01
 1.90704170000000E+03   3.32173000000000E+01
 1.90712500000000E+03   4.48834000000000E+01
 1.90720830000000E+03   4.80880000000000E+01
 1.90729170000000E+03   3.89849000000000E+01
 1.90737500000000E+03   3.06508000000000E+01
 1.90745830000000E+03   2.92397000000000E+01
 1.90754170000000E+03   7.82870000000000E+00
 1.90762500000000E+03   2.33405000000000E+01
 1.90770830000000E+03   1.26984000000000E+01
 1.90779170000000E+03  -1.87129000000000E+01
 1.90787500000000E+03  -2.01244000000000E+01
 1.90795830000000E+03  -2.84590000000000E+01
 1.90804170000000E+03  -2.98705000000000E+01
 1.90812500000000E+03  -3.28207000000000E+01
 1.90820830000000E+03  -4.19249000000000E+01
 1.90829170000000E+03  -6.41058000000000E+01
 1.90837500000000E+03  -7.09024000000000E+01
 1.90845830000000E+03  -4.92375000000000E+01
 1.90854170000000E+03  -4.52649000000000E+01
 1.90862500000000E+03  -4.20617000000000E+01
 1.90870830000000E+03  -7.88586000000000E+01
 1.90879170000000E+03  -7.87324000000000E+01
 1.90887500000000E+03  -6.62987000000000E+01
 1.90895830000000E+03  -5.69420000000000E+01
 1.90904170000000E+03  -3.98929000000000E+01
 1.90912500000000E+03  -1.59210000000000E+01
 1.90920830000000E+03  -1.73337000000000E+01
 1.90929170000000E+03  -2.95157000000000E+01
 1.90937500000000E+03  -1.09286000000000E+01
 1.90945830000000E+03   3.04300000000000E+00
 1.90954170000000E+03   1.62455000000000E+01
 1.90962500000000E+03   2.56015000000000E+01
 1.90970830000000E+03   2.03421000000000E+01
 1.90979170000000E+03   2.89290000000000E+01
 1.90987500000000E+03   3.82848000000000E+01
 1.90995830000000E+03   3.99482000000000E+01
 1.91004170000000E+03   4.93040000000000E+01
 1.91012500000000E+03   4.55827000000000E+01
 1.91020830000000E+03   2.64767000000000E+01
 1.91029170000000E+03   2.42938000000000E+01
 1.91037500000000E+03   2.90337000000000E+01
 1.91045830000000E+03   9.92750000000000E+00
 1.91054170000000E+03   1.77444000000000E+01
 1.91062500000000E+03   7.86870000000000E+00
 1.91070830000000E+03   4.91600000000000E+00
 1.91079170000000E+03   4.27110000000000E+00
 1.91087500000000E+03   5.93370000000000E+00
 1.91095830000000E+03  -9.61000000000000E-02
 1.91104170000000E+03   1.23357000000000E+01
 1.91112500000000E+03   3.22870000000000E+00
 1.91120830000000E+03   1.33525000000000E+01
 1.91129170000000E+03   1.96302000000000E+01
 1.91137500000000E+03   3.05231000000000E+01
 1.91145830000000E+03   2.06466000000000E+01
 1.91154170000000E+03   1.61549000000000E+01
 1.91162500000000E+03  -2.18330000000000E+00
 1.91170830000000E+03  -1.97523000000000E+01
 1.91179170000000E+03  -1.73212000000000E+01
 1.91187500000000E+03  -1.41212000000000E+01
 1.91195830000000E+03  -2.45960000000000E+00
 1.91204170000000E+03  -2.88000000000000E-02
 1.91212500000000E+03   8.63300000000000E-01
 1.91220830000000E+03   1.63708000000000E+01
 1.91229170000000E+03   3.39800000000000E-01
 1.91237500000000E+03   1.23170000000000E+00
 1.91245830000000E+03   1.05851000000000E+01
 1.91254170000000E+03   2.68616000000000E+01
 1.91262500000000E+03   3.62148000000000E+01
 1.91270830000000E+03   6.01833000000000E+01
 1.91279170000000E+03   7.03057000000000E+01
 1.91287500000000E+03   5.19663000000000E+01
 1.91295830000000E+03   5.67038000000000E+01
 1.91304170000000E+03   6.06722000000000E+01
 1.91312500000000E+03   8.00249000000000E+01
 1.91320830000000E+03   6.86083000000000E+01
 1.91329170000000E+03   4.25764000000000E+01
 1.91337500000000E+03   5.80827000000000E+01
 1.91345830000000E+03   9.58967000000000E+01
 1.91354170000000E+03   9.60184000000000E+01
 1.91362500000000E+03   1.03832100000000E+02
 1.91370830000000E+03   1.09338200000000E+02
 1.91379170000000E+03   8.71519000000000E+01
 1.91387500000000E+03   9.03501000000000E+01
 1.91395830000000E+03   9.97020000000000E+01
 1.91404170000000E+03   9.67463000000000E+01
 1.91412500000000E+03   9.22519000000000E+01
 1.91420830000000E+03   8.54498000000000E+01
 1.91429170000000E+03   9.78784000000000E+01
 1.91437500000000E+03   9.49223000000000E+01
 1.91445830000000E+03   8.81199000000000E+01
 1.91454170000000E+03   4.13175000000000E+01
 1.91462500000000E+03   8.36110000000000E+00
 1.91470830000000E+03  -1.61338000000000E+01
 1.91479170000000E+03  -2.21672000000000E+01
 1.91487500000000E+03  -2.20469000000000E+01
 1.91495830000000E+03  -2.65421000000000E+01
 1.91504170000000E+03  -1.71910000000000E+01
 1.91512500000000E+03  -6.30180000000000E+00
 1.91520830000000E+03   2.27970000000000E+00
 1.91529170000000E+03  -1.45233000000000E+01
 1.91537500000000E+03  -2.82497000000000E+01
 1.91545830000000E+03  -5.82220000000000E+00
 1.91554170000000E+03   1.98980000000000E+00
 1.91562500000000E+03   1.67248000000000E+01
 1.91570830000000E+03   8.38270000000000E+00
 1.91579170000000E+03   6.96380000000000E+00
 1.91587500000000E+03   1.69850000000000E+00
 1.91595830000000E+03   7.20240000000000E+00
 1.91604170000000E+03   1.27063000000000E+01
 1.91612500000000E+03   2.05177000000000E+01
 1.91620830000000E+03   1.60213000000000E+01
 1.91629170000000E+03   1.30635000000000E+01
 1.91637500000000E+03   2.24131000000000E+01
 1.91645830000000E+03   2.79165000000000E+01
 1.91654170000000E+03   8.03530000000000E+00
 1.91662500000000E+03  -2.49230000000000E+01
 1.91670830000000E+03  -5.48045000000000E+01
 1.91679170000000E+03  -4.16090000000000E+01
 1.91687500000000E+03  -4.14906000000000E+01
 1.91695830000000E+03  -4.36800000000000E+01
 1.91704170000000E+03  -4.81770000000000E+01
 1.91712500000000E+03  -6.03666000000000E+01
 1.91720830000000E+03  -6.40947000000000E+01
 1.91729170000000E+03  -5.62843000000000E+01
 1.91737500000000E+03  -5.30895000000000E+01
 1.91745830000000E+03  -2.06640000000000E+01
 1.91754170000000E+03  -8.23840000000000E+00
 1.91762500000000E+03   2.64850000000000E+00
 1.91770830000000E+03   4.30450000000000E+00
 1.91779170000000E+03   2.88370000000000E+00
 1.91787500000000E+03  -1.93066000000000E+01
 1.91795830000000E+03  -6.11230000000000E+00
 1.91804170000000E+03   1.24666000000000E+01
 1.91812500000000E+03   2.41222000000000E+01
 1.91820830000000E+03   4.50086000000000E+01
 1.91829170000000E+03   4.58950000000000E+01
 1.91837500000000E+03   2.75504000000000E+01
 1.91845830000000E+03   1.07441000000000E+01
 1.91854170000000E+03  -2.68313000000000E+01
 1.91862500000000E+03  -5.13299000000000E+01
 1.91870830000000E+03  -7.04441000000000E+01
 1.91879170000000E+03  -6.18659000000000E+01
 1.91887500000000E+03  -5.94417000000000E+01
 1.91895830000000E+03  -2.93254000000000E+01
 1.91904170000000E+03  -2.69012000000000E+01
 1.91912500000000E+03  -1.44773000000000E+01
 1.91920830000000E+03  -1.28227000000000E+01
 1.91929170000000E+03  -1.65527000000000E+01
 1.91937500000000E+03  -4.56675000000000E+01
 1.91945830000000E+03  -4.01669000000000E+01
 1.91954170000000E+03  -3.15894000000000E+01
 1.91962500000000E+03  -1.83968000000000E+01
 1.91970830000000E+03  -5.88800000000000E-01
 1.91979170000000E+03   1.10654000000000E+01
 1.91987500000000E+03   2.04116000000000E+01
 1.91995830000000E+03   3.82194000000000E+01
 1.92004170000000E+03   3.98733000000000E+01
 1.92012500000000E+03   4.69117000000000E+01
 1.92020830000000E+03   2.85653000000000E+01
 1.92029170000000E+03   1.75750000000000E+00
 1.92037500000000E+03  -2.65890000000000E+01
 1.92045830000000E+03  -3.41664000000000E+01
 1.92054170000000E+03  -2.78976000000000E+01
 1.92062500000000E+03  -3.93212000000000E+01
 1.92070830000000E+03  -5.38219000000000E+01
 1.92079170000000E+03  -6.29379000000000E+01
 1.92087500000000E+03  -6.28234000000000E+01
 1.92095830000000E+03  -5.80935000000000E+01
 1.92104170000000E+03  -4.10559000000000E+01
 1.92112500000000E+03  -2.94031000000000E+01
 1.92120830000000E+03  -2.77504000000000E+01
 1.92129170000000E+03  -1.22515000000000E+01
 1.92137500000000E+03   1.86318000000000E+01
 1.92145830000000E+03   4.10534000000000E+01
 1.92154170000000E+03   8.50136000000000E+01
 1.92162500000000E+03   6.51275000000000E+01
 1.92170830000000E+03   7.44720000000000E+01
 1.92179170000000E+03   7.15089000000000E+01
 1.92187500000000E+03   7.31609000000000E+01
 1.92195830000000E+03   8.78898000000000E+01
 1.92204170000000E+03   8.95419000000000E+01
 1.92212500000000E+03   8.19629000000000E+01
 1.92220830000000E+03   7.05377000000000E+01
 1.92229170000000E+03   5.21895000000000E+01
 1.92237500000000E+03   3.92257000000000E+01
 1.92245830000000E+03   4.08772000000000E+01
 1.92254170000000E+03   4.32980000000000E+01
 1.92262500000000E+03   2.95647000000000E+01
 1.92270830000000E+03   1.27544000000000E+01
 1.92279170000000E+03  -1.86712000000000E+01
 1.92287500000000E+03  -1.31739000000000E+01
 1.92295830000000E+03   7.84800000000000E-01
 1.92304170000000E+03   8.97400000000000E-01
 1.92312500000000E+03   9.47130000000000E+00
 1.92320830000000E+03   1.11221000000000E+01
 1.92329170000000E+03   2.58498000000000E+01
 1.92337500000000E+03   5.36543000000000E+01
 1.92345830000000E+03   5.68433000000000E+01
 1.92354170000000E+03   2.92631000000000E+01
 1.92362500000000E+03   2.32212000000000E+01
 1.92370830000000E+03   1.10254000000000E+01
 1.92379170000000E+03   3.57526000000000E+01
 1.92387500000000E+03   5.35566000000000E+01
 1.92395830000000E+03   5.90529000000000E+01
 1.92404170000000E+03   5.99337000000000E+01
 1.92412500000000E+03   5.38913000000000E+01
 1.92420830000000E+03   3.78488000000000E+01
 1.92429170000000E+03   2.56526000000000E+01
 1.92437500000000E+03   8.07150000000000E+00
 1.92445830000000E+03  -2.18174000000000E+01
 1.92454170000000E+03  -1.01678000000000E+01
 1.92462500000000E+03   1.60970000000000E+01
 1.92470830000000E+03   7.74640000000000E+00
 1.92479170000000E+03   6.31890000000000E+00
 1.92487500000000E+03  -3.57040000000000E+00
 1.92495830000000E+03   1.11556000000000E+01
 1.92504170000000E+03   1.20356000000000E+01
 1.92512500000000E+03   6.76140000000000E+00
 1.92520830000000E+03   2.30257000000000E+01
 1.92529170000000E+03   3.85208000000000E+01
 1.92537500000000E+03   4.55541000000000E+01
 1.92545830000000E+03   5.02796000000000E+01
 1.92554170000000E+03   5.26975000000000E+01
 1.92562500000000E+03   1.74229000000000E+01
 1.92570830000000E+03   5.99440000000000E+00
 1.92579170000000E+03   5.33520000000000E+00
 1.92587500000000E+03   4.67570000000000E+00
 1.92595830000000E+03   1.47854000000000E+01
 1.92604170000000E+03   7.97200000000000E+00
 1.92612500000000E+03   1.88508000000000E+01
 1.92620830000000E+03   2.74218000000000E+01
 1.92629170000000E+03   1.90698000000000E+01
 1.92637500000000E+03   3.79440000000000E+00
 1.92645830000000E+03   2.36520000000000E+00
 1.92654170000000E+03   3.24370000000000E+00
 1.92662500000000E+03   2.58350000000000E+00
 1.92670830000000E+03   8.07710000000000E+00
 1.92679170000000E+03   5.87840000000000E+00
 1.92687500000000E+03   2.13719000000000E+01
 1.92695830000000E+03   4.30191000000000E+01
 1.92704170000000E+03   5.15894000000000E+01
 1.92712500000000E+03   5.86210000000000E+01
 1.92720830000000E+03   5.48834000000000E+01
 1.92729170000000E+03   5.42227000000000E+01
 1.92737500000000E+03   5.81772000000000E+01
 1.92745830000000E+03   4.67470000000000E+01
 1.92754170000000E+03   3.45476000000000E+01
 1.92762500000000E+03   2.69634000000000E+01
 1.92770830000000E+03  -6.20900000000000E-01
 1.92779170000000E+03  -1.12821000000000E+01
 1.92787500000000E+03  -2.57896000000000E+01
 1.92795830000000E+03  -2.87587000000000E+01
 1.92804170000000E+03  -2.24971000000000E+01
 1.92812500000000E+03  -1.16202000000000E+01
 1.92820830000000E+03  -6.89730000000000E+00
 1.92829170000000E+03  -4.48200000000000E+00
 1.92837500000000E+03  -8.99000000000000E+00
 1.92845830000000E+03  -1.19596000000000E+01
 1.92854170000000E+03  -8.00610000000000E+00
 1.92862500000000E+03  -2.94374000000000E+01
 1.92870830000000E+03  -4.54842000000000E+01
 1.92879170000000E+03  -2.07617000000000E+01
 1.92887500000000E+03  -6.03940000000000E+00
 1.92895830000000E+03   1.17597000000000E+01
 1.92904170000000E+03   1.72512000000000E+01
 1.92912500000000E+03   4.28090000000000E+00
 1.92920830000000E+03  -1.76630000000000E+00
 1.92929170000000E+03   2.18650000000000E+00
 1.92937500000000E+03  -1.55330000000000E+00
 1.92945830000000E+03  -7.60080000000000E+00
 1.92954170000000E+03  -1.28790000000000E+01
 1.92962500000000E+03  -1.96959000000000E+01
 1.92970830000000E+03  -4.20520000000000E+00
 1.92979170000000E+03  -5.63750000000000E+00
 1.92987500000000E+03  -1.63007000000000E+01
 1.92995830000000E+03  -2.15795000000000E+01
 1.93004170000000E+03  -1.91659000000000E+01
 1.93012500000000E+03  -1.75217000000000E+01
 1.93020830000000E+03  -2.74161000000000E+01
 1.93029170000000E+03  -3.26950000000000E+01
 1.93037500000000E+03  -1.87434000000000E+01
 1.93045830000000E+03  -2.40226000000000E+01
 1.93054170000000E+03  -2.39172000000000E+01
 1.93062500000000E+03  -4.53504000000000E+01
 1.93070830000000E+03  -3.90914000000000E+01
 1.93079170000000E+03  -3.82170000000000E+01
 1.93087500000000E+03  -3.19581000000000E+01
 1.93095830000000E+03  -1.80071000000000E+01
 1.93104170000000E+03   2.86710000000000E+00
 1.93112500000000E+03   1.43340000000000E+00
 1.93120830000000E+03  -2.30810000000000E+00
 1.93129170000000E+03   1.47197000000000E+01
 1.93137500000000E+03   1.17473000000000E+01
 1.93145830000000E+03  -1.19944000000000E+01
 1.93154170000000E+03   3.49470000000000E+00
 1.93162500000000E+03   1.05220000000000E+01
 1.93170830000000E+03   1.75493000000000E+01
 1.93179170000000E+03   1.76536000000000E+01
 1.93187500000000E+03   2.00653000000000E+01
 1.93195830000000E+03   2.86308000000000E+01
 1.93204170000000E+03   3.33502000000000E+01
 1.93212500000000E+03   3.11463000000000E+01
 1.93220830000000E+03   3.74038000000000E+01
 1.93229170000000E+03   4.28922000000000E+01
 1.93237500000000E+03   2.91496000000000E+01
 1.93245830000000E+03   2.92531000000000E+01
 1.93254170000000E+03   1.55105000000000E+01
 1.93262500000000E+03   2.29200000000000E-01
 1.93270830000000E+03  -2.88983000000000E+01
 1.93279170000000E+03  -1.41797000000000E+01
 1.93287500000000E+03  -1.71535000000000E+01
 1.93295830000000E+03  -2.01274000000000E+01
 1.93304170000000E+03  -1.38705000000000E+01
 1.93312500000000E+03  -1.46000000000000E+00
 1.93320830000000E+03  -8.28030000000000E+00
 1.93329170000000E+03  -2.66390000000000E+01
 1.93337500000000E+03  -4.65364000000000E+01
 1.93345830000000E+03  -5.87416000000000E+01
 1.93354170000000E+03  -6.86390000000000E+01
 1.93362500000000E+03  -4.69982000000000E+01
 1.93370830000000E+03  -4.84344000000000E+01
 1.93379170000000E+03  -5.75628000000000E+01
 1.93387500000000E+03  -6.97684000000000E+01
 1.93395830000000E+03  -5.81279000000000E+01
 1.93404170000000E+03  -4.26412000000000E+01
 1.93412500000000E+03  -3.71547000000000E+01
 1.93420830000000E+03  -5.39759000000000E+01
 1.93429170000000E+03  -4.00279000000000E+01
 1.93437500000000E+03  -2.06955000000000E+01
 1.93445830000000E+03  -1.98247000000000E+01
 1.93454170000000E+03  -1.81846000000000E+01
 1.93462500000000E+03   1.14750000000000E+00
 1.93470830000000E+03  -1.72127000000000E+01
 1.93479170000000E+03  -1.71113000000000E+01
 1.93487500000000E+03  -4.70240000000000E+00
 1.93495830000000E+03  -3.06290000000000E+00
 1.93504170000000E+03   7.03820000000000E+00
 1.93512500000000E+03   1.56007000000000E+01
 1.93520830000000E+03   1.33939000000000E+01
 1.93529170000000E+03   3.42640000000000E+01
 1.93537500000000E+03   2.12878000000000E+01
 1.93545830000000E+03   1.21576000000000E+01
 1.93554170000000E+03   2.07198000000000E+01
 1.93562500000000E+03   3.00510000000000E+01
 1.93570830000000E+03  -6.17800000000000E-01
 1.93579170000000E+03  -5.17400000000000E-01
 1.93587500000000E+03  -1.58018000000000E+01
 1.93595830000000E+03  -9.54780000000000E+00
 1.93604170000000E+03  -7.14000000000000E+00
 1.93612500000000E+03  -1.70400000000000E+01
 1.93620830000000E+03  -2.77093000000000E+01
 1.93629170000000E+03  -2.76094000000000E+01
 1.93637500000000E+03  -3.98173000000000E+01
 1.93645830000000E+03  -3.35638000000000E+01
 1.93654170000000E+03  -3.80795000000000E+01
 1.93662500000000E+03  -6.33646000000000E+01
 1.93670830000000E+03  -7.40344000000000E+01
 1.93679170000000E+03  -7.31657000000000E+01
 1.93687500000000E+03  -8.22972000000000E+01
 1.93695830000000E+03  -7.45058000000000E+01
 1.93704170000000E+03  -6.05604000000000E+01
 1.93712500000000E+03  -5.50767000000000E+01
 1.93720830000000E+03  -5.19009000000000E+01
 1.93729170000000E+03  -5.79557000000000E+01
 1.93737500000000E+03  -6.55493000000000E+01
 1.93745830000000E+03  -7.69890000000000E+01
 1.93754170000000E+03  -8.68903000000000E+01
 1.93762500000000E+03  -7.37148000000000E+01
 1.93770830000000E+03  -3.90010000000000E+01
 1.93779170000000E+03   3.28300000000000E-01
 1.93787500000000E+03   1.65804000000000E+01
 1.93795830000000E+03   3.59094000000000E+01
 1.93804170000000E+03   5.21616000000000E+01
 1.93812500000000E+03   4.14904000000000E+01
 1.93820830000000E+03   4.00499000000000E+01
 1.93829170000000E+03   4.16864000000000E+01
 1.93837500000000E+03   6.02458000000000E+01
 1.93845830000000E+03   5.26512000000000E+01
 1.93854170000000E+03   4.81336000000000E+01
 1.93862500000000E+03   5.59235000000000E+01
 1.93870830000000E+03   3.83287000000000E+01
 1.93879170000000E+03   1.53493000000000E+01
 1.93887500000000E+03  -2.37841000000000E+01
 1.93895830000000E+03  -2.21484000000000E+01
 1.93904170000000E+03  -2.28203000000000E+01
 1.93912500000000E+03  -3.42616000000000E+01
 1.93920830000000E+03  -4.03184000000000E+01
 1.93929170000000E+03  -5.79137000000000E+01
 1.93937500000000E+03  -8.39707000000000E+01
 1.93945830000000E+03  -9.69508000000000E+01
 1.93954170000000E+03  -8.76232000000000E+01
 1.93962500000000E+03  -1.02911200000000E+02
 1.93970830000000E+03  -1.17430000000000E+02
 1.93979170000000E+03  -1.25795000000000E+02
 1.93987500000000E+03  -1.34160100000000E+02
 1.93995830000000E+03  -1.27909900000000E+02
 1.94004170000000E+03  -1.27813600000000E+02
 1.94012500000000E+03  -1.16179000000000E+02
 1.94020830000000E+03  -9.14675000000000E+01
 1.94029170000000E+03  -7.98329000000000E+01
 1.94037500000000E+03  -6.28139000000000E+01
 1.94045830000000E+03  -3.27181000000000E+01
 1.94054170000000E+03  -4.49299000000000E+01
 1.94062500000000E+03  -6.71419000000000E+01
 1.94070830000000E+03  -5.32002000000000E+01
 1.94079170000000E+03  -6.31046000000000E+01
 1.94087500000000E+03  -6.45476000000000E+01
 1.94095830000000E+03  -5.67599000000000E+01
 1.94104170000000E+03  -4.82030000000000E+01
 1.94112500000000E+03  -4.27232000000000E+01
 1.94120830000000E+03  -4.33973000000000E+01
 1.94129170000000E+03  -6.48406000000000E+01
 1.94137500000000E+03  -7.70533000000000E+01
 1.94145830000000E+03  -6.92661000000000E+01
 1.94154170000000E+03  -8.45558000000000E+01
 1.94162500000000E+03  -9.36919000000000E+01
 1.94170830000000E+03  -9.59049000000000E+01
 1.94179170000000E+03  -1.01194900000000E+02
 1.94187500000000E+03  -9.49465000000000E+01
 1.94195830000000E+03  -7.79291000000000E+01
 1.94204170000000E+03  -5.93731000000000E+01
 1.94212500000000E+03  -5.92788000000000E+01
 1.94220830000000E+03  -6.07231000000000E+01
 1.94229170000000E+03  -5.90905000000000E+01
 1.94237500000000E+03  -4.36118000000000E+01
 1.94245830000000E+03  -1.19795000000000E+01
 1.94254170000000E+03  -1.95778000000000E+01
 1.94262500000000E+03   2.05440000000000E+00
 1.94270830000000E+03   3.36866000000000E+01
 1.94279170000000E+03   6.91649000000000E+01
 1.94287500000000E+03   9.07969000000000E+01
 1.94295830000000E+03   1.03967300000000E+02
 1.94304170000000E+03   1.13291500000000E+02
 1.94312500000000E+03   1.21077100000000E+02
 1.94320830000000E+03   1.26554900000000E+02
 1.94329170000000E+03   1.30494300000000E+02
 1.94337500000000E+03   1.12895100000000E+02
 1.94345830000000E+03   1.00680400000000E+02
 1.94354170000000E+03   1.06158000000000E+02
 1.94362500000000E+03   1.24712300000000E+02
 1.94370830000000E+03   1.13266600000000E+02
 1.94379170000000E+03   9.41286000000000E+01
 1.94387500000000E+03   8.96058000000000E+01
 1.94395830000000E+03   8.50829000000000E+01
 1.94404170000000E+03   8.44062000000000E+01
 1.94412500000000E+03   6.91139000000000E+01
 1.94420830000000E+03   5.53600000000000E+01
 1.94429170000000E+03   4.92984000000000E+01
 1.94437500000000E+03   4.24675000000000E+01
 1.94445830000000E+03   4.40979000000000E+01
 1.94454170000000E+03   4.57284000000000E+01
 1.94462500000000E+03   1.65895000000000E+01
 1.94470830000000E+03   8.21980000000000E+00
 1.94479170000000E+03   1.21577000000000E+01
 1.94487500000000E+03   2.22493000000000E+01
 1.94495830000000E+03   2.31101000000000E+01
 1.94504170000000E+03   3.32017000000000E+01
 1.94512500000000E+03   4.25238000000000E+01
 1.94520830000000E+03   5.03074000000000E+01
 1.94529170000000E+03   5.80911000000000E+01
 1.94537500000000E+03   5.97207000000000E+01
 1.94545830000000E+03   7.05810000000000E+01
 1.94554170000000E+03   7.45182000000000E+01
 1.94562500000000E+03   9.07629000000000E+01
 1.94570830000000E+03   8.85461000000000E+01
 1.94579170000000E+03   8.47908000000000E+01
 1.94587500000000E+03   6.64199000000000E+01
 1.94595830000000E+03   6.57412000000000E+01
 1.94604170000000E+03   6.04472000000000E+01
 1.94612500000000E+03   5.97684000000000E+01
 1.94620830000000E+03   5.90895000000000E+01
 1.94629170000000E+03   5.91799000000000E+01
 1.94637500000000E+03   3.69624000000000E+01
 1.94645830000000E+03   2.01294000000000E+01
 1.94654170000000E+03  -1.20881000000000E+01
 1.94662500000000E+03  -5.66136000000000E+01
 1.94670830000000E+03  -1.03446800000000E+02
 1.94679170000000E+03  -9.95107000000000E+01
 1.94687500000000E+03  -1.19421000000000E+02
 1.94695830000000E+03  -1.18562200000000E+02
 1.94704170000000E+03  -1.20780200000000E+02
 1.94712500000000E+03  -1.26075300000000E+02
 1.94720830000000E+03  -1.43678300000000E+02
 1.94729170000000E+03  -1.45127300000000E+02
 1.94737500000000E+03  -1.41961200000000E+02
 1.94745830000000E+03  -1.19564300000000E+02
 1.94754170000000E+03  -9.56290000000000E+01
 1.94762500000000E+03  -7.78477000000000E+01
 1.94770830000000E+03  -4.31434000000000E+01
 1.94779170000000E+03  -2.22852000000000E+01
 1.94787500000000E+03  -2.98888000000000E+01
 1.94795830000000E+03  -1.90309000000000E+01
 1.94804170000000E+03  -6.63450000000000E+00
 1.94812500000000E+03   1.14630000000000E+00
 1.94820830000000E+03   1.66194000000000E+01
 1.94829170000000E+03   4.67078000000000E+01
 1.94837500000000E+03   5.29500000000000E+01
 1.94845830000000E+03   5.53458000000000E+01
 1.94854170000000E+03   6.15879000000000E+01
 1.94862500000000E+03   7.24452000000000E+01
 1.94870830000000E+03   8.33024000000000E+01
 1.94879170000000E+03   9.10826000000000E+01
 1.94887500000000E+03   9.57858000000000E+01
 1.94895830000000E+03   1.14335100000000E+02
 1.94904170000000E+03   1.21345900000000E+02
 1.94912500000000E+03   1.32971900000000E+02
 1.94920830000000E+03   1.20751700000000E+02
 1.94929170000000E+03   1.08531500000000E+02
 1.94937500000000E+03   9.01573000000000E+01
 1.94945830000000E+03   9.56291000000000E+01
 1.94954170000000E+03   9.57164000000000E+01
 1.94962500000000E+03   7.50343000000000E+01
 1.94970830000000E+03   5.97366000000000E+01
 1.94979170000000E+03   5.52083000000000E+01
 1.94987500000000E+03   4.45259000000000E+01
 1.94995830000000E+03   4.84588000000000E+01
 1.95004170000000E+03   4.77764000000000E+01
 1.95012500000000E+03   4.24783000000000E+01
 1.95020830000000E+03   3.71802000000000E+01
 1.95029170000000E+03   6.64976000000000E+01
 1.95037500000000E+03   7.19685000000000E+01
 1.95045830000000E+03   7.74394000000000E+01
 1.95054170000000E+03   5.67565000000000E+01
 1.95062500000000E+03   2.68426000000000E+01
 1.95070830000000E+03   1.53902000000000E+01
 1.95079170000000E+03   8.55320000000000E+00
 1.95087500000000E+03  -5.20710000000000E+00
 1.95095830000000E+03  -7.42890000000000E+00
 1.95104170000000E+03  -5.03540000000000E+00
 1.95112500000000E+03  -1.57190000000000E+01
 1.95120830000000E+03  -1.56334000000000E+01
 1.95129170000000E+03  -4.17017000000000E+01
 1.95137500000000E+03  -7.62317000000000E+01
 1.95145830000000E+03  -5.15310000000000E+01
 1.95154170000000E+03  -3.60610000000000E+01
 1.95162500000000E+03  -2.44374000000000E+01
 1.95170830000000E+03  -1.05061000000000E+01
 1.95179170000000E+03  -7.34410000000000E+00
 1.95187500000000E+03  -1.34130000000000E+01
 1.95195830000000E+03   8.21030000000000E+00
 1.95204170000000E+03   2.82952000000000E+01
 1.95212500000000E+03   2.60722000000000E+01
 1.95220830000000E+03   4.46183000000000E+01
 1.95229170000000E+03   6.16260000000000E+01
 1.95237500000000E+03   8.32489000000000E+01
 1.95245830000000E+03   9.79487000000000E+01
 1.95254170000000E+03   6.18792000000000E+01
 1.95262500000000E+03   4.65788000000000E+01
 1.95270830000000E+03   3.35861000000000E+01
 1.95279170000000E+03   4.05933000000000E+01
 1.95287500000000E+03   4.37542000000000E+01
 1.95295830000000E+03   4.53765000000000E+01
 1.95304170000000E+03   3.46912000000000E+01
 1.95312500000000E+03   3.86211000000000E+01
 1.95320830000000E+03   5.10125000000000E+01
 1.95329170000000E+03   4.10961000000000E+01
 1.95337500000000E+03   2.11796000000000E+01
 1.95345830000000E+03   1.89554000000000E+01
 1.95354170000000E+03   2.75003000000000E+01
 1.95362500000000E+03   7.58360000000000E+00
 1.95370830000000E+03  -2.84871000000000E+01
 1.95379170000000E+03  -3.84039000000000E+01
 1.95387500000000E+03  -5.52439000000000E+01
 1.95395830000000E+03  -6.13148000000000E+01
 1.95404170000000E+03  -4.66165000000000E+01
 1.95412500000000E+03  -3.96106000000000E+01
 1.95420830000000E+03  -4.26049000000000E+01
 1.95429170000000E+03  -4.09837000000000E+01
 1.95437500000000E+03  -3.16704000000000E+01
 1.95445830000000E+03  -2.00495000000000E+01
 1.95454170000000E+03  -1.76593000000000E+01
 1.95462500000000E+03  -2.52693000000000E+01
 1.95470830000000E+03  -1.13409000000000E+01
 1.95479170000000E+03   1.02798000000000E+01
 1.95487500000000E+03   2.80542000000000E+01
 1.95495830000000E+03   4.27515000000000E+01
 1.95504170000000E+03   5.66797000000000E+01
 1.95512500000000E+03   4.44538000000000E+01
 1.95520830000000E+03   3.99202000000000E+01
 1.95529170000000E+03   4.23096000000000E+01
 1.95537500000000E+03   3.70066000000000E+01
 1.95545830000000E+03   4.47804000000000E+01
 1.95554170000000E+03   5.87081000000000E+01
 1.95562500000000E+03   4.49433000000000E+01
 1.95570830000000E+03   2.73322000000000E+01
 1.95579170000000E+03   2.81828000000000E+01
 1.95587500000000E+03   3.05716000000000E+01
 1.95595830000000E+03   2.29603000000000E+01
 1.95604170000000E+03   2.99644000000000E+01
 1.95612500000000E+03   4.54299000000000E+01
 1.95620830000000E+03   5.08953000000000E+01
 1.95629170000000E+03   6.32838000000000E+01
 1.95637500000000E+03   5.18260000000000E+01
 1.95645830000000E+03   5.42142000000000E+01
 1.95654170000000E+03   3.19871000000000E+01
 1.95662500000000E+03   1.97598000000000E+01
 1.95670830000000E+03   1.59939000000000E+01
 1.95679170000000E+03   1.68435000000000E+01
 1.95687500000000E+03   1.92313000000000E+01
 1.95695830000000E+03   1.70037000000000E+01
 1.95704170000000E+03   2.16992000000000E+01
 1.95712500000000E+03   2.48560000000000E+01
 1.95720830000000E+03   2.64743000000000E+01
 1.95729170000000E+03   4.50157000000000E+01
 1.95737500000000E+03   4.20185000000000E+01
 1.95745830000000E+03   5.05596000000000E+01
 1.95754170000000E+03   4.83315000000000E+01
 1.95762500000000E+03   5.99494000000000E+01
 1.95770830000000E+03   4.15672000000000E+01
 1.95779170000000E+03   3.31851000000000E+01
 1.95787500000000E+03   4.71104000000000E+01
 1.95795830000000E+03   5.02664000000000E+01
 1.95804170000000E+03   5.80379000000000E+01
 1.95812500000000E+03   6.27322000000000E+01
 1.95820830000000E+03   4.89650000000000E+01
 1.95829170000000E+03   3.75054000000000E+01
 1.95837500000000E+03   1.68149000000000E+01
 1.95845830000000E+03   9.20120000000000E+00
 1.95854170000000E+03   1.69722000000000E+01
 1.95862500000000E+03   2.43530000000000E+00
 1.95870830000000E+03  -1.74863000000000E+01
 1.95879170000000E+03  -1.51002000000000E+01
 1.95887500000000E+03  -1.27143000000000E+01
 1.95895830000000E+03  -1.49438000000000E+01
 1.95904170000000E+03  -8.71180000000000E+00
 1.95912500000000E+03  -1.32492000000000E+01
 1.95920830000000E+03  -1.47097000000000E+01
 1.95929170000000E+03  -1.07856000000000E+01
 1.95937500000000E+03  -2.53233000000000E+01
 1.95945830000000E+03  -4.90917000000000E+01
 1.95954170000000E+03  -5.43986000000000E+01
 1.95962500000000E+03  -8.81673000000000E+01
 1.95970830000000E+03  -1.15012900000000E+02
 1.95979170000000E+03  -1.31089300000000E+02
 1.95987500000000E+03  -1.36396600000000E+02
 1.95995830000000E+03  -1.21704000000000E+02
 1.96004170000000E+03  -1.14703700000000E+02
 1.96012500000000E+03  -1.07703600000000E+02
 1.96020830000000E+03  -9.83959000000000E+01
 1.96029170000000E+03  -1.15242000000000E+02
 1.96037500000000E+03  -1.22088200000000E+02
 1.96045830000000E+03  -1.02780700000000E+02
 1.96054170000000E+03  -8.80886000000000E+01
 1.96062500000000E+03  -8.87813000000000E+01
 1.96070830000000E+03  -5.63971000000000E+01
 1.96079170000000E+03  -1.93975000000000E+01
 1.96087500000000E+03   1.44800000000000E+00
 1.96095830000000E+03   1.84474000000000E+01
 1.96104170000000E+03   3.92929000000000E+01
 1.96112500000000E+03   5.16767000000000E+01
 1.96120830000000E+03   5.32911000000000E+01
 1.96129170000000E+03   3.56748000000000E+01
 1.96137500000000E+03   4.95968000000000E+01
 1.96145830000000E+03   6.65957000000000E+01
 1.96154170000000E+03   7.35176000000000E+01
 1.96162500000000E+03   1.02747100000000E+02
 1.96170830000000E+03   9.05919000000000E+01
 1.96179170000000E+03   6.08982000000000E+01
 1.96187500000000E+03   4.16659000000000E+01
 1.96195830000000E+03   4.05873000000000E+01
 1.96204170000000E+03   4.16626000000000E+01
 1.96212500000000E+03   3.12762000000000E+01
 1.96220830000000E+03   3.31974000000000E+01
 1.96229170000000E+03   2.56571000000000E+01
 1.96237500000000E+03   2.98089000000000E+01
 1.96245830000000E+03   3.25761000000000E+01
 1.96254170000000E+03   1.58047000000000E+01
 1.96262500000000E+03  -1.64283000000000E+01
 1.96270830000000E+03  -5.58153000000000E+01
 1.96279170000000E+03  -6.65099000000000E+01
 1.96287500000000E+03  -6.70509000000000E+01
 1.96295830000000E+03  -6.77458000000000E+01
 1.96304170000000E+03  -6.35176000000000E+01
 1.96312500000000E+03  -6.99819000000000E+01
 1.96320830000000E+03  -8.15231000000000E+01
 1.96329170000000E+03  -8.46029000000000E+01
 1.96337500000000E+03  -7.62212000000000E+01
 1.96345830000000E+03  -6.78397000000000E+01
 1.96354170000000E+03  -6.83043000000000E+01
 1.96362500000000E+03  -4.73075000000000E+01
 1.96370830000000E+03  -5.50800000000000E+01
 1.96379170000000E+03  -5.74679000000000E+01
 1.96387500000000E+03  -3.60098000000000E+01
 1.96395830000000E+03  -2.49365000000000E+01
 1.96404170000000E+03  -5.40150000000000E+00
 1.96412500000000E+03   2.87100000000000E-01
 1.96420830000000E+03   1.08987000000000E+01
 1.96429170000000E+03   1.75872000000000E+01
 1.96437500000000E+03   7.12170000000000E+00
 1.96445830000000E+03   1.04254000000000E+01
 1.96454170000000E+03   1.18060000000000E+01
 1.96462500000000E+03   1.14942000000000E+01
 1.96470830000000E+03  -1.00486000000000E+01
 1.96479170000000E+03   4.56260000000000E+00
 1.96487500000000E+03   1.38659000000000E+01
 1.96495830000000E+03   8.63060000000000E+00
 1.96504170000000E+03   2.42415000000000E+01
 1.96512500000000E+03   2.31599000000000E+01
 1.96520830000000E+03   2.09244000000000E+01
 1.96529170000000E+03   8.68890000000000E+00
 1.96537500000000E+03   1.35302000000000E+01
 1.96545830000000E+03   1.19868000000000E+01
 1.96554170000000E+03  -1.15567000000000E+01
 1.96562500000000E+03  -3.23310000000000E+01
 1.96570830000000E+03  -3.15670000000000E+01
 1.96579170000000E+03  -2.88030000000000E+01
 1.96587500000000E+03  -3.01930000000000E+01
 1.96595830000000E+03  -2.15830000000000E+01
 1.96604170000000E+03  -7.28080000000000E+00
 1.96612500000000E+03  -1.69787000000000E+01
 1.96620830000000E+03  -1.16767000000000E+01
 1.96629170000000E+03  -1.51439000000000E+01
 1.96637500000000E+03  -2.52267000000000E+01
 1.96645830000000E+03  -3.23865000000000E+01
 1.96654170000000E+03  -3.15462000000000E+01
 1.96662500000000E+03  -2.63216000000000E+01
 1.96670830000000E+03   9.51840000000000E+00
 1.96679170000000E+03   1.22815000000000E+01
 1.96687500000000E+03   1.74290000000000E+01
 1.96695830000000E+03   2.60380000000000E+01
 1.96704170000000E+03   3.26470000000000E+01
 1.96712500000000E+03   3.27174000000000E+01
 1.96720830000000E+03   3.11722000000000E+01
 1.96729170000000E+03   3.28579000000000E+01
 1.96737500000000E+03   4.33127000000000E+01
 1.96745830000000E+03   7.56904000000000E+01
 1.96754170000000E+03   8.38374000000000E+01
 1.96762500000000E+03   8.66765000000000E+01
 1.96770830000000E+03   9.76693000000000E+01
 1.96779170000000E+03   7.99699000000000E+01
 1.96787500000000E+03   6.55780000000000E+01
 1.96795830000000E+03   5.36476000000000E+01
 1.96804170000000E+03   5.68710000000000E+01
 1.96812500000000E+03   4.77096000000000E+01
 1.96820830000000E+03   2.83174000000000E+01
 1.96829170000000E+03   2.65406000000000E+01
 1.96837500000000E+03   6.99440000000000E+00
 1.96845830000000E+03  -1.50135000000000E+01
 1.96854170000000E+03  -5.62521000000000E+01
 1.96862500000000E+03  -7.91831000000000E+01
 1.96870830000000E+03  -1.18960500000000E+02
 1.96879170000000E+03  -1.36276200000000E+02
 1.96887500000000E+03  -1.49284500000000E+02
 1.96895830000000E+03  -1.52292800000000E+02
 1.96904170000000E+03  -1.34301100000000E+02
 1.96912500000000E+03  -1.44694200000000E+02
 1.96920830000000E+03  -1.06933500000000E+02
 1.96929170000000E+03  -5.78651000000000E+01
 1.96937500000000E+03   1.97230000000000E+00
 1.96945830000000E+03   3.38097000000000E+01
 1.96954170000000E+03   2.31086000000000E+01
 1.96962500000000E+03   2.65612000000000E+01
 1.96970830000000E+03   2.47060000000000E+01
 1.96979170000000E+03   5.50046000000000E+01
 1.96987500000000E+03   5.86108000000000E+01
 1.96995830000000E+03   6.44477000000000E+01
 1.97004170000000E+03   7.85923000000000E+01
 1.97012500000000E+03   7.54290000000000E+01
 1.97020830000000E+03   9.03426000000000E+01
 1.97029170000000E+03   6.41792000000000E+01
 1.97037500000000E+03   4.77080000000000E+01
 1.97045830000000E+03  -3.14790000000000E+00
 1.97054170000000E+03  -3.29269000000000E+01
 1.97062500000000E+03  -7.32140000000000E+00
 1.97070830000000E+03   3.82250000000000E+00
 1.97079170000000E+03   5.35100000000000E+00
 1.97087500000000E+03  -8.96690000000000E+00
 1.97095830000000E+03  -1.03617000000000E+01
 1.97104170000000E+03   2.39730000000000E+00
 1.97112500000000E+03  -4.99770000000000E+00
 1.97120830000000E+03  -3.54670000000000E+00
 1.97129170000000E+03   6.73700000000000E-01
 1.97137500000000E+03   1.67399000000000E+01
 1.97145830000000E+03   1.83446000000000E+01
 1.97154170000000E+03  -5.20450000000000E+00
 1.97162500000000E+03  -3.01385000000000E+01
 1.97170830000000E+03  -6.34571000000000E+01
 1.97179170000000E+03  -6.07757000000000E+01
 1.97187500000000E+03  -6.30176000000000E+01
 1.97195830000000E+03  -5.15673000000000E+01
 1.97204170000000E+03  -4.54246000000000E+01
 1.97212500000000E+03  -5.40513000000000E+01
 1.97220830000000E+03  -5.25243000000000E+01
 1.97229170000000E+03  -5.43819000000000E+01
 1.97237500000000E+03  -4.21627000000000E+01
 1.97245830000000E+03  -4.99436000000000E+01
 1.97254170000000E+03  -7.93398000000000E+01
 1.97262500000000E+03  -6.11978000000000E+01
 1.97270830000000E+03  -3.08251000000000E+01
 1.97279170000000E+03   5.47070000000000E+00
 1.97287500000000E+03   1.68940000000000E+00
 1.97295830000000E+03   1.26004000000000E+01
 1.97304170000000E+03   1.64344000000000E+01
 1.97312500000000E+03   2.01913000000000E+01
 1.97320830000000E+03   2.60251000000000E+01
 1.97329170000000E+03   2.47050000000000E+01
 1.97337500000000E+03   4.34617000000000E+01
 1.97345830000000E+03   4.62952000000000E+01
 1.97354170000000E+03   3.43595000000000E+01
 1.97362500000000E+03   4.30391000000000E+01
 1.97370830000000E+03   1.24108000000000E+01
 1.97379170000000E+03  -1.29097000000000E+01
 1.97387500000000E+03  -4.27689000000000E+01
 1.97395830000000E+03  -3.57820000000000E+01
 1.97404170000000E+03  -1.34104000000000E+01
 1.97412500000000E+03  -6.19290000000000E+00
 1.97420830000000E+03  -1.10524000000000E+01
 1.97429170000000E+03  -5.60420000000000E+00
 1.97437500000000E+03   3.53610000000000E+00
 1.97445830000000E+03   1.09072000000000E+01
 1.97454170000000E+03   1.88936000000000E+01
 1.97462500000000E+03   2.11107000000000E+01
 1.97470830000000E+03   1.10968000000000E+01
 1.97479170000000E+03   2.86215000000000E+01
 1.97487500000000E+03   4.13768000000000E+01
 1.97495830000000E+03   6.02089000000000E+01
 1.97504170000000E+03   5.64256000000000E+01
 1.97512500000000E+03   3.77191000000000E+01
 1.97520830000000E+03   2.79355000000000E+01
 1.97529170000000E+03   3.43059000000000E+01
 1.97537500000000E+03   1.37530000000000E+01
 1.97545830000000E+03   1.73538000000000E+01
 1.97554170000000E+03   2.44931000000000E+01
 1.97562500000000E+03  -2.15985000000000E+01
 1.97570830000000E+03  -4.10748000000000E+01
 1.97579170000000E+03  -3.64742000000000E+01
 1.97587500000000E+03  -3.81814000000000E+01
 1.97595830000000E+03  -3.19656000000000E+01
 1.97604170000000E+03  -3.28268000000000E+01
 1.97612500000000E+03  -3.05343000000000E+01
 1.97620830000000E+03  -3.62418000000000E+01
 1.97629170000000E+03  -6.14109000000000E+01
 1.97637500000000E+03  -7.92725000000000E+01
 1.97645830000000E+03  -5.80572000000000E+01
 1.97654170000000E+03  -7.81496000000000E+01
 1.97662500000000E+03  -1.25857500000000E+02
 1.97670830000000E+03  -1.21027100000000E+02
 1.97679170000000E+03  -1.07196700000000E+02
 1.97687500000000E+03  -1.10443300000000E+02
 1.97695830000000E+03  -1.07690000000000E+02
 1.97704170000000E+03  -9.55522000000000E+01
 1.97712500000000E+03  -9.83375000000000E+01
 1.97720830000000E+03  -9.46614000000000E+01
 1.97729170000000E+03  -8.76007000000000E+01
 1.97737500000000E+03  -3.83863000000000E+01
 1.97745830000000E+03  -2.49412000000000E+01
 1.97754170000000E+03  -2.96499000000000E+01
 1.97762500000000E+03  -3.97434000000000E+01
 1.97770830000000E+03  -3.16063000000000E+01
 1.97779170000000E+03  -3.84691000000000E+01
 1.97787500000000E+03  -6.31013000000000E+01
 1.97795830000000E+03  -6.42721000000000E+01
 1.97804170000000E+03  -5.30582000000000E+01
 1.97812500000000E+03  -5.99215000000000E+01
 1.97820830000000E+03  -2.53232000000000E+01
 1.97829170000000E+03  -1.65712000000000E+01
 1.97837500000000E+03   5.71920000000000E+00
 1.97845830000000E+03  -2.04520000000000E+01
 1.97854170000000E+03  -3.36233000000000E+01
 1.97862500000000E+03  -5.03331000000000E+01
 1.97870830000000E+03  -4.14277000000000E+01
 1.97879170000000E+03  -5.59069000000000E+01
 1.97887500000000E+03  -5.00016000000000E+01
 1.97895830000000E+03  -3.44810000000000E+01
 1.97904170000000E+03  -1.07296000000000E+01
 1.97912500000000E+03  -7.13230000000000E+00
 1.97920830000000E+03   3.92650000000000E+00
 1.97929170000000E+03  -2.44762000000000E+01
 1.97937500000000E+03  -4.21098000000000E+01
 1.97945830000000E+03  -5.44359000000000E+01
 1.97954170000000E+03  -5.95312000000000E+01
 1.97962500000000E+03  -6.59343000000000E+01
 1.97970830000000E+03  -8.31836000000000E+01
 1.97979170000000E+03  -8.52792000000000E+01
 1.97987500000000E+03  -8.03748000000000E+01
 1.97995830000000E+03  -7.83167000000000E+01
 1.98004170000000E+03  -6.61817000000000E+01
 1.98012500000000E+03  -7.95084000000000E+01
 1.98020830000000E+03  -8.17582000000000E+01
 1.98029170000000E+03  -8.03158000000000E+01
 1.98037500000000E+03  -6.95658000000000E+01
 1.98045830000000E+03  -4.03543000000000E+01
 1.98054170000000E+03  -2.76813000000000E+01
 1.98062500000000E+03  -1.62300000000000E-01
 1.98070830000000E+03   8.81820000000000E+00
 1.98079170000000E+03   2.17986000000000E+01
 1.98087500000000E+03   2.10866000000000E+01
 1.98095830000000E+03   3.63745000000000E+01
 1.98104170000000E+03   4.81240000000000E+01
 1.98112500000000E+03   5.77194000000000E+01
 1.98120830000000E+03   5.44686000000000E+01
 1.98129170000000E+03   5.91409000000000E+01
 1.98137500000000E+03   7.35053000000000E+01
 1.98145830000000E+03   9.20235000000000E+01
 1.98154170000000E+03   6.66956000000000E+01
 1.98162500000000E+03   3.62136000000000E+01
 1.98170830000000E+03   1.12700000000000E+01
 1.98179170000000E+03   2.50957000000000E+01
 1.98187500000000E+03   3.99981000000000E+01
 1.98195830000000E+03   4.49004000000000E+01
 1.98204170000000E+03   4.05720000000000E+01
 1.98212500000000E+03   3.45511000000000E+01
 1.98220830000000E+03   3.39917000000000E+01
 1.98229170000000E+03   2.35861000000000E+01
 1.98237500000000E+03   1.81803000000000E+01
 1.98245830000000E+03   5.92830000000000E+00
 1.98254170000000E+03   1.64456000000000E+01
 1.98262500000000E+03   3.84242000000000E+01
 1.98270830000000E+03   4.47874000000000E+01
 1.98279170000000E+03   4.57659000000000E+01
 1.98287500000000E+03   3.08981000000000E+01
 1.98295830000000E+03   2.47995000000000E+01
 1.98304170000000E+03   3.40855000000000E+01
 1.98312500000000E+03   3.90636000000000E+01
 1.98320830000000E+03   4.68109000000000E+01
 1.98329170000000E+03   5.87890000000000E+01
 1.98337500000000E+03   1.00074600000000E+02
 1.98345830000000E+03   1.07052400000000E+02
 1.98354170000000E+03   1.18799500000000E+02
 1.98362500000000E+03   6.90079000000000E+01
 1.98370830000000E+03   2.37547000000000E+01
 1.98379170000000E+03   7.96310000000000E+00
 1.98387500000000E+03  -1.44410000000000E+00
 1.98395830000000E+03   6.14870000000000E+00
 1.98404170000000E+03   2.12798000000000E+01
 1.98412500000000E+03   1.81801000000000E+01
 1.98420830000000E+03   2.46188000000000E+01
 1.98429170000000E+03   3.15959000000000E+01
 1.98437500000000E+03   3.34200000000000E+00
 1.98445830000000E+03  -2.94503000000000E+01
 1.98454170000000E+03  -4.95504000000000E+01
 1.98462500000000E+03  -8.38044000000000E+01
 1.98470830000000E+03  -9.29816000000000E+01
 1.98479170000000E+03  -7.67742000000000E+01
 1.98487500000000E+03  -7.09516000000000E+01
 1.98495830000000E+03  -5.95906000000000E+01
 1.98504170000000E+03  -5.09219000000000E+01
 1.98512500000000E+03  -5.64072000000000E+01
 1.98520830000000E+03  -3.90464000000000E+01
 1.98529170000000E+03  -3.78395000000000E+01
 1.98537500000000E+03  -4.21712000000000E+01
 1.98545830000000E+03  -2.95030000000000E+01
 1.98554170000000E+03  -1.36040000000000E+01
 1.98562500000000E+03  -2.40129000000000E+01
 1.98570830000000E+03  -4.14218000000000E+01
 1.98579170000000E+03  -3.65231000000000E+01
 1.98587500000000E+03  -4.20091000000000E+01
 1.98595830000000E+03  -3.91106000000000E+01
 1.98604170000000E+03  -3.13659000000000E+01
 1.98612500000000E+03  -3.47752000000000E+01
 1.98620830000000E+03  -2.44923000000000E+01
 1.98629170000000E+03  -2.95941000000000E+01
 1.98637500000000E+03  -2.18498000000000E+01
 1.98645830000000E+03  -7.49020000000000E+00
 1.98654170000000E+03  -1.71307000000000E+01
 1.98662500000000E+03  -2.98482000000000E+01
 1.98670830000000E+03  -3.21811000000000E+01
 1.98679170000000E+03  -2.57449000000000E+01
 1.98687500000000E+03  -1.56934000000000E+01
 1.98695830000000E+03  -6.41120000000000E+00
 1.98704170000000E+03   3.48630000000000E+00
 1.98712500000000E+03   9.15300000000000E+00
 1.98720830000000E+03   2.17426000000000E+01
 1.98729170000000E+03   4.94760000000000E+00
 1.98737500000000E+03  -5.46290000000000E+00
 1.98745830000000E+03  -1.58735000000000E+01
 1.98754170000000E+03  -2.65149000000000E+01
 1.98762500000000E+03  -2.24641000000000E+01
 1.98770830000000E+03  -2.09519000000000E+01
 1.98779170000000E+03  -5.36280000000000E+00
 1.98787500000000E+03  -3.61990000000000E+00
 1.98795830000000E+03  -4.56950000000000E+00
 1.98804170000000E+03  -6.51900000000000E+00
 1.98812500000000E+03   1.68510000000000E+00
 1.98820830000000E+03   3.50700000000000E-01
 1.98829170000000E+03  -6.75300000000000E+00
 1.98837500000000E+03   4.52790000000000E+00
 1.98845830000000E+03   2.42702000000000E+01
 1.98854170000000E+03   4.49355000000000E+01
 1.98862500000000E+03   6.19853000000000E+01
 1.98870830000000E+03   7.49581000000000E+01
 1.98879170000000E+03   6.94694000000000E+01
 1.98887500000000E+03   7.51344000000000E+01
 1.98895830000000E+03   8.68762000000000E+01
 1.98904170000000E+03   9.37718000000000E+01
 1.98912500000000E+03   1.12898100000000E+02
 1.98920830000000E+03   1.03793500000000E+02
 1.98929170000000E+03   1.05535000000000E+02
 1.98937500000000E+03   1.08045700000000E+02
 1.98945830000000E+03   1.10325400000000E+02
 1.98954170000000E+03   1.05912900000000E+02
 1.98962500000000E+03   1.02731000000000E+02
 1.98970830000000E+03   1.10702900000000E+02
 1.98979170000000E+03   1.04059300000000E+02
 1.98987500000000E+03   1.01261800000000E+02
 1.98995830000000E+03   9.76949000000000E+01
 1.99004170000000E+03   1.10820400000000E+02
 1.99012500000000E+03   1.15330300000000E+02
 1.99020830000000E+03   1.12147800000000E+02
 1.99029170000000E+03   1.20888400000000E+02
 1.99037500000000E+03   1.15628900000000E+02
 1.99045830000000E+03   1.05138500000000E+02
 1.99054170000000E+03   1.02494200000000E+02
 1.99062500000000E+03   7.42344000000000E+01
 1.99070830000000E+03   2.90515000000000E+01
 1.99079170000000E+03  -2.17468000000000E+01
 1.99087500000000E+03  -3.86223000000000E+01
 1.99095830000000E+03  -2.91131000000000E+01
 1.99104170000000E+03  -2.16040000000000E+01
 1.99112500000000E+03  -2.55566000000000E+01
 1.99120830000000E+03  -2.55862000000000E+01
 1.99129170000000E+03  -2.98465000000000E+01
 1.99137500000000E+03  -4.02609000000000E+01
 1.99145830000000E+03  -3.82907000000000E+01
 1.99154170000000E+03  -1.26282000000000E+01
 1.99162500000000E+03  -1.07351000000000E+01
 1.99170830000000E+03   7.46560000000000E+00
 1.99179170000000E+03   2.38201000000000E+01
 1.99187500000000E+03   3.13284000000000E+01
 1.99195830000000E+03   2.45289000000000E+01
 1.99204170000000E+03   1.73447000000000E+01
 1.99212500000000E+03   2.17758000000000E+01
 1.99220830000000E+03   2.32068000000000E+01
 1.99229170000000E+03   1.07916000000000E+01
 1.99237500000000E+03   1.29917000000000E+01
 1.99245830000000E+03   1.94994000000000E+01
 1.99254170000000E+03   2.40840000000000E+01
 1.99262500000000E+03   1.97454000000000E+01
 1.99270830000000E+03   6.94520000000000E+00
 1.99279170000000E+03  -1.27013000000000E+01
 1.99287500000000E+03  -2.68094000000000E+01
 1.99295830000000E+03  -2.06098000000000E+01
 1.99304170000000E+03   8.89740000000000E+00
 1.99312500000000E+03   2.37121000000000E+01
 1.99320830000000E+03   1.47575000000000E+01
 1.99329170000000E+03  -9.12010000000000E+00
 1.99337500000000E+03  -2.42287000000000E+01
 1.99345830000000E+03  -3.45681000000000E+01
 1.99354170000000E+03  -3.45998000000000E+01
 1.99362500000000E+03  -5.29394000000000E+01
 1.99370830000000E+03  -7.52022000000000E+01
 1.99379170000000E+03  -7.75418000000000E+01
 1.99387500000000E+03  -7.93432000000000E+01
 1.99395830000000E+03  -5.16062000000000E+01
 1.99404170000000E+03  -5.70999000000000E+01
 1.99412500000000E+03  -7.48246000000000E+01
 1.99420830000000E+03  -8.44724000000000E+01
 1.99429170000000E+03  -7.85049000000000E+01
 1.99437500000000E+03  -5.97682000000000E+01
 1.99445830000000E+03  -2.30317000000000E+01
 1.99454170000000E+03  -5.52590000000000E+00
 1.99462500000000E+03   9.90280000000000E+00
 1.99470830000000E+03   2.82545000000000E+01
 1.99479170000000E+03   4.71446000000000E+01
 1.99487500000000E+03   4.81884000000000E+01
 1.99495830000000E+03   6.09245000000000E+01
 1.99504170000000E+03   5.16606000000000E+01
 1.99512500000000E+03   5.20888000000000E+01
 1.99520830000000E+03   4.88246000000000E+01
 1.99529170000000E+03   5.32527000000000E+01
 1.99537500000000E+03   6.15269000000000E+01
 1.99545830000000E+03   4.51855000000000E+01
 1.99554170000000E+03   6.99800000000000E+00
 1.99562500000000E+03  -1.95880000000000E+00
 1.99570830000000E+03  -4.59158000000000E+01
 1.99579170000000E+03  -7.78728000000000E+01
 1.99587500000000E+03  -1.02368300000000E+02
 1.99595830000000E+03  -1.02248600000000E+02
 1.99604170000000E+03  -9.21289000000000E+01
 1.99612500000000E+03  -1.02393900000000E+02
 1.99620830000000E+03  -1.14889800000000E+02
 1.99629170000000E+03  -1.15847300000000E+02
 1.99637500000000E+03  -1.07266400000000E+02
 1.99645830000000E+03  -1.21147100000000E+02
 1.99654170000000E+03  -1.15489500000000E+02
 1.99662500000000E+03  -8.50627000000000E+01
 1.99670830000000E+03  -8.47129000000000E+01
 1.99679170000000E+03  -5.21324000000000E+01
 1.99687500000000E+03  -3.70135000000000E+01
 1.99695830000000E+03  -3.65101000000000E+01
 1.99704170000000E+03  -4.33913000000000E+01
 1.99712500000000E+03  -6.19650000000000E+01
 1.99720830000000E+03  -4.10003000000000E+01
 1.99729170000000E+03  -4.18950000000000E+00
 1.99737500000000E+03   1.85190000000000E+00
 1.99745830000000E+03  -2.34144000000000E+01
 1.99754170000000E+03  -1.66038000000000E+01
 1.99762500000000E+03   4.43740000000000E+00
 1.99770830000000E+03   1.13247000000000E+01
 1.99779170000000E+03  -1.11726000000000E+01
 1.99787500000000E+03  -3.15163000000000E+01
 1.99795830000000E+03  -2.86292000000000E+01
 1.99804170000000E+03  -7.81910000000000E+00
 1.99812500000000E+03   1.75293000000000E+01
 1.99820830000000E+03   3.34161000000000E+01
 1.99829170000000E+03   1.74568000000000E+01
 1.99837500000000E+03   1.00357000000000E+01
 1.99845830000000E+03   1.43069000000000E+01
 1.99854170000000E+03   3.66550000000000E+01
 1.99862500000000E+03   4.53106000000000E+01
 1.99870830000000E+03   3.10431000000000E+01
 1.99879170000000E+03   1.46987000000000E+01
 1.99887500000000E+03   2.00464000000000E+01
 1.99895830000000E+03   2.21633000000000E+01
 1.99904170000000E+03   1.91262000000000E+01
 1.99912500000000E+03   3.78140000000000E+00
 1.99920830000000E+03  -2.17943000000000E+01
 1.99929170000000E+03  -2.10623000000000E+01
 1.99937500000000E+03  -1.67920000000000E+01
 1.99945830000000E+03  -6.75250000000000E+00
 1.99954170000000E+03   8.59460000000000E+00
 1.99962500000000E+03   2.09416000000000E+01
 1.99970830000000E+03   2.39809000000000E+01
 1.99979170000000E+03   1.67124000000000E+01
 1.99987500000000E+03   3.52070000000000E+00
 1.99995830000000E+03   1.78673000000000E+01
 2.00004170000000E+03   3.81371000000000E+01
 2.00012500000000E+03   4.82528000000000E+01
 2.00020830000000E+03   4.19070000000000E+01
 2.00029170000000E+03   3.78688000000000E+01
 2.00037500000000E+03   2.73689000000000E+01
 2.00045830000000E+03   3.36382000000000E+01
 2.00054170000000E+03   6.75360000000000E+00
 2.00062500000000E+03  -1.44389000000000E+01
 2.00070830000000E+03  -4.74006000000000E+01
 2.00079170000000E+03  -7.66700000000000E+01
 2.00087500000000E+03  -7.59396000000000E+01
 2.00095830000000E+03  -5.55170000000000E+01
 2.00104170000000E+03  -6.20943000000000E+01
 2.00112500000000E+03  -7.10565000000000E+01
 2.00120830000000E+03  -6.44802000000000E+01
 2.00129170000000E+03  -5.82117000000000E+01
 2.00137500000000E+03  -1.76356000000000E+01
 2.00145830000000E+03  -5.59800000000000E+00
 2.00154170000000E+03   2.74720000000000E+00
 2.00162500000000E+03   3.75538000000000E+01
 2.00170830000000E+03   6.79757000000000E+01
 2.00179170000000E+03   6.80130000000000E+01
 2.00187500000000E+03   6.83579000000000E+01
 2.00195830000000E+03   7.11642000000000E+01
 2.00204170000000E+03   7.23551000000000E+01
 2.00212500000000E+03   6.71612000000000E+01
 2.00220830000000E+03   5.65058000000000E+01
 2.00229170000000E+03   3.70810000000000E+01
 2.00237500000000E+03   3.50408000000000E+01
 2.00245830000000E+03  -1.89995000000000E+01
 2.00254170000000E+03  -2.65784000000000E+01
 2.00262500000000E+03  -4.94650000000000E+01
 2.00270830000000E+03  -1.02120900000000E+02
 2.00279170000000E+03  -1.37007700000000E+02
 2.00287500000000E+03  -1.35048400000000E+02
 2.00295830000000E+03  -1.22166100000000E+02
 2.00304170000000E+03  -1.11437700000000E+02
 2.00312500000000E+03  -1.12094100000000E+02
 2.00320830000000E+03  -1.00981300000000E+02
 2.00329170000000E+03  -8.46377000000000E+01
 2.00337500000000E+03  -8.25251000000000E+01
 2.00345830000000E+03  -7.06433000000000E+01
 2.00354170000000E+03  -4.15308000000000E+01
 2.00362500000000E+03  -3.45722000000000E+01
 2.00370830000000E+03  -3.07676000000000E+01
 2.00379170000000E+03  -2.22706000000000E+01
 2.00387500000000E+03  -2.11585000000000E+01
 2.00395830000000E+03  -8.35410000000000E+00
 2.00404170000000E+03   3.75800000000000E+00
 2.00412500000000E+03  -2.74550000000000E+00
 2.00420830000000E+03   9.04800000000000E-01
 2.00429170000000E+03   6.93970000000000E+00
 2.00437500000000E+03   6.51300000000000E+00
 2.00445830000000E+03   2.76246000000000E+01
 2.00454170000000E+03   5.35054000000000E+01
 2.00462500000000E+03   5.86168000000000E+01
 2.00470830000000E+03   3.80359000000000E+01
 2.00479170000000E+03   2.46088000000000E+01
 2.00487500000000E+03   2.70277000000000E+01
 2.00495830000000E+03   3.70619000000000E+01
 2.00504170000000E+03   3.67115000000000E+01
 2.00512500000000E+03   3.62070000000000E+01
 2.00520830000000E+03   3.87795000000000E+01
 2.00529170000000E+03   2.31211000000000E+01
 2.00537500000000E+03   1.79242000000000E+01
 2.00545830000000E+03   1.25733000000000E+01
 2.00554170000000E+03  -2.03930000000000E+01
 2.00562500000000E+03  -6.46671000000000E+01
 2.00570830000000E+03  -9.16337000000000E+01
 2.00579170000000E+03  -8.22156000000000E+01
 2.00587500000000E+03  -7.47207000000000E+01
 2.00595830000000E+03  -6.56874000000000E+01
 2.00604170000000E+03  -7.50388000000000E+01
 2.00612500000000E+03  -8.00827000000000E+01
 2.00620830000000E+03  -8.76650000000000E+01
 2.00629170000000E+03  -8.26321000000000E+01
 2.00637500000000E+03  -5.16761000000000E+01
 2.00645830000000E+03  -3.22587000000000E+01
 2.00654170000000E+03   5.00480000000000E+00
 2.00662500000000E+03   3.42682000000000E+01
 2.00670830000000E+03   4.69161000000000E+01
 2.00679170000000E+03   6.67947000000000E+01
 2.00687500000000E+03   7.28271000000000E+01
 2.00695830000000E+03   8.21671000000000E+01
 2.00704170000000E+03   9.77378000000000E+01
 2.00712500000000E+03   1.14462300000000E+02
 2.00720830000000E+03   1.35109700000000E+02
 2.00729170000000E+03   1.32911000000000E+02
 2.00737500000000E+03   1.42019800000000E+02
 2.00745830000000E+03   1.29128600000000E+02
 2.00754170000000E+03   1.12698800000000E+02
 2.00762500000000E+03   8.98074000000000E+01
 2.00770830000000E+03   1.03223600000000E+02
 2.00779170000000E+03   9.54859000000000E+01
 2.00787500000000E+03   8.23635000000000E+01
 2.00795830000000E+03   7.11641000000000E+01
 2.00804170000000E+03   7.71185000000000E+01
 2.00812500000000E+03   6.87650000000000E+01
 2.00820830000000E+03   5.02577000000000E+01
 2.00829170000000E+03   4.14426000000000E+01
 2.00837500000000E+03   5.51658000000000E+01
 2.00845830000000E+03   4.89659000000000E+01
 2.00854170000000E+03   3.56121000000000E+01
 2.00862500000000E+03   1.71813000000000E+01
 2.00870830000000E+03  -8.09570000000000E+00
 2.00879170000000E+03  -5.10652000000000E+01
 2.00887500000000E+03  -5.67270000000000E+01
 2.00895830000000E+03  -4.17735000000000E+01
 2.00904170000000E+03  -2.95893000000000E+01
 2.00912500000000E+03  -3.27130000000000E+01
 2.00920830000000E+03  -3.50674000000000E+01
 2.00929170000000E+03  -1.15758000000000E+01
 2.00937500000000E+03  -3.51612000000000E+01
 2.00945830000000E+03  -5.20543000000000E+01
 2.00954170000000E+03  -8.34091000000000E+01
 2.00962500000000E+03  -1.00917800000000E+02
 2.00970830000000E+03  -9.36573000000000E+01
 2.00979170000000E+03  -9.43969000000000E+01
 2.00987500000000E+03  -7.82905000000000E+01
 2.00995830000000E+03  -6.63380000000000E+01
 2.01004170000000E+03  -6.95394000000000E+01
 2.01012500000000E+03  -6.80485000000000E+01
 2.01020830000000E+03  -6.46347000000000E+01
 2.01029170000000E+03  -7.79133000000000E+01
 2.01037500000000E+03  -7.54996000000000E+01
 2.01045830000000E+03  -6.52399000000000E+01
 2.01054170000000E+03  -6.78264000000000E+01
 2.01062500000000E+03  -4.65668000000000E+01
 2.01070830000000E+03  -4.30765000000000E+01
 2.01079170000000E+03  -3.78940000000000E+01
 2.01087500000000E+03  -4.10962000000000E+01
 2.01095830000000E+03  -3.71447000000000E+01
 2.01104170000000E+03  -3.49624000000000E+01
 2.01112500000000E+03  -3.10110000000000E+01
 2.01120830000000E+03  -2.61366000000000E+01
 2.01129170000000E+03  -1.85699000000000E+01
 2.01137500000000E+03  -1.63880000000000E+01
 2.01145830000000E+03  -6.74460000000000E+00
 2.01154170000000E+03   2.66679000000000E+01
 2.01162500000000E+03   1.87727000000000E+01
 2.01170830000000E+03   2.10312000000000E+01
 2.01179170000000E+03   3.89051000000000E+01
 2.01187500000000E+03   3.02404000000000E+01
 2.01195830000000E+03   4.23449000000000E+01
 2.01204170000000E+03   4.17569000000000E+01
 2.01212500000000E+03   4.05535000000000E+01
 2.01220830000000E+03   5.27347000000000E+01
 2.01229170000000E+03   5.86850000000000E+01
 2.01237500000000E+03   5.68660000000000E+01
 2.01245830000000E+03   6.00469000000000E+01
 2.01254170000000E+03   2.94585000000000E+01
 2.01262500000000E+03  -6.89930000000000E+00
 2.01270830000000E+03  -2.32571000000000E+01
 2.01279170000000E+03  -4.43841000000000E+01
 2.01287500000000E+03  -5.55883000000000E+01
 2.01295830000000E+03  -5.50232000000000E+01
 2.01304170000000E+03  -5.56121000000000E+01
 2.01312500000000E+03  -5.85088000000000E+01
 2.01320830000000E+03  -5.86363000000000E+01
 2.01329170000000E+03  -8.46869000000000E+01
 2.01337500000000E+03  -8.41223000000000E+01
 2.01345830000000E+03  -7.19424000000000E+01
 2.01354170000000E+03  -6.46086000000000E+01
 2.01362500000000E+03  -8.05058000000000E+01
 2.01370830000000E+03  -7.87107000000000E+01
 2.01379170000000E+03  -5.93003000000000E+01
 2.01387500000000E+03  -4.85823000000000E+01
 2.01395830000000E+03  -4.64797000000000E+01
 2.01404170000000E+03  -4.43003000000000E+01
 2.01412500000000E+03  -4.45826000000000E+01
 2.01420830000000E+03  -5.00956000000000E+01
 2.01429170000000E+03  -5.91472000000000E+01
 2.01437500000000E+03  -5.67374000000000E+01
 2.01445830000000E+03  -7.42507000000000E+01
 2.01454170000000E+03  -7.07641000000000E+01
 2.01462500000000E+03  -6.63545000000000E+01
 2.01470830000000E+03  -5.11758000000000E+01
 2.01479170000000E+03  -4.49202000000000E+01
 2.01487500000000E+03  -3.36646000000000E+01
 2.01495830000000E+03  -1.65631000000000E+01
 2.01504170000000E+03  -7.69200000000000E-01
 2.01512500000000E+03  -1.29300000000000E-01
 2.01520830000000E+03  -3.95110000000000E+00
 2.01529170000000E+03  -1.14652000000000E+01
 2.01537500000000E+03   4.71290000000000E+00
 2.01545830000000E+03   4.23525000000000E+01
 2.01554170000000E+03   4.00689000000000E+01
 2.01562500000000E+03   3.00930000000000E+01
 2.01570830000000E+03   1.34246000000000E+01
 2.01579170000000E+03   1.30639000000000E+01
 2.01587500000000E+03   3.93380000000000E+00
 2.01595830000000E+03  -1.21963000000000E+01
 2.01604170000000E+03  -1.56342000000000E+01
 2.01612500000000E+03  -1.49184000000000E+01
 2.01620830000000E+03  -1.04334000000000E+01
 2.01629170000000E+03  -1.90253000000000E+01
 2.01637500000000E+03  -8.23280000000000E+00
 2.01645830000000E+03  -4.51730000000000E+00
 2.01654170000000E+03  -1.71095000000000E+01
 2.01662500000000E+03  -2.48556000000000E+01
 2.01670830000000E+03  -4.01404000000000E+01
 2.01679170000000E+03  -2.58867000000000E+01
 2.01687500000000E+03  -3.02484000000000E+01
 2.01695830000000E+03  -1.71488000000000E+01
 2.01704170000000E+03   4.10470000000000E+00
 2.01712500000000E+03   3.81960000000000E+00
 2.01720830000000E+03   2.53440000000000E+00
 2.01729170000000E+03   1.34030000000000E+01
 2.01737500000000E+03   4.85792000000000E+01
 2.01745830000000E+03   7.80630000000000E+01
 2.01754170000000E+03   7.36237000000000E+01
 2.01762500000000E+03   5.61843000000000E+01
 2.01770830000000E+03   4.67448000000000E+01
 2.01779170000000E+03   2.94590000000000E+01
 2.01787500000000E+03   1.20963000000000E+01
 2.01795830000000E+03   1.16566000000000E+01
 2.01804170000000E+03   3.98600000000000E+00
 2.01812500000000E+03  -3.22310000000000E+00
 2.01820830000000E+03  -3.81700000000000E+00
 2.01829170000000E+03   6.89680000000000E+00
 2.01837500000000E+03  -1.17741000000000E+01
 2.01845830000000E+03  -4.08297000000000E+01
 2.01854170000000E+03  -5.60392000000000E+01
 2.01862500000000E+03  -6.54796000000000E+01
 2.01870830000000E+03  -5.30739000000000E+01
 2.01879170000000E+03  -4.22836000000000E+01
 2.01887500000000E+03  -2.86473000000000E+01
 2.01895830000000E+03  -2.06265000000000E+01
 2.01904170000000E+03  -1.91340000000000E+00
 2.01912500000000E+03  -3.96970000000000E+00
 2.01920830000000E+03   4.12790000000000E+00
 2.01929170000000E+03   1.12253000000000E+01
 2.01937500000000E+03  -1.15235000000000E+01
 2.01945830000000E+03   4.57380000000000E+00
 2.01954170000000E+03   3.43633000000000E+01
 2.01962500000000E+03   5.63066000000000E+01
 2.01970830000000E+03   7.34806000000000E+01
 2.01979170000000E+03   6.64237000000000E+01
 2.01987500000000E+03   8.32129000000000E+01
 2.01995830000000E+03   8.30020000000000E+01
 2.02004170000000E+03   9.70988000000000E+01
 2.02012500000000E+03   9.02724000000000E+01
 2.02020830000000E+03   9.99843000000000E+01
 2.02029170000000E+03   8.76193000000000E+01
 2.02037500000000E+03   8.83311000000000E+01
 2.02045830000000E+03   9.15043000000000E+01
 2.02054170000000E+03   8.22929000000000E+01
 2.02062500000000E+03   4.68506000000000E+01
 2.02070830000000E+03   1.22544000000000E+01
 2.02079170000000E+03   4.04270000000000E+00
 2.02087500000000E+03  -2.46000000000000E-01
 2.02095830000000E+03  -1.02270000000000E+01
 2.02104170000000E+03  -9.05430000000000E+00
 2.02112500000000E+03  -9.26630000000000E+00
 2.02120830000000E+03  -1.35553000000000E+01
 2.02129170000000E+03  -1.54598000000000E+01
 2.02137500000000E+03   6.09720000000000E+00
 2.02145830000000E+03   3.87000000000000E-02
 2.02154170000000E+03   1.74417000000000E+01
 2.02162500000000E+03   5.08446000000000E+01
 2.02170830000000E+03   5.94013000000000E+01
 2.02179170000000E+03   5.63425000000000E+01
 2.02187500000000E+03   4.44375000000000E+01
 2.02195830000000E+03   5.19170000000000E+01
 2.02204170000000E+03   6.69349000000000E+01
 2.02212500000000E+03   7.20297000000000E+01
 2.02220830000000E+03   5.57397000000000E+01
 2.02229170000000E+03   6.30651000000000E+01
 2.02237500000000E+03   6.24673000000000E+01
 2.02245830000000E+03   3.57155000000000E+01
 2.02254170000000E+03   4.08868000000000E+01
 2.02262500000000E+03   3.82887000000000E+01
 2.02270830000000E+03   1.53060000000000E+01
 2.02279170000000E+03   6.78470000000000E+00
 2.02287500000000E+03  -1.58280000000000E+00
 2.02295830000000E+03  -4.79650000000000E+00
 2.02304170000000E+03  -2.93340000000000E+00
 2.02312500000000E+03   1.54500000000000E+00
 2.02320830000000E+03   2.17710000000000E+00
 2.02329170000000E+03   2.75015000000000E+01
 2.02337500000000E+03   3.16720000000000E+01
 2.02345830000000E+03   3.56116000000000E+01
 2.02354170000000E+03   5.72435000000000E+01
 2.02362500000000E+03   6.87214000000000E+01
 2.02370830000000E+03   4.61223000000000E+01
 2.02379170000000E+03   4.06770000000000E+01
 2.02387500000000E+03   3.72316000000000E+01
 2.02395830000000E+03   4.88630000000000E+01
 2.02404170000000E+03   6.31867000000000E+01
 2.02412500000000E+03   6.20488000000000E+01
 2.02420830000000E+03   4.52185000000000E+01
 2.02429170000000E+03   4.10035000000000E+01
 2.02437500000000E+03   3.43268000000000E+01
 2.02445830000000E+03   3.44193000000000E+01
 2.02454170000000E+03   2.99733000000000E+01
 2.02462500000000E+03   1.80796000000000E+01
 2.02470830000000E+03  -6.39590000000000E+00
 2.02479170000000E+03   7.46380000000000E+00
 2.02487500000000E+03   5.15950000000000E+00
 2.02495830000000E+03   3.77639000000000E+01
