 1.89604170000000E+03  -4.58825000000000E+01
 1.89612500000000E+03  -3.70148000000000E+01
 1.89620830000000E+03  -3.32345000000000E+01
 1.89629170000000E+03  -3.76153000000000E+01
 1.89637500000000E+03  -3.27498000000000E+01
 1.89645830000000E+03  -3.69495000000000E+01
 1.89654170000000E+03  -3.91226000000000E+01
 1.89662500000000E+03  -3.89944000000000E+01
 1.89670830000000E+03  -4.33278000000000E+01
 1.89679170000000E+03  -4.65844000000000E+01
 1.89687500000000E+03  -4.16872000000000E+01
 1.89695830000000E+03  -4.02517000000000E+01
 1.89704170000000E+03  -3.32778000000000E+01
 1.89712500000000E+03  -3.53040000000000E+01
 1.89720830000000E+03  -3.42533000000000E+01
 1.89729170000000E+03  -3.45104000000000E+01
 1.89737500000000E+03  -2.89984000000000E+01
 1.89745830000000E+03  -3.58711000000000E+01
 1.89754170000000E+03  -2.68208000000000E+01
 1.89762500000000E+03  -1.55398000000000E+01
 1.89770830000000E+03  -6.18190000000000E+00
 1.89779170000000E+03  -3.20880000000000E+00
 1.89787500000000E+03  -1.62040000000000E+00
 1.89795830000000E+03  -3.64740000000000E+00
 1.89804170000000E+03   5.09470000000000E+00
 1.89812500000000E+03   1.29820000000000E+00
 1.89820830000000E+03   7.19400000000000E+00
 1.89829170000000E+03   6.85890000000000E+00
 1.89837500000000E+03   5.75450000000000E+00
 1.89845830000000E+03   1.49577000000000E+01
 1.89854170000000E+03   2.80839000000000E+01
 1.89862500000000E+03   2.98254000000000E+01
 1.89870830000000E+03   2.57207000000000E+01
 1.89879170000000E+03   2.33851000000000E+01
 1.89887500000000E+03   2.69725000000000E+01
 1.89895830000000E+03   3.30213000000000E+01
 1.89904170000000E+03   3.95316000000000E+01
 1.89912500000000E+03   4.00418000000000E+01
 1.89920830000000E+03   4.84750000000000E+01
 1.89929170000000E+03   4.99850000000000E+01
 1.89937500000000E+03   6.37257000000000E+01
 1.89945830000000E+03   6.19279000000000E+01
 1.89954170000000E+03   4.99761000000000E+01
 1.89962500000000E+03   3.46397000000000E+01
 1.89970830000000E+03   2.43031000000000E+01
 1.89979170000000E+03   1.16588000000000E+01
 1.89987500000000E+03   7.78360000000000E+00
 1.89995830000000E+03   6.83140000000000E+00
 1.90004170000000E+03   7.49450000000000E+00
 1.90012500000000E+03   6.69590000000000E+00
 1.90020830000000E+03   3.20500000000000E+00
 1.90029170000000E+03   1.32940000000000E+00
 1.90037500000000E+03  -8.93090000000000E+00
 1.90045830000000E+03  -2.04990000000000E+01
 1.90054170000000E+03  -1.98365000000000E+01
 1.90062500000000E+03  -2.11740000000000E+01
 1.90070830000000E+03  -2.47423000000000E+01
 1.90079170000000E+03  -2.75416000000000E+01
 1.90087500000000E+03  -3.00332000000000E+01
 1.90095830000000E+03  -3.27556000000000E+01
 1.90104170000000E+03  -3.50936000000000E+01
 1.90112500000000E+03  -3.68932000000000E+01
 1.90120830000000E+03  -3.87697000000000E+01
 1.90129170000000E+03  -4.25695000000000E+01
 1.90137500000000E+03  -4.46001000000000E+01
 1.90145830000000E+03  -4.10154000000000E+01
 1.90154170000000E+03  -3.52000000000000E+01
 1.90162500000000E+03  -3.86924000000000E+01
 1.90170830000000E+03  -3.90310000000000E+01
 1.90179170000000E+03  -4.07544000000000E+01
 1.90187500000000E+03  -3.84778000000000E+01
 1.90195830000000E+03  -3.08167000000000E+01
 1.90204170000000E+03  -2.37711000000000E+01
 1.90212500000000E+03  -1.48794000000000E+01
 1.90220830000000E+03  -1.32954000000000E+01
 1.90229170000000E+03  -1.30193000000000E+01
 1.90237500000000E+03  -1.50510000000000E+01
 1.90245830000000E+03  -2.34673000000000E+01
 1.90254170000000E+03  -2.54222000000000E+01
 1.90262500000000E+03  -2.72233000000000E+01
 1.90270830000000E+03  -2.11784000000000E+01
 1.90279170000000E+03  -9.44120000000000E+00
 1.90287500000000E+03   1.75740000000000E+00
 1.90295830000000E+03   5.87900000000000E+00
 1.90304170000000E+03   1.45390000000000E+01
 1.90312500000000E+03   2.36604000000000E+01
 1.90320830000000E+03   2.63202000000000E+01
 1.90329170000000E+03   2.82107000000000E+01
 1.90337500000000E+03   3.68703000000000E+01
 1.90345830000000E+03   3.58376000000000E+01
 1.90354170000000E+03   2.90354000000000E+01
 1.90362500000000E+03   2.50794000000000E+01
 1.90370830000000E+03   4.43100000000000E+00
 1.90379170000000E+03  -6.44820000000000E+00
 1.90387500000000E+03  -2.14814000000000E+01
 1.90395830000000E+03  -1.90532000000000E+01
 1.90404170000000E+03  -1.19327000000000E+01
 1.90412500000000E+03  -1.12739000000000E+01
 1.90420830000000E+03  -2.35382000000000E+01
 1.90429170000000E+03  -2.74180000000000E+01
 1.90437500000000E+03  -2.58363000000000E+01
 1.90445830000000E+03  -2.71009000000000E+01
 1.90454170000000E+03  -2.02886000000000E+01
 1.90462500000000E+03  -9.70720000000000E+00
 1.90470830000000E+03  -1.90490000000000E+01
 1.90479170000000E+03  -1.10062000000000E+01
 1.90487500000000E+03  -7.04040000000000E+00
 1.90495830000000E+03  -2.84400000000000E+00
 1.90504170000000E+03   1.96770000000000E+00
 1.90512500000000E+03   3.54860000000000E+00
 1.90520830000000E+03   5.28330000000000E+00
 1.90529170000000E+03   1.47101000000000E+01
 1.90537500000000E+03   1.25984000000000E+01
 1.90545830000000E+03   1.29482000000000E+01
 1.90554170000000E+03   8.52860000000000E+00
 1.90562500000000E+03   1.33980000000000E+00
 1.90570830000000E+03   5.76620000000000E+00
 1.90579170000000E+03   1.29618000000000E+01
 1.90587500000000E+03   9.46500000000000E+00
 1.90595830000000E+03   1.60450000000000E+01
 1.90604170000000E+03   2.37018000000000E+01
 1.90612500000000E+03   2.52817000000000E+01
 1.90620830000000E+03   2.37076000000000E+01
 1.90629170000000E+03   1.32873000000000E+01
 1.90637500000000E+03   5.86690000000000E+00
 1.90645830000000E+03   9.98480000000000E+00
 1.90654170000000E+03   2.64110000000000E+00
 1.90662500000000E+03  -4.47180000000000E+00
 1.90670830000000E+03  -4.27720000000000E+00
 1.90679170000000E+03  -1.28519000000000E+01
 1.90687500000000E+03  -1.04267000000000E+01
 1.90695830000000E+03  -8.61690000000000E+00
 1.90704170000000E+03  -5.49960000000000E+00
 1.90712500000000E+03  -1.99770000000000E+00
 1.90720830000000E+03  -1.49590000000000E+00
 1.90729170000000E+03  -4.07120000000000E+00
 1.90737500000000E+03  -8.49260000000000E+00
 1.90745830000000E+03  -1.35295000000000E+01
 1.90754170000000E+03  -2.01050000000000E+01
 1.90762500000000E+03  -1.59883000000000E+01
 1.90770830000000E+03  -2.59485000000000E+01
 1.90779170000000E+03  -3.29858000000000E+01
 1.90787500000000E+03  -3.73309000000000E+01
 1.90795830000000E+03  -3.82144000000000E+01
 1.90804170000000E+03  -3.55597000000000E+01
 1.90812500000000E+03  -3.51358000000000E+01
 1.90820830000000E+03  -4.37889000000000E+01
 1.90829170000000E+03  -5.36728000000000E+01
 1.90837500000000E+03  -5.80184000000000E+01
 1.90845830000000E+03  -4.95179000000000E+01
 1.90854170000000E+03  -4.98637000000000E+01
 1.90862500000000E+03  -4.92864000000000E+01
 1.90870830000000E+03  -6.05554000000000E+01
 1.90879170000000E+03  -5.46707000000000E+01
 1.90887500000000E+03  -5.39398000000000E+01
 1.90895830000000E+03  -4.79014000000000E+01
 1.90904170000000E+03  -3.83246000000000E+01
 1.90912500000000E+03  -2.72094000000000E+01
 1.90920830000000E+03  -2.87097000000000E+01
 1.90929170000000E+03  -2.72101000000000E+01
 1.90937500000000E+03  -1.61721000000000E+01
 1.90945830000000E+03  -1.38264000000000E+01
 1.90954170000000E+03  -5.48090000000000E+00
 1.90962500000000E+03  -4.43200000000000E-01
 1.90970830000000E+03  -6.25170000000000E+00
 1.90979170000000E+03  -2.21410000000000E+00
 1.90987500000000E+03   3.66950000000000E+00
 1.90995830000000E+03   1.17838000000000E+01
 1.91004170000000E+03   1.77442000000000E+01
 1.91012500000000E+03   1.20891000000000E+01
 1.91020830000000E+03   6.20320000000000E+00
 1.91029170000000E+03   5.24020000000000E+00
 1.91037500000000E+03   3.81560000000000E+00
 1.91045830000000E+03  -6.53210000000000E+00
 1.91054170000000E+03  -9.11070000000000E+00
 1.91062500000000E+03  -1.12278000000000E+01
 1.91070830000000E+03  -1.11912000000000E+01
 1.91079170000000E+03  -2.38550000000000E+00
 1.91087500000000E+03   9.58700000000000E-01
 1.91095830000000E+03  -6.20400000000000E-01
 1.91104170000000E+03   3.33900000000000E+00
 1.91112500000000E+03   4.45210000000000E+00
 1.91120830000000E+03   1.54113000000000E+01
 1.91129170000000E+03   1.44472000000000E+01
 1.91137500000000E+03   1.73293000000000E+01
 1.91145830000000E+03   1.59806000000000E+01
 1.91154170000000E+03   1.57855000000000E+01
 1.91162500000000E+03   1.98981000000000E+01
 1.91170830000000E+03   1.59337000000000E+01
 1.91179170000000E+03   1.86614000000000E+01
 1.91187500000000E+03   1.25430000000000E+01
 1.91195830000000E+03   1.50399000000000E+01
 1.91304170000000E+03   2.48756000000000E+01
 1.91312500000000E+03   3.04482000000000E+01
 1.91320830000000E+03   2.64822000000000E+01
 1.91329170000000E+03   1.72853000000000E+01
 1.91337500000000E+03   2.90115000000000E+01
 1.91345830000000E+03   4.38145000000000E+01
 1.91354170000000E+03   5.31558000000000E+01
 1.91362500000000E+03   6.14202000000000E+01
 1.91370830000000E+03   6.12999000000000E+01
 1.91379170000000E+03   5.86409000000000E+01
 1.91387500000000E+03   5.74435000000000E+01
 1.91395830000000E+03   6.30152000000000E+01
 1.91404170000000E+03   6.57406000000000E+01
 1.91412500000000E+03   6.21583000000000E+01
 1.91420830000000E+03   6.08067000000000E+01
 1.91429170000000E+03   6.59164000000000E+01
 1.91437500000000E+03   6.66416000000000E+01
 1.91445830000000E+03   5.77512000000000E+01
 1.91454170000000E+03   4.00146000000000E+01
 1.91462500000000E+03   2.62010000000000E+01
 1.91470830000000E+03   1.68488000000000E+01
 1.91479170000000E+03   1.04965000000000E+01
 1.91487500000000E+03   7.45190000000000E+00
 1.91495830000000E+03   6.71490000000000E+00
 1.91504170000000E+03   7.43930000000000E+00
 1.91512500000000E+03   1.10867000000000E+01
 1.91520830000000E+03   1.28109000000000E+01
 1.91529170000000E+03   5.38120000000000E+00
 1.91537500000000E+03   1.02840000000000E+00
 1.91545830000000E+03  -7.86100000000000E-01
 1.91554170000000E+03   4.93780000000000E+00
 1.91562500000000E+03   6.04620000000000E+00
 1.91570830000000E+03   9.84690000000000E+00
 1.91579170000000E+03   7.33970000000000E+00
 1.91587500000000E+03   8.60170000000000E+00
 1.91595830000000E+03   1.21713000000000E+01
 1.91604170000000E+03   1.44331000000000E+01
 1.91612500000000E+03   2.21564000000000E+01
 1.91620830000000E+03   1.99566000000000E+01
 1.91629170000000E+03   1.90643000000000E+01
 1.91637500000000E+03   2.37873000000000E+01
 1.91645830000000E+03   2.49718000000000E+01
 1.91654170000000E+03   2.60023000000000E+01
 1.91662500000000E+03   7.64820000000000E+00
 1.91670830000000E+03  -9.07000000000000E-02
 1.91679170000000E+03  -2.75270000000000E+00
 1.91687500000000E+03  -3.79950000000000E+00
 1.91695830000000E+03  -4.84630000000000E+00
 1.91704170000000E+03  -2.58550000000000E+00
 1.91712500000000E+03  -7.47860000000000E+00
 1.91720830000000E+03  -1.29103000000000E+01
 1.91729170000000E+03  -1.70344000000000E+01
 1.91737500000000E+03  -1.32355000000000E+01
 1.91745830000000E+03  -9.59050000000000E+00
 1.91754170000000E+03  -7.86870000000000E+00
 1.91762500000000E+03  -1.04547000000000E+01
 1.91770830000000E+03  -1.10407000000000E+01
 1.91779170000000E+03  -1.30115000000000E+01
 1.91787500000000E+03  -1.93669000000000E+01
 1.91795830000000E+03  -1.24148000000000E+01
 1.91804170000000E+03  -4.23200000000000E+00
 1.91812500000000E+03   4.12300000000000E-01
 1.91820830000000E+03   8.59500000000000E+00
 1.91829170000000E+03   9.31600000000000E+00
 1.91837500000000E+03   7.57540000000000E+00
 1.91845830000000E+03  -1.08830000000000E+00
 1.91854170000000E+03  -1.79830000000000E+01
 1.91862500000000E+03  -2.76469000000000E+01
 1.91870830000000E+03  -3.72340000000000E+01
 1.91879170000000E+03  -3.65135000000000E+01
 1.91887500000000E+03  -3.88700000000000E+01
 1.91895830000000E+03  -2.60727000000000E+01
 1.91904170000000E+03  -2.38910000000000E+01
 1.91912500000000E+03  -2.07862000000000E+01
 1.91920830000000E+03  -2.15276000000000E+01
 1.91929170000000E+03  -2.22692000000000E+01
 1.91937500000000E+03  -2.92416000000000E+01
 1.91945830000000E+03  -2.90602000000000E+01
 1.91954170000000E+03  -2.95713000000000E+01
 1.91962500000000E+03  -1.97747000000000E+01
 1.91970830000000E+03  -1.58244000000000E+01
 1.91979170000000E+03  -8.72030000000000E+00
 1.91987500000000E+03  -4.00090000000000E+00
 1.91995830000000E+03   8.87220000000000E+00
 1.92004170000000E+03   1.00529000000000E+01
 1.92012500000000E+03   1.46952000000000E+01
 1.92020830000000E+03   1.07988000000000E+01
 1.92029170000000E+03  -2.40530000000000E+00
 1.92037500000000E+03  -1.67634000000000E+01
 1.92045830000000E+03  -2.15831000000000E+01
 1.92054170000000E+03  -1.05567000000000E+01
 1.92062500000000E+03  -1.15304000000000E+01
 1.92070830000000E+03  -1.44273000000000E+01
 1.92079170000000E+03  -1.64012000000000E+01
 1.92087500000000E+03  -1.96059000000000E+01
 1.92095830000000E+03  -1.64261000000000E+01
 1.92104170000000E+03  -1.43233000000000E+01
 1.92112500000000E+03  -1.32206000000000E+01
 1.92120830000000E+03  -1.52718000000000E+01
 1.92129170000000E+03  -9.40010000000000E+00
 1.92137500000000E+03   9.33100000000000E-01
 1.92145830000000E+03   1.42662000000000E+01
 1.92154170000000E+03   1.75223000000000E+01
 1.92162500000000E+03   1.77840000000000E+00
 1.92170830000000E+03   4.18820000000000E+00
 1.92179170000000E+03   2.90100000000000E-01
 1.92187500000000E+03   9.30500000000000E-01
 1.92195830000000E+03   1.12631000000000E+01
 1.92204170000000E+03   1.71341000000000E+01
 1.92212500000000E+03   1.70819000000000E+01
 1.92220830000000E+03   1.77220000000000E+01
 1.92229170000000E+03   1.60542000000000E+01
 1.92237500000000E+03   1.29248000000000E+01
 1.92245830000000E+03   1.48723000000000E+01
 1.92254170000000E+03   1.86658000000000E+01
 1.92262500000000E+03   2.14592000000000E+01
 1.92270830000000E+03   1.40988000000000E+01
 1.92279170000000E+03   4.58430000000000E+00
 1.92287500000000E+03   3.83910000000000E+00
 1.92295830000000E+03   9.63220000000000E+00
 1.92304170000000E+03   1.05790000000000E+01
 1.92312500000000E+03   1.19104000000000E+01
 1.92320830000000E+03   1.42417000000000E+01
 1.92329170000000E+03   2.14190000000000E+01
 1.92337500000000E+03   2.47502000000000E+01
 1.92345830000000E+03   2.52351000000000E+01
 1.92354170000000E+03   1.67198000000000E+01
 1.92362500000000E+03   1.08200000000000E+01
 1.92370830000000E+03   5.99690000000000E+00
 1.92379170000000E+03   1.34814000000000E+01
 1.92387500000000E+03   1.72736000000000E+01
 1.92395830000000E+03   2.36810000000000E+01
 1.92404170000000E+03   2.68576000000000E+01
 1.92412500000000E+03   2.54187000000000E+01
 1.92420830000000E+03   2.29797000000000E+01
 1.92429170000000E+03   1.83868000000000E+01
 1.92437500000000E+03   7.02460000000000E+00
 1.92445830000000E+03  -4.03000000000000E+00
 1.92454170000000E+03  -5.31550000000000E+00
 1.92462500000000E+03   1.70660000000000E+00
 1.92470830000000E+03  -3.34820000000000E+00
 1.92479170000000E+03  -1.48020000000000E+00
 1.92487500000000E+03  -2.99670000000000E+00
 1.92495830000000E+03   6.94820000000000E+00
 1.92504170000000E+03   8.20060000000000E+00
 1.92512500000000E+03   9.68380000000000E+00
 1.92520830000000E+03   1.63207000000000E+01
 1.92529170000000E+03   2.15728000000000E+01
 1.92537500000000E+03   2.82096000000000E+01
 1.92545830000000E+03   3.80001000000000E+01
 1.92554170000000E+03   4.09443000000000E+01
 1.92562500000000E+03   3.22731000000000E+01
 1.92570830000000E+03   2.98326000000000E+01
 1.92579170000000E+03   3.02381000000000E+01
 1.92587500000000E+03   3.08744000000000E+01
 1.92595830000000E+03   3.96643000000000E+01
 1.92604170000000E+03   4.05311000000000E+01
 1.92612500000000E+03   4.85517000000000E+01
 1.92620830000000E+03   4.98799000000000E+01
 1.92629170000000E+03   5.19003000000000E+01
 1.92637500000000E+03   4.56898000000000E+01
 1.92645830000000E+03   4.24024000000000E+01
 1.92654170000000E+03   3.41917000000000E+01
 1.92662500000000E+03   3.16733000000000E+01
 1.92670830000000E+03   3.17702000000000E+01
 1.92679170000000E+03   3.42516000000000E+01
 1.92687500000000E+03   3.85022000000000E+01
 1.92695830000000E+03   4.72142000000000E+01
 1.92704170000000E+03   5.14645000000000E+01
 1.92712500000000E+03   5.45610000000000E+01
 1.92720830000000E+03   5.08882000000000E+01
 1.92729170000000E+03   5.08306000000000E+01
 1.92737500000000E+03   4.72345000000000E+01
 1.92745830000000E+03   4.29460000000000E+01
 1.92754170000000E+03   3.30420000000000E+01
 1.92762500000000E+03   2.76764000000000E+01
 1.92770830000000E+03   1.69261000000000E+01
 1.92779170000000E+03   1.54064000000000E+01
 1.92787500000000E+03   5.96370000000000E+00
 1.92795830000000E+03   7.05930000000000E+00
 1.92804170000000E+03   9.69320000000000E+00
 1.92812500000000E+03   1.42502000000000E+01
 1.92820830000000E+03   1.41147000000000E+01
 1.92829170000000E+03   1.92099000000000E+01
 1.92837500000000E+03   1.90743000000000E+01
 1.92845830000000E+03   1.67079000000000E+01
 1.92854170000000E+03   1.11105000000000E+01
 1.92862500000000E+03   1.51310000000000E+00
 1.92870830000000E+03  -1.54590000000000E+00
 1.92879170000000E+03   9.62570000000000E+00
 1.92887500000000E+03   1.06434000000000E+01
 1.92895830000000E+03   1.79688000000000E+01
 1.92904170000000E+03   2.03709000000000E+01
 1.92912500000000E+03   1.58499000000000E+01
 1.92920830000000E+03   1.45596000000000E+01
 1.92929170000000E+03   1.81153000000000E+01
 1.92937500000000E+03   1.26709000000000E+01
 1.92945830000000E+03   5.22650000000000E+00
 1.92954170000000E+03   1.24350000000000E+00
 1.92962500000000E+03   1.79890000000000E+00
 1.92970830000000E+03   7.12350000000000E+00
 1.92979170000000E+03   6.90940000000000E+00
 1.92987500000000E+03   2.38760000000000E+00
 1.92995830000000E+03   1.71190000000000E+00
 1.93004170000000E+03   5.88220000000000E+00
 1.93012500000000E+03   5.36020000000000E+00
 1.93020830000000E+03   2.29960000000000E+00
 1.93029170000000E+03  -9.91900000000000E-01
 1.93037500000000E+03  -9.75700000000000E-01
 1.93045830000000E+03  -6.34430000000000E+00
 1.93054170000000E+03  -3.71290000000000E+00
 1.93062500000000E+03  -1.60047000000000E+01
 1.93070830000000E+03  -1.35274000000000E+01
 1.93079170000000E+03  -1.07425000000000E+01
 1.93087500000000E+03  -7.26530000000000E+00
 1.93095830000000E+03  -9.59000000000000E-02
 1.93104170000000E+03   1.16888000000000E+01
 1.93112500000000E+03   1.07042000000000E+01
 1.93120830000000E+03   1.37195000000000E+01
 1.93129170000000E+03   2.44269000000000E+01
 1.93137500000000E+03   1.84421000000000E+01
 1.93145830000000E+03   1.73802000000000E+01
 1.93154170000000E+03   2.37797000000000E+01
 1.93162500000000E+03   2.29484000000000E+01
 1.93170830000000E+03   2.91940000000000E+01
 1.93179170000000E+03   2.81317000000000E+01
 1.93187500000000E+03   2.96847000000000E+01
 1.93195830000000E+03   3.30069000000000E+01
 1.93204170000000E+03   3.74059000000000E+01
 1.93212500000000E+03   3.59587000000000E+01
 1.93220830000000E+03   3.85115000000000E+01
 1.93229170000000E+03   4.01410000000000E+01
 1.93237500000000E+03   2.83089000000000E+01
 1.93245830000000E+03   2.70152000000000E+01
 1.93254170000000E+03   1.14906000000000E+01
 1.93262500000000E+03   4.81210000000000E+00
 1.93270830000000E+03  -8.32800000000000E+00
 1.93279170000000E+03  -4.46830000000000E+00
 1.93287500000000E+03  -3.76240000000000E+00
 1.93295830000000E+03  -1.74890000000000E+00
 1.93304170000000E+03  -2.74000000000000E-01
 1.93312500000000E+03   4.12390000000000E+00
 1.93320830000000E+03   2.98330000000000E+00
 1.93329170000000E+03  -4.38830000000000E+00
 1.93337500000000E+03  -1.21445000000000E+01
 1.93345830000000E+03  -1.38238000000000E+01
 1.93354170000000E+03  -1.95033000000000E+01
 1.93362500000000E+03  -1.28751000000000E+01
 1.93370830000000E+03  -1.62470000000000E+01
 1.93379170000000E+03  -2.00037000000000E+01
 1.93387500000000E+03  -2.57604000000000E+01
 1.93395830000000E+03  -2.39018000000000E+01
 1.93404170000000E+03  -1.85049000000000E+01
 1.93412500000000E+03  -1.43388000000000E+01
 1.93420830000000E+03  -2.07112000000000E+01
 1.93429170000000E+03  -1.81608000000000E+01
 1.93437500000000E+03  -1.32257000000000E+01
 1.93445830000000E+03  -1.88291000000000E+01
 1.93454170000000E+03  -2.15866000000000E+01
 1.93462500000000E+03  -9.11330000000000E+00
 1.93470830000000E+03  -1.74093000000000E+01
 1.93479170000000E+03  -1.55517000000000E+01
 1.93487500000000E+03  -1.03094000000000E+01
 1.93495830000000E+03  -8.22110000000000E+00
 1.93504170000000E+03   1.02090000000000E+00
 1.93512500000000E+03   1.64750000000000E+00
 1.93520830000000E+03   2.73560000000000E+00
 1.93529170000000E+03   9.43890000000000E+00
 1.93537500000000E+03   4.83450000000000E+00
 1.93545830000000E+03  -2.31600000000000E-01
 1.93554170000000E+03   3.62530000000000E+00
 1.93562500000000E+03   9.78990000000000E+00
 1.93570830000000E+03  -4.81490000000000E+00
 1.93579170000000E+03  -3.26600000000000E+00
 1.93587500000000E+03  -5.87090000000000E+00
 1.93595830000000E+03  -1.24520000000000E+00
 1.93604170000000E+03   2.14960000000000E+00
 1.93612500000000E+03  -2.91710000000000E+00
 1.93620830000000E+03  -3.59930000000000E+00
 1.93629170000000E+03  -2.81700000000000E-01
 1.93637500000000E+03  -8.81020000000000E+00
 1.93645830000000E+03  -6.80030000000000E+00
 1.93654170000000E+03  -1.48676000000000E+01
 1.93662500000000E+03  -1.80118000000000E+01
 1.93670830000000E+03  -2.66176000000000E+01
 1.93679170000000E+03  -2.46081000000000E+01
 1.93687500000000E+03  -2.87526000000000E+01
 1.93695830000000E+03  -2.62817000000000E+01
 1.93704170000000E+03  -1.82726000000000E+01
 1.93712500000000E+03  -1.49557000000000E+01
 1.93720830000000E+03  -1.19467000000000E+01
 1.93729170000000E+03  -1.63224000000000E+01
 1.93737500000000E+03  -1.96212000000000E+01
 1.93745830000000E+03  -2.06893000000000E+01
 1.93754170000000E+03  -2.13730000000000E+01
 1.93762500000000E+03  -1.71336000000000E+01
 1.93770830000000E+03  -7.89420000000000E+00
 1.93779170000000E+03   7.42180000000000E+00
 1.93787500000000E+03   1.40456000000000E+01
 1.93795830000000E+03   2.39000000000000E+01
 1.93804170000000E+03   2.92927000000000E+01
 1.93812500000000E+03   2.68393000000000E+01
 1.93820830000000E+03   2.63858000000000E+01
 1.93829170000000E+03   2.49321000000000E+01
 1.93837500000000E+03   3.12477000000000E+01
 1.93845830000000E+03   2.05631000000000E+01
 1.93854170000000E+03   1.77246000000000E+01
 1.93862500000000E+03   1.36552000000000E+01
 1.93870830000000E+03   1.61243000000000E+01
 1.93879170000000E+03   4.97780000000000E+00
 1.93887500000000E+03  -9.70720000000000E+00
 1.93895830000000E+03  -9.77690000000000E+00
 1.93904170000000E+03  -8.15440000000000E+00
 1.93912500000000E+03  -1.01474000000000E+01
 1.93920830000000E+03  -1.26788000000000E+01
 1.93929170000000E+03  -1.54413000000000E+01
 1.93937500000000E+03  -2.82806000000000E+01
 1.93945830000000E+03  -3.79662000000000E+01
 1.93954170000000E+03  -3.60366000000000E+01
 1.93962500000000E+03  -4.14915000000000E+01
 1.93970830000000E+03  -4.48697000000000E+01
 1.93979170000000E+03  -5.34788000000000E+01
 1.93987500000000E+03  -5.44725000000000E+01
 1.93995830000000E+03  -5.16971000000000E+01
 1.94004170000000E+03  -5.22295000000000E+01
 1.94012500000000E+03  -4.82235000000000E+01
 1.94020830000000E+03  -3.99867000000000E+01
 1.94029170000000E+03  -3.77502000000000E+01
 1.94037500000000E+03  -3.56675000000000E+01
 1.94045830000000E+03  -2.84311000000000E+01
 1.94054170000000E+03  -2.98102000000000E+01
 1.94062500000000E+03  -3.65739000000000E+01
 1.94070830000000E+03  -3.54915000000000E+01
 1.94079170000000E+03  -4.37171000000000E+01
 1.94087500000000E+03  -4.03272000000000E+01
 1.94095830000000E+03  -3.87836000000000E+01
 1.94104170000000E+03  -3.26247000000000E+01
 1.94112500000000E+03  -3.05428000000000E+01
 1.94120830000000E+03  -3.52302000000000E+01
 1.94129170000000E+03  -3.68409000000000E+01
 1.94137500000000E+03  -4.62208000000000E+01
 1.94145830000000E+03  -4.14469000000000E+01
 1.94154170000000E+03  -4.73655000000000E+01
 1.94162500000000E+03  -5.33610000000000E+01
 1.94170830000000E+03  -6.01259000000000E+01
 1.94179170000000E+03  -6.53524000000000E+01
 1.94187500000000E+03  -6.02713000000000E+01
 1.94195830000000E+03  -5.54979000000000E+01
 1.94204170000000E+03  -4.74171000000000E+01
 1.94212500000000E+03  -5.05670000000000E+01
 1.94220830000000E+03  -4.91016000000000E+01
 1.94229170000000E+03  -3.95594000000000E+01
 1.94237500000000E+03  -3.44788000000000E+01
 1.94245830000000E+03  -2.00136000000000E+01
 1.94254170000000E+03  -2.67025000000000E+01
 1.94262500000000E+03  -1.68529000000000E+01
 1.94270830000000E+03  -6.61880000000000E+00
 1.94279170000000E+03   1.69997000000000E+01
 1.94287500000000E+03   2.96952000000000E+01
 1.94295830000000E+03   3.87752000000000E+01
 1.94304170000000E+03   4.59320000000000E+01
 1.94312500000000E+03   5.00887000000000E+01
 1.94320830000000E+03   5.55531000000000E+01
 1.94329170000000E+03   5.57096000000000E+01
 1.94337500000000E+03   4.17891000000000E+01
 1.94345830000000E+03   2.77148000000000E+01
 1.94354170000000E+03   2.70249000000000E+01
 1.94362500000000E+03   3.14119000000000E+01
 1.94370830000000E+03   3.10296000000000E+01
 1.94379170000000E+03   2.78009000000000E+01
 1.94387500000000E+03   2.09569000000000E+01
 1.94395830000000E+03   2.04974000000000E+01
 1.94404170000000E+03   1.98839000000000E+01
 1.94412500000000E+03   1.43473000000000E+01
 1.94420830000000E+03   4.65680000000000E+00
 1.94429170000000E+03   3.50700000000000E-01
 1.94437500000000E+03   2.58310000000000E+00
 1.94445830000000E+03   1.81540000000000E+00
 1.94454170000000E+03  -1.33710000000000E+00
 1.94462500000000E+03  -1.01819000000000E+01
 1.94470830000000E+03  -1.24884000000000E+01
 1.94479170000000E+03  -1.08719000000000E+01
 1.94487500000000E+03  -6.17850000000000E+00
 1.94495830000000E+03  -1.25440000000000E+00
 1.94504170000000E+03   7.51560000000000E+00
 1.94512500000000E+03   1.29780000000000E+01
 1.94520830000000E+03   1.49787000000000E+01
 1.94529170000000E+03   2.32870000000000E+01
 1.94537500000000E+03   3.25183000000000E+01
 1.94545830000000E+03   3.55188000000000E+01
 1.94554170000000E+03   4.03653000000000E+01
 1.94562500000000E+03   5.75194000000000E+01
 1.94570830000000E+03   6.00581000000000E+01
 1.94579170000000E+03   6.10582000000000E+01
 1.94587500000000E+03   5.66736000000000E+01
 1.94595830000000E+03   6.02120000000000E+01
 1.94604170000000E+03   5.77503000000000E+01
 1.94612500000000E+03   5.74424000000000E+01
 1.94620830000000E+03   5.81344000000000E+01
 1.94629170000000E+03   6.21339000000000E+01
 1.94637500000000E+03   5.05950000000000E+01
 1.94645830000000E+03   3.09790000000000E+01
 1.94654170000000E+03   1.05937000000000E+01
 1.94662500000000E+03  -3.25320000000000E+00
 1.94670830000000E+03  -2.27925000000000E+01
 1.94679170000000E+03  -2.98704000000000E+01
 1.94687500000000E+03  -4.30252000000000E+01
 1.94695830000000E+03  -4.55648000000000E+01
 1.94704170000000E+03  -4.96430000000000E+01
 1.94712500000000E+03  -5.31827000000000E+01
 1.94720830000000E+03  -5.64917000000000E+01
 1.94729170000000E+03  -6.17240000000000E+01
 1.94737500000000E+03  -5.84947000000000E+01
 1.94745830000000E+03  -4.33425000000000E+01
 1.94754170000000E+03  -2.89596000000000E+01
 1.94762500000000E+03  -1.92691000000000E+01
 1.94770830000000E+03  -9.19400000000000E+00
 1.94779170000000E+03  -5.27300000000000E+00
 1.94787500000000E+03  -1.04430000000000E+00
 1.94795830000000E+03   1.07998000000000E+01
 1.94804170000000E+03   1.86436000000000E+01
 1.94812500000000E+03   2.47183000000000E+01
 1.94820830000000E+03   3.59466000000000E+01
 1.94829170000000E+03   4.22518000000000E+01
 1.94837500000000E+03   4.66338000000000E+01
 1.94845830000000E+03   4.04774000000000E+01
 1.94854170000000E+03   3.50130000000000E+01
 1.94862500000000E+03   3.89333000000000E+01
 1.94870830000000E+03   3.81611000000000E+01
 1.94879170000000E+03   4.38504000000000E+01
 1.94887500000000E+03   4.70781000000000E+01
 1.94895830000000E+03   5.40749000000000E+01
 1.94904170000000E+03   5.74562000000000E+01
 1.94912500000000E+03   6.14529000000000E+01
 1.94920830000000E+03   5.74494000000000E+01
 1.94929170000000E+03   4.79074000000000E+01
 1.94937500000000E+03   4.09038000000000E+01
 1.94945830000000E+03   4.40540000000000E+01
 1.94954170000000E+03   4.25886000000000E+01
 1.94962500000000E+03   3.71232000000000E+01
 1.94970830000000E+03   2.45808000000000E+01
 1.94979170000000E+03   2.64997000000000E+01
 1.94987500000000E+03   1.81110000000000E+01
 1.94995830000000E+03   1.93376000000000E+01
 1.95004170000000E+03   2.12563000000000E+01
 1.95012500000000E+03   1.86365000000000E+01
 1.95020830000000E+03   1.72474000000000E+01
 1.95029170000000E+03   2.46274000000000E+01
 1.95037500000000E+03   2.80843000000000E+01
 1.95045830000000E+03   2.43104000000000E+01
 1.95054170000000E+03   1.03824000000000E+01
 1.95062500000000E+03  -3.46870000000000E+00
 1.95070830000000E+03  -9.62750000000000E+00
 1.95079170000000E+03  -1.27865000000000E+01
 1.95087500000000E+03  -1.59455000000000E+01
 1.95095830000000E+03  -1.56430000000000E+01
 1.95104170000000E+03  -1.42638000000000E+01
 1.95112500000000E+03  -2.15769000000000E+01
 1.95120830000000E+03  -2.13517000000000E+01
 1.95129170000000E+03  -3.55112000000000E+01
 1.95137500000000E+03  -4.42092000000000E+01
 1.95145830000000E+03  -4.04457000000000E+01
 1.95154170000000E+03  -3.34516000000000E+01
 1.95162500000000E+03  -2.78422000000000E+01
 1.95170830000000E+03  -2.10790000000000E+01
 1.95179170000000E+03  -2.22390000000000E+01
 1.95187500000000E+03  -1.70914000000000E+01
 1.95195830000000E+03  -7.55920000000000E+00
 1.95204170000000E+03  -4.11800000000000E-01
 1.95212500000000E+03   3.27400000000000E+00
 1.95220830000000E+03   1.14983000000000E+01
 1.95229170000000E+03   1.94916000000000E+01
 1.95237500000000E+03   3.24848000000000E+01
 1.95245830000000E+03   3.01704000000000E+01
 1.95254170000000E+03   2.21634000000000E+01
 1.95262500000000E+03   2.05410000000000E+01
 1.95270830000000E+03   1.37647000000000E+01
 1.95279170000000E+03   1.66036000000000E+01
 1.95287500000000E+03   2.42118000000000E+01
 1.95295830000000E+03   2.62814000000000E+01
 1.95304170000000E+03   2.27354000000000E+01
 1.95312500000000E+03   2.81895000000000E+01
 1.95320830000000E+03   3.11819000000000E+01
 1.95329170000000E+03   3.11741000000000E+01
 1.95337500000000E+03   1.92433000000000E+01
 1.95345830000000E+03   1.63893000000000E+01
 1.95354170000000E+03   2.24582000000000E+01
 1.95362500000000E+03   4.37330000000000E+00
 1.95370830000000E+03  -1.57118000000000E+01
 1.95379170000000E+03  -2.04893000000000E+01
 1.95387500000000E+03  -2.78052000000000E+01
 1.95395830000000E+03  -3.48905000000000E+01
 1.95404170000000E+03  -3.09760000000000E+01
 1.95412500000000E+03  -2.70614000000000E+01
 1.95420830000000E+03  -2.88393000000000E+01
 1.95429170000000E+03  -3.10019000000000E+01
 1.95437500000000E+03  -3.60107000000000E+01
 1.95445830000000E+03  -2.72504000000000E+01
 1.95454170000000E+03  -2.54133000000000E+01
 1.95462500000000E+03  -3.20377000000000E+01
 1.95470830000000E+03  -1.90469000000000E+01
 1.95479170000000E+03  -7.05620000000000E+00
 1.95487500000000E+03   7.03700000000000E-01
 1.95495830000000E+03   1.06174000000000E+01
 1.95604170000000E+03   1.96407000000000E+01
 1.95612500000000E+03   2.17839000000000E+01
 1.95620830000000E+03   1.91578000000000E+01
 1.95629170000000E+03   2.48392000000000E+01
 1.95637500000000E+03   2.10591000000000E+01
 1.95645830000000E+03   2.38943000000000E+01
 1.95654170000000E+03   1.95755000000000E+01
 1.95662500000000E+03   1.66413000000000E+01
 1.95670830000000E+03   1.21685000000000E+01
 1.95679170000000E+03   8.69560000000000E+00
 1.95687500000000E+03   7.29960000000000E+00
 1.95695830000000E+03   7.21120000000000E+00
 1.95704170000000E+03   1.01226000000000E+01
 1.95712500000000E+03   1.04955000000000E+01
 1.95720830000000E+03   1.40992000000000E+01
 1.95729170000000E+03   2.05488000000000E+01
 1.95737500000000E+03   1.79984000000000E+01
 1.95745830000000E+03   2.42172000000000E+01
 1.95754170000000E+03   1.71281000000000E+01
 1.95762500000000E+03   2.26543000000000E+01
 1.95770830000000E+03   1.87190000000000E+01
 1.95779170000000E+03   1.88604000000000E+01
 1.95787500000000E+03   2.46941000000000E+01
 1.95795830000000E+03   2.86047000000000E+01
 1.95804170000000E+03   3.51304000000000E+01
 1.95812500000000E+03   3.80408000000000E+01
 1.95820830000000E+03   3.61050000000000E+01
 1.95829170000000E+03   3.40920000000000E+01
 1.95837500000000E+03   2.30021000000000E+01
 1.95845830000000E+03   2.16814000000000E+01
 1.95854170000000E+03   1.69758000000000E+01
 1.95862500000000E+03   1.69626000000000E+01
 1.95870830000000E+03   3.87240000000000E+00
 1.95879170000000E+03   3.32050000000000E+00
 1.95887500000000E+03   1.38390000000000E+00
 1.95895830000000E+03   5.21650000000000E+00
 1.95904170000000E+03   9.89510000000000E+00
 1.95912500000000E+03   1.04198000000000E+01
 1.95920830000000E+03   1.03290000000000E+01
 1.95929170000000E+03   9.08430000000000E+00
 1.95937500000000E+03  -6.69900000000000E+00
 1.95945830000000E+03  -1.41746000000000E+01
 1.95954170000000E+03  -2.21119000000000E+01
 1.95962500000000E+03  -4.02800000000000E+01
 1.95970830000000E+03  -4.99098000000000E+01
 1.95979170000000E+03  -5.62320000000000E+01
 1.95987500000000E+03  -6.00927000000000E+01
 1.95995830000000E+03  -5.37226000000000E+01
 1.96004170000000E+03  -5.28913000000000E+01
 1.96012500000000E+03  -4.94445000000000E+01
 1.96020830000000E+03  -4.73824000000000E+01
 1.96029170000000E+03  -4.97052000000000E+01
 1.96037500000000E+03  -5.14895000000000E+01
 1.96045830000000E+03  -4.14277000000000E+01
 1.96054170000000E+03  -4.07507000000000E+01
 1.96062500000000E+03  -4.27660000000000E+01
 1.96070830000000E+03  -2.20890000000000E+01
 1.96079170000000E+03  -8.64310000000000E+00
 1.96087500000000E+03   7.41830000000000E+00
 1.96095830000000E+03   2.10180000000000E+01
 1.96104170000000E+03   3.14638000000000E+01
 1.96112500000000E+03   4.04479000000000E+01
 1.96120830000000E+03   4.17397000000000E+01
 1.96129170000000E+03   3.38775000000000E+01
 1.96137500000000E+03   3.68614000000000E+01
 1.96145830000000E+03   4.26145000000000E+01
 1.96154170000000E+03   4.59058000000000E+01
 1.96162500000000E+03   5.88126000000000E+01
 1.96170830000000E+03   5.52577000000000E+01
 1.96179170000000E+03   4.12411000000000E+01
 1.96187500000000E+03   3.37629000000000E+01
 1.96195830000000E+03   2.72078000000000E+01
 1.96204170000000E+03   2.33448000000000E+01
 1.96212500000000E+03   2.00971000000000E+01
 1.96220830000000E+03   1.65417000000000E+01
 1.96229170000000E+03   1.16784000000000E+01
 1.96237500000000E+03   1.20459000000000E+01
 1.96245830000000E+03   5.56720000000000E+00
 1.96254170000000E+03   5.24210000000000E+00
 1.96262500000000E+03  -1.35445000000000E+01
 1.96270830000000E+03  -3.04081000000000E+01
 1.96279170000000E+03  -3.18104000000000E+01
 1.96287500000000E+03  -2.65972000000000E+01
 1.96295830000000E+03  -2.09996000000000E+01
 1.96312500000000E+03  -1.96508000000000E+01
 1.96329170000000E+03  -1.79177000000000E+01
 1.96337500000000E+03  -1.56282000000000E+01
 1.96345830000000E+03  -1.94156000000000E+01
 1.96354170000000E+03  -2.50495000000000E+01
 1.96362500000000E+03  -1.89909000000000E+01
 1.96370830000000E+03  -2.78556000000000E+01
 1.96379170000000E+03  -4.24128000000000E+01
 1.96387500000000E+03  -3.33545000000000E+01
 1.96395830000000E+03  -2.23733000000000E+01
 1.96404170000000E+03  -1.43153000000000E+01
 1.96412500000000E+03  -8.18040000000000E+00
 1.96420830000000E+03  -2.96860000000000E+00
 1.96429170000000E+03  -3.75710000000000E+00
 1.96437500000000E+03  -1.23780000000000E+00
 1.96445830000000E+03  -7.41100000000000E+00
 1.96454170000000E+03  -1.11997000000000E+01
 1.96462500000000E+03  -5.21910000000000E+00
 1.96470830000000E+03  -1.63156000000000E+01
 1.96479170000000E+03  -1.41046000000000E+01
 1.96487500000000E+03  -1.12012000000000E+01
 1.96495830000000E+03  -9.14410000000000E+00
 1.96504170000000E+03  -4.24100000000000E+00
 1.96512500000000E+03  -3.72250000000000E+00
 1.96520830000000E+03  -5.35800000000000E+00
 1.96529170000000E+03  -7.53210000000000E+00
 1.96537500000000E+03   1.06310000000000E+00
 1.96545830000000E+03  -5.41880000000000E+00
 1.96554170000000E+03  -7.74700000000000E+00
 1.96562500000000E+03  -9.99820000000000E+00
 1.96570830000000E+03  -2.09419000000000E+01
 1.96579170000000E+03  -1.34242000000000E+01
 1.96587500000000E+03   1.24730000000000E+00
 1.96595830000000E+03   1.22265000000000E+01
 1.96620830000000E+03   2.52403000000000E+01
 1.96629170000000E+03   2.82189000000000E+01
 1.96637500000000E+03   2.21208000000000E+01
 1.96645830000000E+03   1.94071000000000E+01
 1.96654170000000E+03   1.49240000000000E+01
 1.96662500000000E+03   6.90240000000000E+00
 1.96670830000000E+03   1.64193000000000E+01
 1.96679170000000E+03   2.02436000000000E+01
 1.96687500000000E+03   2.14526000000000E+01
 1.96695830000000E+03   2.98153000000000E+01
 1.96704170000000E+03   3.11779000000000E+01
 1.96712500000000E+03   2.95404000000000E+01
 1.96720830000000E+03   3.29029000000000E+01
 1.96729170000000E+03   3.00344000000000E+01
 1.96737500000000E+03   2.73967000000000E+01
 1.96745830000000E+03   4.47589000000000E+01
 1.96754170000000E+03   5.31209000000000E+01
 1.96762500000000E+03   5.46368000000000E+01
 1.96770830000000E+03   5.59218000000000E+01
 1.96779170000000E+03   4.14374000000000E+01
 1.96787500000000E+03   3.53377000000000E+01
 1.96795830000000E+03   3.21609000000000E+01
 1.96804170000000E+03   2.92916000000000E+01
 1.96812500000000E+03   2.46532000000000E+01
 1.96820830000000E+03   1.70915000000000E+01
 1.96829170000000E+03   1.27604000000000E+01
 1.96837500000000E+03   1.02755000000000E+01
 1.96845830000000E+03   2.25210000000000E+00
 1.96854170000000E+03  -2.17715000000000E+01
 1.96862500000000E+03  -3.40259000000000E+01
 1.96870830000000E+03  -4.42804000000000E+01
 1.96879170000000E+03  -5.37658000000000E+01
 1.96887500000000E+03  -5.65590000000000E+01
 1.96895830000000E+03  -5.12752000000000E+01
 1.96904170000000E+03  -4.60686000000000E+01
 1.96912500000000E+03  -4.10158000000000E+01
 1.96920830000000E+03  -3.14247000000000E+01
 1.96929170000000E+03  -1.77568000000000E+01
 1.96937500000000E+03  -2.66273000000000E+01
 1.96954170000000E+03  -4.35227000000000E+01
 1.96962500000000E+03  -4.16242000000000E+01
 1.96970830000000E+03  -3.28028000000000E+01
 1.96979170000000E+03  -3.04432000000000E+01
 1.96987500000000E+03  -1.63142000000000E+01
 1.97004170000000E+03  -4.90290000000000E+00
 1.97020830000000E+03   5.66210000000000E+00
 1.97029170000000E+03   1.04058000000000E+01
 1.97037500000000E+03   1.45342000000000E+01
 1.97045830000000E+03   1.42779000000000E+01
 1.97054170000000E+03   1.86760000000000E+00
 1.97062500000000E+03  -1.56196000000000E+01
 1.97070830000000E+03  -1.36454000000000E+01
 1.97079170000000E+03  -3.36370000000000E+00
 1.97087500000000E+03   2.25700000000000E-01
 1.97112500000000E+03   2.76260000000000E+00
 1.97120830000000E+03   5.81320000000000E+00
 1.97129170000000E+03   6.01750000000000E+00
 1.97137500000000E+03   1.03756000000000E+01
 1.97145830000000E+03   1.61183000000000E+01
 1.97154170000000E+03  -2.60080000000000E+00
 1.97162500000000E+03  -2.36275000000000E+01
 1.97170830000000E+03  -4.03467000000000E+01
 1.97179170000000E+03  -4.08352000000000E+01
 1.97187500000000E+03  -4.18622000000000E+01
 1.97195830000000E+03  -3.91201000000000E+01
 1.97204170000000E+03  -3.96089000000000E+01
 1.97212500000000E+03  -4.10977000000000E+01
 1.97220830000000E+03  -3.81250000000000E+01
 1.97229170000000E+03  -3.59218000000000E+01
 1.97237500000000E+03  -3.14109000000000E+01
 1.97245830000000E+03  -4.15923000000000E+01
 1.97254170000000E+03  -5.83894000000000E+01
 1.97262500000000E+03  -4.44171000000000E+01
 1.97270830000000E+03  -3.12912000000000E+01
 1.97279170000000E+03  -1.84731000000000E+01
 1.97287500000000E+03  -1.95011000000000E+01
 1.97295830000000E+03  -1.36831000000000E+01
 1.97304170000000E+03  -6.71140000000000E+00
 1.97312500000000E+03  -4.66280000000000E+00
 1.97320830000000E+03  -1.38350000000000E+00
 1.97329170000000E+03  -3.10440000000000E+00
 1.97337500000000E+03   4.55940000000000E+00
 1.97345830000000E+03   2.60770000000000E+00
 1.97354170000000E+03   3.80960000000000E+00
 1.97362500000000E+03   8.47310000000000E+00
 1.97370830000000E+03  -7.17120000000000E+00
 1.97379170000000E+03  -1.61234000000000E+01
 1.97387500000000E+03  -2.31525000000000E+01
 1.97395830000000E+03  -1.54124000000000E+01
 1.97404170000000E+03  -5.74950000000000E+00
 1.97412500000000E+03  -5.39420000000000E+00
 1.97420830000000E+03  -6.26980000000000E+00
 1.97429170000000E+03  -4.53300000000000E-01
 1.97437500000000E+03  -8.67500000000000E-01
 1.97445830000000E+03   7.95200000000000E-01
 1.97454170000000E+03   5.22680000000000E+00
 1.97462500000000E+03   5.88930000000000E+00
 1.97470830000000E+03   8.01320000000000E+00
 1.97479170000000E+03   1.25215000000000E+01
 1.97487500000000E+03   1.69529000000000E+01
 1.97495830000000E+03   2.26919000000000E+01
 1.97504170000000E+03   2.09692000000000E+01
 1.97512500000000E+03   1.29388000000000E+01
 1.97520830000000E+03   8.06220000000000E+00
 1.97529170000000E+03   1.41085000000000E+01
 1.97537500000000E+03   1.46240000000000E+00
 1.97545830000000E+03   4.97020000000000E+00
 1.97554170000000E+03   2.55460000000000E+00
 1.97562500000000E+03  -1.70147000000000E+01
 1.97570830000000E+03  -2.31996000000000E+01
 1.97579170000000E+03  -2.93077000000000E+01
 1.97587500000000E+03  -2.76465000000000E+01
 1.97595830000000E+03  -2.29085000000000E+01
 1.97604170000000E+03  -2.08631000000000E+01
 1.97612500000000E+03  -2.15099000000000E+01
 1.97620830000000E+03  -2.41568000000000E+01
 1.97629170000000E+03  -3.18039000000000E+01
 1.97637500000000E+03  -4.11432000000000E+01
 1.97645830000000E+03  -3.40981000000000E+01
 1.97654170000000E+03  -4.52839000000000E+01
 1.97662500000000E+03  -6.22389000000000E+01
 1.97670830000000E+03  -5.91940000000000E+01
 1.97679170000000E+03  -5.83032000000000E+01
 1.97687500000000E+03  -5.91046000000000E+01
 1.97695830000000E+03  -5.32138000000000E+01
 1.97704170000000E+03  -4.69386000000000E+01
 1.97712500000000E+03  -4.75864000000000E+01
 1.97720830000000E+03  -4.45421000000000E+01
 1.97729170000000E+03  -4.00364000000000E+01
 1.97737500000000E+03  -2.48383000000000E+01
 1.97745830000000E+03  -2.27942000000000E+01
 1.97754170000000E+03  -2.69811000000000E+01
 1.97762500000000E+03  -2.96294000000000E+01
 1.97770830000000E+03  -3.38163000000000E+01
 1.97779170000000E+03  -3.23881000000000E+01
 1.97787500000000E+03  -2.80367000000000E+01
 1.97795830000000E+03  -1.86085000000000E+01
 1.97804170000000E+03  -3.87280000000000E+00
 1.97812500000000E+03  -7.52400000000000E-01
 1.97837500000000E+03   6.37720000000000E+00
 1.97845830000000E+03   8.65110000000000E+00
 1.97854170000000E+03  -2.29200000000000E-01
 1.97862500000000E+03  -1.29555000000000E+01
 1.97870830000000E+03  -1.97588000000000E+01
 1.97879170000000E+03  -3.17931000000000E+01
 1.97887500000000E+03  -3.20582000000000E+01
 1.97895830000000E+03  -2.72464000000000E+01
 1.97904170000000E+03  -1.71271000000000E+01
 1.97912500000000E+03  -9.39240000000000E+00
 1.97920830000000E+03  -4.58090000000000E+00
 1.97929170000000E+03  -2.00004000000000E+01
 1.97937500000000E+03  -2.98044000000000E+01
 1.97945830000000E+03  -3.25316000000000E+01
 1.97954170000000E+03  -4.52590000000000E+01
 1.97962500000000E+03  -5.09863000000000E+01
 1.97970830000000E+03  -5.84061000000000E+01
 1.97979170000000E+03  -5.33645000000000E+01
 1.97987500000000E+03  -4.81691000000000E+01
 1.97995830000000E+03  -4.08968000000000E+01
 1.98004170000000E+03  -3.50093000000000E+01
 1.98012500000000E+03  -3.88142000000000E+01
 1.98020830000000E+03  -4.26960000000000E+01
 1.98029170000000E+03  -4.29626000000000E+01
 1.98037500000000E+03  -3.46908000000000E+01
 1.98045830000000E+03  -2.54959000000000E+01
 1.98054170000000E+03  -2.59167000000000E+01
 1.98062500000000E+03  -1.24143000000000E+01
 1.98070830000000E+03  -4.37360000000000E+00
 1.98079170000000E+03  -1.48690000000000E+00
 1.98087500000000E+03  -2.60020000000000E+00
 1.98095830000000E+03   5.05570000000000E+00
 1.98104170000000E+03   9.55750000000000E+00
 1.98112500000000E+03   1.79824000000000E+01
 1.98120830000000E+03   1.92534000000000E+01
 1.98129170000000E+03   2.13703000000000E+01
 1.98137500000000E+03   2.91027000000000E+01
 1.98145830000000E+03   3.95272000000000E+01
 1.98154170000000E+03   3.69516000000000E+01
 1.98162500000000E+03   2.62991000000000E+01
 1.98170830000000E+03   1.53388000000000E+01
 1.98179170000000E+03   2.22244000000000E+01
 1.98187500000000E+03   3.09562000000000E+01
 1.98195830000000E+03   3.56880000000000E+01
 1.98204170000000E+03   3.70349000000000E+01
 1.98212500000000E+03   3.82280000000000E+01
 1.98220830000000E+03   3.88826000000000E+01
 1.98229170000000E+03   3.79215000000000E+01
 1.98237500000000E+03   3.61913000000000E+01
 1.98245830000000E+03   2.37687000000000E+01
 1.98254170000000E+03   2.29612000000000E+01
 1.98262500000000E+03   1.84615000000000E+01
 1.98270830000000E+03   2.27310000000000E+01
 1.98279170000000E+03   2.53848000000000E+01
 1.98287500000000E+03   1.93463000000000E+01
 1.98295830000000E+03   1.63078000000000E+01
 1.98304170000000E+03   1.78845000000000E+01
 1.98312500000000E+03   1.85381000000000E+01
 1.98320830000000E+03   1.64993000000000E+01
 1.98329170000000E+03   1.76141000000000E+01
 1.98337500000000E+03   2.87290000000000E+01
 1.98345830000000E+03   3.07669000000000E+01
 1.98354170000000E+03   3.24199000000000E+01
 1.98362500000000E+03   8.22690000000000E+00
 1.98370830000000E+03  -5.12010000000000E+00
 1.98379170000000E+03  -1.17750000000000E+01
 1.98387500000000E+03  -1.38145000000000E+01
 1.98395830000000E+03  -1.27002000000000E+01
 1.98404170000000E+03  -8.66310000000000E+00
 1.98412500000000E+03  -1.11644000000000E+01
 1.98420830000000E+03  -7.12730000000000E+00
 1.98429170000000E+03  -1.09040000000000E+00
 1.98437500000000E+03  -1.52842000000000E+01
 1.98445830000000E+03  -3.96320000000000E+01
 1.98454170000000E+03  -5.02877000000000E+01
 1.98462500000000E+03  -6.04818000000000E+01
 1.98470830000000E+03  -5.25991000000000E+01
 1.98479170000000E+03  -3.67166000000000E+01
 1.98512500000000E+03  -2.58024000000000E+01
 1.98520830000000E+03  -1.52279000000000E+01
 1.98529170000000E+03  -8.11510000000000E+00
 1.98537500000000E+03  -5.38690000000000E+00
 1.98545830000000E+03  -1.97300000000000E-01
 1.98554170000000E+03  -1.00780000000000E+00
 1.98562500000000E+03  -1.77414000000000E+01
 1.98570830000000E+03  -2.97828000000000E+01
 1.98579170000000E+03  -2.84398000000000E+01
 1.98587500000000E+03  -3.19429000000000E+01
 1.98595830000000E+03  -3.05999000000000E+01
 1.98604170000000E+03  -2.48726000000000E+01
 1.98612500000000E+03  -2.69144000000000E+01
 1.98620830000000E+03  -2.31871000000000E+01
 1.98629170000000E+03  -2.25369000000000E+01
 1.98637500000000E+03  -2.16559000000000E+01
 1.98645830000000E+03  -1.30827000000000E+01
 1.98654170000000E+03  -1.76635000000000E+01
 1.98662500000000E+03  -2.50136000000000E+01
 1.98670830000000E+03  -3.02868000000000E+01
 1.98679170000000E+03  -2.47140000000000E+01
 1.98687500000000E+03  -1.89105000000000E+01
 1.98695830000000E+03  -1.21839000000000E+01
 1.98704170000000E+03  -4.45760000000000E+00
 1.98712500000000E+03  -1.65430000000000E+00
 1.98720830000000E+03   9.37970000000000E+00
 1.98729170000000E+03   2.02880000000000E+00
 1.98737500000000E+03   1.29340000000000E+00
 1.98745830000000E+03   3.48100000000000E+00
 1.98754170000000E+03  -4.87020000000000E+00
 1.98762500000000E+03  -4.91360000000000E+00
 1.98770830000000E+03  -5.26470000000000E+00
 1.98779170000000E+03   3.76850000000000E+00
 1.98787500000000E+03   7.26330000000000E+00
 1.98795830000000E+03   1.17581000000000E+01
 1.98804170000000E+03   1.21757000000000E+01
 1.98812500000000E+03   1.42087000000000E+01
 1.98820830000000E+03   1.47032000000000E+01
 1.98829170000000E+03   6.42820000000000E+00
 1.98837500000000E+03   1.80763000000000E+01
 1.98845830000000E+03   2.50321000000000E+01
 1.98854170000000E+03   2.52184000000000E+01
 1.98862500000000E+03   3.15586000000000E+01
 1.98870830000000E+03   3.61295000000000E+01
 1.98879170000000E+03   3.72386000000000E+01
 1.98887500000000E+03   4.15785000000000E+01
 1.98895830000000E+03   4.79184000000000E+01
 1.98904170000000E+03   4.93349000000000E+01
 1.98912500000000E+03   6.30592000000000E+01
 1.98920830000000E+03   6.46296000000000E+01
 1.98929170000000E+03   6.48151000000000E+01
 1.98937500000000E+03   7.02314000000000E+01
 1.98945830000000E+03   7.13400000000000E+01
 1.98954170000000E+03   6.19868000000000E+01
 1.98962500000000E+03   6.47105000000000E+01
 1.98970830000000E+03   6.70496000000000E+01
 1.98979170000000E+03   6.40038000000000E+01
 1.98987500000000E+03   5.98043000000000E+01
 1.98995830000000E+03   6.03739000000000E+01
 1.99004170000000E+03   6.30971000000000E+01
 1.99012500000000E+03   6.48972000000000E+01
 1.99020830000000E+03   6.04665000000000E+01
 1.99029170000000E+03   5.78818000000000E+01
 1.99037500000000E+03   5.82971000000000E+01
 1.99045830000000E+03   4.84046000000000E+01
 1.99054170000000E+03   3.23581000000000E+01
 1.99062500000000E+03   2.23116000000000E+01
 1.99070830000000E+03  -4.19660000000000E+00
 1.99079170000000E+03  -2.41665000000000E+01
 1.99087500000000E+03  -2.88286000000000E+01
 1.99095830000000E+03  -2.14908000000000E+01
 1.99104170000000E+03  -1.99994000000000E+01
 1.99112500000000E+03  -1.72003000000000E+01
 1.99120830000000E+03  -1.44782000000000E+01
 1.99129170000000E+03  -1.78332000000000E+01
 1.99137500000000E+03  -2.41113000000000E+01
 1.99145830000000E+03  -2.77740000000000E+01
 1.99154170000000E+03  -2.34370000000000E+01
 1.99162500000000E+03  -1.62538000000000E+01
 1.99170830000000E+03  -1.06091000000000E+01
 1.99179170000000E+03  -3.49200000000000E-01
 1.99187500000000E+03  -7.04700000000000E-01
 1.99195830000000E+03  -2.52190000000000E+00
 1.99204170000000E+03  -4.80070000000000E+00
 1.99212500000000E+03  -3.77190000000000E+00
 1.99220830000000E+03  -8.97390000000000E+00
 1.99229170000000E+03  -1.80992000000000E+01
 1.99237500000000E+03  -1.96859000000000E+01
 1.99245830000000E+03  -1.84267000000000E+01
 1.99254170000000E+03  -1.90138000000000E+01
 1.99262500000000E+03  -2.32931000000000E+01
 1.99270830000000E+03  -3.40341000000000E+01
 1.99279170000000E+03  -4.53138000000000E+01
 1.99287500000000E+03  -5.35164000000000E+01
 1.99295830000000E+03  -4.80269000000000E+01
 1.99304170000000E+03  -4.16914000000000E+01
 1.99312500000000E+03  -3.81252000000000E+01
 1.99320830000000E+03  -3.68667000000000E+01
 1.99329170000000E+03  -4.36084000000000E+01
 1.99337500000000E+03  -4.92731000000000E+01
 1.99345830000000E+03  -5.47841000000000E+01
 1.99354170000000E+03  -5.14492000000000E+01
 1.99362500000000E+03  -6.33449000000000E+01
 1.99370830000000E+03  -6.35485000000000E+01
 1.99379170000000E+03  -6.07523000000000E+01
 1.99387500000000E+03  -5.35714000000000E+01
 1.99395830000000E+03  -4.11598000000000E+01
 1.99404170000000E+03  -4.24408000000000E+01
 1.99412500000000E+03  -4.59525000000000E+01
 1.99420830000000E+03  -5.06950000000000E+01
 1.99429170000000E+03  -5.59762000000000E+01
 1.99437500000000E+03  -4.68728000000000E+01
 1.99445830000000E+03  -3.60771000000000E+01
 1.99454170000000E+03  -2.85894000000000E+01
 1.99462500000000E+03  -2.26400000000000E+01
 1.99470830000000E+03  -1.35369000000000E+01
 1.99479170000000E+03  -6.89560000000000E+00
 1.99487500000000E+03  -1.56190000000000E+00
 1.99495830000000E+03   2.77170000000000E+00
 1.99504170000000E+03   8.64350000000000E+00
 1.99512500000000E+03   1.60539000000000E+01
 1.99520830000000E+03   2.02334000000000E+01
 1.99529170000000E+03   2.72588000000000E+01
 1.99537500000000E+03   3.58997000000000E+01
 1.99545830000000E+03   3.03866000000000E+01
 1.99554170000000E+03   1.60272000000000E+01
 1.99562500000000E+03   9.75500000000000E-01
 1.99570830000000E+03  -1.30763000000000E+01
 1.99579170000000E+03  -1.44360000000000E+01
 1.99587500000000E+03  -2.55649000000000E+01
 1.99595830000000E+03  -2.54631000000000E+01
 1.99604170000000E+03  -2.53616000000000E+01
 1.99629170000000E+03  -2.75955000000000E+01
 1.99637500000000E+03  -3.26480000000000E+01
 1.99695830000000E+03  -3.75566000000000E+01
 1.99704170000000E+03  -4.63791000000000E+01
 1.99712500000000E+03  -5.67401000000000E+01
 1.99720830000000E+03  -4.56396000000000E+01
 1.99729170000000E+03  -1.94624000000000E+01
 1.99737500000000E+03  -9.97750000000000E+00
 1.99745830000000E+03  -7.18490000000000E+00
 1.99754170000000E+03  -4.70030000000000E+00
 1.99762500000000E+03   4.70750000000000E+00
 1.99770830000000E+03   4.65360000000000E+00
 1.99779170000000E+03   3.68700000000000E-01
 1.99787500000000E+03  -7.91610000000000E+00
 1.99795830000000E+03  -6.50870000000000E+00
 1.99804170000000E+03   4.05230000000000E+00
 1.99812500000000E+03   1.79980000000000E+01
 1.99820830000000E+03   2.90975000000000E+01
 1.99829170000000E+03   3.53506000000000E+01
 1.99837500000000E+03   3.20652000000000E+01
 1.99845830000000E+03   3.82414000000000E+01
 1.99854170000000E+03   4.22634000000000E+01
 1.99862500000000E+03   4.55932000000000E+01
 1.99870830000000E+03   3.87691000000000E+01
 1.99879170000000E+03   3.30985000000000E+01
 1.99887500000000E+03   3.19665000000000E+01
 1.99895830000000E+03   3.76037000000000E+01
 1.99904170000000E+03   3.87021000000000E+01
 1.99912500000000E+03   3.06468000000000E+01
 1.99929170000000E+03   2.26126000000000E+01
 1.99937500000000E+03   1.96339000000000E+01
 1.99945830000000E+03   9.57820000000000E+00
 1.99954170000000E+03   3.06080000000000E+00
 1.99962500000000E+03   5.62030000000000E+00
 1.99970830000000E+03   9.25670000000000E+00
 1.99979170000000E+03  -5.68800000000000E-01
 1.99987500000000E+03  -3.93260000000000E+00
 1.99995830000000E+03   1.08810000000000E+00
 2.00004170000000E+03   1.16471000000000E+01
 2.00012500000000E+03   1.38215000000000E+01
 2.00020830000000E+03   1.26111000000000E+01
 2.00029170000000E+03   5.55440000000000E+00
 2.00037500000000E+03  -4.50220000000000E+00
 2.00045830000000E+03  -6.32820000000000E+00
 2.00054170000000E+03  -1.41544000000000E+01
 2.00062500000000E+03  -2.22113000000000E+01
 2.00070830000000E+03  -3.24221000000000E+01
 2.00079170000000E+03  -4.51716000000000E+01
 2.00087500000000E+03  -4.75365000000000E+01
 2.00095830000000E+03  -4.02860000000000E+01
 2.00104170000000E+03  -4.02666000000000E+01
 2.00112500000000E+03  -4.17086000000000E+01
 2.00120830000000E+03  -3.42277000000000E+01
 2.00129170000000E+03  -2.71316000000000E+01
 2.00137500000000E+03  -6.34310000000000E+00
 2.00145830000000E+03   5.67600000000000E+00
 2.00154170000000E+03   1.01565000000000E+01
 2.00162500000000E+03   2.84062000000000E+01
 2.00170830000000E+03   4.11174000000000E+01
 2.00179170000000E+03   4.42130000000000E+01
 2.00187500000000E+03   5.00779000000000E+01
 2.00195830000000E+03   5.65581000000000E+01
 2.00204170000000E+03   5.97303000000000E+01
 2.00212500000000E+03   6.22872000000000E+01
 2.00220830000000E+03   6.28441000000000E+01
 2.00229170000000E+03   5.60160000000000E+01
 2.00237500000000E+03   5.00343000000000E+01
 2.00245830000000E+03   2.75908000000000E+01
 2.00254170000000E+03   2.74549000000000E+01
 2.00262500000000E+03   1.01651000000000E+01
 2.00270830000000E+03  -1.54324000000000E+01
 2.00279170000000E+03  -2.74917000000000E+01
 2.00287500000000E+03  -3.33971000000000E+01
 2.00295830000000E+03  -2.93795000000000E+01
 2.00304170000000E+03  -2.55160000000000E+01
 2.00312500000000E+03  -2.47294000000000E+01
 2.00320830000000E+03  -2.39428000000000E+01
 2.00329170000000E+03  -2.13103000000000E+01
 2.00337500000000E+03  -2.53701000000000E+01
 2.00345830000000E+03  -2.11223000000000E+01
 2.00354170000000E+03  -1.36439000000000E+01
 2.00362500000000E+03  -1.55501000000000E+01
 2.00370830000000E+03  -1.03025000000000E+01
 2.00379170000000E+03  -5.82440000000000E+00
 2.00387500000000E+03  -3.57700000000000E+00
 2.00395830000000E+03   4.51650000000000E+00
 2.00404170000000E+03   7.76360000000000E+00
 2.00412500000000E+03   6.31840000000000E+00
 2.00420830000000E+03   9.18090000000000E+00
 2.00429170000000E+03   9.65850000000000E+00
 2.00437500000000E+03   9.98230000000000E+00
 2.00445830000000E+03   1.59983000000000E+01
 2.00454170000000E+03   2.15526000000000E+01
 2.00462500000000E+03   2.46454000000000E+01
 2.00470830000000E+03   1.38150000000000E+01
 2.00479170000000E+03   8.59970000000000E+00
 2.00487500000000E+03   8.15380000000000E+00
 2.00495830000000E+03   8.47700000000000E+00
 2.00504170000000E+03   1.08000000000000E+01
 2.00512500000000E+03   1.31999000000000E+01
 2.00520830000000E+03   1.60613000000000E+01
 2.00529170000000E+03   7.61480000000000E+00
 2.00537500000000E+03   6.01450000000000E+00
 2.00545830000000E+03   4.64490000000000E+00
 2.00554170000000E+03  -1.27250000000000E+01
 2.00562500000000E+03  -3.00178000000000E+01
 2.00570830000000E+03  -4.34646000000000E+01
 2.00579170000000E+03  -4.16040000000000E+01
 2.00587500000000E+03  -3.85125000000000E+01
 2.00595830000000E+03  -3.44211000000000E+01
 2.00604170000000E+03  -3.58684000000000E+01
 2.00612500000000E+03  -3.59311000000000E+01
 2.00620830000000E+03  -3.69938000000000E+01
 2.00629170000000E+03  -3.74413000000000E+01
 2.00637500000000E+03  -1.91965000000000E+01
 2.00645830000000E+03  -1.52595000000000E+01
 2.00654170000000E+03  -6.47660000000000E+00
 2.00662500000000E+03   8.61410000000000E+00
 2.00670830000000E+03   1.79355000000000E+01
 2.00679170000000E+03   2.77182000000000E+01
 2.00687500000000E+03   3.83471000000000E+01
 2.00695830000000E+03   4.84375000000000E+01
 2.00704170000000E+03   6.09122000000000E+01
 2.00712500000000E+03   6.91562000000000E+01
 2.00720830000000E+03   7.82463000000000E+01
 2.00729170000000E+03   7.71823000000000E+01
 2.00737500000000E+03   8.39646000000000E+01
 2.00745830000000E+03   7.05159000000000E+01
 2.00754170000000E+03   6.66055000000000E+01
 2.00762500000000E+03   5.69260000000000E+01
 2.00770830000000E+03   6.37848000000000E+01
 2.00779170000000E+03   5.84895000000000E+01
 2.00787500000000E+03   5.29635000000000E+01
 2.00795830000000E+03   4.62836000000000E+01
 2.00804170000000E+03   4.59111000000000E+01
 2.00812500000000E+03   3.97695000000000E+01
 2.00820830000000E+03   3.13201000000000E+01
 2.00829170000000E+03   2.47935000000000E+01
 2.00837500000000E+03   2.88824000000000E+01
 2.00845830000000E+03   1.98943000000000E+01
 2.00854170000000E+03   1.42136000000000E+01
 2.00862500000000E+03   9.60990000000000E+00
 2.00870830000000E+03   6.21500000000000E-01
 2.00879170000000E+03  -1.82902000000000E+01
 2.00887500000000E+03  -2.07403000000000E+01
 2.00895830000000E+03  -1.14213000000000E+01
 2.00904170000000E+03  -3.56400000000000E+00
 2.00912500000000E+03  -2.16820000000000E+00
 2.00920830000000E+03  -5.41700000000000E-01
 2.00929170000000E+03   1.03922000000000E+01
 2.00937500000000E+03   2.01850000000000E+00
 2.00945830000000E+03  -5.81680000000000E+00
 2.00954170000000E+03  -1.72678000000000E+01
 2.00962500000000E+03  -2.51802000000000E+01
 2.00970830000000E+03  -2.70158000000000E+01
 2.00979170000000E+03  -3.10824000000000E+01
 2.00987500000000E+03  -2.22258000000000E+01
 2.00995830000000E+03  -1.62924000000000E+01
 2.01004170000000E+03  -1.62824000000000E+01
 2.01012500000000E+03  -1.56568000000000E+01
 2.01020830000000E+03  -6.56990000000000E+00
 2.01029170000000E+03  -4.94470000000000E+00
 2.01037500000000E+03  -1.41656000000000E+01
 2.01045830000000E+03  -1.59250000000000E+01
 2.01054170000000E+03  -2.22232000000000E+01
 2.01062500000000E+03  -8.82890000000000E+00
 2.01087500000000E+03  -4.57000000000000E+00
 2.01095830000000E+03   1.97780000000000E+00
 2.01104170000000E+03   1.22176000000000E+01
 2.01112500000000E+03   1.29959000000000E+01
 2.01120830000000E+03   1.60049000000000E+01
 2.01129170000000E+03   1.81675000000000E+01
 2.01137500000000E+03   1.41763000000000E+01
 2.01145830000000E+03   1.38774000000000E+01
 2.01154170000000E+03   1.65782000000000E+01
 2.01162500000000E+03   9.50990000000000E+00
 2.01170830000000E+03   9.21070000000000E+00
 2.01179170000000E+03   1.44497000000000E+01
 2.01187500000000E+03   5.30420000000000E+00
 2.01195830000000E+03   1.13124000000000E+01
 2.01204170000000E+03   1.17819000000000E+01
 2.01212500000000E+03   1.76361000000000E+01
 2.01220830000000E+03   2.54133000000000E+01
 2.01229170000000E+03   2.83441000000000E+01
 2.01237500000000E+03   2.33519000000000E+01
 2.01245830000000E+03   2.31289000000000E+01
 2.01254170000000E+03   7.67480000000000E+00
 2.01262500000000E+03  -9.85610000000000E+00
 2.01279170000000E+03  -1.18415000000000E+01
 2.01287500000000E+03  -1.30650000000000E+01
 2.01295830000000E+03  -1.96732000000000E+01
 2.01304170000000E+03  -1.36662000000000E+01
 2.01312500000000E+03  -1.10438000000000E+01
 2.01320830000000E+03  -9.26770000000000E+00
 2.01329170000000E+03  -2.03379000000000E+01
 2.01337500000000E+03  -2.09465000000000E+01
 2.01345830000000E+03  -1.90937000000000E+01
 2.01354170000000E+03  -2.38565000000000E+01
 2.01362500000000E+03  -3.54654000000000E+01
 2.01370830000000E+03  -3.65359000000000E+01
 2.01379170000000E+03  -3.09144000000000E+01
 2.01387500000000E+03  -2.73697000000000E+01
 2.01395830000000E+03  -2.58250000000000E+01
 2.01404170000000E+03  -1.93576000000000E+01
 2.01412500000000E+03  -2.25824000000000E+01
 2.01420830000000E+03  -2.26534000000000E+01
 2.01429170000000E+03  -2.84170000000000E+01
 2.01437500000000E+03  -2.84113000000000E+01
 2.01445830000000E+03  -3.69441000000000E+01
 2.01454170000000E+03  -3.96311000000000E+01
 2.01462500000000E+03  -3.59333000000000E+01
 2.01470830000000E+03  -2.87741000000000E+01
 2.01479170000000E+03  -2.39997000000000E+01
 2.01487500000000E+03  -2.13022000000000E+01
 2.01495830000000E+03  -1.52202000000000E+01
 2.01504170000000E+03  -6.52300000000000E+00
 2.01512500000000E+03  -2.74890000000000E+00
 2.01520830000000E+03  -4.36300000000000E-01
 2.01529170000000E+03  -2.58560000000000E+00
 2.01537500000000E+03   8.72680000000000E+00
 2.01545830000000E+03   1.73468000000000E+01
 2.01554170000000E+03   1.55050000000000E+01
 2.01562500000000E+03   1.28940000000000E+01
 2.01570830000000E+03   4.51370000000000E+00
 2.01579170000000E+03   1.59470000000000E+00
 2.01587500000000E+03  -1.63190000000000E+00
 2.01595830000000E+03  -7.39710000000000E+00
 2.01604170000000E+03  -6.31630000000000E+00
 2.01612500000000E+03  -5.69700000000000E+00
 2.01620830000000E+03  -8.46240000000000E+00
 2.01629170000000E+03  -9.61270000000000E+00
 2.01637500000000E+03  -2.07060000000000E+00
 2.01645830000000E+03  -7.91320000000000E+00
 2.01654170000000E+03  -1.58330000000000E+01
 2.01670830000000E+03  -1.80571000000000E+01
 2.01679170000000E+03  -2.02079000000000E+01
 2.01687500000000E+03  -1.10510000000000E+01
 2.01695830000000E+03   7.21300000000000E-01
 2.01704170000000E+03   1.14933000000000E+01
 2.01712500000000E+03   2.38038000000000E+01
 2.01720830000000E+03   2.68066000000000E+01
 2.01729170000000E+03   3.35784000000000E+01
 2.01737500000000E+03   4.26579000000000E+01
 2.01745830000000E+03   5.12758000000000E+01
 2.01754170000000E+03   4.76755000000000E+01
 2.01762500000000E+03   4.85391000000000E+01
 2.01770830000000E+03   5.78057000000000E+01
 2.01779170000000E+03   7.20538000000000E+01
 2.01787500000000E+03   8.09021000000000E+01
 2.01795830000000E+03   9.58931000000000E+01
