 1.92004170000000E+03   5.75903000000000E+01
 1.92012500000000E+03   6.13500000000000E+01
 1.92020830000000E+03   5.34348000000000E+01
 1.92029170000000E+03   1.75479000000000E+01
 1.92037500000000E+03   2.24074000000000E+01
 1.92045830000000E+03   9.91060000000000E+00
 1.92054170000000E+03   2.36789000000000E+01
 1.92062500000000E+03   1.38628000000000E+01
 1.92070830000000E+03   1.47387000000000E+01
 1.92079170000000E+03  -5.38480000000000E+00
 1.92087500000000E+03  -3.35560000000000E+00
 1.92095830000000E+03  -1.48050000000000E+00
 1.92104170000000E+03   1.63952000000000E+01
 1.92112500000000E+03   3.00390000000000E+01
 1.92120830000000E+03   3.00672000000000E+01
 1.92129170000000E+03   3.80190000000000E+01
 1.92137500000000E+03   5.28928000000000E+01
 1.92145830000000E+03   4.95355000000000E+01
 1.92154170000000E+03   6.67942000000000E+01
 1.92162500000000E+03   5.45903000000000E+01
 1.92170830000000E+03   5.70784000000000E+01
 1.92179170000000E+03   4.47209000000000E+01
 1.92187500000000E+03   2.62854000000000E+01
 1.92195830000000E+03   3.90804000000000E+01
 1.92245830000000E+03   5.36157000000000E+01
 1.92254170000000E+03   6.64866000000000E+01
 1.92262500000000E+03   4.86641000000000E+01
 1.92270830000000E+03   7.99520000000000E+00
 1.92279170000000E+03  -3.67501000000000E+01
 1.92287500000000E+03  -3.36503000000000E+01
 1.92295830000000E+03  -2.30124000000000E+01
 1.92304170000000E+03  -2.18354000000000E+01
 1.92312500000000E+03  -1.20441000000000E+01
 1.92320830000000E+03  -9.93000000000000E-02
 1.92329170000000E+03   2.19231000000000E+01
 1.92337500000000E+03   6.31751000000000E+01
 1.92345830000000E+03   5.94268000000000E+01
 1.92354170000000E+03   3.42946000000000E+01
 1.92362500000000E+03   5.08420000000000E+00
 1.92370830000000E+03  -1.17418000000000E+01
 1.92379170000000E+03   1.06636000000000E+01
 1.92387500000000E+03   3.73756000000000E+01
 1.92395830000000E+03   3.29334000000000E+01
 1.92404170000000E+03   2.64149000000000E+01
 1.92412500000000E+03   1.99722000000000E+01
 1.92420830000000E+03   1.99139000000000E+01
 1.92429170000000E+03   7.16380000000000E+00
 1.92437500000000E+03  -9.58740000000000E+00
 1.92445830000000E+03  -1.20312000000000E+01
 1.92454170000000E+03   2.26795000000000E+01
 1.92462500000000E+03   5.06968000000000E+01
 1.92470830000000E+03   4.07907000000000E+01
 1.92479170000000E+03   4.40390000000000E+01
 1.92487500000000E+03   3.56708000000000E+01
 1.92495830000000E+03   4.27639000000000E+01
 1.92504170000000E+03   4.66268000000000E+01
 1.92512500000000E+03   3.68733000000000E+01
 1.92520830000000E+03   4.81963000000000E+01
 1.92529170000000E+03   4.22892000000000E+01
 1.92537500000000E+03   3.56887000000000E+01
 1.92545830000000E+03   3.18571000000000E+01
 1.92554170000000E+03   1.04107000000000E+01
 1.92562500000000E+03  -4.75752000000000E+01
 1.92570830000000E+03  -6.20230000000000E+01
 1.92579170000000E+03  -5.73163000000000E+01
 1.92587500000000E+03  -6.59184000000000E+01
 1.92595830000000E+03  -5.92131000000000E+01
 1.92604170000000E+03  -6.34303000000000E+01
 1.92612500000000E+03  -5.48794000000000E+01
 1.92620830000000E+03  -3.59441000000000E+01
 1.92629170000000E+03  -5.18545000000000E+01
 1.92637500000000E+03  -5.20736000000000E+01
 1.92645830000000E+03  -4.47545000000000E+01
 1.92654170000000E+03  -3.22810000000000E+01
 1.92662500000000E+03  -3.38855000000000E+01
 1.92670830000000E+03  -2.91826000000000E+01
 1.92679170000000E+03  -3.47099000000000E+01
 1.92687500000000E+03  -2.19306000000000E+01
 1.92695830000000E+03   9.23300000000000E+00
 1.92704170000000E+03   1.57819000000000E+01
 1.92712500000000E+03   1.97911000000000E+01
 1.92720830000000E+03   2.07232000000000E+01
 1.92729170000000E+03   1.61174000000000E+01
 1.92737500000000E+03   2.47412000000000E+01
 1.92745830000000E+03  -4.55830000000000E+00
 1.92754170000000E+03  -1.04726000000000E+01
 1.92762500000000E+03  -1.64649000000000E+01
 1.92770830000000E+03  -3.94575000000000E+01
 1.92779170000000E+03  -2.62957000000000E+01
 1.92787500000000E+03  -1.35000000000000E-01
 1.92795830000000E+03   7.10240000000000E+00
 1.92804170000000E+03   3.03260000000000E+00
 1.92812500000000E+03   1.16541000000000E+01
 1.92820830000000E+03   1.90445000000000E+01
 1.92845830000000E+03   2.91381000000000E+01
 1.92854170000000E+03   3.98980000000000E+00
 1.92862500000000E+03  -3.54673000000000E+01
 1.92870830000000E+03  -2.82323000000000E+01
 1.92879170000000E+03  -4.88429000000000E+01
 1.92887500000000E+03  -6.80700000000000E+01
 1.92895830000000E+03  -4.30666000000000E+01
 1.92904170000000E+03  -3.69088000000000E+01
 1.92912500000000E+03  -4.97521000000000E+01
 1.92920830000000E+03  -4.55187000000000E+01
 1.92929170000000E+03  -2.84386000000000E+01
 1.92937500000000E+03  -6.82110000000000E+00
 1.92945830000000E+03   1.34884000000000E+01
 1.92954170000000E+03   3.21830000000000E+01
 1.92962500000000E+03   3.64920000000000E+01
 1.92970830000000E+03   5.88776000000000E+01
 1.92979170000000E+03   4.51100000000000E+01
 1.92987500000000E+03   4.31874000000000E+01
 1.92995830000000E+03   4.30338000000000E+01
 1.93004170000000E+03   3.51884000000000E+01
 1.93012500000000E+03   2.62650000000000E+01
 1.93020830000000E+03  -5.65870000000000E+00
 1.93029170000000E+03  -1.48895000000000E+01
 1.93037500000000E+03  -7.35210000000000E+00
 1.93045830000000E+03  -1.98151000000000E+01
 1.93054170000000E+03  -4.76620000000000E+01
 1.93062500000000E+03  -9.06639000000000E+01
 1.93070830000000E+03  -9.92815000000000E+01
 1.93079170000000E+03  -1.09283100000000E+02
 1.93087500000000E+03  -9.70551000000000E+01
 1.93095830000000E+03  -7.65965000000000E+01
 1.93104170000000E+03  -5.22143000000000E+01
 1.93112500000000E+03  -4.08332000000000E+01
 1.93120830000000E+03  -4.69909000000000E+01
 1.93129170000000E+03  -7.76330000000000E+00
 1.93137500000000E+03   3.38620000000000E+00
 1.93145830000000E+03  -2.37722000000000E+01
 1.93154170000000E+03  -2.16080000000000E+00
 1.93162500000000E+03   2.37250000000000E+00
 1.93170830000000E+03  -7.86700000000000E-01
 1.93179170000000E+03   1.12854000000000E+01
 1.93187500000000E+03   1.06641000000000E+01
 1.93195830000000E+03   1.80425000000000E+01
 1.93204170000000E+03   1.95754000000000E+01
 1.93212500000000E+03   1.10302000000000E+01
 1.93220830000000E+03   3.11002000000000E+01
 1.93229170000000E+03   5.21707000000000E+01
 1.93237500000000E+03   4.17786000000000E+01
 1.93245830000000E+03   4.63862000000000E+01
 1.93254170000000E+03   5.39174000000000E+01
 1.93262500000000E+03   2.26014000000000E+01
 1.93270830000000E+03   4.90050000000000E+00
 1.93279170000000E+03   1.49694000000000E+01
 1.93287500000000E+03  -4.24300000000000E-01
 1.93295830000000E+03  -3.27980000000000E+00
 1.93304170000000E+03   1.08652000000000E+01
 1.93312500000000E+03   2.38553000000000E+01
 1.93320830000000E+03   2.92210000000000E+00
 1.93329170000000E+03  -2.37798000000000E+01
 1.93337500000000E+03  -4.57905000000000E+01
 1.93345830000000E+03  -7.35707000000000E+01
 1.93354170000000E+03  -7.21965000000000E+01
 1.93362500000000E+03  -6.96696000000000E+01
 1.93370830000000E+03  -7.31429000000000E+01
 1.93379170000000E+03  -8.83848000000000E+01
 1.93387500000000E+03  -9.22433000000000E+01
 1.93395830000000E+03  -7.36405000000000E+01
 1.93404170000000E+03  -6.18833000000000E+01
 1.93412500000000E+03  -6.11271000000000E+01
 1.93420830000000E+03  -7.42943000000000E+01
 1.93429170000000E+03  -3.53071000000000E+01
 1.93437500000000E+03  -1.67056000000000E+01
 1.93445830000000E+03  -1.79670000000000E+00
 1.93454170000000E+03   1.31127000000000E+01
 1.93462500000000E+03   9.71340000000000E+00
 1.93470830000000E+03  -1.23015000000000E+01
 1.93479170000000E+03  -1.53159000000000E+01
 1.93487500000000E+03  -1.71600000000000E+00
 1.93495830000000E+03   2.96050000000000E+00
 1.93504170000000E+03   8.48380000000000E+00
 1.93512500000000E+03   1.90829000000000E+01
 1.93520830000000E+03   9.60480000000000E+00
 1.93529170000000E+03   3.50503000000000E+01
 1.93537500000000E+03   3.15717000000000E+01
 1.93545830000000E+03   2.37851000000000E+01
 1.93554170000000E+03   1.96914000000000E+01
 1.93562500000000E+03   6.59650000000000E+00
 1.93570830000000E+03  -3.47293000000000E+01
 1.93579170000000E+03  -4.54392000000000E+01
 1.93587500000000E+03  -5.23041000000000E+01
 1.93595830000000E+03  -3.30153000000000E+01
 1.93604170000000E+03  -2.04953000000000E+01
 1.93612500000000E+03  -3.51301000000000E+01
 1.93620830000000E+03  -3.65345000000000E+01
 1.93629170000000E+03  -9.39980000000000E+00
 1.93645830000000E+03   8.02090000000000E+00
 1.93654170000000E+03   6.61620000000000E+00
 1.93662500000000E+03  -2.74818000000000E+01
 1.93670830000000E+03  -5.38108000000000E+01
 1.93679170000000E+03  -6.31393000000000E+01
 1.93687500000000E+03  -5.61612000000000E+01
 1.93695830000000E+03  -4.02602000000000E+01
 1.93704170000000E+03  -3.42049000000000E+01
 1.93712500000000E+03  -4.43814000000000E+01
 1.93720830000000E+03  -4.47121000000000E+01
 1.93729170000000E+03  -3.07345000000000E+01
 1.93737500000000E+03  -2.89887000000000E+01
 1.93745830000000E+03  -7.27048000000000E+01
 1.93754170000000E+03  -1.10574100000000E+02
 1.93762500000000E+03  -1.10906100000000E+02
 1.93770830000000E+03  -6.83152000000000E+01
 1.93779170000000E+03  -2.74931000000000E+01
 1.93787500000000E+03  -6.97970000000000E+00
 1.93795830000000E+03   1.55334000000000E+01
 1.93804170000000E+03   2.73548000000000E+01
 1.93812500000000E+03   3.12520000000000E+01
 1.93820830000000E+03   4.43028000000000E+01
 1.93829170000000E+03   5.32772000000000E+01
 1.93837500000000E+03   8.08659000000000E+01
 1.93845830000000E+03   9.16851000000000E+01
 1.93854170000000E+03   9.95818000000000E+01
 1.93862500000000E+03   1.09477400000000E+02
 1.93870830000000E+03   7.69881000000000E+01
 1.93879170000000E+03   5.12686000000000E+01
 1.93887500000000E+03   1.24711000000000E+01
 1.93895830000000E+03   1.54426000000000E+01
 1.93904170000000E+03   1.21838000000000E+01
 1.93912500000000E+03  -6.91400000000000E-01
 1.93920830000000E+03  -2.24130000000000E+01
 1.93929170000000E+03  -5.36726000000000E+01
 1.93937500000000E+03  -6.97794000000000E+01
 1.93945830000000E+03  -9.85018000000000E+01
 1.93954170000000E+03  -1.17608300000000E+02
 1.93962500000000E+03  -1.33177500000000E+02
 1.93970830000000E+03  -1.61746900000000E+02
 1.93979170000000E+03  -1.60315700000000E+02
 1.93987500000000E+03  -1.52039500000000E+02
 1.93995830000000E+03  -1.08763500000000E+02
 1.94004170000000E+03  -7.93332000000000E+01
 1.94012500000000E+03  -7.69808000000000E+01
 1.94020830000000E+03  -6.87056000000000E+01
 1.94045830000000E+03  -3.44963000000000E+01
 1.94054170000000E+03  -2.72214000000000E+01
 1.94062500000000E+03  -5.61014000000000E+01
 1.94070830000000E+03  -7.65971000000000E+01
 1.94079170000000E+03  -9.13999000000000E+01
 1.94087500000000E+03  -8.62038000000000E+01
 1.94095830000000E+03  -8.52387000000000E+01
 1.94104170000000E+03  -7.43500000000000E+01
 1.94112500000000E+03  -7.20009000000000E+01
 1.94120830000000E+03  -8.62674000000000E+01
 1.94129170000000E+03  -1.23225600000000E+02
 1.94137500000000E+03  -1.34415700000000E+02
 1.94145830000000E+03  -1.37990700000000E+02
 1.94154170000000E+03  -1.60642100000000E+02
 1.94162500000000E+03  -1.66448400000000E+02
 1.94170830000000E+03  -1.63485700000000E+02
 1.94179170000000E+03  -1.62907100000000E+02
 1.94187500000000E+03  -1.36944900000000E+02
 1.94195830000000E+03  -1.10752300000000E+02
 1.94204170000000E+03  -8.00206000000000E+01
 1.94212500000000E+03  -5.10593000000000E+01
 1.94220830000000E+03  -5.93289000000000E+01
 1.94229170000000E+03  -3.67520000000000E+01
 1.94254170000000E+03  -4.25490000000000E+00
 1.94262500000000E+03   2.50125000000000E+01
 1.94270830000000E+03   2.94336000000000E+01
 1.94279170000000E+03   3.86244000000000E+01
 1.94304170000000E+03   6.70397000000000E+01
 1.94312500000000E+03   1.04767100000000E+02
 1.94320830000000E+03   1.33878800000000E+02
 1.94329170000000E+03   1.51298800000000E+02
 1.94337500000000E+03   1.54486900000000E+02
 1.94345830000000E+03   1.50520900000000E+02
 1.94354170000000E+03   1.53786200000000E+02
 1.94362500000000E+03   1.82435100000000E+02
 1.94370830000000E+03   1.56083700000000E+02
 1.94379170000000E+03   1.24886700000000E+02
 1.94387500000000E+03   1.00304000000000E+02
 1.94395830000000E+03   8.93364000000000E+01
 1.94404170000000E+03   8.48309000000000E+01
 1.94412500000000E+03   8.14012000000000E+01
 1.94420830000000E+03   7.73559000000000E+01
 1.94429170000000E+03   7.66958000000000E+01
 1.94437500000000E+03   7.74961000000000E+01
 1.94445830000000E+03   7.34500000000000E+01
 1.94454170000000E+03   5.96352000000000E+01
 1.94462500000000E+03   3.19732000000000E+01
 1.94470830000000E+03   1.63109000000000E+01
 1.94487500000000E+03   9.37090000000000E+00
 1.94495830000000E+03   2.59386000000000E+01
 1.94504170000000E+03   2.69683000000000E+01
 1.94512500000000E+03   2.83047000000000E+01
 1.94520830000000E+03   2.20255000000000E+01
 1.94529170000000E+03   2.71313000000000E+01
 1.94537500000000E+03   1.62362000000000E+01
 1.94545830000000E+03   1.33407000000000E+01
 1.94554170000000E+03  -5.54200000000000E-01
 1.94562500000000E+03   8.83000000000000E-02
 1.94570830000000E+03  -9.65410000000000E+00
 1.94579170000000E+03  -9.34500000000000E-01
 1.94587500000000E+03  -1.93697000000000E+01
 1.94595830000000E+03  -1.02667000000000E+01
 1.94604170000000E+03  -1.36248000000000E+01
 1.94612500000000E+03  -4.44550000000000E+00
 1.94620830000000E+03   1.18105000000000E+01
 1.94629170000000E+03   2.47594000000000E+01
 1.94637500000000E+03   2.17841000000000E+01
 1.94645830000000E+03   2.35008000000000E+01
 1.94654170000000E+03  -9.93580000000000E+00
 1.94662500000000E+03  -5.66811000000000E+01
 1.94670830000000E+03  -8.27344000000000E+01
 1.94679170000000E+03  -6.78641000000000E+01
 1.94687500000000E+03  -9.25333000000000E+01
 1.94695830000000E+03  -8.57412000000000E+01
 1.94704170000000E+03  -8.91794000000000E+01
 1.94712500000000E+03  -1.08003300000000E+02
 1.94720830000000E+03  -1.09442700000000E+02
 1.94729170000000E+03  -1.07958700000000E+02
 1.94737500000000E+03  -1.12244800000000E+02
 1.94745830000000E+03  -1.14146700000000E+02
 1.94754170000000E+03  -1.10817200000000E+02
 1.94762500000000E+03  -8.70273000000000E+01
 1.94770830000000E+03  -4.60068000000000E+01
 1.94779170000000E+03  -2.34474000000000E+01
 1.94787500000000E+03  -3.64275000000000E+01
 1.94795830000000E+03  -2.65617000000000E+01
 1.94804170000000E+03  -1.73108000000000E+01
 1.94812500000000E+03  -1.81378000000000E+01
 1.94820830000000E+03   1.51118000000000E+01
 1.94829170000000E+03   3.99773000000000E+01
 1.94837500000000E+03   4.89956000000000E+01
 1.94845830000000E+03   8.28598000000000E+01
 1.94854170000000E+03   1.14493700000000E+02
 1.94862500000000E+03   1.37049700000000E+02
 1.94870830000000E+03   1.45528500000000E+02
 1.94879170000000E+03   1.51623200000000E+02
 1.94887500000000E+03   1.54870700000000E+02
 1.94895830000000E+03   1.58887100000000E+02
 1.94904170000000E+03   1.59750200000000E+02
 1.94912500000000E+03   1.74843100000000E+02
 1.94920830000000E+03   1.79012600000000E+02
 1.94929170000000E+03   1.71182600000000E+02
 1.94937500000000E+03   1.51890000000000E+02
 1.94945830000000E+03   1.57828000000000E+02
 1.94954170000000E+03   1.29997200000000E+02
 1.94962500000000E+03   9.77038000000000E+01
 1.94970830000000E+03   7.98717000000000E+01
 1.94979170000000E+03   7.88862000000000E+01
 1.94987500000000E+03   5.97459000000000E+01
 1.94995830000000E+03   5.86823000000000E+01
 1.95004170000000E+03   6.03114000000000E+01
 1.95012500000000E+03   5.76318000000000E+01
 1.95020830000000E+03   4.71828000000000E+01
 1.95029170000000E+03   7.54265000000000E+01
 1.95037500000000E+03   6.72846000000000E+01
 1.95045830000000E+03   6.79885000000000E+01
 1.95054170000000E+03   3.33084000000000E+01
 1.95062500000000E+03   7.93490000000000E+00
 1.95070830000000E+03  -1.17465000000000E+01
 1.95079170000000E+03  -1.84275000000000E+01
 1.95087500000000E+03  -4.38018000000000E+01
 1.95095830000000E+03  -4.26379000000000E+01
 1.95104170000000E+03  -3.63196000000000E+01
 1.95112500000000E+03  -2.73870000000000E+01
 1.95120830000000E+03  -1.79162000000000E+01
 1.95129170000000E+03  -2.22141000000000E+01
 1.95137500000000E+03  -6.58208000000000E+01
 1.95145830000000E+03  -2.81200000000000E+01
 1.95154170000000E+03  -1.22649000000000E+01
 1.95162500000000E+03   8.20460000000000E+00
 1.95170830000000E+03   1.73661000000000E+01
 1.95179170000000E+03   2.98358000000000E+01
 1.95187500000000E+03   9.45830000000000E+00
 1.95195830000000E+03   4.72344000000000E+01
 1.95204170000000E+03   7.14726000000000E+01
 1.95212500000000E+03   6.58635000000000E+01
 1.95220830000000E+03   7.51773000000000E+01
 1.95229170000000E+03   6.71069000000000E+01
 1.95237500000000E+03   6.33432000000000E+01
 1.95245830000000E+03   7.66562000000000E+01
 1.95254170000000E+03   3.65081000000000E+01
 1.95262500000000E+03   8.51290000000000E+00
 1.95270830000000E+03  -2.94420000000000E+00
 1.95279170000000E+03   2.08300000000000E+01
 1.95287500000000E+03   2.01416000000000E+01
 1.95295830000000E+03   2.69915000000000E+01
 1.95304170000000E+03   8.07260000000000E+00
 1.95312500000000E+03   5.30650000000000E+00
 1.95320830000000E+03   1.60017000000000E+01
 1.95329170000000E+03   1.23896000000000E+01
 1.95337500000000E+03   3.64689000000000E+01
 1.95345830000000E+03   5.96249000000000E+01
 1.95354170000000E+03   6.73966000000000E+01
 1.95362500000000E+03   4.21674000000000E+01
 1.95370830000000E+03   1.68610000000000E+01
 1.95379170000000E+03  -1.36800000000000E+00
 1.95387500000000E+03  -3.52903000000000E+01
 1.95395830000000E+03  -3.32898000000000E+01
 1.95404170000000E+03  -1.50581000000000E+01
 1.95412500000000E+03  -7.13510000000000E+00
 1.95420830000000E+03   4.01850000000000E+00
 1.95429170000000E+03   1.22494000000000E+01
 1.95437500000000E+03   2.07870000000000E+01
 1.95445830000000E+03   2.45552000000000E+01
 1.95454170000000E+03   1.22468000000000E+01
 1.95462500000000E+03  -3.13940000000000E+00
 1.95470830000000E+03   8.08940000000000E+00
 1.95479170000000E+03   2.10880000000000E+01
 1.95487500000000E+03   4.05471000000000E+01
 1.95495830000000E+03   6.35444000000000E+01
 1.95504170000000E+03   6.50037000000000E+01
 1.95512500000000E+03   5.12312000000000E+01
 1.95520830000000E+03   4.73046000000000E+01
 1.95529170000000E+03   3.97631000000000E+01
 1.95537500000000E+03   2.59899000000000E+01
 1.95545830000000E+03   2.80625000000000E+01
 1.95554170000000E+03   2.35971000000000E+01
 1.95562500000000E+03  -6.10000000000000E+00
 1.95570830000000E+03  -1.50282000000000E+01
 1.95579170000000E+03  -2.09559000000000E+01
 1.95587500000000E+03  -7.42310000000000E+00
 1.95595830000000E+03  -7.81360000000000E+00
 1.95604170000000E+03  -1.37421000000000E+01
 1.95612500000000E+03  -4.90240000000000E+00
 1.95620830000000E+03   5.39860000000000E+00
 1.95629170000000E+03   1.60078000000000E+01
 1.95637500000000E+03  -5.92250000000000E+00
 1.95645830000000E+03   2.83920000000000E+00
 1.95654170000000E+03  -1.19371000000000E+01
 1.95662500000000E+03  -2.37912000000000E+01
 1.95670830000000E+03  -1.74149000000000E+01
 1.95679170000000E+03  -2.11151000000000E+01
 1.95687500000000E+03  -1.39700000000000E+01
 1.95695830000000E+03  -1.89022000000000E+01
 1.95704170000000E+03  -2.63724000000000E+01
 1.95712500000000E+03  -1.36128000000000E+01
 1.95720830000000E+03  -2.39190000000000E+00
 1.95729170000000E+03   2.22910000000000E+01
 1.95737500000000E+03   2.79729000000000E+01
 1.95745830000000E+03   5.31160000000000E+01
 1.95754170000000E+03   4.67212000000000E+01
 1.95762500000000E+03   4.04792000000000E+01
 1.95770830000000E+03   1.98523000000000E+01
 1.95779170000000E+03   8.07200000000000E+00
 1.95787500000000E+03   2.52139000000000E+01
 1.95795830000000E+03   2.92016000000000E+01
 1.95804170000000E+03   3.42667000000000E+01
 1.95812500000000E+03   4.64846000000000E+01
 1.95820830000000E+03   3.27023000000000E+01
 1.95829170000000E+03   2.29205000000000E+01
 1.95837500000000E+03   4.36840000000000E+00
 1.95845830000000E+03  -1.77993000000000E+01
 1.95854170000000E+03  -2.78897000000000E+01
 1.95862500000000E+03  -3.18272000000000E+01
 1.95870830000000E+03  -3.23803000000000E+01
 1.95879170000000E+03  -2.80099000000000E+01
 1.95887500000000E+03  -2.10252000000000E+01
 1.95895830000000E+03  -1.89637000000000E+01
 1.95904170000000E+03  -1.09787000000000E+01
 1.95912500000000E+03  -1.55332000000000E+01
 1.95920830000000E+03  -2.72418000000000E+01
 1.95929170000000E+03  -2.47192000000000E+01
 1.95937500000000E+03  -2.69667000000000E+01
 1.95945830000000E+03  -4.89069000000000E+01
 1.95954170000000E+03  -5.37697000000000E+01
 1.95962500000000E+03  -7.57873000000000E+01
 1.95970830000000E+03  -1.13189800000000E+02
 1.95979170000000E+03  -1.34745700000000E+02
 1.95987500000000E+03  -1.38764100000000E+02
 1.95995830000000E+03  -1.23321200000000E+02
 1.96004170000000E+03  -1.21647100000000E+02
 1.96012500000000E+03  -1.18512500000000E+02
 1.96020830000000E+03  -1.12839600000000E+02
 1.96029170000000E+03  -1.32704800000000E+02
 1.96037500000000E+03  -1.40878700000000E+02
 1.96045830000000E+03  -1.32283500000000E+02
 1.96054170000000E+03  -1.29072600000000E+02
 1.96062500000000E+03  -1.14016500000000E+02
 1.96070830000000E+03  -8.21145000000000E+01
 1.96079170000000E+03  -4.34428000000000E+01
 1.96087500000000E+03  -3.10798000000000E+01
 1.96095830000000E+03  -8.10160000000000E+00
 1.96104170000000E+03   1.18000000000000E+01
 1.96112500000000E+03   2.58545000000000E+01
 1.96120830000000E+03   3.87550000000000E+01
 1.96129170000000E+03   4.43481000000000E+01
 1.96137500000000E+03   8.40172000000000E+01
 1.96145830000000E+03   1.13763000000000E+02
 1.96154170000000E+03   1.24740000000000E+02
 1.96162500000000E+03   1.54869800000000E+02
 1.96170830000000E+03   1.33768600000000E+02
 1.96179170000000E+03   1.06283300000000E+02
 1.96187500000000E+03   8.88739000000000E+01
 1.96195830000000E+03   9.93104000000000E+01
 1.96204170000000E+03   9.18242000000000E+01
 1.96212500000000E+03   7.92601000000000E+01
 1.96220830000000E+03   8.12343000000000E+01
 1.96229170000000E+03   8.19781000000000E+01
 1.96237500000000E+03   7.97979000000000E+01
 1.96245830000000E+03   7.12327000000000E+01
 1.96254170000000E+03   4.43604000000000E+01
 1.96262500000000E+03   8.79470000000000E+00
 1.96270830000000E+03  -2.68481000000000E+01
 1.96279170000000E+03  -3.91059000000000E+01
 1.96287500000000E+03  -4.31339000000000E+01
 1.96295830000000E+03  -5.29314000000000E+01
 1.96304170000000E+03  -5.17284000000000E+01
 1.96312500000000E+03  -5.79880000000000E+01
 1.96320830000000E+03  -5.84786000000000E+01
 1.96329170000000E+03  -5.38149000000000E+01
 1.96337500000000E+03  -6.12291000000000E+01
 1.96345830000000E+03  -5.71820000000000E+01
 1.96354170000000E+03  -4.93653000000000E+01
 1.96362500000000E+03  -3.13187000000000E+01
 1.96370830000000E+03  -3.40417000000000E+01
 1.96379170000000E+03  -3.72257000000000E+01
 1.96387500000000E+03  -1.33339000000000E+01
 1.96395830000000E+03   1.55780000000000E+00
 1.96404170000000E+03   3.78345000000000E+01
 1.96412500000000E+03   3.98025000000000E+01
 1.96420830000000E+03   5.52318000000000E+01
 1.96429170000000E+03   5.90461000000000E+01
 1.96437500000000E+03   4.87826000000000E+01
 1.96445830000000E+03   6.89803000000000E+01
 1.96454170000000E+03   6.94861000000000E+01
 1.96462500000000E+03   4.52218000000000E+01
 1.96470830000000E+03   3.02649000000000E+01
 1.96479170000000E+03   3.36930000000000E+01
 1.96487500000000E+03   3.27355000000000E+01
 1.96495830000000E+03   3.57009000000000E+01
 1.96504170000000E+03   4.54359000000000E+01
 1.96512500000000E+03   2.95546000000000E+01
 1.96520830000000E+03   2.90576000000000E+01
 1.96529170000000E+03   2.14072000000000E+01
 1.96537500000000E+03   1.66020000000000E+01
 1.96545830000000E+03  -5.11100000000000E-01
 1.96554170000000E+03  -4.37008000000000E+01
 1.96562500000000E+03  -6.61991000000000E+01
 1.96570830000000E+03  -6.94669000000000E+01
 1.96579170000000E+03  -6.55035000000000E+01
 1.96587500000000E+03  -4.53103000000000E+01
 1.96595830000000E+03  -1.85020000000000E+01
 1.96604170000000E+03  -6.07790000000000E+00
 1.96629170000000E+03  -1.06546000000000E+01
 1.96637500000000E+03  -5.61690000000000E+00
 1.96645830000000E+03   5.03600000000000E+00
 1.96654170000000E+03   2.68930000000000E+00
 1.96662500000000E+03  -5.11990000000000E+00
 1.96670830000000E+03   3.19937000000000E+01
 1.96679170000000E+03   5.41847000000000E+01
 1.96687500000000E+03   5.96824000000000E+01
 1.96695830000000E+03   7.07952000000000E+01
 1.96704170000000E+03   8.84469000000000E+01
 1.96712500000000E+03   8.60208000000000E+01
 1.96720830000000E+03   8.40558000000000E+01
 1.96729170000000E+03   1.04476000000000E+02
 1.96737500000000E+03   1.29818200000000E+02
 1.96745830000000E+03   1.40237100000000E+02
 1.96754170000000E+03   1.31887300000000E+02
 1.96762500000000E+03   1.40151800000000E+02
 1.96770830000000E+03   1.53646800000000E+02
 1.96779170000000E+03   1.27373100000000E+02
 1.96787500000000E+03   1.09252200000000E+02
 1.96795830000000E+03   1.07977200000000E+02
 1.96804170000000E+03   1.02625700000000E+02
 1.96812500000000E+03   7.79655000000000E+01
 1.96820830000000E+03   5.80744000000000E+01
 1.96829170000000E+03   5.25682000000000E+01
 1.96837500000000E+03   1.17534000000000E+01
 1.96845830000000E+03  -1.92154000000000E+01
 1.96854170000000E+03  -4.42608000000000E+01
 1.96862500000000E+03  -6.43841000000000E+01
 1.96870830000000E+03  -9.86615000000000E+01
 1.96879170000000E+03  -1.24938500000000E+02
 1.96887500000000E+03  -1.52908700000000E+02
 1.96895830000000E+03  -1.56802300000000E+02
 1.96904170000000E+03  -1.42464700000000E+02
 1.96912500000000E+03  -1.50820300000000E+02
 1.96920830000000E+03  -1.30099300000000E+02
 1.96929170000000E+03  -9.49932000000000E+01
 1.96937500000000E+03  -5.65035000000000E+01
 1.96945830000000E+03  -3.82448000000000E+01
 1.96954170000000E+03  -5.35242000000000E+01
 1.96962500000000E+03  -5.98045000000000E+01
 1.96970830000000E+03  -6.29313000000000E+01
 1.96979170000000E+03  -4.47499000000000E+01
 1.96987500000000E+03  -4.09541000000000E+01
 1.96995830000000E+03  -2.66970000000000E+01
 1.97004170000000E+03   6.37400000000000E-01
 1.97012500000000E+03  -1.10291000000000E+01
 1.97020830000000E+03   1.16118000000000E+01
 1.97029170000000E+03   1.36377000000000E+01
 1.97037500000000E+03   5.81660000000000E+00
 1.97045830000000E+03  -1.98510000000000E+01
 1.97054170000000E+03  -2.04413000000000E+01
 1.97062500000000E+03  -5.41710000000000E+00
 1.97070830000000E+03  -2.31630000000000E+00
 1.97079170000000E+03  -2.98430000000000E+00
 1.97087500000000E+03  -1.24224000000000E+01
 1.97095830000000E+03  -1.35531000000000E+01
 1.97104170000000E+03  -2.29880000000000E+00
 1.97112500000000E+03  -1.29686000000000E+01
 1.97120830000000E+03  -3.63850000000000E+00
 1.97129170000000E+03   4.38420000000000E+00
 1.97137500000000E+03   1.74829000000000E+01
 1.97145830000000E+03   3.07352000000000E+01
 1.97154170000000E+03   1.42956000000000E+01
 1.97162500000000E+03  -2.27603000000000E+01
 1.97170830000000E+03  -4.38165000000000E+01
 1.97179170000000E+03  -3.71800000000000E+01
 1.97187500000000E+03  -3.79291000000000E+01
 1.97195830000000E+03  -2.45245000000000E+01
 1.97204170000000E+03  -1.53503000000000E+01
 1.97212500000000E+03  -2.44079000000000E+01
 1.97220830000000E+03  -2.92349000000000E+01
 1.97229170000000E+03  -3.09077000000000E+01
 1.97237500000000E+03  -2.18891000000000E+01
 1.97245830000000E+03   7.44600000000000E-01
 1.97254170000000E+03  -1.61597000000000E+01
 1.97262500000000E+03   8.01190000000000E+00
 1.97270830000000E+03   4.25679000000000E+01
 1.97279170000000E+03   7.09705000000000E+01
 1.97287500000000E+03   7.09105000000000E+01
 1.97295830000000E+03   9.01580000000000E+01
 1.97304170000000E+03   9.04829000000000E+01
 1.97312500000000E+03   1.04883700000000E+02
 1.97320830000000E+03   1.07822700000000E+02
 1.97329170000000E+03   1.06992900000000E+02
 1.97337500000000E+03   1.19162100000000E+02
 1.97345830000000E+03   1.20408000000000E+02
 1.97354170000000E+03   9.07313000000000E+01
 1.97362500000000E+03   8.85151000000000E+01
 1.97370830000000E+03   3.91448000000000E+01
 1.97379170000000E+03   5.69800000000000E+00
 1.97387500000000E+03  -4.21130000000000E+00
 1.97395830000000E+03   2.04177000000000E+01
 1.97404170000000E+03   2.92008000000000E+01
 1.97412500000000E+03   5.05985000000000E+01
 1.97420830000000E+03   3.63035000000000E+01
 1.97429170000000E+03   3.98551000000000E+01
 1.97445830000000E+03   8.10331000000000E+01
 1.97454170000000E+03   1.15507000000000E+02
 1.97462500000000E+03   9.42876000000000E+01
 1.97470830000000E+03   6.80680000000000E+01
 1.97479170000000E+03   5.00026000000000E+01
 1.97487500000000E+03   6.77055000000000E+01
 1.97495830000000E+03   9.17928000000000E+01
 1.97504170000000E+03   9.28805000000000E+01
 1.97512500000000E+03   7.08903000000000E+01
 1.97520830000000E+03   8.24383000000000E+01
 1.97529170000000E+03   6.96790000000000E+01
 1.97537500000000E+03   8.39188000000000E+01
 1.97545830000000E+03   1.08466000000000E+02
 1.97554170000000E+03   1.07475100000000E+02
 1.97562500000000E+03   5.94064000000000E+01
 1.97570830000000E+03   3.62605000000000E+01
 1.97579170000000E+03   4.17304000000000E+01
 1.97587500000000E+03   4.17378000000000E+01
 1.97595830000000E+03   4.51296000000000E+01
 1.97604170000000E+03   3.80602000000000E+01
 1.97612500000000E+03   3.48360000000000E+01
 1.97620830000000E+03   3.41501000000000E+01
 1.97629170000000E+03  -6.22780000000000E+00
 1.97637500000000E+03  -1.86835000000000E+01
 1.97645830000000E+03  -2.18318000000000E+01
 1.97654170000000E+03  -5.23643000000000E+01
 1.97662500000000E+03  -1.08359300000000E+02
 1.97670830000000E+03  -1.11969900000000E+02
 1.97679170000000E+03  -9.95802000000000E+01
 1.97687500000000E+03  -1.08960500000000E+02
 1.97695830000000E+03  -1.06418100000000E+02
 1.97704170000000E+03  -1.00875300000000E+02
 1.97712500000000E+03  -1.10102700000000E+02
 1.97720830000000E+03  -1.02253400000000E+02
 1.97729170000000E+03  -1.00172900000000E+02
 1.97737500000000E+03  -5.67087000000000E+01
 1.97745830000000E+03  -4.47833000000000E+01
 1.97754170000000E+03  -3.63190000000000E+01
 1.97762500000000E+03  -5.88556000000000E+01
 1.97770830000000E+03  -5.42387000000000E+01
 1.97779170000000E+03  -7.53137000000000E+01
 1.97787500000000E+03  -1.08004900000000E+02
 1.97795830000000E+03  -1.13465700000000E+02
 1.97804170000000E+03  -1.08618400000000E+02
 1.97812500000000E+03  -1.20387400000000E+02
 1.97820830000000E+03  -8.88490000000000E+01
 1.97829170000000E+03  -8.22332000000000E+01
 1.97837500000000E+03  -7.49261000000000E+01
 1.97845830000000E+03  -7.97731000000000E+01
 1.97854170000000E+03  -9.06966000000000E+01
 1.97862500000000E+03  -1.00928800000000E+02
 1.97870830000000E+03  -5.32381000000000E+01
 1.97954170000000E+03  -4.84972000000000E+01
 1.97962500000000E+03  -4.51172000000000E+01
 1.97970830000000E+03  -4.18912000000000E+01
 1.97979170000000E+03  -4.23572000000000E+01
 1.97987500000000E+03  -5.83626000000000E+01
 1.97995830000000E+03  -5.35220000000000E+01
 1.98004170000000E+03  -7.91427000000000E+01
 1.98012500000000E+03  -1.04225800000000E+02
 1.98020830000000E+03  -1.03386000000000E+02
 1.98029170000000E+03  -1.14007500000000E+02
 1.98037500000000E+03  -1.07783600000000E+02
 1.98045830000000E+03  -8.86370000000000E+01
 1.98054170000000E+03  -8.03362000000000E+01
 1.98062500000000E+03  -5.06516000000000E+01
 1.98070830000000E+03  -4.59673000000000E+01
 1.98079170000000E+03  -2.92057000000000E+01
 1.98087500000000E+03  -2.66758000000000E+01
 1.98095830000000E+03  -7.06930000000000E+00
 1.98104170000000E+03   8.92230000000000E+00
 1.98112500000000E+03   1.79129000000000E+01
 1.98120830000000E+03   2.54418000000000E+01
 1.98129170000000E+03   2.98172000000000E+01
 1.98137500000000E+03   4.41147000000000E+01
 1.98145830000000E+03   4.11043000000000E+01
 1.98154170000000E+03   7.86350000000000E+00
 1.98162500000000E+03  -2.19167000000000E+01
 1.98170830000000E+03  -3.99279000000000E+01
 1.98179170000000E+03  -2.34772000000000E+01
 1.98187500000000E+03  -2.71970000000000E+00
 1.98195830000000E+03  -2.88560000000000E+00
 1.98204170000000E+03  -5.12800000000000E+00
 1.98212500000000E+03  -8.21750000000000E+00
 1.98220830000000E+03   2.02313000000000E+01
 1.98229170000000E+03   1.99111000000000E+01
 1.98237500000000E+03   2.98209000000000E+01
 1.98245830000000E+03   3.26534000000000E+01
 1.98254170000000E+03   7.96402000000000E+01
 1.98262500000000E+03   1.06703000000000E+02
 1.98270830000000E+03   1.05765500000000E+02
 1.98279170000000E+03   9.84437000000000E+01
 1.98287500000000E+03   7.98903000000000E+01
 1.98295830000000E+03   6.84136000000000E+01
 1.98304170000000E+03   8.57834000000000E+01
 1.98312500000000E+03   9.19215000000000E+01
 1.98320830000000E+03   9.87516000000000E+01
 1.98329170000000E+03   1.04428300000000E+02
 1.98337500000000E+03   1.35796400000000E+02
 1.98345830000000E+03   1.30625700000000E+02
 1.98354170000000E+03   1.37301600000000E+02
 1.98362500000000E+03   9.02843000000000E+01
 1.98370830000000E+03   4.20359000000000E+01
 1.98379170000000E+03   2.54802000000000E+01
 1.98387500000000E+03   1.73082000000000E+01
 1.98395830000000E+03   2.35975000000000E+01
 1.98404170000000E+03   3.41180000000000E+01
 1.98412500000000E+03   2.67144000000000E+01
 1.98420830000000E+03   1.63106000000000E+01
 1.98429170000000E+03   1.72918000000000E+01
 1.98437500000000E+03  -1.11895000000000E+01
 1.98445830000000E+03  -2.52864000000000E+01
 1.98454170000000E+03  -6.58445000000000E+01
 1.98462500000000E+03  -1.19249700000000E+02
 1.98470830000000E+03  -1.41885800000000E+02
 1.98479170000000E+03  -1.26752400000000E+02
 1.98487500000000E+03  -1.29389100000000E+02
 1.98495830000000E+03  -1.22180000000000E+02
 1.98504170000000E+03  -1.14508900000000E+02
 1.98512500000000E+03  -1.04915600000000E+02
 1.98520830000000E+03  -8.01688000000000E+01
 1.98529170000000E+03  -5.94216000000000E+01
 1.98537500000000E+03  -5.84445000000000E+01
 1.98545830000000E+03  -5.58523000000000E+01
 1.98554170000000E+03  -6.53367000000000E+01
 1.98562500000000E+03  -6.70527000000000E+01
 1.98570830000000E+03  -5.86921000000000E+01
 1.98579170000000E+03  -5.95619000000000E+01
 1.98587500000000E+03  -5.35095000000000E+01
 1.98595830000000E+03  -4.18419000000000E+01
 1.98604170000000E+03  -3.00971000000000E+01
 1.98612500000000E+03  -4.01225000000000E+01
 1.98620830000000E+03  -4.12250000000000E+01
 1.98629170000000E+03  -3.26348000000000E+01
 1.98637500000000E+03  -9.58400000000000E+00
 1.98645830000000E+03  -7.53350000000000E+00
 1.98654170000000E+03  -2.97133000000000E+01
 1.98662500000000E+03  -2.88941000000000E+01
 1.98670830000000E+03  -3.09213000000000E+01
 1.98679170000000E+03  -3.86404000000000E+01
 1.98687500000000E+03  -2.59758000000000E+01
 1.98695830000000E+03  -2.33884000000000E+01
 1.98704170000000E+03  -1.64161000000000E+01
 1.98712500000000E+03  -1.52138000000000E+01
 1.98720830000000E+03   5.68050000000000E+00
 1.98729170000000E+03   1.78059000000000E+01
 1.98737500000000E+03  -1.24542000000000E+01
 1.98745830000000E+03  -4.75607000000000E+01
 1.98754170000000E+03  -3.50514000000000E+01
 1.98762500000000E+03  -2.10815000000000E+01
 1.98770830000000E+03  -2.84196000000000E+01
 1.98779170000000E+03  -1.20650000000000E+01
 1.98787500000000E+03  -1.20190000000000E+01
 1.98795830000000E+03  -1.58194000000000E+01
 1.98804170000000E+03  -1.46194000000000E+01
 1.98812500000000E+03  -6.57420000000000E+00
 1.98820830000000E+03   6.24000000000000E+00
 1.98829170000000E+03   2.94391000000000E+01
 1.98837500000000E+03   1.56374000000000E+01
 1.98845830000000E+03   3.84507000000000E+01
 1.98854170000000E+03   7.71106000000000E+01
 1.98862500000000E+03   9.77696000000000E+01
 1.98870830000000E+03   1.07274500000000E+02
 1.98879170000000E+03   1.05164400000000E+02
 1.98995830000000E+03   1.10511300000000E+02
 1.99004170000000E+03   1.29012600000000E+02
 1.99012500000000E+03   1.47282200000000E+02
 1.99020830000000E+03   1.47320800000000E+02
 1.99029170000000E+03   1.55436600000000E+02
 1.99037500000000E+03   1.34628500000000E+02
 1.99045830000000E+03   1.17973900000000E+02
 1.99054170000000E+03   1.24396600000000E+02
 1.99062500000000E+03   8.10493000000000E+01
 1.99070830000000E+03   1.79324000000000E+01
 1.99079170000000E+03  -4.64919000000000E+01
 1.99087500000000E+03  -7.02247000000000E+01
 1.99095830000000E+03  -5.94962000000000E+01
 1.99104170000000E+03  -4.45366000000000E+01
 1.99112500000000E+03  -4.23471000000000E+01
 1.99120830000000E+03  -4.16194000000000E+01
 1.99129170000000E+03  -2.96607000000000E+01
 1.99137500000000E+03  -2.33181000000000E+01
 1.99145830000000E+03  -4.66820000000000E+00
 1.99154170000000E+03   1.15975000000000E+01
 1.99162500000000E+03   9.70850000000000E+00
 1.99170830000000E+03   4.57423000000000E+01
 1.99179170000000E+03   5.06994000000000E+01
 1.99187500000000E+03   6.79634000000000E+01
 1.99195830000000E+03   6.43041000000000E+01
 1.99204170000000E+03   5.72605000000000E+01
 1.99212500000000E+03   6.66006000000000E+01
 1.99220830000000E+03   6.59405000000000E+01
 1.99229170000000E+03   3.70499000000000E+01
 1.99237500000000E+03   3.61585000000000E+01
 1.99245830000000E+03   4.89591000000000E+01
 1.99254170000000E+03   7.49908000000000E+01
 1.99262500000000E+03   6.81755000000000E+01
 1.99270830000000E+03   5.41292000000000E+01
 1.99279170000000E+03   2.46985000000000E+01
 1.99287500000000E+03   1.87286000000000E+01
 1.99295830000000E+03   1.03738000000000E+01
 1.99304170000000E+03   3.72500000000000E+01
 1.99312500000000E+03   4.60485000000000E+01
 1.99320830000000E+03   1.91544000000000E+01
 1.99329170000000E+03  -4.31700000000000E-01
 1.99337500000000E+03   1.55199000000000E+01
 1.99345830000000E+03   1.30096000000000E+01
 1.99354170000000E+03  -1.69619000000000E+01
 1.99362500000000E+03  -6.54727000000000E+01
 1.99370830000000E+03  -9.13684000000000E+01
 1.99379170000000E+03  -9.68022000000000E+01
 1.99387500000000E+03  -1.01083100000000E+02
 1.99395830000000E+03  -6.59026000000000E+01
 1.99404170000000E+03  -6.74142000000000E+01
 1.99412500000000E+03  -8.63881000000000E+01
 1.99420830000000E+03  -9.52854000000000E+01
 1.99429170000000E+03  -6.98747000000000E+01
 1.99437500000000E+03  -4.45417000000000E+01
 1.99445830000000E+03  -9.01300000000000E-01
 1.99454170000000E+03   2.52009000000000E+01
 1.99462500000000E+03   5.59946000000000E+01
 1.99470830000000E+03   8.47880000000000E+01
 1.99479170000000E+03   9.73510000000000E+01
 1.99487500000000E+03   9.16054000000000E+01
 1.99495830000000E+03   1.04628800000000E+02
 1.99504170000000E+03   9.34217000000000E+01
 1.99512500000000E+03   9.26754000000000E+01
 1.99520830000000E+03   8.73903000000000E+01
 1.99529170000000E+03   1.07490100000000E+02
 1.99537500000000E+03   9.84353000000000E+01
 1.99545830000000E+03   7.73801000000000E+01
 1.99554170000000E+03   2.27099000000000E+01
 1.99562500000000E+03  -4.22688000000000E+01
 1.99570830000000E+03  -1.10632400000000E+02
 1.99579170000000E+03  -1.54149500000000E+02
 1.99587500000000E+03  -1.86898300000000E+02
 1.99595830000000E+03  -1.78724300000000E+02
 1.99604170000000E+03  -1.64396100000000E+02
 1.99612500000000E+03  -1.73530200000000E+02
 1.99620830000000E+03  -1.92510800000000E+02
 1.99629170000000E+03  -1.69645000000000E+02
 1.99637500000000E+03  -1.66241500000000E+02
 1.99645830000000E+03  -1.74299800000000E+02
 1.99654170000000E+03  -1.65050100000000E+02
 1.99662500000000E+03  -1.32416600000000E+02
 1.99670830000000E+03  -8.47065000000000E+01
 1.99679170000000E+03  -4.51499000000000E+01
 1.99687500000000E+03  -2.89788000000000E+01
 1.99695830000000E+03  -2.25772000000000E+01
 1.99704170000000E+03  -4.02522000000000E+01
 1.99712500000000E+03  -6.16972000000000E+01
 1.99720830000000E+03  -3.89118000000000E+01
 1.99729170000000E+03  -3.12610000000000E+00
 1.99737500000000E+03  -1.28027000000000E+01
 1.99745830000000E+03  -4.17873000000000E+01
 1.99754170000000E+03  -3.60023000000000E+01
 1.99762500000000E+03  -1.42951000000000E+01
 1.99770830000000E+03  -1.05113000000000E+01
 1.99779170000000E+03  -5.08810000000000E+01
 1.99787500000000E+03  -7.09438000000000E+01
 1.99795830000000E+03  -7.12377000000000E+01
 1.99804170000000E+03  -4.57620000000000E+01
 1.99812500000000E+03  -1.40565000000000E+01
 1.99820830000000E+03   1.03350000000000E+00
 1.99829170000000E+03  -1.35686000000000E+01
 1.99837500000000E+03  -2.01760000000000E+00
 1.99845830000000E+03   1.25330000000000E+01
 1.99854170000000E+03   3.43917000000000E+01
 1.99862500000000E+03   4.48649000000000E+01
 1.99870830000000E+03   2.36456000000000E+01
 1.99879170000000E+03   3.11890000000000E+00
 1.99887500000000E+03   1.45144000000000E+01
 1.99895830000000E+03   2.21404000000000E+01
 1.99904170000000E+03   3.27667000000000E+01
 1.99912500000000E+03   1.44691000000000E+01
 1.99920830000000E+03  -4.44420000000000E+00
 1.99929170000000E+03  -1.74180000000000E+00
 1.99937500000000E+03   1.63445000000000E+01
 1.99945830000000E+03   2.03535000000000E+01
 1.99954170000000E+03   3.36705000000000E+01
 1.99962500000000E+03   5.87559000000000E+01
 1.99970830000000E+03   6.70718000000000E+01
 1.99979170000000E+03   5.93111000000000E+01
 1.99987500000000E+03   4.98573000000000E+01
 1.99995830000000E+03   7.32493000000000E+01
 2.00004170000000E+03   8.27955000000000E+01
 2.00012500000000E+03   8.77255000000000E+01
 2.00020830000000E+03   9.28090000000000E+01
 2.00029170000000E+03   9.21237000000000E+01
 2.00037500000000E+03   8.88990000000000E+01
 2.00045830000000E+03   7.71356000000000E+01
 2.00054170000000E+03   5.18340000000000E+01
 2.00062500000000E+03   8.14700000000000E+00
 2.00070830000000E+03  -4.56172000000000E+01
 2.00079170000000E+03  -8.08426000000000E+01
 2.00087500000000E+03  -8.37612000000000E+01
 2.00095830000000E+03  -6.75262000000000E+01
 2.00104170000000E+03  -7.48294000000000E+01
 2.00112500000000E+03  -6.84410000000000E+01
 2.00120830000000E+03  -7.08222000000000E+01
 2.00129170000000E+03  -6.46646000000000E+01
 2.00137500000000E+03  -3.07387000000000E+01
 2.00145830000000E+03  -2.94283000000000E+01
 2.00154170000000E+03  -2.21177000000000E+01
 2.00162500000000E+03   2.04229000000000E+01
 2.00170830000000E+03   6.66555000000000E+01
 2.00179170000000E+03   7.11961000000000E+01
 2.00187500000000E+03   7.28897000000000E+01
 2.00195830000000E+03   8.02753000000000E+01
 2.00204170000000E+03   9.06613000000000E+01
 2.00212500000000E+03   7.94310000000000E+01
 2.00220830000000E+03   5.75851000000000E+01
 2.00229170000000E+03   3.22779000000000E+01
 2.00237500000000E+03   6.50840000000000E+00
 2.00245830000000E+03  -5.37998000000000E+01
 2.00254170000000E+03  -5.41847000000000E+01
 2.00262500000000E+03  -6.93396000000000E+01
 2.00270830000000E+03  -1.25264100000000E+02
 2.00279170000000E+03  -1.72111300000000E+02
 2.00287500000000E+03  -1.64959300000000E+02
 2.00295830000000E+03  -1.52653800000000E+02
 2.00304170000000E+03  -1.46886400000000E+02
 2.00312500000000E+03  -1.68196800000000E+02
 2.00320830000000E+03  -1.49122800000000E+02
 2.00329170000000E+03  -1.33664000000000E+02
 2.00337500000000E+03  -1.12975100000000E+02
 2.00345830000000E+03  -7.72097000000000E+01
 2.00354170000000E+03  -3.59824000000000E+01
 2.00362500000000E+03  -2.89097000000000E+01
 2.00370830000000E+03  -4.02989000000000E+01
 2.00379170000000E+03  -4.13801000000000E+01
 2.00387500000000E+03  -3.61544000000000E+01
 2.00395830000000E+03  -2.78520000000000E+01
 2.00404170000000E+03  -1.29340000000000E+01
 2.00412500000000E+03  -2.00937000000000E+01
 2.00420830000000E+03   1.59240000000000E+00
 2.00429170000000E+03   4.43270000000000E+00
 2.00437500000000E+03   1.70414000000000E+01
 2.00445830000000E+03   5.39576000000000E+01
 2.00454170000000E+03   8.49509000000000E+01
 2.00462500000000E+03   8.70973000000000E+01
 2.00470830000000E+03   5.68587000000000E+01
 2.00479170000000E+03   5.06974000000000E+01
 2.00487500000000E+03   5.83815000000000E+01
 2.00495830000000E+03   7.22960000000000E+01
 2.00504170000000E+03   6.95185000000000E+01
 2.00512500000000E+03   7.17402000000000E+01
 2.00520830000000E+03   9.99616000000000E+01
 2.00529170000000E+03   9.68757000000000E+01
 2.00537500000000E+03   1.05481200000000E+02
 2.00545830000000E+03   8.67018000000000E+01
 2.00554170000000E+03   4.71535000000000E+01
 2.00562500000000E+03  -9.62640000000000E+00
 2.00570830000000E+03  -4.92527000000000E+01
 2.00579170000000E+03  -3.31095000000000E+01
 2.00587500000000E+03  -2.94287000000000E+01
 2.00595830000000E+03  -1.94404000000000E+01
 2.00604170000000E+03  -2.32211000000000E+01
 2.00612500000000E+03  -3.46180000000000E+01
 2.00620830000000E+03  -4.60152000000000E+01
 2.00629170000000E+03  -6.99505000000000E+01
 2.00637500000000E+03  -5.18097000000000E+01
 2.00645830000000E+03  -2.83615000000000E+01
 2.00654170000000E+03   1.89331000000000E+01
 2.00662500000000E+03   2.93808000000000E+01
 2.00670830000000E+03   4.43667000000000E+01
 2.00679170000000E+03   7.45067000000000E+01
 2.00687500000000E+03   8.27228000000000E+01
 2.00695830000000E+03   8.65540000000000E+01
 2.00704170000000E+03   8.89240000000000E+01
 2.00712500000000E+03   1.04600800000000E+02
 2.00720830000000E+03   1.40585100000000E+02
 2.00729170000000E+03   1.48261900000000E+02
 2.00737500000000E+03   1.66399500000000E+02
 2.00745830000000E+03   1.62229200000000E+02
 2.00754170000000E+03   1.36520600000000E+02
 2.00762500000000E+03   1.14118900000000E+02
 2.00770830000000E+03   1.24101600000000E+02
 2.00779170000000E+03   1.04238400000000E+02
 2.00787500000000E+03   8.25282000000000E+01
 2.00795830000000E+03   7.08178000000000E+01
 2.00804170000000E+03   8.20307000000000E+01
 2.00812500000000E+03   7.46274000000000E+01
 2.00820830000000E+03   5.39162000000000E+01
 2.00829170000000E+03   5.46668000000000E+01
 2.00837500000000E+03   6.28781000000000E+01
 2.00845830000000E+03   6.43969000000000E+01
 2.00854170000000E+03   4.14543000000000E+01
 2.00862500000000E+03   9.66480000000000E+00
 2.00870830000000E+03  -2.31249000000000E+01
 2.00879170000000E+03  -5.90682000000000E+01
 2.00887500000000E+03  -5.23970000000000E+01
 2.00895830000000E+03  -3.97260000000000E+01
 2.00904170000000E+03  -3.22855000000000E+01
 2.00912500000000E+03  -2.69996000000000E+01
 2.00920830000000E+03  -2.63710000000000E+00
 2.00929170000000E+03   1.23410000000000E+01
 2.00937500000000E+03  -1.62970000000000E+01
 2.00945830000000E+03  -4.12430000000000E+01
 2.00954170000000E+03  -8.40349000000000E+01
 2.00962500000000E+03  -1.12673700000000E+02
 2.00970830000000E+03  -1.07928200000000E+02
 2.00979170000000E+03  -1.07028600000000E+02
 2.00987500000000E+03  -9.84374000000000E+01
 2.00995830000000E+03  -9.22312000000000E+01
 2.01004170000000E+03  -8.38708000000000E+01
 2.01012500000000E+03  -8.69728000000000E+01
 2.01020830000000E+03  -9.66904000000000E+01
 2.01029170000000E+03  -1.16253900000000E+02
 2.01037500000000E+03  -1.25202800000000E+02
 2.01045830000000E+03  -1.36690400000000E+02
 2.01054170000000E+03  -1.32177800000000E+02
 2.01062500000000E+03  -1.08666000000000E+02
 2.01070830000000E+03  -9.00775000000000E+01
 2.01079170000000E+03  -7.91811000000000E+01
 2.01087500000000E+03  -7.90547000000000E+01
 2.01095830000000E+03  -6.85439000000000E+01
 2.01104170000000E+03  -7.11098000000000E+01
 2.01112500000000E+03  -7.15227000000000E+01
 2.01120830000000E+03  -5.27819000000000E+01
 2.01129170000000E+03  -2.03487000000000E+01
 2.01137500000000E+03  -1.34546000000000E+01
 2.01145830000000E+03   4.07469000000000E+01
 2.01154170000000E+03   8.04870000000000E+01
 2.01162500000000E+03   7.73803000000000E+01
 2.01170830000000E+03   8.48887000000000E+01
 2.01179170000000E+03   9.04742000000000E+01
 2.01187500000000E+03   8.19820000000000E+01
 2.01195830000000E+03   8.76434000000000E+01
 2.01204170000000E+03   8.96128000000000E+01
 2.01212500000000E+03   9.47352000000000E+01
 2.01220830000000E+03   1.19626600000000E+02
 2.01229170000000E+03   1.19979800000000E+02
 2.01237500000000E+03   1.12409100000000E+02
 2.01245830000000E+03   9.22997000000000E+01
 2.01254170000000E+03   3.51905000000000E+01
 2.01262500000000E+03  -2.45790000000000E+00
 2.01270830000000E+03  -3.43373000000000E+01
 2.01279170000000E+03  -5.36781000000000E+01
 2.01287500000000E+03  -6.60965000000000E+01
 2.01295830000000E+03  -7.25921000000000E+01
 2.01304170000000E+03  -7.39337000000000E+01
 2.01312500000000E+03  -7.68145000000000E+01
 2.01320830000000E+03  -8.37724000000000E+01
 2.01329170000000E+03  -1.12191700000000E+02
 2.01337500000000E+03  -1.01688600000000E+02
 2.01345830000000E+03  -8.45705000000000E+01
 2.01354170000000E+03  -7.25290000000000E+01
 2.01362500000000E+03  -7.49498000000000E+01
 2.01370830000000E+03  -6.02940000000000E+01
 2.01379170000000E+03  -2.94841000000000E+01
 2.01387500000000E+03  -3.35980000000000E+01
 2.01395830000000E+03  -3.82507000000000E+01
 2.01404170000000E+03  -3.70570000000000E+01
 2.01412500000000E+03  -3.29409000000000E+01
 2.01420830000000E+03  -4.02098000000000E+01
 2.01429170000000E+03  -3.05553000000000E+01
 2.01437500000000E+03  -3.12862000000000E+01
 2.01445830000000E+03  -3.96328000000000E+01
 2.01454170000000E+03  -4.55176000000000E+01
 2.01462500000000E+03  -2.81724000000000E+01
 2.01470830000000E+03  -1.57505000000000E+01
 2.01479170000000E+03  -1.61746000000000E+01
 2.01487500000000E+03  -3.90710000000000E+00
 2.01495830000000E+03   2.92063000000000E+01
 2.01504170000000E+03   5.53968000000000E+01
 2.01512500000000E+03   6.44327000000000E+01
 2.01520830000000E+03   5.92376000000000E+01
 2.01529170000000E+03   5.93504000000000E+01
 2.01537500000000E+03   8.00009000000000E+01
 2.01545830000000E+03   1.32343500000000E+02
 2.01554170000000E+03   1.06763200000000E+02
 2.01562500000000E+03   9.68744000000000E+01
 2.01570830000000E+03   7.16777000000000E+01
 2.01579170000000E+03   5.92504000000000E+01
 2.01587500000000E+03   4.56686000000000E+01
 2.01595830000000E+03   1.90864000000000E+01
 2.01604170000000E+03   1.03507000000000E+01
 2.01612500000000E+03   1.70757000000000E+01
 2.01620830000000E+03   2.31851000000000E+01
 2.01629170000000E+03   6.37160000000000E+00
 2.01637500000000E+03   2.48050000000000E+00
 2.01645830000000E+03  -1.56480000000000E+00
 2.01654170000000E+03  -1.74560000000000E+01
 2.01662500000000E+03  -2.21941000000000E+01
 2.01670830000000E+03  -4.03940000000000E+01
 2.01679170000000E+03  -3.29014000000000E+01
 2.01687500000000E+03  -3.96403000000000E+01
 2.01695830000000E+03  -2.61487000000000E+01
 2.01704170000000E+03  -3.19530000000000E+00
 2.01712500000000E+03  -8.88000000000000E-02
 2.01720830000000E+03  -1.63673000000000E+01
 2.01729170000000E+03  -1.83378000000000E+01
 2.01737500000000E+03   3.53063000000000E+01
 2.01745830000000E+03   7.78733000000000E+01
 2.01754170000000E+03   7.15173000000000E+01
 2.01762500000000E+03   2.74683000000000E+01
 2.01770830000000E+03   9.18830000000000E+00
 2.01779170000000E+03  -1.62453000000000E+01
 2.01787500000000E+03  -3.40644000000000E+01
 2.01795830000000E+03  -3.18836000000000E+01
 2.01804170000000E+03  -4.55489000000000E+01
 2.01812500000000E+03  -4.06764000000000E+01
 2.01820830000000E+03  -3.42657000000000E+01
 2.01829170000000E+03  -5.70090000000000E+00
 2.01837500000000E+03  -4.36770000000000E+00
 2.01845830000000E+03  -3.42655000000000E+01
 2.01854170000000E+03  -6.60862000000000E+01
 2.01862500000000E+03  -7.91383000000000E+01
 2.01870830000000E+03  -5.56523000000000E+01
 2.01879170000000E+03  -4.73969000000000E+01
 2.01887500000000E+03  -3.29114000000000E+01
 2.01895830000000E+03  -1.88877000000000E+01
 2.01904170000000E+03  -1.19407000000000E+01
 2.01912500000000E+03  -1.91760000000000E+00
 2.01920830000000E+03   3.36000000000000E-01
 2.01929170000000E+03  -1.37947000000000E+01
 2.01937500000000E+03  -5.61570000000000E+01
 2.01945830000000E+03  -4.22118000000000E+01
 2.01954170000000E+03  -1.34340000000000E+00
 2.01962500000000E+03   4.59859000000000E+01
 2.01970830000000E+03   7.08533000000000E+01
 2.01979170000000E+03   6.03363000000000E+01
 2.01987500000000E+03   8.74340000000000E+01
 2.01995830000000E+03   8.58391000000000E+01
 2.02004170000000E+03   1.01629000000000E+02
 2.02012500000000E+03   1.12341300000000E+02
 2.02020830000000E+03   1.22745600000000E+02
 2.02029170000000E+03   1.03457800000000E+02
 2.02037500000000E+03   1.33092300000000E+02
 2.02045830000000E+03   1.59188100000000E+02
 2.02054170000000E+03   1.28053400000000E+02
 2.02062500000000E+03   6.37640000000000E+01
 2.02070830000000E+03   1.53975000000000E+01
 2.02079170000000E+03  -6.81500000000000E+00
 2.02087500000000E+03  -1.86436000000000E+01
 2.02095830000000E+03  -2.84724000000000E+01
 2.02104170000000E+03  -2.69934000000000E+01
 2.02112500000000E+03  -4.15920000000000E+01
 2.02120830000000E+03  -5.74217000000000E+01
 2.02129170000000E+03  -5.10204000000000E+01
 2.02137500000000E+03  -2.40814000000000E+01
 2.02145830000000E+03  -5.90657000000000E+01
 2.02154170000000E+03  -5.82036000000000E+01
 2.02162500000000E+03  -8.26540000000000E+00
 2.02170830000000E+03   1.38264000000000E+01
 2.02179170000000E+03   3.91850000000000E+00
 2.02187500000000E+03  -1.99030000000000E+00
 2.02195830000000E+03   1.49469000000000E+01
 2.02204170000000E+03   3.19612000000000E+01
 2.02212500000000E+03   4.38979000000000E+01
 2.02220830000000E+03   2.41419000000000E+01
 2.02229170000000E+03   5.06939000000000E+01
 2.02237500000000E+03   3.88605000000000E+01
 2.02245830000000E+03   1.17961000000000E+01
 2.02254170000000E+03   3.91934000000000E+01
 2.02262500000000E+03   4.59746000000000E+01
 2.02270830000000E+03   1.26017000000000E+01
 2.02279170000000E+03  -1.08480000000000E+01
 2.02287500000000E+03  -9.14450000000000E+00
 2.02295830000000E+03  -1.79798000000000E+01
 2.02304170000000E+03  -1.68148000000000E+01
 2.02312500000000E+03  -1.24967000000000E+01
 2.02320830000000E+03  -3.40970000000000E+00
 2.02329170000000E+03   2.57544000000000E+01
 2.02337500000000E+03  -4.54370000000000E+00
 2.02345830000000E+03  -1.10728000000000E+01
 2.02354170000000E+03  -2.49200000000000E-01
 2.02362500000000E+03  -2.48937000000000E+01
 2.02370830000000E+03  -4.73461000000000E+01
 2.02379170000000E+03  -5.30972000000000E+01
 2.02387500000000E+03  -1.80102000000000E+01
 2.02395830000000E+03  -1.29640000000000E+00
