 1.92337500000000E+03   6.91680000000000E+01
 1.92345830000000E+03   5.20353000000000E+01
 1.92354170000000E+03   2.89180000000000E+01
 1.92362500000000E+03   1.28116000000000E+01
 1.92370830000000E+03   3.80400000000000E+00
 1.92379170000000E+03  -9.79640000000000E+00
 1.92387500000000E+03  -1.99296000000000E+01
 1.92395830000000E+03  -3.03003000000000E+01
 1.92404170000000E+03  -4.06713000000000E+01
 1.92412500000000E+03  -4.42733000000000E+01
 1.92420830000000E+03  -4.03371000000000E+01
 1.92429170000000E+03  -4.57859000000000E+01
 1.92437500000000E+03  -5.96194000000000E+01
 1.92445830000000E+03  -7.02225000000000E+01
 1.92454170000000E+03  -7.07490000000000E+01
 1.92462500000000E+03  -6.42757000000000E+01
 1.92470830000000E+03  -6.28796000000000E+01
 1.92479170000000E+03  -6.22530000000000E+01
 1.92487500000000E+03  -5.48575000000000E+01
 1.92495830000000E+03  -4.66929000000000E+01
 1.92504170000000E+03  -4.96057000000000E+01
 1.92512500000000E+03  -4.89801000000000E+01
 1.92520830000000E+03  -4.29703000000000E+01
 1.92529170000000E+03  -4.77300000000000E+01
 1.92537500000000E+03  -4.84899000000000E+01
 1.92545830000000E+03  -5.49423000000000E+01
 1.92554170000000E+03  -5.61644000000000E+01
 1.92562500000000E+03  -6.46174000000000E+01
 1.92570830000000E+03  -6.93784000000000E+01
 1.92579170000000E+03  -6.71397000000000E+01
 1.92587500000000E+03  -6.69782000000000E+01
 1.92595830000000E+03  -6.58169000000000E+01
 1.92604170000000E+03  -6.89637000000000E+01
 1.92612500000000E+03  -5.47260000000000E+01
 1.92620830000000E+03  -3.76425000000000E+01
 1.92629170000000E+03  -3.18670000000000E+01
 1.92637500000000E+03  -3.80147000000000E+01
 1.92645830000000E+03  -4.18551000000000E+01
 1.92654170000000E+03  -4.35419000000000E+01
 1.92662500000000E+03  -3.30751000000000E+01
 1.92670830000000E+03  -2.35316000000000E+01
 1.92679170000000E+03  -1.29885000000000E+01
 1.92687500000000E+03  -9.29180000000000E+00
 1.92695830000000E+03  -2.28760000000000E+00
 1.92704170000000E+03   4.87010000000000E+00
 1.92712500000000E+03   1.41814000000000E+01
 1.92720830000000E+03   8.49250000000000E+00
 1.92729170000000E+03  -7.81220000000000E+00
 1.92737500000000E+03  -1.86555000000000E+01
 1.92745830000000E+03  -2.08837000000000E+01
 1.92754170000000E+03  -3.59584000000000E+01
 1.92762500000000E+03  -3.76487000000000E+01
 1.92770830000000E+03  -4.31085000000000E+01
 1.92779170000000E+03  -4.20302000000000E+01
 1.92787500000000E+03  -4.09521000000000E+01
 1.92795830000000E+03  -3.74896000000000E+01
 1.92804170000000E+03  -3.87967000000000E+01
 1.92812500000000E+03  -3.88733000000000E+01
 1.92820830000000E+03  -3.51808000000000E+01
 1.92829170000000E+03  -3.43349000000000E+01
 1.92837500000000E+03  -3.74123000000000E+01
 1.92845830000000E+03  -4.14899000000000E+01
 1.92854170000000E+03  -4.43371000000000E+01
 1.92862500000000E+03  -3.19537000000000E+01
 1.92870830000000E+03  -1.00321000000000E+01
 1.92879170000000E+03   3.96600000000000E+00
 1.92887500000000E+03   1.28101000000000E+01
 1.92895830000000E+03   1.78847000000000E+01
 1.92904170000000E+03   2.68820000000000E+01
 1.92912500000000E+03   3.41100000000000E+01
 1.92920830000000E+03   4.27222000000000E+01
 1.92929170000000E+03   4.07956000000000E+01
 1.92937500000000E+03   4.14073000000000E+01
 1.92945830000000E+03   3.80188000000000E+01
 1.92954170000000E+03   3.60914000000000E+01
 1.92962500000000E+03   4.07023000000000E+01
 1.92970830000000E+03   3.86976000000000E+01
 1.92979170000000E+03   2.57694000000000E+01
 1.92987500000000E+03   1.97641000000000E+01
 1.92995830000000E+03   1.23739000000000E+01
 1.93004170000000E+03   2.91000000000000E-01
 1.93012500000000E+03  -1.14843000000000E+01
 1.93020830000000E+03  -1.51061000000000E+01
 1.93029170000000E+03  -2.50359000000000E+01
 1.93037500000000E+03  -3.61967000000000E+01
 1.93045830000000E+03  -5.24346000000000E+01
 1.93054170000000E+03  -6.12114000000000E+01
 1.93062500000000E+03  -6.10653000000000E+01
 1.93070830000000E+03  -6.30733000000000E+01
 1.93079170000000E+03  -6.63894000000000E+01
 1.93087500000000E+03  -7.44749000000000E+01
 1.93095830000000E+03  -8.53298000000000E+01
 1.93104170000000E+03  -8.40313000000000E+01
 1.93112500000000E+03  -7.87330000000000E+01
 1.93120830000000E+03  -7.48195000000000E+01
 1.93129170000000E+03  -7.51372000000000E+01
 1.93137500000000E+03  -8.17628000000000E+01
 1.93145830000000E+03  -7.69271000000000E+01
 1.93154170000000E+03  -6.67071000000000E+01
 1.93162500000000E+03  -5.31797000000000E+01
 1.93170830000000E+03  -5.53448000000000E+01
 1.93179170000000E+03  -5.75102000000000E+01
 1.93187500000000E+03  -5.03682000000000E+01
 1.93195830000000E+03  -3.75341000000000E+01
 1.93204170000000E+03  -2.68542000000000E+01
 1.93212500000000E+03  -2.03284000000000E+01
 1.93220830000000E+03  -9.34130000000000E+00
 1.93229170000000E+03  -4.50840000000000E+00
 1.93237500000000E+03  -1.13680000000000E+01
 1.93245830000000E+03  -5.61240000000000E+00
 1.93254170000000E+03  -1.13188000000000E+01
 1.93262500000000E+03  -1.27946000000000E+01
 1.93270830000000E+03  -1.49629000000000E+01
 1.93279170000000E+03   4.86830000000000E+00
 1.93287500000000E+03   2.11610000000000E+01
 1.93295830000000E+03   2.57611000000000E+01
 1.93304170000000E+03   3.17454000000000E+01
 1.93312500000000E+03   4.03449000000000E+01
 1.93320830000000E+03   4.56364000000000E+01
 1.93329170000000E+03   4.29276000000000E+01
 1.93337500000000E+03   3.43725000000000E+01
 1.93345830000000E+03   3.14325000000000E+01
 1.93354170000000E+03   2.26459000000000E+01
 1.93362500000000E+03   1.60130000000000E+01
 1.93370830000000E+03   8.37990000000000E+00
 1.93379170000000E+03   5.90020000000000E+00
 1.93387500000000E+03  -1.01950000000000E+01
 1.93395830000000E+03  -1.87520000000000E+01
 1.93404170000000E+03  -2.42325000000000E+01
 1.93412500000000E+03  -3.07132000000000E+01
 1.93420830000000E+03  -3.52710000000000E+01
 1.93429170000000E+03  -3.79831000000000E+01
 1.93437500000000E+03  -4.30030000000000E+01
 1.93445830000000E+03  -5.01001000000000E+01
 1.93454170000000E+03  -5.51207000000000E+01
 1.93462500000000E+03  -6.19876000000000E+01
 1.93470830000000E+03  -5.64702000000000E+01
 1.93479170000000E+03  -5.06454000000000E+01
 1.93487500000000E+03  -4.08977000000000E+01
 1.93495830000000E+03  -3.34580000000000E+01
 1.93504170000000E+03  -2.74033000000000E+01
 1.93512500000000E+03  -1.83487000000000E+01
 1.93520830000000E+03  -1.60637000000000E+01
 1.93529170000000E+03  -1.44713000000000E+01
 1.93537500000000E+03  -2.11099000000000E+01
 1.93545830000000E+03  -3.35948000000000E+01
 1.93554170000000E+03  -2.73879000000000E+01
 1.93562500000000E+03  -2.21042000000000E+01
 1.93570830000000E+03  -1.77438000000000E+01
 1.93579170000000E+03  -1.57685000000000E+01
 1.93587500000000E+03  -7.25480000000000E+00
 1.93595830000000E+03  -3.58760000000000E+00
 1.93604170000000E+03  -3.92080000000000E+00
 1.93612500000000E+03  -1.48480000000000E+00
 1.93620830000000E+03   1.18160000000000E+00
 1.93629170000000E+03   5.53990000000000E+00
 1.93637500000000E+03  -6.10190000000000E+00
 1.93645830000000E+03  -1.39747000000000E+01
 1.93654170000000E+03  -4.23260000000000E+00
 1.93662500000000E+03  -3.64440000000000E+00
 1.93670830000000E+03  -3.05660000000000E+00
 1.93679170000000E+03   9.45400000000000E+00
 1.93687500000000E+03   1.82721000000000E+01
 1.93695830000000E+03   1.79361000000000E+01
 1.93704170000000E+03   1.62151000000000E+01
 1.93712500000000E+03   2.17247000000000E+01
 1.93720830000000E+03   2.02340000000000E+01
 1.93729170000000E+03   1.80506000000000E+01
 1.93737500000000E+03   1.25594000000000E+01
 1.93745830000000E+03   1.50679000000000E+01
 1.93754170000000E+03   2.13453000000000E+01
 1.93762500000000E+03   9.69940000000000E+00
 1.93770830000000E+03   1.05148000000000E+01
 1.93779170000000E+03   1.84067000000000E+01
 1.93787500000000E+03   1.64523000000000E+01
 1.93795830000000E+03   1.11900000000000E+01
 1.93804170000000E+03   9.69650000000000E+00
 1.93812500000000E+03   1.45105000000000E+01
 1.93820830000000E+03   1.41704000000000E+01
 1.93829170000000E+03   1.42915000000000E+01
 1.93837500000000E+03   9.95090000000000E+00
 1.93845830000000E+03   3.99460000000000E+00
 1.93854170000000E+03   1.14800000000000E-01
 1.93862500000000E+03  -7.07270000000000E+00
 1.93870830000000E+03  -1.02980000000000E+00
 1.93879170000000E+03  -2.75660000000000E+00
 1.93887500000000E+03  -4.25260000000000E+00
 1.93895830000000E+03   9.72000000000000E-02
 1.93904170000000E+03   1.67730000000000E+00
 1.93912500000000E+03   5.79580000000000E+00
 1.93920830000000E+03   5.22170000000000E+00
 1.93929170000000E+03   1.02626000000000E+01
 1.93937500000000E+03   4.53410000000000E+00
 1.93945830000000E+03  -4.27160000000000E+00
 1.93954170000000E+03  -1.66161000000000E+01
 1.93962500000000E+03  -2.28070000000000E+01
 1.93970830000000E+03  -2.47673000000000E+01
 1.93979170000000E+03  -2.70357000000000E+01
 1.93987500000000E+03  -2.80735000000000E+01
 1.93995830000000E+03  -2.91116000000000E+01
 1.94004170000000E+03  -3.06886000000000E+01
 1.94012500000000E+03  -2.56503000000000E+01
 1.94020830000000E+03  -2.13045000000000E+01
 1.94029170000000E+03  -2.38054000000000E+01
 1.94037500000000E+03  -3.46909000000000E+01
 1.94045830000000E+03  -3.59614000000000E+01
 1.94054170000000E+03  -3.63092000000000E+01
 1.94062500000000E+03  -2.96571000000000E+01
 1.94070830000000E+03  -2.81592000000000E+01
 1.94079170000000E+03  -2.26617000000000E+01
 1.94087500000000E+03  -1.57027000000000E+01
 1.94095830000000E+03  -1.18210000000000E+01
 1.94104170000000E+03  -5.86270000000000E+00
 1.94112500000000E+03  -8.05840000000000E+00
 1.94120830000000E+03   4.66870000000000E+00
 1.94129170000000E+03   6.16460000000000E+00
 1.94137500000000E+03   1.35270000000000E+00
 1.94145830000000E+03  -1.15180000000000E+00
 1.94154170000000E+03  -9.04130000000000E+00
 1.94162500000000E+03  -7.23870000000000E+00
 1.94170830000000E+03  -9.74700000000000E-01
 1.94179170000000E+03   1.09042000000000E+01
 1.94187500000000E+03   1.57060000000000E+01
 1.94195830000000E+03   2.14307000000000E+01
 1.94204170000000E+03   2.38472000000000E+01
 1.94212500000000E+03   2.58021000000000E+01
 1.94220830000000E+03   3.50644000000000E+01
 1.94229170000000E+03   2.64802000000000E+01
 1.94237500000000E+03   1.69727000000000E+01
 1.94245830000000E+03   7.69570000000000E+00
 1.94254170000000E+03   1.10600000000000E-01
 1.94262500000000E+03  -4.74600000000000E-01
 1.94270830000000E+03   4.32460000000000E+00
 1.94279170000000E+03   1.00464000000000E+01
 1.94287500000000E+03   1.64604000000000E+01
 1.94295830000000E+03   2.28741000000000E+01
 1.94304170000000E+03   1.85181000000000E+01
 1.94312500000000E+03   2.26236000000000E+01
 1.94320830000000E+03   3.09596000000000E+01
 1.94329170000000E+03   3.17567000000000E+01
 1.94337500000000E+03   2.27844000000000E+01
 1.94345830000000E+03   1.58888000000000E+01
 1.94354170000000E+03   1.46082000000000E+01
 1.94362500000000E+03   1.63274000000000E+01
 1.94370830000000E+03   2.78925000000000E+01
 1.94379170000000E+03   3.66111000000000E+01
 1.94387500000000E+03   4.44834000000000E+01
 1.94395830000000E+03   4.74323000000000E+01
 1.94404170000000E+03   4.56885000000000E+01
 1.94412500000000E+03   5.37907000000000E+01
 1.94420830000000E+03   6.04311000000000E+01
 1.94429170000000E+03   5.09173000000000E+01
 1.94437500000000E+03   4.58648000000000E+01
 1.94445830000000E+03   3.63506000000000E+01
 1.94454170000000E+03   3.03744000000000E+01
 1.94462500000000E+03   2.90904000000000E+01
 1.94470830000000E+03   3.22676000000000E+01
 1.94479170000000E+03   3.59060000000000E+01
 1.94487500000000E+03   3.23135000000000E+01
 1.94495830000000E+03   2.84130000000000E+01
 1.94504170000000E+03   2.33582000000000E+01
 1.94512500000000E+03   2.93034000000000E+01
 1.94520830000000E+03   3.45559000000000E+01
 1.94529170000000E+03   3.35004000000000E+01
 1.94537500000000E+03   2.84447000000000E+01
 1.94545830000000E+03   1.73118000000000E+01
 1.94554170000000E+03   2.25631000000000E+01
 1.94562500000000E+03   2.54297000000000E+01
 1.94570830000000E+03   3.39883000000000E+01
 1.94579170000000E+03   3.92388000000000E+01
 1.94587500000000E+03   4.21815000000000E+01
 1.94595830000000E+03   4.81239000000000E+01
 1.94604170000000E+03   4.75275000000000E+01
 1.94612500000000E+03   5.30078000000000E+01
 1.94620830000000E+03   5.64109000000000E+01
 1.94629170000000E+03   5.48137000000000E+01
 1.94637500000000E+03   5.35240000000000E+01
 1.94645830000000E+03   5.38494000000000E+01
 1.94654170000000E+03   5.64820000000000E+01
 1.94662500000000E+03   5.16531000000000E+01
 1.94670830000000E+03   5.95161000000000E+01
 1.94679170000000E+03   6.26095000000000E+01
 1.94687500000000E+03   6.83182000000000E+01
 1.94695830000000E+03   6.64881000000000E+01
 1.94704170000000E+03   5.71961000000000E+01
 1.94712500000000E+03   6.15194000000000E+01
 1.94720830000000E+03   6.29962000000000E+01
 1.94729170000000E+03   5.79341000000000E+01
 1.94737500000000E+03   5.73334000000000E+01
 1.94745830000000E+03   5.31941000000000E+01
 1.94754170000000E+03   4.51312000000000E+01
 1.94762500000000E+03   4.40682000000000E+01
 1.94770830000000E+03   6.69280000000000E+01
 1.94779170000000E+03   7.77874000000000E+01
 1.94787500000000E+03   8.18774000000000E+01
 1.94795830000000E+03   8.15056000000000E+01
 1.94804170000000E+03   8.55950000000000E+01
 1.94812500000000E+03   9.66842000000000E+01
 1.94820830000000E+03   1.05696200000000E+02
 1.94829170000000E+03   1.08630900000000E+02
 1.94837500000000E+03   1.10334700000000E+02
 1.94845830000000E+03   1.00576700000000E+02
 1.94854170000000E+03   9.22798000000000E+01
 1.94862500000000E+03   9.79827000000000E+01
 1.94870830000000E+03   1.00916200000000E+02
 1.94879170000000E+03   8.90031000000000E+01
 1.94887500000000E+03   8.20899000000000E+01
 1.94895830000000E+03   8.35610000000000E+01
 1.94904170000000E+03   8.83394000000000E+01
 1.94912500000000E+03   8.30408000000000E+01
 1.94920830000000E+03   8.48188000000000E+01
 1.94929170000000E+03   8.53656000000000E+01
 1.94937500000000E+03   6.97584000000000E+01
 1.94945830000000E+03   5.60741000000000E+01
 1.94954170000000E+03   5.78508000000000E+01
 1.94962500000000E+03   5.81660000000000E+01
 1.94970830000000E+03   5.58654000000000E+01
 1.94979170000000E+03   5.84875000000000E+01
 1.94987500000000E+03   5.90326000000000E+01
 1.94995830000000E+03   5.46543000000000E+01
 1.95004170000000E+03   5.19679000000000E+01
 1.95012500000000E+03   5.27429000000000E+01
 1.95020830000000E+03   5.61331000000000E+01
 1.95029170000000E+03   5.19843000000000E+01
 1.95037500000000E+03   3.39893000000000E+01
 1.95045830000000E+03   3.38402000000000E+01
 1.95054170000000E+03   3.10752000000000E+01
 1.95062500000000E+03   1.91563000000000E+01
 1.95070830000000E+03   2.08525000000000E+01
 1.95079170000000E+03   2.28560000000000E+01
 1.95087500000000E+03   1.77824000000000E+01
 1.95095830000000E+03   1.53240000000000E+01
 1.95104170000000E+03   1.72497000000000E+01
 1.95112500000000E+03   1.64061000000000E+01
 1.95120830000000E+03   1.53315000000000E+01
 1.95129170000000E+03   1.23333000000000E+01
 1.95137500000000E+03   9.50400000000000E-01
 1.95145830000000E+03   1.72110000000000E+00
 1.95154170000000E+03   3.37500000000000E-01
 1.95162500000000E+03   3.03070000000000E+00
 1.95170830000000E+03   1.22622000000000E+01
 1.95179170000000E+03   9.26230000000000E+00
 1.95187500000000E+03   1.28778000000000E+01
 1.95195830000000E+03   1.44161000000000E+01
 1.95204170000000E+03   1.84925000000000E+01
 1.95212500000000E+03   1.97995000000000E+01
 1.95220830000000E+03   2.54908000000000E+01
 1.95229170000000E+03   1.29509000000000E+01
 1.95237500000000E+03   2.02630000000000E+00
 1.95245830000000E+03   1.10140000000000E+00
 1.95254170000000E+03  -8.20850000000000E+00
 1.95262500000000E+03  -1.02108000000000E+01
 1.95270830000000E+03  -1.39057000000000E+01
 1.95279170000000E+03  -1.56780000000000E+01
 1.95287500000000E+03  -6.21960000000000E+00
 1.95295830000000E+03   2.23850000000000E+00
 1.95304170000000E+03   5.08080000000000E+00
 1.95312500000000E+03   6.30760000000000E+00
 1.95320830000000E+03   1.22265000000000E+01
 1.95329170000000E+03   9.22180000000000E+00
 1.95337500000000E+03   9.75550000000000E+00
 1.95345830000000E+03   1.35966000000000E+01
 1.95354170000000E+03   1.08988000000000E+01
 1.95362500000000E+03   1.33548000000000E+01
 1.95370830000000E+03   1.36566000000000E+01
 1.95379170000000E+03   1.86503000000000E+01
 1.95387500000000E+03   2.36439000000000E+01
 1.95395830000000E+03   1.64834000000000E+01
 1.95404170000000E+03   3.70710000000000E+00
 1.95412500000000E+03   3.08450000000000E+00
 1.95420830000000E+03   8.76930000000000E+00
 1.95429170000000E+03   4.37680000000000E+00
 1.95437500000000E+03  -6.09280000000000E+00
 1.95445830000000E+03  -1.61011000000000E+01
 1.95454170000000E+03  -2.58791000000000E+01
 1.95462500000000E+03  -2.65033000000000E+01
 1.95470830000000E+03  -2.90508000000000E+01
 1.95479170000000E+03  -2.29066000000000E+01
 1.95487500000000E+03  -2.05316000000000E+01
 1.95495830000000E+03  -1.97723000000000E+01
 1.95504170000000E+03  -1.17057000000000E+01
 1.95512500000000E+03  -4.40850000000000E+00
 1.95520830000000E+03   3.42700000000000E+00
 1.95529170000000E+03  -1.43040000000000E+00
 1.95537500000000E+03  -6.05700000000000E+00
 1.95545830000000E+03  -9.22240000000000E+00
 1.95554170000000E+03  -1.03113000000000E+01
 1.95562500000000E+03  -6.01570000000000E+00
 1.95570830000000E+03  -4.79730000000000E+00
 1.95579170000000E+03   2.11290000000000E+00
 1.95587500000000E+03   1.71540000000000E+00
 1.95595830000000E+03   2.08690000000000E+00
 1.95604170000000E+03  -4.15750000000000E+00
 1.95612500000000E+03  -1.00174000000000E+01
 1.95620830000000E+03  -4.56980000000000E+00
 1.95629170000000E+03  -4.96890000000000E+00
 1.95637500000000E+03  -1.09834000000000E+01
 1.95645830000000E+03  -2.03059000000000E+01
 1.95654170000000E+03  -2.23980000000000E+01
 1.95662500000000E+03  -1.29518000000000E+01
 1.95670830000000E+03  -1.10444000000000E+01
 1.95679170000000E+03  -3.44500000000000E+00
 1.95687500000000E+03   4.30800000000000E+00
 1.95695830000000E+03   1.56763000000000E+01
 1.95704170000000E+03   2.08901000000000E+01
 1.95712500000000E+03   2.96424000000000E+01
 1.95720830000000E+03   4.30867000000000E+01
 1.95729170000000E+03   4.29152000000000E+01
 1.95737500000000E+03   4.29743000000000E+01
 1.95745830000000E+03   3.76486000000000E+01
 1.95754170000000E+03   3.88609000000000E+01
 1.95762500000000E+03   3.35346000000000E+01
 1.95770830000000E+03   3.28234000000000E+01
 1.95779170000000E+03   3.68810000000000E+01
 1.95787500000000E+03   3.40924000000000E+01
 1.95795830000000E+03   3.20727000000000E+01
 1.95804170000000E+03   2.50526000000000E+01
 1.95812500000000E+03   2.31862000000000E+01
 1.95820830000000E+03   3.11658000000000E+01
 1.95829170000000E+03   2.86833000000000E+01
 1.95837500000000E+03   2.43546000000000E+01
 1.95845830000000E+03   1.03333000000000E+01
 1.95854170000000E+03   8.77300000000000E+00
 1.95862500000000E+03   1.00589000000000E+01
 1.95870830000000E+03   2.01906000000000E+01
 1.95879170000000E+03   2.49373000000000E+01
 1.95887500000000E+03   3.03762000000000E+01
 1.95895830000000E+03   3.91225000000000E+01
 1.95904170000000E+03   4.13299000000000E+01
 1.95912500000000E+03   4.49218000000000E+01
 1.95920830000000E+03   5.13596000000000E+01
 1.95929170000000E+03   5.00277000000000E+01
 1.95937500000000E+03   3.90804000000000E+01
 1.95945830000000E+03   2.80558000000000E+01
 1.95954170000000E+03   2.99539000000000E+01
 1.95962500000000E+03   3.30057000000000E+01
 1.95970830000000E+03   3.39804000000000E+01
 1.95979170000000E+03   3.87238000000000E+01
 1.95987500000000E+03   3.55440000000000E+01
 1.95995830000000E+03   3.63640000000000E+01
 1.96004170000000E+03   3.35681000000000E+01
 1.96012500000000E+03   3.66184000000000E+01
 1.96020830000000E+03   3.99760000000000E+01
 1.96029170000000E+03   3.60255000000000E+01
 1.96037500000000E+03   2.15364000000000E+01
 1.96045830000000E+03   1.52009000000000E+01
 1.96054170000000E+03   6.63420000000000E+00
 1.96062500000000E+03   7.68280000000000E+00
 1.96070830000000E+03   1.55003000000000E+01
 1.96079170000000E+03   2.37789000000000E+01
 1.96087500000000E+03   2.50575000000000E+01
 1.96095830000000E+03   2.93357000000000E+01
 1.96104170000000E+03   3.19212000000000E+01
 1.96112500000000E+03   3.81220000000000E+01
 1.96120830000000E+03   4.63995000000000E+01
 1.96129170000000E+03   4.24457000000000E+01
 1.96137500000000E+03   4.08765000000000E+01
 1.96145830000000E+03   4.44608000000000E+01
 1.96154170000000E+03   4.05831000000000E+01
 1.96162500000000E+03   4.92439000000000E+01
 1.96170830000000E+03   5.42120000000000E+01
 1.96179170000000E+03   4.95643000000000E+01
 1.96187500000000E+03   4.69934000000000E+01
 1.96195830000000E+03   4.88838000000000E+01
 1.96204170000000E+03   4.58507000000000E+01
 1.96212500000000E+03   4.21252000000000E+01
 1.96220830000000E+03   3.90917000000000E+01
 1.96229170000000E+03   2.52885000000000E+01
 1.96237500000000E+03   1.38698000000000E+01
 1.96245830000000E+03  -1.08750000000000E+00
 1.96254170000000E+03  -1.22762000000000E+01
 1.96262500000000E+03  -1.73879000000000E+01
 1.96270830000000E+03  -2.05769000000000E+01
 1.96279170000000E+03  -2.47663000000000E+01
 1.96287500000000E+03  -2.65712000000000E+01
 1.96295830000000E+03  -2.74533000000000E+01
 1.96304170000000E+03  -3.46435000000000E+01
 1.96312500000000E+03  -3.52954000000000E+01
 1.96320830000000E+03  -3.26398000000000E+01
 1.96329170000000E+03  -3.79847000000000E+01
 1.96337500000000E+03  -4.17143000000000E+01
 1.96345830000000E+03  -5.22134000000000E+01
 1.96354170000000E+03  -5.75591000000000E+01
 1.96362500000000E+03  -6.22126000000000E+01
 1.96370830000000E+03  -5.44817000000000E+01
 1.96379170000000E+03  -5.11359000000000E+01
 1.96387500000000E+03  -4.80210000000000E+01
 1.96395830000000E+03  -4.77525000000000E+01
 1.96404170000000E+03  -4.77152000000000E+01
 1.96412500000000E+03  -3.95241000000000E+01
 1.96420830000000E+03  -2.96410000000000E+01
 1.96429170000000E+03  -3.36046000000000E+01
 1.96437500000000E+03  -3.91836000000000E+01
 1.96445830000000E+03  -4.30705000000000E+01
 1.96454170000000E+03  -3.58041000000000E+01
 1.96462500000000E+03  -2.73839000000000E+01
 1.96470830000000E+03  -2.28871000000000E+01
 1.96479170000000E+03  -2.09292000000000E+01
 1.96487500000000E+03  -1.85867000000000E+01
 1.96495830000000E+03  -1.50907000000000E+01
 1.96504170000000E+03  -1.08259000000000E+01
 1.96512500000000E+03  -1.40730000000000E+00
 1.96520830000000E+03   1.46264000000000E+01
 1.96529170000000E+03   1.48903000000000E+01
 1.96537500000000E+03   1.66158000000000E+01
 1.96545830000000E+03   1.68794000000000E+01
 1.96554170000000E+03   1.66810000000000E+01
 1.96562500000000E+03   1.67134000000000E+01
 1.96570830000000E+03   1.79762000000000E+01
 1.96579170000000E+03   2.38539000000000E+01
 1.96587500000000E+03   3.32701000000000E+01
 1.96595830000000E+03   3.54552000000000E+01
 1.96604170000000E+03   2.87167000000000E+01
 1.96612500000000E+03   2.82858000000000E+01
 1.96620830000000E+03   2.60086000000000E+01
 1.96629170000000E+03   7.73080000000000E+00
 1.96637500000000E+03  -5.31620000000000E+00
 1.96645830000000E+03  -1.84404000000000E+01
 1.96654170000000E+03  -2.54113000000000E+01
 1.96662500000000E+03  -2.77668000000000E+01
 1.96670830000000E+03  -2.91226000000000E+01
 1.96679170000000E+03  -2.46328000000000E+01
 1.96687500000000E+03  -1.99122000000000E+01
 1.96695830000000E+03  -1.68842000000000E+01
 1.96704170000000E+03  -1.45490000000000E+01
 1.96712500000000E+03  -5.36770000000000E+00
 1.96720830000000E+03   1.19800000000000E+00
 1.96729170000000E+03  -1.85230000000000E+00
 1.96737500000000E+03  -2.74870000000000E+00
 1.96745830000000E+03   3.81610000000000E+00
 1.96754170000000E+03   2.45740000000000E+00
 1.96762500000000E+03  -5.93700000000000E-01
 1.96770830000000E+03  -4.56820000000000E+00
 1.96779170000000E+03  -2.00460000000000E+00
 1.96787500000000E+03  -8.82580000000000E+00
 1.96795830000000E+03  -1.81856000000000E+01
 1.96804170000000E+03  -2.60845000000000E+01
 1.96812500000000E+03  -2.55987000000000E+01
 1.96820830000000E+03  -2.64979000000000E+01
 1.96829170000000E+03  -3.18591000000000E+01
 1.96837500000000E+03  -4.14510000000000E+01
 1.96845830000000E+03  -5.48125000000000E+01
 1.96854170000000E+03  -6.69438000000000E+01
 1.96862500000000E+03  -6.36904000000000E+01
 1.96870830000000E+03  -5.87450000000000E+01
 1.96879170000000E+03  -5.18771000000000E+01
 1.96887500000000E+03  -4.99322000000000E+01
 1.96895830000000E+03  -4.30646000000000E+01
 1.96904170000000E+03  -3.74282000000000E+01
 1.96912500000000E+03  -2.97149000000000E+01
 1.96920830000000E+03  -2.99250000000000E+01
 1.96929170000000E+03  -2.85202000000000E+01
 1.96937500000000E+03  -3.61924000000000E+01
 1.96945830000000E+03  -3.73264000000000E+01
 1.96954170000000E+03  -4.03070000000000E+01
 1.96962500000000E+03  -4.42877000000000E+01
 1.96970830000000E+03  -4.14224000000000E+01
 1.96979170000000E+03  -3.36347000000000E+01
 1.96987500000000E+03  -2.66162000000000E+01
 1.96995830000000E+03  -1.79056000000000E+01
 1.97004170000000E+03  -1.65033000000000E+01
 1.97012500000000E+03  -4.94710000000000E+00
 1.97020830000000E+03  -2.77580000000000E+00
 1.97029170000000E+03   8.77960000000000E+00
 1.97037500000000E+03  -1.74200000000000E+00
 1.97045830000000E+03   1.73620000000000E+00
 1.97054170000000E+03   4.36770000000000E+00
 1.97062500000000E+03   1.37684000000000E+01
 1.97070830000000E+03   2.12457000000000E+01
 1.97079170000000E+03   2.14918000000000E+01
 1.97087500000000E+03   1.79686000000000E+01
 1.97095830000000E+03   7.21430000000000E+00
 1.97104170000000E+03   1.07500000000000E+00
 1.97112500000000E+03   2.47400000000000E+00
 1.97120830000000E+03   3.41130000000000E+00
 1.97129170000000E+03   1.27110000000000E+00
 1.97137500000000E+03  -5.79220000000000E+00
 1.97145830000000E+03   1.99050000000000E+00
 1.97154170000000E+03   2.46480000000000E+00
 1.97162500000000E+03  -2.67620000000000E+00
 1.97170830000000E+03  -3.55900000000000E-01
 1.97179170000000E+03   8.34840000000000E+00
 1.97187500000000E+03   1.91297000000000E+01
 1.97195830000000E+03   2.94491000000000E+01
 1.97204170000000E+03   4.33065000000000E+01
 1.97212500000000E+03   4.63946000000000E+01
 1.97220830000000E+03   5.39440000000000E+01
 1.97229170000000E+03   5.39544000000000E+01
 1.97237500000000E+03   4.98110000000000E+01
 1.97245830000000E+03   4.14365000000000E+01
 1.97254170000000E+03   3.72153000000000E+01
 1.97262500000000E+03   3.69941000000000E+01
 1.97270830000000E+03   5.66957000000000E+01
 1.97279170000000E+03   6.91660000000000E+01
 1.97287500000000E+03   7.22517000000000E+01
 1.97295830000000E+03   6.90295000000000E+01
 1.97304170000000E+03   6.22682000000000E+01
 1.97312500000000E+03   6.41992000000000E+01
 1.97320830000000E+03   7.66685000000000E+01
 1.97329170000000E+03   7.82910000000000E+01
 1.97337500000000E+03   7.57597000000000E+01
 1.97345830000000E+03   7.03819000000000E+01
 1.97354170000000E+03   6.91575000000000E+01
 1.97362500000000E+03   6.37792000000000E+01
 1.97370830000000E+03   6.03237000000000E+01
 1.97379170000000E+03   5.34831000000000E+01
 1.97387500000000E+03   5.15656000000000E+01
 1.97395830000000E+03   5.27247000000000E+01
 1.97404170000000E+03   4.98832000000000E+01
 1.97412500000000E+03   5.29648000000000E+01
 1.97420830000000E+03   5.76616000000000E+01
 1.97429170000000E+03   5.22809000000000E+01
 1.97437500000000E+03   3.99001000000000E+01
 1.97445830000000E+03   2.62884000000000E+01
 1.97454170000000E+03   2.25222000000000E+01
 1.97462500000000E+03   2.79099000000000E+01
 1.97470830000000E+03   3.61435000000000E+01
 1.97479170000000E+03   4.55304000000000E+01
 1.97487500000000E+03   5.16865000000000E+01
 1.97495830000000E+03   5.23808000000000E+01
 1.97504170000000E+03   5.68438000000000E+01
 1.97512500000000E+03   7.26145000000000E+01
 1.97520830000000E+03   8.80772000000000E+01
 1.97529170000000E+03   8.61548000000000E+01
 1.97537500000000E+03   8.59246000000000E+01
 1.97545830000000E+03   8.94635000000000E+01
 1.97554170000000E+03   8.16941000000000E+01
 1.97562500000000E+03   7.39247000000000E+01
 1.97570830000000E+03   6.62319000000000E+01
 1.97579170000000E+03   6.33848000000000E+01
 1.97587500000000E+03   6.38453000000000E+01
 1.97595830000000E+03   6.36133000000000E+01
 1.97604170000000E+03   5.49961000000000E+01
 1.97612500000000E+03   4.51482000000000E+01
 1.97620830000000E+03   3.26846000000000E+01
 1.97629170000000E+03   1.25281000000000E+01
 1.97637500000000E+03  -6.24370000000000E+00
 1.97645830000000E+03  -2.14774000000000E+01
 1.97654170000000E+03  -3.84039000000000E+01
 1.97662500000000E+03  -4.04842000000000E+01
 1.97670830000000E+03  -3.22571000000000E+01
 1.97679170000000E+03  -2.82614000000000E+01
 1.97687500000000E+03  -2.44964000000000E+01
 1.97695830000000E+03  -2.91932000000000E+01
 1.97704170000000E+03  -3.76598000000000E+01
 1.97712500000000E+03  -2.73571000000000E+01
 1.97720830000000E+03  -1.19009000000000E+01
 1.97729170000000E+03  -1.47529000000000E+01
 1.97737500000000E+03  -9.83570000000000E+00
 1.97745830000000E+03  -9.53410000000000E+00
 1.97754170000000E+03  -1.61562000000000E+01
 1.97762500000000E+03  -1.33167000000000E+01
 1.97770830000000E+03  -7.24670000000000E+00
 1.97779170000000E+03  -6.79270000000000E+00
 1.97787500000000E+03  -2.33870000000000E+00
 1.97795830000000E+03  -2.57720000000000E+00
 1.97804170000000E+03  -5.08600000000000E-01
 1.97812500000000E+03   2.32930000000000E+00
 1.97820830000000E+03   1.39770000000000E+00
 1.97829170000000E+03  -9.84220000000000E+00
 1.97837500000000E+03  -8.15900000000000E+00
 1.97845830000000E+03  -1.91684000000000E+01
 1.97854170000000E+03  -2.43322000000000E+01
 1.97862500000000E+03  -2.12652000000000E+01
 1.97870830000000E+03  -1.02754000000000E+01
 1.97879170000000E+03   3.79080000000000E+00
 1.97887500000000E+03   8.93390000000000E+00
 1.97895830000000E+03   6.30750000000000E+00
 1.97904170000000E+03   1.09882000000000E+01
 1.97912500000000E+03   1.56690000000000E+01
 1.97920830000000E+03   2.47341000000000E+01
 1.97929170000000E+03   2.07217000000000E+01
 1.97937500000000E+03   1.32478000000000E+01
 1.97945830000000E+03   1.54290000000000E+00
 1.97954170000000E+03   2.45280000000000E+00
 1.97962500000000E+03   5.90110000000000E+00
 1.97970830000000E+03   1.17339000000000E+01
 1.97979170000000E+03   1.33352000000000E+01
 1.97987500000000E+03   1.10136000000000E+01
 1.97995830000000E+03   1.00762000000000E+01
 1.98004170000000E+03   9.13830000000000E+00
 1.98012500000000E+03   3.27740000000000E+00
 1.98020830000000E+03   2.33920000000000E+00
 1.98029170000000E+03  -1.42918000000000E+01
 1.98037500000000E+03  -2.10766000000000E+01
 1.98045830000000E+03  -2.79387000000000E+01
 1.98054170000000E+03  -3.52628000000000E+01
 1.98062500000000E+03  -3.59715000000000E+01
 1.98070830000000E+03  -3.52959000000000E+01
 1.98079170000000E+03  -3.40824000000000E+01
 1.98087500000000E+03  -3.43304000000000E+01
 1.98095830000000E+03  -3.74248000000000E+01
 1.98104170000000E+03  -3.60583000000000E+01
 1.98112500000000E+03  -3.23071000000000E+01
 1.98120830000000E+03  -3.27870000000000E+01
 1.98129170000000E+03  -3.95751000000000E+01
 1.98137500000000E+03  -3.39786000000000E+01
 1.98145830000000E+03  -4.19977000000000E+01
 1.98154170000000E+03  -4.47866000000000E+01
 1.98162500000000E+03  -3.72678000000000E+01
 1.98170830000000E+03  -3.56724000000000E+01
 1.98179170000000E+03  -3.37698000000000E+01
 1.98187500000000E+03  -3.33288000000000E+01
 1.98195830000000E+03  -3.54265000000000E+01
 1.98204170000000E+03  -3.94478000000000E+01
 1.98212500000000E+03  -4.03922000000000E+01
 1.98220830000000E+03  -3.94907000000000E+01
 1.98229170000000E+03  -3.50513000000000E+01
 1.98237500000000E+03  -3.13041000000000E+01
 1.98245830000000E+03  -2.73265000000000E+01
 1.98254170000000E+03  -2.17341000000000E+01
 1.98262500000000E+03  -1.07570000000000E+01
 1.98270830000000E+03  -7.03300000000000E-01
 1.98279170000000E+03   7.04220000000000E+00
 1.98287500000000E+03   1.97107000000000E+01
 1.98295830000000E+03   2.73790000000000E+01
 1.98304170000000E+03   2.99698000000000E+01
 1.98312500000000E+03   3.65607000000000E+01
 1.98320830000000E+03   4.16897000000000E+01
 1.98329170000000E+03   4.35874000000000E+01
 1.98337500000000E+03   4.11774000000000E+01
 1.98345830000000E+03   3.15364000000000E+01
 1.98354170000000E+03   1.78948000000000E+01
 1.98362500000000E+03   1.17917000000000E+01
 1.98370830000000E+03   5.45760000000000E+00
 1.98379170000000E+03   9.69000000000000E-01
 1.98387500000000E+03  -1.90410000000000E+00
 1.98395830000000E+03  -4.77760000000000E+00
 1.98404170000000E+03  -3.34390000000000E+00
 1.98412500000000E+03  -3.71700000000000E-01
 1.98420830000000E+03   6.36950000000000E+00
 1.98429170000000E+03   1.18024000000000E+01
 1.98437500000000E+03   8.69690000000000E+00
 1.98445830000000E+03   4.20640000000000E+00
 1.98454170000000E+03   4.07700000000000E-01
 1.98462500000000E+03   9.16800000000000E-01
 1.98470830000000E+03   6.73320000000000E+00
 1.98479170000000E+03   1.09337000000000E+01
 1.98487500000000E+03   1.37496000000000E+01
 1.98495830000000E+03   1.30268000000000E+01
 1.98504170000000E+03   8.76500000000000E+00
 1.98512500000000E+03   1.48108000000000E+01
 1.98520830000000E+03   2.18564000000000E+01
 1.98529170000000E+03   2.76707000000000E+01
 1.98537500000000E+03   2.31773000000000E+01
 1.98545830000000E+03   1.39913000000000E+01
 1.98554170000000E+03   3.65090000000000E+00
 1.98562500000000E+03   9.69510000000000E+00
 1.98570830000000E+03   1.03545000000000E+01
 1.98579170000000E+03   1.47825000000000E+01
 1.98587500000000E+03   2.52875000000000E+01
 1.98595830000000E+03   2.87152000000000E+01
 1.98604170000000E+03   2.61424000000000E+01
 1.98612500000000E+03   2.54158000000000E+01
 1.98620830000000E+03   2.35351000000000E+01
 1.98629170000000E+03   2.23461000000000E+01
 1.98637500000000E+03   1.53110000000000E+01
 1.98645830000000E+03   5.42940000000000E+00
 1.98654170000000E+03   3.31650000000000E+00
 1.98662500000000E+03   1.08191000000000E+01
 1.98670830000000E+03   2.18598000000000E+01
 1.98679170000000E+03   1.96692000000000E+01
 1.98687500000000E+03   1.82478000000000E+01
 1.98695830000000E+03   1.44416000000000E+01
 1.98704170000000E+03   1.34809000000000E+01
 1.98712500000000E+03   1.52895000000000E+01
 1.98720830000000E+03   2.04055000000000E+01
 1.98729170000000E+03   1.59790000000000E+00
 1.98737500000000E+03  -1.06713000000000E+01
 1.98745830000000E+03  -2.45560000000000E+01
 1.98754170000000E+03  -3.44414000000000E+01
 1.98762500000000E+03  -4.22498000000000E+01
 1.98770830000000E+03  -5.19047000000000E+01
 1.98779170000000E+03  -6.39447000000000E+01
 1.98787500000000E+03  -6.06770000000000E+01
 1.98795830000000E+03  -6.18711000000000E+01
 1.98804170000000E+03  -6.96043000000000E+01
 1.98812500000000E+03  -7.24143000000000E+01
 1.98820830000000E+03  -6.04554000000000E+01
 1.98829170000000E+03  -6.18817000000000E+01
 1.98837500000000E+03  -5.42310000000000E+01
 1.98845830000000E+03  -6.24267000000000E+01
 1.98854170000000E+03  -6.69307000000000E+01
 1.98862500000000E+03  -6.78193000000000E+01
 1.98870830000000E+03  -6.11697000000000E+01
 1.98879170000000E+03  -5.73669000000000E+01
 1.98887500000000E+03  -5.82562000000000E+01
 1.98895830000000E+03  -4.56844000000000E+01
 1.98904170000000E+03  -4.07285000000000E+01
 1.98912500000000E+03  -3.38495000000000E+01
 1.98920830000000E+03  -2.80476000000000E+01
 1.98929170000000E+03  -3.97849000000000E+01
 1.98937500000000E+03  -4.63682000000000E+01
 1.98945830000000E+03  -6.34133000000000E+01
 1.98954170000000E+03  -6.67668000000000E+01
 1.98962500000000E+03  -6.55047000000000E+01
 1.98970830000000E+03  -4.88584000000000E+01
 1.98979170000000E+03  -4.37511000000000E+01
 1.98987500000000E+03  -3.17207000000000E+01
 1.98995830000000E+03  -2.66136000000000E+01
 1.99004170000000E+03  -3.22763000000000E+01
 1.99012500000000E+03  -3.17852000000000E+01
 1.99020830000000E+03  -3.20635000000000E+01
 1.99029170000000E+03  -3.61886000000000E+01
 1.99037500000000E+03  -3.10829000000000E+01
 1.99045830000000E+03  -3.44390000000000E+01
 1.99054170000000E+03  -2.42572000000000E+01
 1.99062500000000E+03  -2.38446000000000E+01
 1.99070830000000E+03  -1.90476000000000E+01
 1.99079170000000E+03  -1.97128000000000E+01
 1.99087500000000E+03  -5.99330000000000E+00
 1.99095830000000E+03  -7.42800000000000E+00
 1.99104170000000E+03  -4.70940000000000E+00
 1.99112500000000E+03  -2.83680000000000E+00
 1.99120830000000E+03   3.49700000000000E+00
 1.99129170000000E+03   7.75320000000000E+00
 1.99137500000000E+03   3.77880000000000E+00
 1.99145830000000E+03  -1.01190000000000E+01
 1.99154170000000E+03  -1.01713000000000E+01
 1.99162500000000E+03  -5.06960000000000E+00
 1.99170830000000E+03  -8.91300000000000E-01
 1.99179170000000E+03  -1.17510000000000E+00
 1.99187500000000E+03  -9.45890000000000E+00
 1.99195830000000E+03  -1.70506000000000E+01
 1.99204170000000E+03  -2.11045000000000E+01
 1.99212500000000E+03  -1.88506000000000E+01
 1.99220830000000E+03  -1.25970000000000E+01
 1.99229170000000E+03  -1.21132000000000E+01
 1.99237500000000E+03  -1.80140000000000E+01
 1.99245830000000E+03  -2.10689000000000E+01
 1.99254170000000E+03  -1.50474000000000E+01
 1.99262500000000E+03  -1.34875000000000E+01
 1.99270830000000E+03  -2.33893000000000E+01
 1.99279170000000E+03  -1.82918000000000E+01
 1.99287500000000E+03  -1.22711000000000E+01
 1.99295830000000E+03  -7.86610000000000E+00
 1.99304170000000E+03  -1.60771000000000E+01
 1.99312500000000E+03  -1.70572000000000E+01
 1.99320830000000E+03  -1.42684000000000E+01
 1.99329170000000E+03  -1.54802000000000E+01
 1.99337500000000E+03  -2.96150000000000E+01
 1.99345830000000E+03  -3.90577000000000E+01
 1.99354170000000E+03  -5.03472000000000E+01
 1.99362500000000E+03  -5.69444000000000E+01
 1.99370830000000E+03  -5.90803000000000E+01
 1.99379170000000E+03  -4.95245000000000E+01
 1.99387500000000E+03  -5.11993000000000E+01
 1.99395830000000E+03  -5.45668000000000E+01
 1.99404170000000E+03  -4.80118000000000E+01
 1.99412500000000E+03  -3.49952000000000E+01
 1.99420830000000E+03  -2.25942000000000E+01
 1.99429170000000E+03  -1.88862000000000E+01
 1.99437500000000E+03  -2.83319000000000E+01
 1.99445830000000E+03  -2.95471000000000E+01
 1.99454170000000E+03  -3.33784000000000E+01
 1.99462500000000E+03  -3.65172000000000E+01
 1.99470830000000E+03  -2.95794000000000E+01
 1.99479170000000E+03  -2.07192000000000E+01
 1.99487500000000E+03  -1.60896000000000E+01
 1.99495830000000E+03  -1.33834000000000E+01
 1.99504170000000E+03  -1.24471000000000E+01
 1.99512500000000E+03  -3.81830000000000E+00
 1.99520830000000E+03   1.04090000000000E+00
 1.99529170000000E+03   3.74570000000000E+00
 1.99537500000000E+03  -9.47250000000000E+00
 1.99545830000000E+03  -1.65371000000000E+01
 1.99554170000000E+03  -2.22178000000000E+01
 1.99562500000000E+03  -2.32830000000000E+01
 1.99570830000000E+03  -1.44253000000000E+01
 1.99579170000000E+03  -1.57222000000000E+01
 1.99587500000000E+03  -2.07113000000000E+01
 1.99595830000000E+03  -2.83160000000000E+01
 1.99604170000000E+03  -2.92290000000000E+01
 1.99612500000000E+03  -2.56035000000000E+01
 1.99620830000000E+03  -3.24399000000000E+01
 1.99629170000000E+03  -3.35076000000000E+01
 1.99637500000000E+03  -4.15752000000000E+01
 1.99645830000000E+03  -4.51046000000000E+01
 1.99654170000000E+03  -4.38654000000000E+01
 1.99662500000000E+03  -3.93954000000000E+01
 1.99670830000000E+03  -2.94641000000000E+01
 1.99679170000000E+03  -1.66873000000000E+01
 1.99687500000000E+03  -9.75650000000000E+00
 1.99695830000000E+03  -3.05680000000000E+00
 1.99704170000000E+03   8.79610000000000E+00
 1.99712500000000E+03   1.70337000000000E+01
 1.99720830000000E+03   8.42490000000000E+00
 1.99745830000000E+03  -1.25573000000000E+01
 1.99754170000000E+03  -3.21675000000000E+01
 1.99762500000000E+03  -3.85469000000000E+01
 1.99770830000000E+03  -3.24650000000000E+01
 1.99779170000000E+03  -2.17683000000000E+01
 1.99787500000000E+03  -1.85332000000000E+01
 1.99795830000000E+03  -2.18367000000000E+01
 1.99804170000000E+03  -2.34486000000000E+01
 1.99812500000000E+03  -5.67570000000000E+00
 1.99820830000000E+03   3.40460000000000E+00
 1.99837500000000E+03  -3.89760000000000E+00
 1.99845830000000E+03  -1.55874000000000E+01
 1.99854170000000E+03  -1.48163000000000E+01
 1.99862500000000E+03  -5.58350000000000E+00
 1.99870830000000E+03  -4.28000000000000E-01
 1.99879170000000E+03   4.96200000000000E-01
 1.99887500000000E+03   3.11280000000000E+00
 1.99895830000000E+03   1.65210000000000E+00
 1.99904170000000E+03   7.72930000000000E+00
 1.99912500000000E+03   1.68835000000000E+01
 1.99920830000000E+03   2.51144000000000E+01
 1.99929170000000E+03   1.01138000000000E+01
 1.99937500000000E+03  -3.04050000000000E+00
 1.99945830000000E+03  -1.10412000000000E+01
 1.99954170000000E+03  -1.87349000000000E+01
 1.99962500000000E+03  -2.75053000000000E+01
 1.99970830000000E+03  -2.78915000000000E+01
 1.99979170000000E+03  -2.92783000000000E+01
 1.99987500000000E+03  -2.98957000000000E+01
 1.99995830000000E+03  -3.25904000000000E+01
 2.00004170000000E+03  -3.40549000000000E+01
 2.00012500000000E+03  -3.53655000000000E+01
 2.00020830000000E+03  -3.19071000000000E+01
 2.00029170000000E+03  -3.93725000000000E+01
 2.00037500000000E+03  -4.31454000000000E+01
 2.00045830000000E+03  -5.57648000000000E+01
 2.00054170000000E+03  -6.87694000000000E+01
 2.00062500000000E+03  -7.20816000000000E+01
 2.00070830000000E+03  -6.70094000000000E+01
 2.00079170000000E+03  -6.74764000000000E+01
 2.00087500000000E+03  -6.57894000000000E+01
 2.00095830000000E+03  -6.86412000000000E+01
 2.00104170000000E+03  -6.79551000000000E+01
 2.00112500000000E+03  -6.33459000000000E+01
 2.00120830000000E+03  -5.75830000000000E+01
 2.00129170000000E+03  -5.92824000000000E+01
 2.00137500000000E+03  -5.78278000000000E+01
 2.00145830000000E+03  -6.41427000000000E+01
 2.00154170000000E+03  -6.51506000000000E+01
 2.00162500000000E+03  -5.62353000000000E+01
 2.00170830000000E+03  -4.80895000000000E+01
 2.00179170000000E+03  -4.40982000000000E+01
 2.00187500000000E+03  -4.10298000000000E+01
 2.00195830000000E+03  -3.72694000000000E+01
 2.00204170000000E+03  -3.51251000000000E+01
 2.00212500000000E+03  -3.09037000000000E+01
 2.00220830000000E+03  -2.02211000000000E+01
 2.00229170000000E+03  -1.72314000000000E+01
 2.00237500000000E+03  -2.75493000000000E+01
 2.00245830000000E+03  -4.11751000000000E+01
 2.00254170000000E+03  -5.21093000000000E+01
 2.00262500000000E+03  -4.58126000000000E+01
 2.00270830000000E+03  -3.54393000000000E+01
 2.00279170000000E+03  -2.91436000000000E+01
 2.00287500000000E+03  -2.41554000000000E+01
 2.00295830000000E+03  -1.93213000000000E+01
 2.00304170000000E+03  -1.41033000000000E+01
 2.00312500000000E+03  -3.73130000000000E+00
 2.00320830000000E+03   6.02500000000000E+00
 2.00329170000000E+03   1.78060000000000E+00
 2.00337500000000E+03  -1.30970000000000E+00
 2.00345830000000E+03   2.91900000000000E-01
 2.00354170000000E+03   1.58520000000000E+00
 2.00362500000000E+03   7.41710000000000E+00
 2.00370830000000E+03   8.63340000000000E+00
 2.00379170000000E+03   9.15660000000000E+00
 2.00387500000000E+03   1.16031000000000E+01
 2.00395830000000E+03   9.89540000000000E+00
 2.00404170000000E+03  -1.65900000000000E+00
 2.00412500000000E+03  -6.13650000000000E+00
 2.00420830000000E+03  -1.27680000000000E+01
 2.00454170000000E+03  -1.99131000000000E+01
 2.00462500000000E+03  -2.44690000000000E+01
 2.00512500000000E+03  -2.52729000000000E+01
 2.00520830000000E+03  -8.29230000000000E+00
 2.00529170000000E+03   2.37990000000000E+00
 2.00537500000000E+03   6.66760000000000E+00
 2.00545830000000E+03   1.18590000000000E+00
 2.00554170000000E+03  -1.17581000000000E+01
 2.00562500000000E+03  -2.46250000000000E+01
 2.00570830000000E+03  -3.20307000000000E+01
 2.00579170000000E+03  -2.89754000000000E+01
 2.00587500000000E+03  -3.35355000000000E+01
 2.00595830000000E+03  -3.74035000000000E+01
 2.00604170000000E+03  -4.90414000000000E+01
 2.00612500000000E+03  -5.59099000000000E+01
 2.00620830000000E+03  -5.78557000000000E+01
 2.00629170000000E+03  -6.73405000000000E+01
 2.00637500000000E+03  -7.59022000000000E+01
 2.00645830000000E+03  -8.21565000000000E+01
 2.00654170000000E+03  -8.31037000000000E+01
 2.00662500000000E+03  -8.50508000000000E+01
 2.00670830000000E+03  -8.41520000000000E+01
 2.00679170000000E+03  -8.29462000000000E+01
 2.00687500000000E+03  -7.55095000000000E+01
 2.00695830000000E+03  -7.19961000000000E+01
 2.00704170000000E+03  -7.17142000000000E+01
 2.00712500000000E+03  -6.53552000000000E+01
 2.00720830000000E+03  -5.90734000000000E+01
 2.00729170000000E+03  -5.59462000000000E+01
 2.00737500000000E+03  -6.29726000000000E+01
 2.00745830000000E+03  -6.51532000000000E+01
 2.00754170000000E+03  -6.60267000000000E+01
 2.00762500000000E+03  -6.24386000000000E+01
 2.00770830000000E+03  -5.51585000000000E+01
 2.00779170000000E+03  -4.68021000000000E+01
 2.00787500000000E+03  -3.93686000000000E+01
 2.00795830000000E+03  -4.19354000000000E+01
 2.00804170000000E+03  -4.15029000000000E+01
 2.00812500000000E+03  -3.91472000000000E+01
 2.00820830000000E+03  -2.31764000000000E+01
 2.00829170000000E+03  -2.32831000000000E+01
 2.00837500000000E+03  -3.51590000000000E+01
 2.00845830000000E+03  -4.02659000000000E+01
 2.00854170000000E+03  -4.76812000000000E+01
 2.00862500000000E+03  -4.92501000000000E+01
 2.00870830000000E+03  -4.35117000000000E+01
 2.00879170000000E+03  -3.50047000000000E+01
 2.00887500000000E+03  -2.92668000000000E+01
 2.00895830000000E+03  -2.88369000000000E+01
 2.00904170000000E+03  -2.70999000000000E+01
 2.00912500000000E+03  -2.24397000000000E+01
 2.00920830000000E+03  -5.47220000000000E+00
 2.00929170000000E+03  -1.46591000000000E+01
 2.00937500000000E+03  -1.34613000000000E+01
 2.00945830000000E+03  -8.80220000000000E+00
 2.00954170000000E+03  -9.29770000000000E+00
 2.00962500000000E+03  -1.48530000000000E+00
 2.00970830000000E+03   4.55760000000000E+00
 2.00979170000000E+03   3.59980000000000E+00
 2.00987500000000E+03   5.71910000000000E+00
 2.00995830000000E+03   8.76110000000000E+00
 2.01004170000000E+03   1.60333000000000E+01
 2.01012500000000E+03   2.33056000000000E+01
 2.01020830000000E+03   3.11161000000000E+01
 2.01029170000000E+03   1.41567000000000E+01
 2.01037500000000E+03   3.50510000000000E+00
 2.01045830000000E+03  -2.10699000000000E+01
 2.01054170000000E+03  -4.04916000000000E+01
 2.01062500000000E+03  -4.81440000000000E+01
 2.01070830000000E+03  -4.61044000000000E+01
 2.01079170000000E+03  -4.24501000000000E+01
 2.01087500000000E+03  -4.10264000000000E+01
 2.01095830000000E+03  -4.46029000000000E+01
 2.01104170000000E+03  -4.74110000000000E+01
 2.01112500000000E+03  -5.54496000000000E+01
 2.01120830000000E+03  -5.78731000000000E+01
 2.01129170000000E+03  -7.26051000000000E+01
 2.01137500000000E+03  -7.31060000000000E+01
 2.01145830000000E+03  -7.77612000000000E+01
 2.01154170000000E+03  -7.28785000000000E+01
 2.01162500000000E+03  -6.53803000000000E+01
 2.01170830000000E+03  -5.07285000000000E+01
 2.01179170000000E+03  -4.31544000000000E+01
 2.01187500000000E+03  -2.82724000000000E+01
 2.01195830000000E+03  -1.81599000000000E+01
 2.01204170000000E+03  -5.35580000000000E+00
 2.01212500000000E+03  -3.70540000000000E+00
 2.01229170000000E+03  -2.17500000000000E+00
 2.01237500000000E+03  -1.12947000000000E+01
 2.01245830000000E+03  -1.92607000000000E+01
 2.01254170000000E+03  -2.54582000000000E+01
 2.01262500000000E+03  -2.56556000000000E+01
 2.01279170000000E+03  -1.38208000000000E+01
 2.01287500000000E+03  -4.09590000000000E+00
 2.01295830000000E+03   9.62870000000000E+00
 2.01304170000000E+03   1.82757000000000E+01
 2.01312500000000E+03   1.31537000000000E+01
 2.01320830000000E+03   2.95440000000000E+00
 2.01329170000000E+03  -2.27840000000000E+01
 2.01337500000000E+03  -3.62146000000000E+01
 2.01370830000000E+03  -4.67862000000000E+01
 2.01379170000000E+03  -4.19108000000000E+01
 2.01387500000000E+03  -2.81892000000000E+01
 2.01395830000000E+03  -1.70832000000000E+01
 2.01404170000000E+03  -1.41318000000000E+01
 2.01412500000000E+03  -1.09494000000000E+01
 2.01420830000000E+03   4.63500000000000E-01
 2.01429170000000E+03  -4.27820000000000E+00
 2.01437500000000E+03  -1.67120000000000E+01
 2.01445830000000E+03  -2.24538000000000E+01
 2.01454170000000E+03  -2.92732000000000E+01
 2.01462500000000E+03  -2.57079000000000E+01
 2.01470830000000E+03  -2.70658000000000E+01
 2.01479170000000E+03  -2.16553000000000E+01
 2.01487500000000E+03  -2.14754000000000E+01
 2.01495830000000E+03  -2.59880000000000E+01
 2.01504170000000E+03  -3.30398000000000E+01
 2.01512500000000E+03  -2.63222000000000E+01
 2.01520830000000E+03  -2.25280000000000E+01
 2.01529170000000E+03  -2.07345000000000E+01
 2.01537500000000E+03  -1.72485000000000E+01
 2.01545830000000E+03  -6.76270000000000E+00
 2.01554170000000E+03  -5.73930000000000E+00
 2.01562500000000E+03  -2.33000000000000E-02
 2.01570830000000E+03   1.12308000000000E+01
 2.01579170000000E+03   3.00997000000000E+01
 2.01587500000000E+03   4.03533000000000E+01
 2.01595830000000E+03   4.39143000000000E+01
 2.01604170000000E+03   4.84746000000000E+01
 2.01612500000000E+03   6.27274000000000E+01
 2.01620830000000E+03   7.29799000000000E+01
 2.01629170000000E+03   7.55395000000000E+01
 2.01637500000000E+03   7.22530000000000E+01
 2.01645830000000E+03   6.15816000000000E+01
 2.01654170000000E+03   5.58326000000000E+01
 2.01662500000000E+03   4.99299000000000E+01
 2.01670830000000E+03   5.05654000000000E+01
 2.01679170000000E+03   5.45079000000000E+01
 2.01687500000000E+03   4.64506000000000E+01
 2.01695830000000E+03   4.74699000000000E+01
 2.01704170000000E+03   4.70270000000000E+01
 2.01712500000000E+03   5.15073000000000E+01
 2.01720830000000E+03   4.84489000000000E+01
 2.01729170000000E+03   5.19282000000000E+01
 2.01737500000000E+03   4.65616000000000E+01
 2.01745830000000E+03   3.02716000000000E+01
 2.01754170000000E+03   1.46731000000000E+01
 2.01762500000000E+03   7.84410000000000E+00
 2.01770830000000E+03   1.21687000000000E+01
 2.01779170000000E+03   1.44156000000000E+01
 2.01787500000000E+03   1.32012000000000E+01
 2.01795830000000E+03   1.02173000000000E+01
 2.01804170000000E+03   4.00190000000000E+00
 2.01812500000000E+03   8.09430000000000E+00
 2.01820830000000E+03   1.39557000000000E+01
 2.01829170000000E+03   2.09702000000000E+01
 2.01837500000000E+03   5.36960000000000E+00
 2.01845830000000E+03   4.38400000000000E+00
 2.01854170000000E+03   6.62850000000000E+00
 2.01862500000000E+03   2.10270000000000E+01
 2.01870830000000E+03   2.31176000000000E+01
 2.01879170000000E+03   2.58997000000000E+01
 2.01887500000000E+03   3.56820000000000E+01
 2.01895830000000E+03   4.04641000000000E+01
 2.01904170000000E+03   5.20915000000000E+01
 2.01912500000000E+03   5.50269000000000E+01
 2.01920830000000E+03   5.76543000000000E+01
 2.01929170000000E+03   6.53579000000000E+01
 2.01937500000000E+03   5.59847000000000E+01
 2.01945830000000E+03   5.16113000000000E+01
 2.01954170000000E+03   4.74679000000000E+01
 2.01962500000000E+03   4.76324000000000E+01
 2.01970830000000E+03   4.80274000000000E+01
 2.01979170000000E+03   5.61909000000000E+01
 2.01987500000000E+03   5.90469000000000E+01
 2.01995830000000E+03   6.28257000000000E+01
 2.02004170000000E+03   5.99884000000000E+01
 2.02012500000000E+03   6.10743000000000E+01
 2.02020830000000E+03   8.06215000000000E+01
 2.02029170000000E+03   8.72449000000000E+01
 2.02037500000000E+03   7.36378000000000E+01
 2.02045830000000E+03   6.07995000000000E+01
 2.02054170000000E+03   5.42683000000000E+01
 2.02062500000000E+03   4.92757000000000E+01
 2.02070830000000E+03   5.33597000000000E+01
 2.02079170000000E+03   5.77508000000000E+01
 2.02087500000000E+03   5.48343000000000E+01
 2.02095830000000E+03   5.82252000000000E+01
 2.02104170000000E+03   5.18462000000000E+01
 2.02112500000000E+03   6.01596000000000E+01
 2.02120830000000E+03   6.23959000000000E+01
 2.02129170000000E+03   5.38622000000000E+01
 2.02137500000000E+03   4.16364000000000E+01
 2.02145830000000E+03   3.44103000000000E+01
 2.02154170000000E+03   3.64912000000000E+01
 2.02162500000000E+03   4.18030000000000E+01
 2.02170830000000E+03   4.55761000000000E+01
 2.02179170000000E+03   4.79639000000000E+01
 2.02187500000000E+03   5.41211000000000E+01
 2.02195830000000E+03   5.68934000000000E+01
 2.02204170000000E+03   5.47419000000000E+01
 2.02212500000000E+03   6.05136000000000E+01
 2.02220830000000E+03   5.98236000000000E+01
 2.02229170000000E+03   5.50558000000000E+01
 2.02237500000000E+03   4.29806000000000E+01
 2.02245830000000E+03   4.09821000000000E+01
 2.02254170000000E+03   3.82905000000000E+01
 2.02262500000000E+03   3.83683000000000E+01
 2.02270830000000E+03   4.52151000000000E+01
 2.02279170000000E+03   5.26765000000000E+01
 2.02287500000000E+03   5.54458000000000E+01
 2.02295830000000E+03   5.61379000000000E+01
 2.02304170000000E+03   5.12908000000000E+01
 2.02312500000000E+03   5.00593000000000E+01
 2.02320830000000E+03   5.08276000000000E+01
 2.02329170000000E+03   5.12105000000000E+01
 2.02337500000000E+03   5.09012000000000E+01
 2.02345830000000E+03   4.61302000000000E+01
 2.02354170000000E+03   3.28969000000000E+01
 2.02362500000000E+03   2.68945000000000E+01
 2.02370830000000E+03   2.79688000000000E+01
 2.02379170000000E+03   2.47347000000000E+01
 2.02387500000000E+03   2.58853000000000E+01
 2.02395830000000E+03   2.87281000000000E+01
 2.02404170000000E+03   2.16470000000000E+01
 2.02412500000000E+03   2.60276000000000E+01
 2.02420830000000E+03   3.96387000000000E+01
 2.02429170000000E+03   3.87876000000000E+01
 2.02437500000000E+03   3.73982000000000E+01
 2.02445830000000E+03   2.32393000000000E+01
 2.02454170000000E+03   2.61245000000000E+01
 2.02462500000000E+03   4.04236000000000E+01
 2.02470830000000E+03   5.40604000000000E+01
 2.02479170000000E+03   6.60359000000000E+01
 2.02487500000000E+03   7.53532000000000E+01
 2.02495830000000E+03   7.65869000000000E+01
