 1.88370830000000E+03   1.06289900000000E+02
 1.88379170000000E+03   4.22682000000000E+01
 1.88387500000000E+03   2.20708000000000E+01
 1.88395830000000E+03   1.27512000000000E+01
 1.88404170000000E+03   9.52510000000000E+00
 1.88412500000000E+03  -9.65500000000000E-01
 1.88420830000000E+03  -9.73590000000000E+00
 1.88429170000000E+03   1.80210000000000E+00
 1.88437500000000E+03   7.18520000000000E+00
 1.88445830000000E+03   6.72210000000000E+00
 1.88454170000000E+03  -2.42018000000000E+01
 1.88462500000000E+03  -4.85882000000000E+01
 1.88470830000000E+03  -6.80517000000000E+01
 1.88479170000000E+03  -7.12837000000000E+01
 1.88487500000000E+03  -5.73628000000000E+01
 1.88495830000000E+03  -4.38266000000000E+01
 1.88504170000000E+03  -4.16743000000000E+01
 1.88512500000000E+03  -4.53691000000000E+01
 1.88520830000000E+03  -3.24487000000000E+01
 1.88529170000000E+03  -2.05275000000000E+01
 1.88537500000000E+03  -3.52996000000000E+01
 1.88545830000000E+03  -2.98410000000000E+01
 1.88554170000000E+03  -3.27664000000000E+01
 1.88562500000000E+03  -4.05388000000000E+01
 1.88570830000000E+03  -6.65422000000000E+01
 1.88579170000000E+03  -7.85448000000000E+01
 1.88587500000000E+03  -7.15484000000000E+01
 1.88595830000000E+03  -6.38597000000000E+01
 1.88604170000000E+03  -5.49396000000000E+01
 1.88612500000000E+03  -4.15589000000000E+01
 1.88620830000000E+03  -3.16399000000000E+01
 1.88629170000000E+03  -4.16432000000000E+01
 1.88637500000000E+03  -5.62629000000000E+01
 1.88645830000000E+03  -3.21134000000000E+01
 1.88654170000000E+03  -5.41171000000000E+01
 1.88662500000000E+03  -6.30448000000000E+01
 1.88670830000000E+03  -4.47419000000000E+01
 1.88679170000000E+03  -2.11305000000000E+01
 1.88687500000000E+03  -1.38278000000000E+01
 1.88695830000000E+03  -5.14060000000000E+00
 1.88704170000000E+03   9.47040000000000E+00
 1.88712500000000E+03   9.46500000000000E+00
 1.88720830000000E+03   1.76730000000000E+00
 1.88729170000000E+03   5.22410000000000E+00
 1.88737500000000E+03   1.64491000000000E+01
 1.88745830000000E+03   4.37510000000000E+01
 1.88754170000000E+03   2.27459000000000E+01
 1.88762500000000E+03   1.58937000000000E+01
 1.88770830000000E+03  -2.21124000000000E+01
 1.88779170000000E+03  -4.42717000000000E+01
 1.88787500000000E+03  -4.03551000000000E+01
 1.88795830000000E+03  -4.39770000000000E+01
 1.88804170000000E+03  -4.07520000000000E+01
 1.88812500000000E+03  -4.09126000000000E+01
 1.88820830000000E+03  -5.49195000000000E+01
 1.88829170000000E+03  -4.62333000000000E+01
 1.88837500000000E+03  -4.90866000000000E+01
 1.88845830000000E+03  -3.24015000000000E+01
 1.88854170000000E+03  -4.37157000000000E+01
 1.88862500000000E+03  -3.77232000000000E+01
 1.88870830000000E+03  -3.88077000000000E+01
 1.88879170000000E+03  -2.06607000000000E+01
 1.88887500000000E+03  -2.22839000000000E+01
 1.88895830000000E+03  -3.35995000000000E+01
 1.88904170000000E+03  -2.76836000000000E+01
 1.88912500000000E+03  -8.92260000000000E+00
 1.88920830000000E+03  -1.20847000000000E+01
 1.88929170000000E+03  -1.44769000000000E+01
 1.88937500000000E+03  -2.38700000000000E+01
 1.88945830000000E+03  -2.01094000000000E+01
 1.88954170000000E+03  -2.65789000000000E+01
 1.88962500000000E+03  -3.29724000000000E+01
 1.88970830000000E+03  -4.06737000000000E+01
 1.88979170000000E+03  -4.05281000000000E+01
 1.88987500000000E+03  -4.29220000000000E+01
 1.88995830000000E+03  -1.31621000000000E+01
 1.89004170000000E+03   1.61370000000000E+01
 1.89012500000000E+03   3.06659000000000E+01
 1.89020830000000E+03   1.91177000000000E+01
 1.89029170000000E+03   3.58779000000000E+01
 1.89037500000000E+03   4.40219000000000E+01
 1.89045830000000E+03   3.18580000000000E+01
 1.89054170000000E+03   1.06948000000000E+01
 1.89062500000000E+03   1.06910000000000E+00
 1.89070830000000E+03   5.52020000000000E+00
 1.89079170000000E+03  -1.68741000000000E+01
 1.89087500000000E+03  -1.59616000000000E+01
 1.89095830000000E+03  -1.54339000000000E+01
 1.89104170000000E+03  -2.46748000000000E+01
 1.89112500000000E+03  -3.36857000000000E+01
 1.89120830000000E+03  -3.05430000000000E+01
 1.89129170000000E+03  -2.76303000000000E+01
 1.89137500000000E+03  -5.31032000000000E+01
 1.89145830000000E+03  -4.74224000000000E+01
 1.89154170000000E+03  -3.00485000000000E+01
 1.89162500000000E+03  -1.60602000000000E+01
 1.89170830000000E+03  -4.62259000000000E+01
 1.89179170000000E+03  -6.00832000000000E+01
 1.89187500000000E+03  -4.05567000000000E+01
 1.89195830000000E+03  -3.04920000000000E+01
 1.89204170000000E+03  -6.11880000000000E+00
 1.89212500000000E+03   5.79180000000000E+00
 1.89220830000000E+03   1.79332000000000E+01
 1.89229170000000E+03   4.61360000000000E+00
 1.89237500000000E+03  -7.24530000000000E+00
 1.89245830000000E+03  -1.02740000000000E+00
 1.89254170000000E+03  -2.23472000000000E+01
 1.89262500000000E+03  -4.08219000000000E+01
 1.89270830000000E+03  -3.38351000000000E+01
 1.89279170000000E+03  -1.08477000000000E+01
 1.89287500000000E+03  -1.55534000000000E+01
 1.89295830000000E+03  -1.34132000000000E+01
 1.89304170000000E+03  -1.61184000000000E+01
 1.89312500000000E+03  -1.72860000000000E+01
 1.89320830000000E+03  -4.68460000000000E+00
 1.89329170000000E+03   1.07140000000000E+00
 1.89337500000000E+03   2.50572000000000E+01
 1.89345830000000E+03   5.18891000000000E+01
 1.89354170000000E+03   6.11832000000000E+01
 1.89362500000000E+03   1.07399500000000E+02
 1.89370830000000E+03   1.35692500000000E+02
 1.89379170000000E+03   1.06678600000000E+02
 1.89387500000000E+03   9.35868000000000E+01
 1.89395830000000E+03   9.81871000000000E+01
 1.89404170000000E+03   1.01095900000000E+02
 1.89412500000000E+03   1.16465300000000E+02
 1.89420830000000E+03   1.10219200000000E+02
 1.89429170000000E+03   7.88968000000000E+01
 1.89437500000000E+03   6.58813000000000E+01
 1.89445830000000E+03   5.90963000000000E+01
 1.89454170000000E+03   2.98505000000000E+01
 1.89462500000000E+03  -5.93460000000000E+00
 1.89470830000000E+03  -4.74122000000000E+01
 1.89479170000000E+03  -6.27353000000000E+01
 1.89487500000000E+03  -6.09054000000000E+01
 1.89495830000000E+03  -5.90757000000000E+01
 1.89504170000000E+03  -4.05529000000000E+01
 1.89512500000000E+03  -3.42619000000000E+01
 1.89520830000000E+03  -2.99709000000000E+01
 1.89529170000000E+03  -1.46793000000000E+01
 1.89537500000000E+03   1.33806000000000E+01
 1.89545830000000E+03   1.18250000000000E+01
 1.89554170000000E+03   2.42400000000000E+00
 1.89562500000000E+03   2.25605000000000E+01
 1.89570830000000E+03   5.12353000000000E+01
 1.89579170000000E+03   5.42955000000000E+01
 1.89587500000000E+03   4.91239000000000E+01
 1.89595830000000E+03   6.50292000000000E+01
 1.89604170000000E+03   8.62428000000000E+01
 1.89612500000000E+03   7.98401000000000E+01
 1.89620830000000E+03   7.02835000000000E+01
 1.89629170000000E+03   6.21122000000000E+01
 1.89637500000000E+03   4.72476000000000E+01
 1.89645830000000E+03   1.90752000000000E+01
 1.89654170000000E+03  -8.86570000000000E+00
 1.89662500000000E+03  -1.44998000000000E+01
 1.89670830000000E+03  -3.97495000000000E+01
 1.89679170000000E+03  -5.13061000000000E+01
 1.89687500000000E+03  -5.40176000000000E+01
 1.89695830000000E+03  -5.65753000000000E+01
 1.89704170000000E+03  -4.95938000000000E+01
 1.89712500000000E+03  -5.82287000000000E+01
 1.89720830000000E+03  -4.18636000000000E+01
 1.89729170000000E+03  -3.04210000000000E+01
 1.89737500000000E+03  -4.00562000000000E+01
 1.89745830000000E+03  -2.79992000000000E+01
 1.89754170000000E+03   3.59690000000000E+00
 1.89762500000000E+03   4.42690000000000E+01
 1.89770830000000E+03   4.00949000000000E+01
 1.89779170000000E+03   3.34599000000000E+01
 1.89787500000000E+03   3.03624000000000E+01
 1.89795830000000E+03   3.36495000000000E+01
 1.89804170000000E+03   5.50141000000000E+01
 1.89812500000000E+03   6.15317000000000E+01
 1.89820830000000E+03   7.05107000000000E+01
 1.89829170000000E+03   4.43365000000000E+01
 1.89837500000000E+03   4.02384000000000E+01
 1.89845830000000E+03   6.56016000000000E+01
 1.89854170000000E+03   7.11963000000000E+01
 1.89862500000000E+03   5.93286000000000E+01
 1.89870830000000E+03   4.01530000000000E+01
 1.89879170000000E+03   5.02089000000000E+01
 1.89887500000000E+03   5.36485000000000E+01
 1.89895830000000E+03   5.84726000000000E+01
 1.89904170000000E+03   5.84513000000000E+01
 1.89912500000000E+03   4.68905000000000E+01
 1.89920830000000E+03   5.17142000000000E+01
 1.89929170000000E+03   6.35387000000000E+01
 1.89937500000000E+03   1.05669800000000E+02
 1.89945830000000E+03   1.11031700000000E+02
 1.89954170000000E+03   7.34711000000000E+01
 1.89962500000000E+03   3.49097000000000E+01
 1.89970830000000E+03   1.01942000000000E+01
 1.89979170000000E+03  -1.10590000000000E+01
 1.89987500000000E+03  -2.22362000000000E+01
 1.89995830000000E+03  -1.84135000000000E+01
 1.90004170000000E+03  -7.20550000000000E+00
 1.90012500000000E+03   3.09200000000000E-01
 1.90020830000000E+03   1.74690000000000E+00
 1.90029170000000E+03   5.41610000000000E+00
 1.90037500000000E+03  -1.66080000000000E+01
 1.90045830000000E+03  -4.10168000000000E+01
 1.90054170000000E+03  -4.84249000000000E+01
 1.90062500000000E+03  -3.81416000000000E+01
 1.90070830000000E+03  -3.54738000000000E+01
 1.90079170000000E+03  -3.18823000000000E+01
 1.90087500000000E+03  -3.79840000000000E+01
 1.90095830000000E+03  -3.79320000000000E+01
 1.90104170000000E+03  -3.81869000000000E+01
 1.90112500000000E+03  -4.58275000000000E+01
 1.90120830000000E+03  -6.13912000000000E+01
 1.90129170000000E+03  -6.67234000000000E+01
 1.90137500000000E+03  -8.66720000000000E+01
 1.90145830000000E+03  -8.07745000000000E+01
 1.90154170000000E+03  -6.94148000000000E+01
 1.90162500000000E+03  -7.03637000000000E+01
 1.90170830000000E+03  -8.10820000000000E+01
 1.90179170000000E+03  -8.72611000000000E+01
 1.90187500000000E+03  -9.05180000000000E+01
 1.90195830000000E+03  -7.96982000000000E+01
 1.90204170000000E+03  -7.05700000000000E+01
 1.90212500000000E+03  -4.66734000000000E+01
 1.90220830000000E+03  -3.33924000000000E+01
 1.90229170000000E+03  -2.54953000000000E+01
 1.90237500000000E+03  -2.69068000000000E+01
 1.90245830000000E+03  -3.86261000000000E+01
 1.90254170000000E+03  -3.64217000000000E+01
 1.90262500000000E+03  -2.38335000000000E+01
 1.90270830000000E+03  -3.55320000000000E+00
 1.90279170000000E+03   1.98047000000000E+01
 1.90287500000000E+03   3.83156000000000E+01
 1.90295830000000E+03   4.25956000000000E+01
 1.90304170000000E+03   5.90301000000000E+01
 1.90312500000000E+03   7.61560000000000E+01
 1.90320830000000E+03   7.88971000000000E+01
 1.90329170000000E+03   6.77159000000000E+01
 1.90337500000000E+03   8.16876000000000E+01
 1.90345830000000E+03   8.31207000000000E+01
 1.90354170000000E+03   9.35545000000000E+01
 1.90362500000000E+03   6.92950000000000E+01
 1.90370830000000E+03   1.25740000000000E+01
 1.90379170000000E+03  -2.17618000000000E+01
 1.90387500000000E+03  -3.66370000000000E+01
 1.90395830000000E+03  -3.52815000000000E+01
 1.90404170000000E+03  -1.34638000000000E+01
 1.90412500000000E+03  -6.95470000000000E+00
 1.90420830000000E+03  -3.74457000000000E+01
 1.90429170000000E+03  -5.47822000000000E+01
 1.90437500000000E+03  -4.44273000000000E+01
 1.90445830000000E+03  -3.76110000000000E+01
 1.90454170000000E+03  -2.06402000000000E+01
 1.90462500000000E+03   2.86820000000000E+00
 1.90470830000000E+03   4.91490000000000E+00
 1.90479170000000E+03   1.55777000000000E+01
 1.90487500000000E+03   2.03934000000000E+01
 1.90495830000000E+03   1.22860000000000E+01
 1.90504170000000E+03   1.87946000000000E+01
 1.90512500000000E+03   1.53023000000000E+01
 1.90520830000000E+03   1.48098000000000E+01
 1.90529170000000E+03   1.47027000000000E+01
 1.90537500000000E+03   3.17485000000000E+01
 1.90545830000000E+03   3.82557000000000E+01
 1.90554170000000E+03   3.52251000000000E+01
 1.90562500000000E+03   2.91936000000000E+01
 1.90570830000000E+03   2.54660000000000E+00
 1.90587500000000E+03  -6.70000000000000E-01
 1.90595830000000E+03   7.52880000000000E+00
 1.90604170000000E+03   1.84975000000000E+01
 1.90612500000000E+03   3.60038000000000E+01
 1.90620830000000E+03   3.05869000000000E+01
 1.90629170000000E+03   1.86322000000000E+01
 1.90637500000000E+03  -3.09270000000000E+00
 1.90645830000000E+03   2.31054000000000E+01
 1.90654170000000E+03   1.39196000000000E+01
 1.90662500000000E+03   1.65590000000000E+00
 1.90670830000000E+03  -3.30020000000000E+00
 1.90679170000000E+03  -2.33325000000000E+01
 1.90687500000000E+03  -2.31350000000000E+01
 1.90695830000000E+03  -7.01460000000000E+00
 1.90704170000000E+03  -2.43190000000000E+00
 1.90712500000000E+03   1.25345000000000E+01
 1.90720830000000E+03   2.73469000000000E+01
 1.90729170000000E+03   2.73139000000000E+01
 1.90737500000000E+03   2.05107000000000E+01
 1.90745830000000E+03   1.91689000000000E+01
 1.90754170000000E+03   5.20100000000000E-01
 1.90762500000000E+03   1.19474000000000E+01
 1.90770830000000E+03  -1.20101000000000E+01
 1.90779170000000E+03  -4.82747000000000E+01
 1.90787500000000E+03  -4.99247000000000E+01
 1.90795830000000E+03  -5.38826000000000E+01
 1.90804170000000E+03  -6.16859000000000E+01
 1.90812500000000E+03  -6.17979000000000E+01
 1.90820830000000E+03  -7.19099000000000E+01
 1.90829170000000E+03  -9.89444000000000E+01
 1.90837500000000E+03  -1.04441300000000E+02
 1.90845830000000E+03  -8.76307000000000E+01
 1.90854170000000E+03  -6.38963000000000E+01
 1.90862500000000E+03  -6.78551000000000E+01
 1.90870830000000E+03  -1.07967800000000E+02
 1.90879170000000E+03  -1.05772200000000E+02
 1.90887500000000E+03  -8.81929000000000E+01
 1.90895830000000E+03  -8.13830000000000E+01
 1.90904170000000E+03  -6.61108000000000E+01
 1.90912500000000E+03  -3.54549000000000E+01
 1.90920830000000E+03  -3.01838000000000E+01
 1.90929170000000E+03  -3.02966000000000E+01
 1.90937500000000E+03  -1.81026000000000E+01
 1.90945830000000E+03  -4.37030000000000E+00
 1.90954170000000E+03   1.47473000000000E+01
 1.90962500000000E+03   1.92486000000000E+01
 1.90970830000000E+03   2.29806000000000E+01
 1.90979170000000E+03   3.74825000000000E+01
 1.90987500000000E+03   4.96757000000000E+01
 1.90995830000000E+03   4.95612000000000E+01
 1.91004170000000E+03   5.25243000000000E+01
 1.91012500000000E+03   3.62556000000000E+01
 1.91020830000000E+03   6.91000000000000E+00
 1.91029170000000E+03   2.18040000000000E+00
 1.91037500000000E+03  -7.16550000000000E+00
 1.91045830000000E+03  -1.95884000000000E+01
 1.91054170000000E+03  -1.27799000000000E+01
 1.91062500000000E+03  -2.98185000000000E+01
 1.91070830000000E+03  -3.68572000000000E+01
 1.91079170000000E+03  -4.31259000000000E+01
 1.91087500000000E+03  -4.47802000000000E+01
 1.91095830000000E+03  -4.72039000000000E+01
 1.91104170000000E+03  -3.11653000000000E+01
 1.91112500000000E+03  -3.43584000000000E+01
 1.91120830000000E+03  -1.21670000000000E+01
 1.91129170000000E+03  -1.51340000000000E+00
 1.91137500000000E+03   1.68316000000000E+01
 1.91145830000000E+03   1.36380000000000E+01
 1.91154170000000E+03   1.42912000000000E+01
 1.91162500000000E+03  -6.59490000000000E+00
 1.91170830000000E+03  -1.82504000000000E+01
 1.91179170000000E+03  -2.60590000000000E+01
 1.91187500000000E+03  -2.30994000000000E+01
 1.91195830000000E+03  -8.60130000000000E+00
 1.91204170000000E+03  -7.17960000000000E+00
 1.91212500000000E+03  -1.03741000000000E+01
 1.91220830000000E+03   3.35430000000000E+00
 1.91229170000000E+03  -1.44550000000000E+01
 1.91237500000000E+03  -5.34220000000000E+00
 1.91245830000000E+03   5.30900000000000E+00
 1.91254170000000E+03   1.91146000000000E+01
 1.91262500000000E+03   3.01502000000000E+01
 1.91270830000000E+03   6.33394000000000E+01
 1.91279170000000E+03   6.62217000000000E+01
 1.91287500000000E+03   5.54107000000000E+01
 1.91295830000000E+03   6.45227000000000E+01
 1.91304170000000E+03   6.14815000000000E+01
 1.91312500000000E+03   7.58241000000000E+01
 1.91320830000000E+03   5.84742000000000E+01
 1.91329170000000E+03   3.72788000000000E+01
 1.91337500000000E+03   6.30055000000000E+01
 1.91345830000000E+03   9.11168000000000E+01
 1.91354170000000E+03   7.94596000000000E+01
 1.91362500000000E+03   9.44168000000000E+01
 1.91370830000000E+03   9.22969000000000E+01
 1.91379170000000E+03   6.77162000000000E+01
 1.91387500000000E+03   7.75961000000000E+01
 1.91395830000000E+03   8.65529000000000E+01
 1.91404170000000E+03   7.86641000000000E+01
 1.91412500000000E+03   7.40052000000000E+01
 1.91420830000000E+03   6.78078000000000E+01
 1.91429170000000E+03   8.13033000000000E+01
 1.91437500000000E+03   8.24902000000000E+01
 1.91445830000000E+03   7.71385000000000E+01
 1.91454170000000E+03   3.15567000000000E+01
 1.91462500000000E+03   5.20480000000000E+00
 1.91470830000000E+03  -2.92241000000000E+01
 1.91479170000000E+03  -2.81909000000000E+01
 1.91487500000000E+03  -3.12354000000000E+01
 1.91495830000000E+03  -3.83570000000000E+01
 1.91504170000000E+03  -2.97857000000000E+01
 1.91512500000000E+03  -2.00613000000000E+01
 1.91520830000000E+03  -1.75679000000000E+01
 1.91529170000000E+03  -4.06123000000000E+01
 1.91537500000000E+03  -5.34268000000000E+01
 1.91545830000000E+03  -4.46260000000000E+01
 1.91554170000000E+03  -4.33631000000000E+01
 1.91562500000000E+03  -2.41779000000000E+01
 1.91570830000000E+03  -3.93775000000000E+01
 1.91579170000000E+03  -3.97303000000000E+01
 1.91587500000000E+03  -5.45455000000000E+01
 1.91595830000000E+03  -5.71300000000000E+01
 1.91604170000000E+03  -5.76370000000000E+01
 1.91612500000000E+03  -6.16833000000000E+01
 1.91620830000000E+03  -6.50375000000000E+01
 1.91629170000000E+03  -5.72371000000000E+01
 1.91637500000000E+03  -3.13607000000000E+01
 1.91645830000000E+03  -2.18691000000000E+01
 1.91654170000000E+03  -3.40691000000000E+01
 1.91662500000000E+03  -6.28084000000000E+01
 1.91670830000000E+03  -9.63940000000000E+01
 1.91679170000000E+03  -7.83636000000000E+01
 1.91687500000000E+03  -7.44879000000000E+01
 1.91695830000000E+03  -6.87662000000000E+01
 1.91704170000000E+03  -7.04284000000000E+01
 1.91712500000000E+03  -7.81685000000000E+01
 1.91720830000000E+03  -6.61394000000000E+01
 1.91729170000000E+03  -4.18020000000000E+01
 1.91737500000000E+03  -3.05424000000000E+01
 1.91745830000000E+03  -3.59900000000000E-01
 1.91754170000000E+03   1.63618000000000E+01
 1.91762500000000E+03   3.53134000000000E+01
 1.91770830000000E+03   3.57263000000000E+01
 1.91779170000000E+03   3.08323000000000E+01
 1.91787500000000E+03   7.32190000000000E+00
 1.91795830000000E+03   1.58884000000000E+01
 1.91804170000000E+03   2.65324000000000E+01
 1.91812500000000E+03   3.60217000000000E+01
 1.91820830000000E+03   6.59725000000000E+01
 1.91829170000000E+03   6.73085000000000E+01
 1.91837500000000E+03   4.36436000000000E+01
 1.91845830000000E+03   2.46709000000000E+01
 1.91854170000000E+03  -1.26858000000000E+01
 1.91862500000000E+03  -4.39664000000000E+01
 1.91870830000000E+03  -6.54780000000000E+01
 1.91879170000000E+03  -5.97581000000000E+01
 1.91887500000000E+03  -5.41160000000000E+01
 1.91895830000000E+03  -2.33201000000000E+01
 1.91904170000000E+03  -2.15237000000000E+01
 1.91912500000000E+03  -4.49730000000000E+00
 1.91920830000000E+03   1.36828000000000E+01
 1.91929170000000E+03   2.47890000000000E+00
 1.91937500000000E+03  -2.75720000000000E+01
 1.91945830000000E+03  -2.90077000000000E+01
 1.91954170000000E+03  -1.22119000000000E+01
 1.91962500000000E+03   7.42910000000000E+00
 1.91970830000000E+03   4.02239000000000E+01
 1.91979170000000E+03   4.81731000000000E+01
 1.91987500000000E+03   5.81215000000000E+01
 1.91995830000000E+03   7.61467000000000E+01
 1.92004170000000E+03   8.13263000000000E+01
 1.92012500000000E+03   8.41205000000000E+01
 1.92020830000000E+03   6.39145000000000E+01
 1.92029170000000E+03   2.41708000000000E+01
 1.92037500000000E+03   1.15800000000000E+01
 1.92045830000000E+03   1.12968000000000E+01
 1.92054170000000E+03   2.53988000000000E+01
 1.92062500000000E+03   1.36538000000000E+01
 1.92070830000000E+03   1.10625000000000E+01
 1.92079170000000E+03  -4.51200000000000E-01
 1.92087500000000E+03   1.57270000000000E+00
 1.92095830000000E+03   3.65700000000000E-01
 1.92104170000000E+03   1.46978000000000E+01
 1.92112500000000E+03   2.34136000000000E+01
 1.92120830000000E+03   2.98217000000000E+01
 1.92129170000000E+03   4.43842000000000E+01
 1.92137500000000E+03   6.90997000000000E+01
 1.92145830000000E+03   7.92766000000000E+01
 1.92154170000000E+03   1.09761800000000E+02
 1.92162500000000E+03   7.67846000000000E+01
 1.92170830000000E+03   7.24996000000000E+01
 1.92179170000000E+03   4.41384000000000E+01
 1.92187500000000E+03   4.17762000000000E+01
 1.92195830000000E+03   5.57986000000000E+01
 1.92204170000000E+03   6.00523000000000E+01
 1.92212500000000E+03   5.97668000000000E+01
 1.92220830000000E+03   4.73272000000000E+01
 1.92229170000000E+03   2.30422000000000E+01
 1.92237500000000E+03   1.69870000000000E+01
 1.92245830000000E+03   3.01625000000000E+01
 1.92254170000000E+03   4.01078000000000E+01
 1.92262500000000E+03   2.88216000000000E+01
 1.92270830000000E+03   1.47659000000000E+01
 1.92279170000000E+03  -1.77506000000000E+01
 1.92287500000000E+03  -3.88340000000000E+00
 1.92295830000000E+03   1.14452000000000E+01
 1.92304170000000E+03   1.47745000000000E+01
 1.92312500000000E+03   2.56413000000000E+01
 1.92320830000000E+03   3.26619000000000E+01
 1.92329170000000E+03   5.55293000000000E+01
 1.92337500000000E+03   9.20112000000000E+01
 1.92345830000000E+03   9.00314000000000E+01
 1.92354170000000E+03   6.39754000000000E+01
 1.92362500000000E+03   4.23800000000000E+01
 1.92370830000000E+03   2.90922000000000E+01
 1.92379170000000E+03   5.40358000000000E+01
 1.92387500000000E+03   7.79785000000000E+01
 1.92395830000000E+03   7.70749000000000E+01
 1.92404170000000E+03   7.32489000000000E+01
 1.92412500000000E+03   6.56528000000000E+01
 1.92420830000000E+03   5.93643000000000E+01
 1.92429170000000E+03   4.50764000000000E+01
 1.92437500000000E+03   2.61723000000000E+01
 1.92445830000000E+03   1.38065000000000E+01
 1.92454170000000E+03   4.19028000000000E+01
 1.92462500000000E+03   7.15368000000000E+01
 1.92470830000000E+03   6.41707000000000E+01
 1.92479170000000E+03   6.54975000000000E+01
 1.92487500000000E+03   5.59772000000000E+01
 1.92495830000000E+03   6.46107000000000E+01
 1.92504170000000E+03   6.45525000000000E+01
 1.92512500000000E+03   5.61858000000000E+01
 1.92520830000000E+03   6.95882000000000E+01
 1.92529170000000E+03   7.17604000000000E+01
 1.92537500000000E+03   7.04702000000000E+01
 1.92545830000000E+03   7.26415000000000E+01
 1.92554170000000E+03   5.94287000000000E+01
 1.92562500000000E+03   8.13820000000000E+00
 1.92570830000000E+03  -7.69090000000000E+00
 1.92579170000000E+03  -6.36550000000000E+00
 1.92587500000000E+03  -1.32718000000000E+01
 1.92595830000000E+03  -5.94740000000000E+00
 1.92604170000000E+03  -1.14685000000000E+01
 1.92612500000000E+03  -1.06740000000000E+00
 1.92620830000000E+03   1.17950000000000E+01
 1.92629170000000E+03  -3.41800000000000E-01
 1.92637500000000E+03  -8.86420000000000E+00
 1.92645830000000E+03  -5.92510000000000E+00
 1.92654170000000E+03   1.86070000000000E+00
 1.92662500000000E+03   1.49190000000000E+00
 1.92670830000000E+03   7.66140000000000E+00
 1.92679170000000E+03   5.75460000000000E+00
 1.92687500000000E+03   2.04623000000000E+01
 1.92695830000000E+03   4.85545000000000E+01
 1.92704170000000E+03   5.61858000000000E+01
 1.92712500000000E+03   6.27393000000000E+01
 1.92720830000000E+03   6.29850000000000E+01
 1.92729170000000E+03   6.18467000000000E+01
 1.92737500000000E+03   6.68614000000000E+01
 1.92745830000000E+03   4.31836000000000E+01
 1.92754170000000E+03   3.74296000000000E+01
 1.92762500000000E+03   2.90593000000000E+01
 1.92770830000000E+03   2.45820000000000E+00
 1.92779170000000E+03  -8.60390000000000E+00
 1.92787500000000E+03  -3.27437000000000E+01
 1.92795830000000E+03  -3.23453000000000E+01
 1.92804170000000E+03  -1.96385000000000E+01
 1.92812500000000E+03  -5.00940000000000E+00
 1.92820830000000E+03   9.27200000000000E-01
 1.92829170000000E+03  -4.43300000000000E-01
 1.92837500000000E+03  -8.81470000000000E+00
 1.92845830000000E+03  -6.80150000000000E+00
 1.92854170000000E+03   3.66100000000000E-01
 1.92862500000000E+03  -3.05440000000000E+01
 1.92870830000000E+03  -5.31466000000000E+01
 1.92879170000000E+03  -3.67485000000000E+01
 1.92887500000000E+03  -2.38129000000000E+01
 1.92895830000000E+03   5.07300000000000E-01
 1.92904170000000E+03   4.59730000000000E+00
 1.92912500000000E+03  -9.15970000000000E+00
 1.92920830000000E+03  -1.27630000000000E+01
 1.92929170000000E+03   7.11300000000000E-01
 1.92937500000000E+03   1.14154000000000E+01
 1.92945830000000E+03   2.22733000000000E+01
 1.92954170000000E+03   3.31319000000000E+01
 1.92962500000000E+03   3.38357000000000E+01
 1.92970830000000E+03   5.68471000000000E+01
 1.92979170000000E+03   4.70899000000000E+01
 1.92987500000000E+03   3.91779000000000E+01
 1.92995830000000E+03   3.74198000000000E+01
 1.93004170000000E+03   3.20468000000000E+01
 1.93012500000000E+03   2.82115000000000E+01
 1.93020830000000E+03   2.45290000000000E+00
 1.93029170000000E+03  -6.07420000000000E+00
 1.93037500000000E+03   3.55160000000000E+00
 1.93045830000000E+03  -6.43810000000000E+00
 1.93054170000000E+03  -2.34271000000000E+01
 1.93062500000000E+03  -5.64939000000000E+01
 1.93070830000000E+03  -6.14839000000000E+01
 1.93079170000000E+03  -6.93964000000000E+01
 1.93087500000000E+03  -6.01559000000000E+01
 1.93095830000000E+03  -4.03001000000000E+01
 1.93104170000000E+03  -1.73668000000000E+01
 1.93112500000000E+03  -1.02805000000000E+01
 1.93120830000000E+03  -1.59635000000000E+01
 1.93129170000000E+03   1.55849000000000E+01
 1.93137500000000E+03   1.99016000000000E+01
 1.93145830000000E+03  -8.01260000000000E+00
 1.93154170000000E+03   1.51508000000000E+01
 1.93162500000000E+03   1.80826000000000E+01
 1.93170830000000E+03   1.63219000000000E+01
 1.93179170000000E+03   2.88696000000000E+01
 1.93187500000000E+03   2.94933000000000E+01
 1.93195830000000E+03   4.02707000000000E+01
 1.93204170000000E+03   3.98180000000000E+01
 1.93212500000000E+03   3.23645000000000E+01
 1.93220830000000E+03   4.57570000000000E+01
 1.93229170000000E+03   6.19962000000000E+01
 1.93237500000000E+03   4.99269000000000E+01
 1.93245830000000E+03   5.65498000000000E+01
 1.93254170000000E+03   5.47887000000000E+01
 1.93262500000000E+03   2.76421000000000E+01
 1.93270830000000E+03   9.18770000000000E+00
 1.93279170000000E+03   2.10417000000000E+01
 1.93287500000000E+03   8.89470000000000E+00
 1.93295830000000E+03   6.13230000000000E+00
 1.93304170000000E+03   1.64474000000000E+01
 1.93312500000000E+03   3.11463000000000E+01
 1.93320830000000E+03   1.52297000000000E+01
 1.93329170000000E+03  -9.22480000000000E+00
 1.93337500000000E+03  -3.46801000000000E+01
 1.93345830000000E+03  -5.55202000000000E+01
 1.93354170000000E+03  -5.86673000000000E+01
 1.93362500000000E+03  -4.49691000000000E+01
 1.93370830000000E+03  -4.60403000000000E+01
 1.93379170000000E+03  -5.87263000000000E+01
 1.93387500000000E+03  -6.31823000000000E+01
 1.93395830000000E+03  -4.77923000000000E+01
 1.93404170000000E+03  -3.45555000000000E+01
 1.93412500000000E+03  -3.19350000000000E+01
 1.93420830000000E+03  -4.71607000000000E+01
 1.93429170000000E+03  -1.42320000000000E+01
 1.93437500000000E+03   3.84970000000000E+00
 1.93445830000000E+03   1.34698000000000E+01
 1.93454170000000E+03   2.19366000000000E+01
 1.93462500000000E+03   2.80949000000000E+01
 1.93470830000000E+03   6.09920000000000E+00
 1.93479170000000E+03   2.71960000000000E+00
 1.93487500000000E+03   1.36467000000000E+01
 1.93495830000000E+03   1.58046000000000E+01
 1.93504170000000E+03   2.38861000000000E+01
 1.93512500000000E+03   3.26590000000000E+01
 1.93520830000000E+03   2.81242000000000E+01
 1.93529170000000E+03   5.32823000000000E+01
 1.93537500000000E+03   4.18241000000000E+01
 1.93545830000000E+03   3.73659000000000E+01
 1.93554170000000E+03   4.24467000000000E+01
 1.93562500000000E+03   3.70651000000000E+01
 1.93570830000000E+03  -1.47050000000000E+00
 1.93579170000000E+03  -6.69770000000000E+00
 1.93587500000000E+03  -2.80027000000000E+01
 1.93595830000000E+03  -2.06925000000000E+01
 1.93604170000000E+03  -1.66124000000000E+01
 1.93612500000000E+03  -1.75331000000000E+01
 1.93620830000000E+03  -2.74540000000000E+01
 1.93629170000000E+03  -3.23742000000000E+01
 1.93637500000000E+03  -4.33723000000000E+01
 1.93645830000000E+03  -2.55243000000000E+01
 1.93654170000000E+03  -2.56756000000000E+01
 1.93662500000000E+03  -5.37509000000000E+01
 1.93670830000000E+03  -6.11341000000000E+01
 1.93679170000000E+03  -6.14396000000000E+01
 1.93687500000000E+03  -6.49768000000000E+01
 1.93695830000000E+03  -4.61295000000000E+01
 1.93704170000000E+03  -3.63585000000000E+01
 1.93712500000000E+03  -4.34346000000000E+01
 1.93720830000000E+03  -3.88953000000000E+01
 1.93729170000000E+03  -3.45093000000000E+01
 1.93737500000000E+03  -3.49703000000000E+01
 1.93745830000000E+03  -6.48160000000000E+01
 1.93754170000000E+03  -9.06611000000000E+01
 1.93762500000000E+03  -8.32762000000000E+01
 1.93770830000000E+03  -4.22762000000000E+01
 1.93779170000000E+03  -4.27550000000000E+00
 1.93787500000000E+03   1.65705000000000E+01
 1.93795830000000E+03   3.97241000000000E+01
 1.93804170000000E+03   5.28014000000000E+01
 1.93812500000000E+03   4.93393000000000E+01
 1.93820830000000E+03   5.79541000000000E+01
 1.93829170000000E+03   6.05695000000000E+01
 1.93837500000000E+03   8.81071000000000E+01
 1.93845830000000E+03   8.91061000000000E+01
 1.93854170000000E+03   9.57981000000000E+01
 1.93862500000000E+03   1.05719900000000E+02
 1.93870830000000E+03   7.90263000000000E+01
 1.93879170000000E+03   5.34871000000000E+01
 1.93887500000000E+03   1.50240000000000E+01
 1.93895830000000E+03   1.48685000000000E+01
 1.93904170000000E+03   1.17905000000000E+01
 1.93912500000000E+03  -9.80600000000000E-01
 1.93920830000000E+03  -1.69827000000000E+01
 1.93929170000000E+03  -4.50610000000000E+01
 1.93937500000000E+03  -6.49094000000000E+01
 1.93945830000000E+03  -8.90657000000000E+01
 1.93954170000000E+03  -9.47598000000000E+01
 1.93962500000000E+03  -1.10223900000000E+02
 1.93970830000000E+03  -1.34688200000000E+02
 1.93979170000000E+03  -1.35382600000000E+02
 1.93987500000000E+03  -1.51001000000000E+02
 1.93995830000000E+03  -1.41388700000000E+02
 1.94004170000000E+03  -1.39160400000000E+02
 1.94012500000000E+03  -1.25009900000000E+02
 1.94020830000000E+03  -9.56287000000000E+01
 1.94029170000000E+03  -7.52470000000000E+01
 1.94037500000000E+03  -4.74814000000000E+01
 1.94045830000000E+03  -3.24852000000000E+01
 1.94054170000000E+03  -5.45653000000000E+01
 1.94062500000000E+03  -7.24155000000000E+01
 1.94070830000000E+03  -6.43428000000000E+01
 1.94079170000000E+03  -7.46540000000000E+01
 1.94087500000000E+03  -8.46584000000000E+01
 1.94095830000000E+03  -7.42014000000000E+01
 1.94104170000000E+03  -6.58976000000000E+01
 1.94112500000000E+03  -6.02100000000000E+01
 1.94120830000000E+03  -7.06764000000000E+01
 1.94129170000000E+03  -1.02449900000000E+02
 1.94137500000000E+03  -1.16608800000000E+02
 1.94145830000000E+03  -1.15229400000000E+02
 1.94154170000000E+03  -1.34695600000000E+02
 1.94162500000000E+03  -1.38393300000000E+02
 1.94170830000000E+03  -1.37322000000000E+02
 1.94179170000000E+03  -1.38250000000000E+02
 1.94187500000000E+03  -1.32486600000000E+02
 1.94195830000000E+03  -1.11415600000000E+02
 1.94204170000000E+03  -9.31901000000000E+01
 1.94212500000000E+03  -8.88117000000000E+01
 1.94220830000000E+03  -8.45103000000000E+01
 1.94229170000000E+03  -7.20544000000000E+01
 1.94237500000000E+03  -5.52917000000000E+01
 1.94245830000000E+03  -2.07598000000000E+01
 1.94254170000000E+03  -2.40735000000000E+01
 1.94262500000000E+03   1.17657000000000E+01
 1.94270830000000E+03   5.18357000000000E+01
 1.94279170000000E+03   9.49062000000000E+01
 1.94287500000000E+03   1.17822100000000E+02
 1.94295830000000E+03   1.33353200000000E+02
 1.94304170000000E+03   1.39885000000000E+02
 1.94312500000000E+03   1.48108200000000E+02
 1.94320830000000E+03   1.54408200000000E+02
 1.94329170000000E+03   1.59862600000000E+02
 1.94337500000000E+03   1.42085500000000E+02
 1.94345830000000E+03   1.39769700000000E+02
 1.94354170000000E+03   1.46916100000000E+02
 1.94362500000000E+03   1.64830900000000E+02
 1.94370830000000E+03   1.41899500000000E+02
 1.94379170000000E+03   1.17507100000000E+02
 1.94387500000000E+03   9.71907000000000E+01
 1.94395830000000E+03   9.02589000000000E+01
 1.94404170000000E+03   8.80969000000000E+01
 1.94412500000000E+03   8.02418000000000E+01
 1.94420830000000E+03   7.36942000000000E+01
 1.94429170000000E+03   6.86088000000000E+01
 1.94437500000000E+03   5.29071000000000E+01
 1.94445830000000E+03   6.03592000000000E+01
 1.94454170000000E+03   5.58119000000000E+01
 1.94462500000000E+03   2.49561000000000E+01
 1.94470830000000E+03   1.17924000000000E+01
 1.94479170000000E+03   1.73217000000000E+01
 1.94487500000000E+03   2.33885000000000E+01
 1.94495830000000E+03   3.29938000000000E+01
 1.94504170000000E+03   3.87534000000000E+01
 1.94512500000000E+03   4.29738000000000E+01
 1.94520830000000E+03   3.89633000000000E+01
 1.94529170000000E+03   3.63380000000000E+01
 1.94537500000000E+03   3.04042000000000E+01
 1.94545830000000E+03   3.61625000000000E+01
 1.94554170000000E+03   3.17676000000000E+01
 1.94562500000000E+03   3.40642000000000E+01
 1.94570830000000E+03   2.58222000000000E+01
 1.94579170000000E+03   3.11962000000000E+01
 1.94587500000000E+03   1.08771000000000E+01
 1.94595830000000E+03   1.62501000000000E+01
 1.94604170000000E+03   8.85450000000000E+00
 1.94612500000000E+03   1.19196000000000E+01
 1.94620830000000E+03   2.13693000000000E+01
 1.94629170000000E+03   2.32810000000000E+01
 1.94637500000000E+03   1.48073000000000E+01
 1.94645830000000E+03   1.06412000000000E+01
 1.94654170000000E+03  -1.97551000000000E+01
 1.94662500000000E+03  -6.45369000000000E+01
 1.94670830000000E+03  -9.14726000000000E+01
 1.94679170000000E+03  -7.60231000000000E+01
 1.94687500000000E+03  -9.97283000000000E+01
 1.94695830000000E+03  -9.32028000000000E+01
 1.94704170000000E+03  -9.49075000000000E+01
 1.94712500000000E+03  -1.08843800000000E+02
 1.94720830000000E+03  -1.17626400000000E+02
 1.94729170000000E+03  -1.16793000000000E+02
 1.94737500000000E+03  -1.11575800000000E+02
 1.94745830000000E+03  -1.05051000000000E+02
 1.94754170000000E+03  -9.36026000000000E+01
 1.94762500000000E+03  -7.28473000000000E+01
 1.94770830000000E+03  -3.53229000000000E+01
 1.94779170000000E+03  -1.75671000000000E+01
 1.94787500000000E+03  -3.45044000000000E+01
 1.94795830000000E+03  -2.42111000000000E+01
 1.94804170000000E+03  -1.65326000000000E+01
 1.94812500000000E+03  -3.08570000000000E+00
 1.94820830000000E+03   3.72841000000000E+01
 1.94829170000000E+03   5.67315000000000E+01
 1.94837500000000E+03   6.53319000000000E+01
 1.94845830000000E+03   8.90091000000000E+01
 1.94862500000000E+03   1.08286900000000E+02
 1.94870830000000E+03   1.08809900000000E+02
 1.94879170000000E+03   1.15948900000000E+02
 1.94887500000000E+03   1.19625500000000E+02
 1.94895830000000E+03   1.22302000000000E+02
 1.94904170000000E+03   1.31902200000000E+02
 1.94912500000000E+03   1.51424600000000E+02
 1.94920830000000E+03   1.45100700000000E+02
 1.94929170000000E+03   1.37239000000000E+02
 1.94937500000000E+03   1.11376400000000E+02
 1.94945830000000E+03   1.15821400000000E+02
 1.94954170000000E+03   9.64209000000000E+01
 1.94962500000000E+03   6.87887000000000E+01
 1.94970830000000E+03   5.18488000000000E+01
 1.94979170000000E+03   5.19864000000000E+01
 1.94987500000000E+03   3.68154000000000E+01
 1.94995830000000E+03   3.62597000000000E+01
 1.95004170000000E+03   3.57815000000000E+01
 1.95012500000000E+03   3.06871000000000E+01
 1.95020830000000E+03   2.55926000000000E+01
 1.95029170000000E+03   5.42680000000000E+01
 1.95037500000000E+03   4.68655000000000E+01
 1.95045830000000E+03   5.25399000000000E+01
 1.95054170000000E+03   2.34456000000000E+01
 1.95062500000000E+03  -2.26490000000000E+00
 1.95070830000000E+03  -2.44370000000000E+01
 1.95079170000000E+03  -3.08393000000000E+01
 1.95087500000000E+03  -5.76271000000000E+01
 1.95095830000000E+03  -3.81072000000000E+01
 1.95104170000000E+03  -3.86638000000000E+01
 1.95112500000000E+03  -3.71442000000000E+01
 1.95120830000000E+03  -3.89324000000000E+01
 1.95129170000000E+03  -6.57970000000000E+01
 1.95137500000000E+03  -5.27393000000000E+01
 1.95154170000000E+03  -2.68543000000000E+01
 1.95162500000000E+03  -2.25662000000000E+01
 1.95170830000000E+03  -2.53551000000000E+01
 1.95179170000000E+03  -1.27589000000000E+01
 1.95187500000000E+03  -4.70190000000000E+00
 1.95195830000000E+03   1.20473000000000E+01
 1.95204170000000E+03   3.29509000000000E+01
 1.95212500000000E+03   2.37768000000000E+01
 1.95220830000000E+03   2.38333000000000E+01
 1.95229170000000E+03   1.76596000000000E+01
 1.95237500000000E+03   2.52544000000000E+01
 1.95245830000000E+03   4.18490000000000E+01
 1.95279170000000E+03  -6.15690000000000E+00
 1.95287500000000E+03  -4.13321000000000E+01
 1.95295830000000E+03  -5.31998000000000E+01
 1.95304170000000E+03  -2.91437000000000E+01
 1.95320830000000E+03  -2.03340000000000E+00
 1.95329170000000E+03   2.17146000000000E+01
 1.95337500000000E+03   1.59233000000000E+01
 1.95345830000000E+03   2.89781000000000E+01
 1.95354170000000E+03   4.08026000000000E+01
 1.95362500000000E+03   1.56264000000000E+01
 1.95370830000000E+03   1.03731000000000E+01
 1.95379170000000E+03   1.68896000000000E+01
 1.95387500000000E+03   3.49437000000000E+01
 1.95395830000000E+03   6.82285000000000E+01
 1.95404170000000E+03   9.47447000000000E+01
 1.95437500000000E+03   1.11190700000000E+02
 1.95445830000000E+03   1.06244000000000E+02
 1.95462500000000E+03   8.84280000000000E+01
 1.95470830000000E+03   6.77886000000000E+01
 1.95479170000000E+03   4.66114000000000E+01
 1.95487500000000E+03   3.91257000000000E+01
 1.95495830000000E+03   2.64091000000000E+01
 1.95504170000000E+03   4.43854000000000E+01
 1.95512500000000E+03   5.78224000000000E+01
 1.95520830000000E+03   6.51824000000000E+01
 1.95529170000000E+03   5.30044000000000E+01
 1.95537500000000E+03   5.59796000000000E+01
 1.95545830000000E+03   6.04930000000000E+01
 1.95554170000000E+03   2.64686000000000E+01
 1.95570830000000E+03   3.41100000000000E-01
 1.95579170000000E+03  -1.39914000000000E+01
 1.95587500000000E+03   1.36900000000000E-01
 1.95595830000000E+03   1.02650000000000E+01
 1.95604170000000E+03   4.54760000000000E+00
 1.95612500000000E+03   1.89062000000000E+01
 1.95620830000000E+03   2.70340000000000E+01
 1.95629170000000E+03   3.90854000000000E+01
 1.95637500000000E+03   2.17515000000000E+01
 1.95645830000000E+03   3.54173000000000E+01
 1.95654170000000E+03   1.66992000000000E+01
 1.95662500000000E+03  -1.70967000000000E+01
 1.95670830000000E+03  -1.75081000000000E+01
 1.95679170000000E+03  -1.29958000000000E+01
 1.95687500000000E+03   1.74640000000000E+00
 1.95695830000000E+03   1.02700000000000E+00
 1.95712500000000E+03   7.74230000000000E+00
 1.95720830000000E+03   2.20225000000000E+01
 1.95729170000000E+03   3.42264000000000E+01
 1.95737500000000E+03   4.54295000000000E+01
 1.95745830000000E+03   4.40170000000000E+01
 1.95754170000000E+03   6.04513000000000E+01
 1.95762500000000E+03   3.93463000000000E+01
 1.95770830000000E+03   2.04720000000000E+01
 1.95779170000000E+03   1.00598000000000E+01
 1.95787500000000E+03   2.94159000000000E+01
 1.95795830000000E+03   3.29259000000000E+01
 1.95804170000000E+03   3.79748000000000E+01
 1.95812500000000E+03   2.94845000000000E+01
 1.95820830000000E+03   2.55325000000000E+01
 1.95829170000000E+03   1.13504000000000E+01
 1.95837500000000E+03  -2.90950000000000E+00
 1.95845830000000E+03  -1.64772000000000E+01
 1.95854170000000E+03  -3.40443000000000E+01
 1.95870830000000E+03  -5.33342000000000E+01
 1.95887500000000E+03  -7.15469000000000E+01
 1.95895830000000E+03  -6.00384000000000E+01
 1.95904170000000E+03  -3.89139000000000E+01
 1.95912500000000E+03  -4.30210000000000E+01
 1.95920830000000E+03  -4.44359000000000E+01
 1.95929170000000E+03  -7.03118000000000E+01
 1.95937500000000E+03  -7.48808000000000E+01
 1.95945830000000E+03  -7.01423000000000E+01
 1.95954170000000E+03  -5.22493000000000E+01
 1.95979170000000E+03  -4.37262000000000E+01
 1.95987500000000E+03  -2.60652000000000E+01
 1.95995830000000E+03  -1.20196000000000E+01
 1.96004170000000E+03  -5.12730000000000E+00
 1.96112500000000E+03   2.88401000000000E+01
 1.96145830000000E+03   4.21691000000000E+01
 1.96154170000000E+03   6.07515000000000E+01
 1.96162500000000E+03   7.83332000000000E+01
 1.96170830000000E+03   7.14532000000000E+01
 1.96179170000000E+03   8.20353000000000E+01
 1.96187500000000E+03   8.42320000000000E+01
 1.96195830000000E+03   7.99671000000000E+01
 1.96204170000000E+03   6.77027000000000E+01
 1.96212500000000E+03   5.97452000000000E+01
 1.96220830000000E+03   5.91722000000000E+01
 1.96229170000000E+03   5.51382000000000E+01
 1.96237500000000E+03   5.07957000000000E+01
 1.96245830000000E+03   4.96070000000000E+01
 1.96254170000000E+03   2.08034000000000E+01
 1.96262500000000E+03  -1.38471000000000E+01
 1.96270830000000E+03  -5.31131000000000E+01
 1.96279170000000E+03  -6.44555000000000E+01
 1.96287500000000E+03  -6.78756000000000E+01
 1.96295830000000E+03  -7.43728000000000E+01
 1.96304170000000E+03  -7.54847000000000E+01
 1.96312500000000E+03  -8.35975000000000E+01
 1.96320830000000E+03  -9.21719000000000E+01
 1.96329170000000E+03  -9.02073000000000E+01
 1.96337500000000E+03  -8.83204000000000E+01
 1.96345830000000E+03  -7.83567000000000E+01
 1.96354170000000E+03  -7.95463000000000E+01
 1.96362500000000E+03  -5.66598000000000E+01
 1.96370830000000E+03  -7.06195000000000E+01
 1.96379170000000E+03  -7.13479000000000E+01
 1.96387500000000E+03  -4.77694000000000E+01
 1.96395830000000E+03  -3.43449000000000E+01
 1.96404170000000E+03  -6.91980000000000E+00
 1.96412500000000E+03  -2.80320000000000E+00
 1.96420830000000E+03   1.08517000000000E+01
 1.96429170000000E+03   1.30457000000000E+01
 1.96437500000000E+03   1.46960000000000E+00
 1.96445830000000E+03   1.54319000000000E+01
 1.96454170000000E+03   1.77024000000000E+01
 1.96462500000000E+03   1.26000000000000E-01
 1.96470830000000E+03  -1.50660000000000E+01
 1.96479170000000E+03   3.05040000000000E+00
 1.96487500000000E+03   8.85820000000000E+00
 1.96495830000000E+03   3.97360000000000E+00
 1.96504170000000E+03   1.99358000000000E+01
 1.96512500000000E+03   1.53586000000000E+01
 1.96520830000000E+03   1.34737000000000E+01
 1.96529170000000E+03  -3.33800000000000E-01
 1.96537500000000E+03  -9.11200000000000E-01
 1.96545830000000E+03  -1.19504000000000E+01
 1.96554170000000E+03  -5.24505000000000E+01
 1.96562500000000E+03  -5.03360000000000E+01
 1.96570830000000E+03  -5.92217000000000E+01
 1.96579170000000E+03  -6.20298000000000E+01
 1.96587500000000E+03  -5.45311000000000E+01
 1.96595830000000E+03  -2.78786000000000E+01
 1.96604170000000E+03  -1.37641000000000E+01
 1.96620830000000E+03  -1.16905000000000E+01
 1.96629170000000E+03  -1.55763000000000E+01
 1.96637500000000E+03  -2.33090000000000E+01
 1.96645830000000E+03  -1.57342000000000E+01
 1.96654170000000E+03  -1.83127000000000E+01
 1.96662500000000E+03  -1.81996000000000E+01
 1.96670830000000E+03   2.89903000000000E+01
 1.96679170000000E+03   2.64884000000000E+01
 1.96687500000000E+03   4.09088000000000E+01
 1.96695830000000E+03   5.30983000000000E+01
 1.96704170000000E+03   6.66730000000000E+01
 1.96712500000000E+03   6.40161000000000E+01
 1.96720830000000E+03   6.05129000000000E+01
 1.96729170000000E+03   7.28565000000000E+01
 1.96737500000000E+03   9.00454000000000E+01
 1.96745830000000E+03   9.55419000000000E+01
 1.96754170000000E+03   8.24236000000000E+01
 1.96762500000000E+03   7.71506000000000E+01
 1.96770830000000E+03   6.30314000000000E+01
 1.96779170000000E+03   2.27589000000000E+01
 1.96787500000000E+03  -1.22068000000000E+01
 1.96879170000000E+03  -1.57569000000000E+01
 1.96887500000000E+03  -3.37239000000000E+01
 1.96895830000000E+03  -5.44603000000000E+01
 1.96904170000000E+03  -5.44269000000000E+01
 1.96912500000000E+03  -7.33174000000000E+01
 1.96920830000000E+03  -1.00515700000000E+02
 1.96929170000000E+03  -1.06328800000000E+02
 1.96937500000000E+03  -7.06042000000000E+01
 1.96945830000000E+03  -6.08798000000000E+01
 1.96954170000000E+03  -7.96164000000000E+01
 1.96962500000000E+03  -8.00460000000000E+01
 1.96970830000000E+03  -8.45527000000000E+01
 1.96979170000000E+03  -6.08280000000000E+01
 1.96987500000000E+03  -5.80273000000000E+01
 1.96995830000000E+03  -4.89189000000000E+01
 1.97004170000000E+03  -2.51946000000000E+01
 1.97012500000000E+03  -3.31635000000000E+01
 1.97020830000000E+03  -1.25170000000000E+01
 1.97029170000000E+03  -5.48540000000000E+00
 1.97037500000000E+03  -3.22380000000000E+00
 1.97045830000000E+03  -3.23469000000000E+01
 1.97054170000000E+03  -2.94695000000000E+01
 1.97062500000000E+03  -1.17467000000000E+01
 1.97070830000000E+03  -8.17790000000000E+00
 1.97079170000000E+03  -1.15316000000000E+01
 1.97087500000000E+03  -2.59630000000000E+01
 1.97095830000000E+03  -2.77791000000000E+01
 1.97104170000000E+03  -1.42101000000000E+01
 1.97112500000000E+03  -2.68726000000000E+01
 1.97120830000000E+03  -2.28430000000000E+01
 1.97129170000000E+03  -1.28897000000000E+01
 1.97137500000000E+03   4.60130000000000E+00
 1.97145830000000E+03   9.78440000000000E+00
 1.97154170000000E+03  -1.11088000000000E+01
 1.97162500000000E+03  -4.54643000000000E+01
 1.97170830000000E+03  -7.04354000000000E+01
 1.97179170000000E+03  -6.44828000000000E+01
 1.97187500000000E+03  -6.88387000000000E+01
 1.97195830000000E+03  -5.40409000000000E+01
 1.97204170000000E+03  -4.69348000000000E+01
 1.97212500000000E+03  -5.89834000000000E+01
 1.97220830000000E+03  -6.48013000000000E+01
 1.97229170000000E+03  -6.80033000000000E+01
 1.97237500000000E+03  -5.68214000000000E+01
 1.97245830000000E+03  -5.04858000000000E+01
 1.97254170000000E+03  -7.16882000000000E+01
 1.97262500000000E+03  -4.36605000000000E+01
 1.97270830000000E+03  -9.70990000000000E+00
 1.97279170000000E+03   2.80874000000000E+01
 1.97287500000000E+03   2.84224000000000E+01
 1.97295830000000E+03   4.82957000000000E+01
 1.97304170000000E+03   5.03235000000000E+01
 1.97312500000000E+03   5.21197000000000E+01
 1.97320830000000E+03   5.51465000000000E+01
 1.97329170000000E+03   7.86354000000000E+01
 1.97337500000000E+03   1.08431200000000E+02
 1.97345830000000E+03   9.34577000000000E+01
 1.97354170000000E+03   6.57155000000000E+01
 1.97370830000000E+03   3.54602000000000E+01
 1.97379170000000E+03  -7.28240000000000E+00
 1.97387500000000E+03  -4.44103000000000E+01
 1.97395830000000E+03  -5.53077000000000E+01
 1.97404170000000E+03  -2.96659000000000E+01
 1.97412500000000E+03  -1.72558000000000E+01
 1.97420830000000E+03  -7.84580000000000E+00
 1.97429170000000E+03  -6.05060000000000E+00
 1.97437500000000E+03   2.66690000000000E+00
 1.97445830000000E+03   2.03843000000000E+01
 1.97454170000000E+03   3.51791000000000E+01
 1.97462500000000E+03   2.62039000000000E+01
 1.97470830000000E+03   1.08440000000000E+01
 1.97479170000000E+03   2.84847000000000E+01
 1.97487500000000E+03   4.38938000000000E+01
 1.97495830000000E+03   7.13027000000000E+01
 1.97504170000000E+03   6.98661000000000E+01
 1.97512500000000E+03   4.86595000000000E+01
 1.97520830000000E+03   5.02219000000000E+01
 1.97529170000000E+03   4.57849000000000E+01
 1.97537500000000E+03   4.62702000000000E+01
 1.97545830000000E+03   6.23708000000000E+01
 1.97554170000000E+03   6.44719000000000E+01
 1.97562500000000E+03   1.78800000000000E+01
 1.97570830000000E+03  -3.48140000000000E+00
 1.97579170000000E+03   1.23480000000000E+00
 1.97587500000000E+03  -5.88300000000000E-01
 1.97595830000000E+03   3.97310000000000E+00
 1.97604170000000E+03   5.35000000000000E-01
 1.97612500000000E+03  -1.21150000000000E+00
 1.97620830000000E+03  -9.11200000000000E+00
 1.97629170000000E+03  -4.83965000000000E+01
 1.97637500000000E+03  -6.52203000000000E+01
 1.97645830000000E+03  -5.84289000000000E+01
 1.97654170000000E+03  -8.44830000000000E+01
 1.97662500000000E+03  -1.40614900000000E+02
 1.97670830000000E+03  -1.45362200000000E+02
 1.97679170000000E+03  -1.28647500000000E+02
 1.97687500000000E+03  -1.34779700000000E+02
 1.97695830000000E+03  -1.29835100000000E+02
 1.97704170000000E+03  -1.20889900000000E+02
 1.97712500000000E+03  -1.25330200000000E+02
 1.97720830000000E+03  -1.16847500000000E+02
 1.97729170000000E+03  -1.04671900000000E+02
 1.97737500000000E+03  -5.12663000000000E+01
 1.97745830000000E+03  -3.72455000000000E+01
 1.97754170000000E+03  -3.02241000000000E+01
 1.97762500000000E+03  -5.06651000000000E+01
 1.97770830000000E+03  -4.23369000000000E+01
 1.97779170000000E+03  -5.55467000000000E+01
 1.97787500000000E+03  -8.72188000000000E+01
 1.97795830000000E+03  -8.75064000000000E+01
 1.97804170000000E+03  -7.84857000000000E+01
 1.97812500000000E+03  -8.81581000000000E+01
 1.97820830000000E+03  -8.76768000000000E+01
 1.97829170000000E+03  -1.12964200000000E+02
 1.97837500000000E+03  -1.28021600000000E+02
 1.97845830000000E+03  -1.61540700000000E+02
 1.97854170000000E+03  -1.87366900000000E+02
 1.97862500000000E+03  -2.04116900000000E+02
 1.97895830000000E+03  -1.85810000000000E+02
 1.97904170000000E+03  -1.60867700000000E+02
 1.97912500000000E+03  -1.34926100000000E+02
 1.97920830000000E+03  -8.36770000000000E+01
 1.97929170000000E+03  -7.35812000000000E+01
 1.97937500000000E+03  -7.24862000000000E+01
 1.97945830000000E+03  -4.95451000000000E+01
 1.97954170000000E+03  -5.19881000000000E+01
 1.97962500000000E+03  -5.01242000000000E+01
 1.97970830000000E+03  -7.07989000000000E+01
 1.97979170000000E+03  -8.07807000000000E+01
 1.97987500000000E+03  -7.63017000000000E+01
 1.97995830000000E+03  -8.09768000000000E+01
 1.98004170000000E+03  -7.94205000000000E+01
 1.98012500000000E+03  -1.01480300000000E+02
 1.98020830000000E+03  -1.00848000000000E+02
 1.98029170000000E+03  -1.07907500000000E+02
 1.98037500000000E+03  -9.91215000000000E+01
 1.98045830000000E+03  -7.40280000000000E+01
 1.98054170000000E+03  -6.22417000000000E+01
 1.98062500000000E+03  -3.25330000000000E+01
 1.98070830000000E+03  -2.63630000000000E+01
 1.98079170000000E+03  -1.12693000000000E+01
 1.98087500000000E+03  -1.01764000000000E+01
 1.98095830000000E+03   8.83950000000000E+00
 1.98104170000000E+03   2.47790000000000E+01
 1.98112500000000E+03   3.50254000000000E+01
 1.98120830000000E+03   3.77332000000000E+01
 1.98129170000000E+03   4.35955000000000E+01
 1.98137500000000E+03   5.92261000000000E+01
 1.98145830000000E+03   6.70874000000000E+01
 1.98154170000000E+03   3.31801000000000E+01
 1.98162500000000E+03   1.73350000000000E+00
 1.98170830000000E+03  -1.69440000000000E+01
 1.98179170000000E+03  -1.15950000000000E+00
 1.98187500000000E+03   1.91628000000000E+01
 1.98195830000000E+03   2.13311000000000E+01
 1.98204170000000E+03   1.56538000000000E+01
 1.98212500000000E+03   1.25911000000000E+01
 1.98220830000000E+03  -3.01020000000000E+00
 1.98229170000000E+03   1.97737000000000E+01
 1.98237500000000E+03   3.57876000000000E+01
 1.98245830000000E+03   5.48013000000000E+01
 1.98254170000000E+03   5.66618000000000E+01
 1.98262500000000E+03   6.36753000000000E+01
 1.98279170000000E+03   5.88565000000000E+01
 1.98287500000000E+03   4.54850000000000E+01
 1.98295830000000E+03   3.68827000000000E+01
 1.98304170000000E+03   3.46655000000000E+01
 1.98312500000000E+03   4.83706000000000E+01
 1.98320830000000E+03   6.38448000000000E+01
 1.98329170000000E+03   9.29350000000000E+01
 1.98337500000000E+03   1.31255100000000E+02
 1.98345830000000E+03   1.28805900000000E+02
 1.98354170000000E+03   1.33049600000000E+02
 1.98362500000000E+03   8.12925000000000E+01
 1.98370830000000E+03   3.43044000000000E+01
 1.98379170000000E+03   1.48554000000000E+01
 1.98387500000000E+03   4.40560000000000E+00
 1.98395830000000E+03   1.05711000000000E+01
 1.98404170000000E+03   2.26602000000000E+01
 1.98412500000000E+03   1.84408000000000E+01
 1.98420830000000E+03   1.84521000000000E+01
 1.98429170000000E+03   2.34639000000000E+01
 1.98437500000000E+03  -1.16789000000000E+01
 1.98445830000000E+03  -3.58218000000000E+01
 1.98454170000000E+03  -7.18103000000000E+01
 1.98462500000000E+03  -1.18492000000000E+02
 1.98470830000000E+03  -1.35712200000000E+02
 1.98479170000000E+03  -1.19316400000000E+02
 1.98487500000000E+03  -1.17229200000000E+02
 1.98495830000000E+03  -1.05603600000000E+02
 1.98504170000000E+03  -9.60544000000000E+01
 1.98512500000000E+03  -9.07367000000000E+01
 1.98520830000000E+03  -6.84191000000000E+01
 1.98529170000000E+03  -5.60241000000000E+01
 1.98537500000000E+03  -5.95529000000000E+01
 1.98545830000000E+03  -5.09280000000000E+01
 1.98554170000000E+03  -4.98411000000000E+01
 1.98562500000000E+03  -5.59856000000000E+01
 1.98570830000000E+03  -5.66688000000000E+01
 1.98579170000000E+03  -5.46591000000000E+01
 1.98587500000000E+03  -4.82656000000000E+01
 1.98595830000000E+03  -3.99491000000000E+01
 1.98604170000000E+03  -2.85551000000000E+01
 1.98612500000000E+03  -3.40081000000000E+01
 1.98620830000000E+03  -2.91535000000000E+01
 1.98629170000000E+03  -2.85291000000000E+01
 1.98637500000000E+03  -1.22132000000000E+01
 1.98645830000000E+03  -4.89740000000000E+00
 1.98654170000000E+03  -2.75042000000000E+01
 1.98662500000000E+03  -3.08809000000000E+01
 1.98670830000000E+03  -3.03347000000000E+01
 1.98679170000000E+03  -3.44034000000000E+01
 1.98687500000000E+03  -2.26266000000000E+01
 1.98695830000000E+03  -1.91577000000000E+01
 1.98704170000000E+03  -9.07280000000000E+00
 1.98712500000000E+03  -6.52720000000000E+00
 1.98720830000000E+03   1.12490000000000E+01
 1.98729170000000E+03   5.02580000000000E+00
 1.98737500000000E+03  -1.64289000000000E+01
 1.98745830000000E+03  -4.08838000000000E+01
 1.98754170000000E+03  -3.51842000000000E+01
 1.98762500000000E+03  -1.90239000000000E+01
 1.98770830000000E+03  -2.35561000000000E+01
 1.98779170000000E+03  -8.39540000000000E+00
 1.98787500000000E+03  -7.38930000000000E+00
 1.98795830000000E+03  -1.06141000000000E+01
 1.98804170000000E+03  -1.10691000000000E+01
 1.98812500000000E+03  -1.90950000000000E+00
 1.98820830000000E+03   5.63460000000000E+00
 1.98829170000000E+03   4.48690000000000E+00
 1.98837500000000E+03   2.56920000000000E+00
 1.98845830000000E+03   2.22668000000000E+01
 1.98854170000000E+03   5.70418000000000E+01
 1.98862500000000E+03   7.61238000000000E+01
 1.98870830000000E+03   9.64364000000000E+01
 1.98879170000000E+03   9.24418000000000E+01
 1.98887500000000E+03   1.06677300000000E+02
 1.98895830000000E+03   1.20604900000000E+02
 1.98904170000000E+03   1.33071600000000E+02
 1.98912500000000E+03   1.51229700000000E+02
 1.98920830000000E+03   1.45464700000000E+02
 1.98929170000000E+03   1.41931000000000E+02
 1.98937500000000E+03   1.36627300000000E+02
 1.98945830000000E+03   1.39631100000000E+02
 1.98954170000000E+03   1.44712400000000E+02
 1.98962500000000E+03   1.41716000000000E+02
 1.98970830000000E+03   1.44642600000000E+02
 1.98979170000000E+03   1.31262000000000E+02
 1.98987500000000E+03   1.31573000000000E+02
 1.98995830000000E+03   1.19499200000000E+02
 1.99004170000000E+03   1.28579800000000E+02
 1.99012500000000E+03   1.32967400000000E+02
 1.99020830000000E+03   1.19662500000000E+02
 1.99029170000000E+03   1.26435000000000E+02
 1.99037500000000E+03   1.14360700000000E+02
 1.99045830000000E+03   1.15132300000000E+02
 1.99054170000000E+03   1.18673800000000E+02
 1.99062500000000E+03   7.52144000000000E+01
 1.99070830000000E+03   1.73704000000000E+01
 1.99079170000000E+03  -4.37809000000000E+01
 1.99087500000000E+03  -6.49329000000000E+01
 1.99095830000000E+03  -5.35465000000000E+01
 1.99104170000000E+03  -4.17750000000000E+01
 1.99112500000000E+03  -4.26966000000000E+01
 1.99120830000000E+03  -4.12337000000000E+01
 1.99129170000000E+03  -3.55394000000000E+01
 1.99137500000000E+03  -3.40768000000000E+01
 1.99145830000000E+03  -1.98450000000000E+01
 1.99154170000000E+03   2.77200000000000E+00
 1.99162500000000E+03   1.69580000000000E+00
 1.99170830000000E+03   3.34658000000000E+01
 1.99179170000000E+03   4.46977000000000E+01
 1.99187500000000E+03   5.86982000000000E+01
 1.99195830000000E+03   5.30062000000000E+01
 1.99204170000000E+03   4.59301000000000E+01
 1.99212500000000E+03   5.50840000000000E+01
 1.99220830000000E+03   5.53148000000000E+01
 1.99229170000000E+03   3.30845000000000E+01
 1.99237500000000E+03   3.66996000000000E+01
 1.99245830000000E+03   4.56223000000000E+01
 1.99254170000000E+03   6.28532000000000E+01
 1.99262500000000E+03   5.41603000000000E+01
 1.99270830000000E+03   4.10826000000000E+01
 1.99279170000000E+03   1.34670000000000E+01
 1.99287500000000E+03   1.54300000000000E+00
 1.99295830000000E+03  -1.07350000000000E+00
 1.99304170000000E+03   2.95413000000000E+01
 1.99312500000000E+03   4.19246000000000E+01
 1.99320830000000E+03   1.15385000000000E+01
 1.99329170000000E+03  -1.20008000000000E+01
 1.99337500000000E+03   6.30520000000000E+00
 1.99345830000000E+03   3.68800000000000E+00
 1.99354170000000E+03  -2.80825000000000E+01
 1.99362500000000E+03  -5.74692000000000E+01
 1.99379170000000E+03  -8.23191000000000E+01
 1.99387500000000E+03  -1.02321500000000E+02
 1.99395830000000E+03  -7.49394000000000E+01
 1.99404170000000E+03  -5.85567000000000E+01
 1.99412500000000E+03  -6.56364000000000E+01
 1.99420830000000E+03  -8.07162000000000E+01
 1.99429170000000E+03  -8.10262000000000E+01
 1.99437500000000E+03  -5.87985000000000E+01
 1.99445830000000E+03  -1.32633000000000E+01
 1.99454170000000E+03   8.73400000000000E+00
 1.99462500000000E+03   3.44229000000000E+01
 1.99470830000000E+03   6.14962000000000E+01
 1.99479170000000E+03   7.34163000000000E+01
 1.99487500000000E+03   7.04125000000000E+01
 1.99495830000000E+03   8.41778000000000E+01
 1.99504170000000E+03   7.37898000000000E+01
 1.99512500000000E+03   7.04010000000000E+01
 1.99520830000000E+03   6.50121000000000E+01
 1.99529170000000E+03   8.00853000000000E+01
 1.99537500000000E+03   7.70039000000000E+01
 1.99545830000000E+03   5.73838000000000E+01
 1.99554170000000E+03   7.91820000000000E+00
 1.99562500000000E+03  -3.27790000000000E+01
 1.99570830000000E+03  -9.10147000000000E+01
 1.99579170000000E+03  -1.10249900000000E+02
 1.99587500000000E+03  -1.06332100000000E+02
 1.99595830000000E+03  -1.01568200000000E+02
 1.99604170000000E+03  -1.02419100000000E+02
 1.99662500000000E+03  -8.63055000000000E+01
 1.99670830000000E+03  -6.53888000000000E+01
 1.99679170000000E+03  -4.23947000000000E+01
 1.99687500000000E+03  -6.04013000000000E+01
 1.99695830000000E+03  -7.75619000000000E+01
 1.99704170000000E+03  -7.92604000000000E+01
 1.99712500000000E+03  -7.07289000000000E+01
 1.99720830000000E+03  -4.01976000000000E+01
 1.99729170000000E+03  -1.20420000000000E+00
 1.99737500000000E+03  -3.82690000000000E+00
 1.99745830000000E+03  -3.30651000000000E+01
 1.99754170000000E+03  -2.89182000000000E+01
 1.99762500000000E+03  -3.92590000000000E+00
 1.99770830000000E+03  -2.08750000000000E+00
 1.99779170000000E+03  -3.88640000000000E+01
 1.99787500000000E+03  -5.94106000000000E+01
 1.99795830000000E+03  -5.82649000000000E+01
 1.99804170000000E+03  -3.26571000000000E+01
 1.99812500000000E+03  -5.11700000000000E-01
 1.99820830000000E+03   1.58644000000000E+01
 1.99829170000000E+03   2.01030000000000E+00
 1.99837500000000E+03   2.46310000000000E+00
 1.99845830000000E+03  -1.93040000000000E+00
 1.99854170000000E+03   3.68900000000000E-01
 1.99862500000000E+03  -3.71710000000000E+00
 1.99870830000000E+03  -1.56494000000000E+01
 1.99879170000000E+03  -3.47350000000000E+01
 1.99887500000000E+03  -2.52829000000000E+01
 2.00070830000000E+03  -1.68240000000000E+01
 2.00079170000000E+03  -2.81433000000000E+01
 2.00087500000000E+03  -5.49248000000000E+01
 2.00095830000000E+03  -6.71679000000000E+01
 2.00104170000000E+03  -7.09491000000000E+01
 2.00112500000000E+03  -6.41925000000000E+01
 2.00120830000000E+03  -7.13591000000000E+01
 2.00129170000000E+03  -5.96021000000000E+01
 2.00137500000000E+03  -2.62304000000000E+01
 2.00145830000000E+03  -2.37820000000000E+01
 2.00154170000000E+03  -1.61792000000000E+01
 2.00162500000000E+03   2.59613000000000E+01
 2.00170830000000E+03   6.77170000000000E+01
 2.00179170000000E+03   7.03195000000000E+01
 2.00187500000000E+03   7.17673000000000E+01
 2.00195830000000E+03   7.87535000000000E+01
 2.00204170000000E+03   8.50479000000000E+01
 2.00212500000000E+03   7.58031000000000E+01
 2.00220830000000E+03   5.72505000000000E+01
 2.00229170000000E+03   3.35445000000000E+01
 2.00237500000000E+03   1.64532000000000E+01
 2.00245830000000E+03  -4.03306000000000E+01
 2.00254170000000E+03  -4.07292000000000E+01
 2.00262500000000E+03  -6.07440000000000E+01
 2.00270830000000E+03  -1.19143500000000E+02
 2.00279170000000E+03  -1.64004000000000E+02
 2.00287500000000E+03  -1.57634500000000E+02
 2.00295830000000E+03  -1.43418900000000E+02
 2.00304170000000E+03  -1.37741300000000E+02
 2.00312500000000E+03  -1.48833700000000E+02
 2.00320830000000E+03  -1.33695500000000E+02
 2.00329170000000E+03  -1.17556700000000E+02
 2.00337500000000E+03  -1.04111000000000E+02
 2.00345830000000E+03  -7.98192000000000E+01
 2.00354170000000E+03  -4.26808000000000E+01
 2.00362500000000E+03  -3.59277000000000E+01
 2.00370830000000E+03  -4.10209000000000E+01
 2.00379170000000E+03  -3.68829000000000E+01
 2.00387500000000E+03  -3.04379000000000E+01
 2.00395830000000E+03  -1.98391000000000E+01
 2.00404170000000E+03  -6.85530000000000E+00
 2.00412500000000E+03  -1.25644000000000E+01
 2.00420830000000E+03   2.57240000000000E+00
 2.00429170000000E+03   7.47900000000000E+00
 2.00437500000000E+03   1.44618000000000E+01
 2.00445830000000E+03   4.53675000000000E+01
 2.00454170000000E+03   7.67353000000000E+01
 2.00462500000000E+03   7.80254000000000E+01
 2.00470830000000E+03   5.04692000000000E+01
 2.00479170000000E+03   4.18366000000000E+01
 2.00487500000000E+03   4.75879000000000E+01
 2.00495830000000E+03   5.94160000000000E+01
 2.00504170000000E+03   5.59369000000000E+01
 2.00512500000000E+03   5.69956000000000E+01
 2.00520830000000E+03   7.32079000000000E+01
 2.00529170000000E+03   5.96516000000000E+01
 2.00537500000000E+03   6.38637000000000E+01
 2.00545830000000E+03   5.17680000000000E+01
 2.00554170000000E+03   1.43651000000000E+01
 2.00562500000000E+03  -4.03462000000000E+01
 2.00570830000000E+03  -7.30576000000000E+01
 2.00579170000000E+03  -5.69993000000000E+01
 2.00587500000000E+03  -5.13263000000000E+01
 2.00595830000000E+03  -4.27304000000000E+01
 2.00604170000000E+03  -4.99032000000000E+01
 2.00612500000000E+03  -5.90768000000000E+01
 2.00620830000000E+03  -6.77120000000000E+01
 2.00629170000000E+03  -7.47313000000000E+01
 2.00637500000000E+03  -4.96744000000000E+01
 2.00645830000000E+03  -2.54638000000000E+01
 2.00654170000000E+03   1.89011000000000E+01
 2.00662500000000E+03   3.81884000000000E+01
 2.00670830000000E+03   5.45525000000000E+01
 2.00679170000000E+03   8.13017000000000E+01
 2.00687500000000E+03   8.80502000000000E+01
 2.00695830000000E+03   9.29524000000000E+01
 2.00704170000000E+03   1.03239700000000E+02
 2.00712500000000E+03   1.19295500000000E+02
 2.00720830000000E+03   1.48505000000000E+02
 2.00729170000000E+03   1.47099700000000E+02
 2.00737500000000E+03   1.55309000000000E+02
 2.00745830000000E+03   1.48210400000000E+02
 2.00754170000000E+03   1.25343200000000E+02
 2.00762500000000E+03   1.02859800000000E+02
 2.00770830000000E+03   1.14761000000000E+02
 2.00779170000000E+03   9.93549000000000E+01
 2.00787500000000E+03   8.10251000000000E+01
 2.00795830000000E+03   7.15412000000000E+01
 2.00804170000000E+03   8.30579000000000E+01
 2.00812500000000E+03   7.46507000000000E+01
 2.00820830000000E+03   5.34742000000000E+01
 2.00829170000000E+03   5.43752000000000E+01
 2.00837500000000E+03   7.05061000000000E+01
 2.00845830000000E+03   6.98677000000000E+01
 2.00854170000000E+03   5.22299000000000E+01
 2.00862500000000E+03   2.35143000000000E+01
 2.00870830000000E+03  -8.04750000000000E+00
 2.00879170000000E+03  -4.69934000000000E+01
 2.00887500000000E+03  -4.55555000000000E+01
 2.00895830000000E+03  -3.20407000000000E+01
 2.00904170000000E+03  -2.32178000000000E+01
 2.00912500000000E+03  -2.17802000000000E+01
 2.00920830000000E+03  -9.41960000000000E+00
 2.00929170000000E+03   1.07106000000000E+01
 2.00937500000000E+03  -1.80829000000000E+01
 2.00945830000000E+03  -4.30304000000000E+01
 2.00954170000000E+03  -8.05928000000000E+01
 2.00962500000000E+03  -1.06002000000000E+02
 2.00970830000000E+03  -1.00103700000000E+02
 2.00979170000000E+03  -9.95895000000000E+01
 2.00987500000000E+03  -8.86915000000000E+01
 2.00995830000000E+03  -8.05627000000000E+01
 2.01004170000000E+03  -7.62027000000000E+01
 2.01012500000000E+03  -7.82281000000000E+01
 2.01020830000000E+03  -8.53305000000000E+01
 2.01029170000000E+03  -1.03201600000000E+02
 2.01037500000000E+03  -1.08842700000000E+02
 2.01045830000000E+03  -1.14407000000000E+02
 2.01054170000000E+03  -1.10047700000000E+02
 2.01062500000000E+03  -8.58430000000000E+01
 2.01070830000000E+03  -7.23308000000000E+01
 2.01079170000000E+03  -6.40488000000000E+01
 2.01087500000000E+03  -6.39982000000000E+01
 2.01095830000000E+03  -5.53325000000000E+01
 2.01104170000000E+03  -5.65124000000000E+01
 2.01112500000000E+03  -5.42314000000000E+01
 2.01120830000000E+03  -3.85660000000000E+01
 2.01129170000000E+03  -1.41309000000000E+01
 2.01137500000000E+03  -8.69650000000000E+00
 2.01145830000000E+03   3.27378000000000E+01
 2.01154170000000E+03   7.28649000000000E+01
 2.01162500000000E+03   6.69913000000000E+01
 2.01170830000000E+03   7.13483000000000E+01
 2.01179170000000E+03   8.23212000000000E+01
 2.01187500000000E+03   7.38318000000000E+01
 2.01195830000000E+03   8.25731000000000E+01
 2.01204170000000E+03   8.42380000000000E+01
 2.01212500000000E+03   8.82098000000000E+01
 2.01220830000000E+03   1.07181500000000E+02
 2.01229170000000E+03   1.08461400000000E+02
 2.01237500000000E+03   1.01894400000000E+02
 2.01245830000000E+03   9.24042000000000E+01
 2.01254170000000E+03   4.22222000000000E+01
 2.01262500000000E+03   3.34710000000000E+00
 2.01270830000000E+03  -2.52204000000000E+01
 2.01279170000000E+03  -4.46335000000000E+01
 2.01287500000000E+03  -5.75089000000000E+01
 2.01295830000000E+03  -5.95383000000000E+01
 2.01304170000000E+03  -6.33364000000000E+01
 2.01312500000000E+03  -6.72121000000000E+01
 2.01320830000000E+03  -7.17803000000000E+01
 2.01329170000000E+03  -9.86557000000000E+01
 2.01337500000000E+03  -9.29164000000000E+01
 2.01345830000000E+03  -7.46388000000000E+01
 2.01354170000000E+03  -6.48991000000000E+01
 2.01362500000000E+03  -7.03910000000000E+01
 2.01370830000000E+03  -5.99598000000000E+01
 2.01379170000000E+03  -3.25282000000000E+01
 2.01387500000000E+03  -3.08666000000000E+01
 2.01395830000000E+03  -3.27435000000000E+01
 2.01404170000000E+03  -3.27738000000000E+01
 2.01412500000000E+03  -2.70356000000000E+01
 2.01420830000000E+03  -3.62206000000000E+01
 2.01429170000000E+03  -3.47897000000000E+01
 2.01437500000000E+03  -3.74364000000000E+01
 2.01445830000000E+03  -4.99294000000000E+01
 2.01454170000000E+03  -4.99604000000000E+01
 2.01462500000000E+03  -3.82998000000000E+01
 2.01470830000000E+03  -2.74086000000000E+01
 2.01479170000000E+03  -2.33630000000000E+01
 2.01487500000000E+03  -8.85660000000000E+00
 2.01495830000000E+03   1.94958000000000E+01
 2.01504170000000E+03   4.39256000000000E+01
 2.01512500000000E+03   4.98932000000000E+01
 2.01520830000000E+03   4.23991000000000E+01
 2.01529170000000E+03   4.05978000000000E+01
 2.01537500000000E+03   6.09497000000000E+01
 2.01545830000000E+03   1.13378300000000E+02
 2.01554170000000E+03   9.85767000000000E+01
 2.01562500000000E+03   8.65435000000000E+01
 2.01570830000000E+03   6.55872000000000E+01
 2.01579170000000E+03   6.00929000000000E+01
 2.01587500000000E+03   4.59056000000000E+01
 2.01595830000000E+03   2.26412000000000E+01
 2.01604170000000E+03   1.53004000000000E+01
 2.01612500000000E+03   1.84973000000000E+01
 2.01620830000000E+03   2.44634000000000E+01
 2.01629170000000E+03   6.66070000000000E+00
 2.01637500000000E+03   8.31880000000000E+00
 2.01645830000000E+03   7.36140000000000E+00
 2.01654170000000E+03  -1.29032000000000E+01
 2.01662500000000E+03  -2.04762000000000E+01
 2.01670830000000E+03  -3.90493000000000E+01
 2.01679170000000E+03  -2.72374000000000E+01
 2.01687500000000E+03  -3.44261000000000E+01
 2.01695830000000E+03  -1.84611000000000E+01
 2.01704170000000E+03   3.88900000000000E+00
 2.01712500000000E+03   5.85370000000000E+00
 2.01720830000000E+03  -5.41240000000000E+00
 2.01729170000000E+03  -2.83190000000000E+00
 2.01737500000000E+03   4.88248000000000E+01
 2.01745830000000E+03   8.95583000000000E+01
 2.01754170000000E+03   8.42923000000000E+01
 2.01762500000000E+03   5.19486000000000E+01
 2.01770830000000E+03   3.44510000000000E+01
 2.01779170000000E+03   1.09539000000000E+01
 2.01787500000000E+03  -9.69780000000000E+00
 2.01795830000000E+03  -7.88810000000000E+00
 2.01804170000000E+03  -2.20779000000000E+01
 2.01812500000000E+03  -2.38069000000000E+01
 2.01820830000000E+03  -1.96129000000000E+01
 2.01829170000000E+03   5.81600000000000E-01
 2.01837500000000E+03  -7.53240000000000E+00
 2.01845830000000E+03  -3.98003000000000E+01
 2.01854170000000E+03  -6.76831000000000E+01
 2.01862500000000E+03  -7.94897000000000E+01
 2.01870830000000E+03  -5.83733000000000E+01
 2.01879170000000E+03  -4.78719000000000E+01
 2.01887500000000E+03  -3.33712000000000E+01
 2.01895830000000E+03  -2.17167000000000E+01
 2.01904170000000E+03  -1.09848000000000E+01
 2.01912500000000E+03  -4.79210000000000E+00
 2.01920830000000E+03   1.70810000000000E+00
 2.01929170000000E+03  -3.25270000000000E+00
 2.01937500000000E+03  -3.81372000000000E+01
 2.01945830000000E+03  -2.10220000000000E+01
 2.01954170000000E+03   1.94784000000000E+01
 2.01962500000000E+03   5.93627000000000E+01
 2.01970830000000E+03   7.94777000000000E+01
 2.01979170000000E+03   7.05162000000000E+01
 2.01987500000000E+03   9.39386000000000E+01
 2.01995830000000E+03   9.17455000000000E+01
 2.02004170000000E+03   1.09629800000000E+02
 2.02012500000000E+03   1.12821000000000E+02
 2.02020830000000E+03   1.22858300000000E+02
 2.02029170000000E+03   1.06203800000000E+02
 2.02037500000000E+03   1.21856300000000E+02
 2.02045830000000E+03   1.39585600000000E+02
 2.02054170000000E+03   1.17623000000000E+02
 2.02062500000000E+03   6.31213000000000E+01
 2.02070830000000E+03   1.84656000000000E+01
 2.02079170000000E+03   2.96420000000000E+00
 2.02087500000000E+03  -6.23020000000000E+00
 2.02095830000000E+03  -1.62709000000000E+01
 2.02104170000000E+03  -1.59265000000000E+01
 2.02112500000000E+03  -2.58135000000000E+01
 2.02120830000000E+03  -3.71623000000000E+01
 2.02129170000000E+03  -3.15105000000000E+01
 2.02137500000000E+03  -7.47480000000000E+00
 2.02145830000000E+03  -3.07470000000000E+01
 2.02154170000000E+03  -2.44802000000000E+01
 2.02162500000000E+03   2.03244000000000E+01
 2.02170830000000E+03   3.68980000000000E+01
 2.02179170000000E+03   2.99337000000000E+01
 2.02187500000000E+03   2.18917000000000E+01
 2.02195830000000E+03   3.56189000000000E+01
 2.02204170000000E+03   5.18849000000000E+01
 2.02212500000000E+03   6.09965000000000E+01
 2.02220830000000E+03   4.17233000000000E+01
 2.02229170000000E+03   6.19121000000000E+01
 2.02237500000000E+03   5.14078000000000E+01
 2.02245830000000E+03   2.47497000000000E+01
 2.02254170000000E+03   2.92715000000000E+01
 2.02262500000000E+03   2.06154000000000E+01
 2.02270830000000E+03  -2.29711000000000E+01
 2.02279170000000E+03  -2.07976000000000E+01
 2.02287500000000E+03  -8.70530000000000E+00
 2.02295830000000E+03  -2.99600000000000E-01
