 1.88787500000000E+03  -1.10069200000000E+02
 1.88795830000000E+03  -1.14519700000000E+02
 1.88804170000000E+03  -1.04795300000000E+02
 1.88812500000000E+03  -9.24493000000000E+01
 1.88820830000000E+03  -8.90145000000000E+01
 1.88829170000000E+03  -6.62629000000000E+01
 1.88837500000000E+03  -6.14989000000000E+01
 1.88845830000000E+03  -5.20877000000000E+01
 1.88854170000000E+03  -8.31378000000000E+01
 1.88862500000000E+03  -9.69577000000000E+01
 1.88870830000000E+03  -1.10239300000000E+02
 1.88895830000000E+03  -9.05461000000000E+01
 1.88904170000000E+03  -6.69049000000000E+01
 1.88912500000000E+03  -4.65719000000000E+01
 1.88920830000000E+03  -3.27005000000000E+01
 1.88929170000000E+03  -3.77521000000000E+01
 1.88937500000000E+03  -4.22657000000000E+01
 1.88945830000000E+03  -3.95487000000000E+01
 1.88954170000000E+03  -4.19084000000000E+01
 1.88962500000000E+03  -4.63455000000000E+01
 1.88970830000000E+03  -6.03982000000000E+01
 1.88979170000000E+03  -5.70661000000000E+01
 1.88987500000000E+03  -5.98884000000000E+01
 1.88995830000000E+03  -2.95569000000000E+01
 1.89004170000000E+03  -8.37910000000000E+00
 1.89012500000000E+03  -1.50950000000000E+00
 1.89020830000000E+03  -1.40247000000000E+01
 1.89029170000000E+03   5.76800000000000E+00
 1.89037500000000E+03   1.36371000000000E+01
 1.89045830000000E+03   2.27530000000000E+00
 1.89054170000000E+03  -1.10094000000000E+01
 1.89062500000000E+03  -2.26023000000000E+01
 1.89070830000000E+03  -2.05800000000000E+01
 1.89079170000000E+03  -4.15575000000000E+01
 1.89087500000000E+03  -4.48432000000000E+01
 1.89095830000000E+03  -4.37444000000000E+01
 1.89104170000000E+03  -5.57223000000000E+01
 1.89112500000000E+03  -5.87777000000000E+01
 1.89120830000000E+03  -5.79872000000000E+01
 1.89129170000000E+03  -5.94271000000000E+01
 1.89137500000000E+03  -9.30984000000000E+01
 1.89145830000000E+03  -8.58467000000000E+01
 1.89154170000000E+03  -6.76717000000000E+01
 1.89162500000000E+03  -4.51896000000000E+01
 1.89170830000000E+03  -5.05538000000000E+01
 1.89179170000000E+03  -5.98409000000000E+01
 1.89187500000000E+03  -3.35900000000000E+01
 1.89254170000000E+03  -1.80492000000000E+01
 1.89262500000000E+03  -1.87229000000000E+01
 1.89270830000000E+03  -1.52428000000000E+01
 1.89279170000000E+03  -2.46087000000000E+01
 1.89287500000000E+03  -2.79751000000000E+01
 1.89295830000000E+03  -6.64940000000000E+00
 1.89329170000000E+03   2.51912000000000E+01
 1.89337500000000E+03   3.79776000000000E+01
 1.89345830000000E+03   4.89178000000000E+01
 1.89354170000000E+03   4.30120000000000E+01
 1.89362500000000E+03   7.97980000000000E+01
 1.89370830000000E+03   8.50454000000000E+01
 1.89379170000000E+03   8.19084000000000E+01
 1.89387500000000E+03   8.90016000000000E+01
 1.89395830000000E+03   9.75562000000000E+01
 1.89404170000000E+03   1.05111000000000E+02
 1.89412500000000E+03   1.18665300000000E+02
 1.89445830000000E+03   1.09035000000000E+02
 1.89454170000000E+03   6.00505000000000E+01
 1.89462500000000E+03   3.02192000000000E+01
 1.89479170000000E+03   7.09490000000000E+00
 1.89487500000000E+03  -2.68907000000000E+01
 1.89495830000000E+03  -4.14918000000000E+01
 1.89504170000000E+03  -6.65543000000000E+01
 1.89512500000000E+03  -5.44635000000000E+01
 1.89520830000000E+03  -3.87574000000000E+01
 1.89529170000000E+03  -3.26665000000000E+01
 1.89537500000000E+03  -1.35761000000000E+01
 1.89545830000000E+03  -1.62552000000000E+01
 1.89554170000000E+03  -2.34724000000000E+01
 1.89562500000000E+03  -6.53640000000000E+00
 1.89570830000000E+03   1.35533000000000E+01
 1.89579170000000E+03   1.39510000000000E+01
 1.89587500000000E+03   1.16558000000000E+01
 1.89595830000000E+03   2.69758000000000E+01
 1.89604170000000E+03   4.57576000000000E+01
 1.89612500000000E+03   4.16157000000000E+01
 1.89620830000000E+03   3.10122000000000E+01
 1.89629170000000E+03   1.45628000000000E+01
 1.89637500000000E+03  -1.65650000000000E+00
 1.89645830000000E+03  -2.76451000000000E+01
 1.89654170000000E+03  -5.17873000000000E+01
 1.89662500000000E+03  -5.66994000000000E+01
 1.89670830000000E+03  -8.11500000000000E+01
 1.89679170000000E+03  -8.76004000000000E+01
 1.89687500000000E+03  -8.67437000000000E+01
 1.89695830000000E+03  -9.00409000000000E+01
 1.89704170000000E+03  -8.36457000000000E+01
 1.89712500000000E+03  -9.27125000000000E+01
 1.89720830000000E+03  -8.32410000000000E+01
 1.89729170000000E+03  -7.32308000000000E+01
 1.89737500000000E+03  -6.99135000000000E+01
 1.89745830000000E+03  -6.15194000000000E+01
 1.89754170000000E+03  -2.99713000000000E+01
 1.89762500000000E+03   1.43456000000000E+01
 1.89770830000000E+03   1.25084000000000E+01
 1.89779170000000E+03   1.09792000000000E+01
 1.89787500000000E+03   8.83400000000000E+00
 1.89795830000000E+03   1.18426000000000E+01
 1.89804170000000E+03   3.55436000000000E+01
 1.89812500000000E+03   3.95518000000000E+01
 1.89820830000000E+03   5.30214000000000E+01
 1.89829170000000E+03   3.05681000000000E+01
 1.89837500000000E+03   2.63451000000000E+01
 1.89845830000000E+03   5.47373000000000E+01
 1.89854170000000E+03   6.98220000000000E+01
 1.89862500000000E+03   6.21370000000000E+01
 1.89870830000000E+03   4.76825000000000E+01
 1.89879170000000E+03   5.86898000000000E+01
 1.89887500000000E+03   6.51582000000000E+01
 1.89895830000000E+03   7.89340000000000E+01
 1.89904170000000E+03   7.84024000000000E+01
 1.89912500000000E+03   6.97164000000000E+01
 1.89920830000000E+03   7.67995000000000E+01
 1.89929170000000E+03   8.58058000000000E+01
 1.89937500000000E+03   1.27350100000000E+02
 1.89945830000000E+03   1.35278900000000E+02
 1.89954170000000E+03   8.78232000000000E+01
 1.89962500000000E+03   4.69824000000000E+01
 1.89970830000000E+03   2.35261000000000E+01
 1.89979170000000E+03   6.08400000000000E-01
 1.89987500000000E+03  -8.92520000000000E+00
 1.89995830000000E+03  -6.61280000000000E+00
 1.90004170000000E+03  -3.99240000000000E+00
 1.90012500000000E+03   2.24270000000000E+00
 1.90020830000000E+03  -4.45300000000000E-01
 1.90029170000000E+03   3.86680000000000E+00
 1.90037500000000E+03  -2.20523000000000E+01
 1.90045830000000E+03  -4.41255000000000E+01
 1.90054170000000E+03  -5.11984000000000E+01
 1.90062500000000E+03  -3.00411000000000E+01
 1.90070830000000E+03  -3.08840000000000E+01
 1.90079170000000E+03  -2.92651000000000E+01
 1.90087500000000E+03  -3.56467000000000E+01
 1.90095830000000E+03  -3.83362000000000E+01
 1.90104170000000E+03  -4.01793000000000E+01
 1.90112500000000E+03  -4.68691000000000E+01
 1.90120830000000E+03  -5.79437000000000E+01
 1.90129170000000E+03  -6.74027000000000E+01
 1.90137500000000E+03  -7.57083000000000E+01
 1.90145830000000E+03  -6.34757000000000E+01
 1.90154170000000E+03  -5.15505000000000E+01
 1.90162500000000E+03  -5.17028000000000E+01
 1.90170830000000E+03  -6.57014000000000E+01
 1.90179170000000E+03  -6.78537000000000E+01
 1.90187500000000E+03  -6.76218000000000E+01
 1.90195830000000E+03  -5.40825000000000E+01
 1.90204170000000E+03  -4.05429000000000E+01
 1.90212500000000E+03  -2.02346000000000E+01
 1.90220830000000E+03  -5.00340000000000E+00
 1.90229170000000E+03   2.92040000000000E+00
 1.90237500000000E+03   6.68970000000000E+00
 1.90245830000000E+03  -1.43872000000000E+01
 1.90254170000000E+03  -1.46947000000000E+01
 1.90262500000000E+03  -2.07970000000000E+00
 1.90270830000000E+03   8.53520000000000E+00
 1.90279170000000E+03   3.06887000000000E+01
 1.90287500000000E+03   5.05340000000000E+01
 1.90295830000000E+03   5.51484000000000E+01
 1.90304170000000E+03   6.70708000000000E+01
 1.90312500000000E+03   8.19156000000000E+01
 1.90320830000000E+03   8.56834000000000E+01
 1.90329170000000E+03   7.67591000000000E+01
 1.90337500000000E+03   9.22188000000000E+01
 1.90345830000000E+03   8.92938000000000E+01
 1.90354170000000E+03   9.26767000000000E+01
 1.90362500000000E+03   7.62129000000000E+01
 1.90370830000000E+03   1.39797000000000E+01
 1.90379170000000E+03  -1.40225000000000E+01
 1.90387500000000E+03  -2.87944000000000E+01
 1.90395830000000E+03  -2.73358000000000E+01
 1.90404170000000E+03  -6.26150000000000E+00
 1.90412500000000E+03   3.50450000000000E+00
 1.90420830000000E+03  -2.51142000000000E+01
 1.90429170000000E+03  -4.43482000000000E+01
 1.90437500000000E+03  -3.33518000000000E+01
 1.90445830000000E+03  -2.61249000000000E+01
 1.90454170000000E+03  -3.97470000000000E+00
 1.90462500000000E+03   2.58673000000000E+01
 1.90470830000000E+03   1.91707000000000E+01
 1.90479170000000E+03   3.75512000000000E+01
 1.90487500000000E+03   4.47004000000000E+01
 1.90495830000000E+03   3.58495000000000E+01
 1.90504170000000E+03   4.38449000000000E+01
 1.90512500000000E+03   4.02244000000000E+01
 1.90520830000000E+03   3.70653000000000E+01
 1.90529170000000E+03   5.29833000000000E+01
 1.90537500000000E+03   4.64393000000000E+01
 1.90545830000000E+03   5.28182000000000E+01
 1.90554170000000E+03   4.59665000000000E+01
 1.90562500000000E+03   3.68066000000000E+01
 1.90570830000000E+03   3.21081000000000E+01
 1.90579170000000E+03   4.23328000000000E+01
 1.90587500000000E+03   3.59417000000000E+01
 1.90595830000000E+03   4.40888000000000E+01
 1.90604170000000E+03   6.22362000000000E+01
 1.90612500000000E+03   6.54600000000000E+01
 1.90620830000000E+03   5.52220000000000E+01
 1.90629170000000E+03   3.59843000000000E+01
 1.90637500000000E+03   1.62845000000000E+01
 1.90645830000000E+03   4.65846000000000E+01
 1.90654170000000E+03   3.63464000000000E+01
 1.90662500000000E+03   2.01076000000000E+01
 1.90670830000000E+03   1.83303000000000E+01
 1.90679170000000E+03  -1.02161000000000E+01
 1.90687500000000E+03  -6.45530000000000E+00
 1.90695830000000E+03   2.22840000000000E+00
 1.90704170000000E+03   7.52770000000000E+00
 1.90712500000000E+03   2.41342000000000E+01
 1.90720830000000E+03   3.13559000000000E+01
 1.90729170000000E+03   2.45009000000000E+01
 1.90737500000000E+03   1.62608000000000E+01
 1.90745830000000E+03   8.71280000000000E+00
 1.90754170000000E+03  -1.17581000000000E+01
 1.90762500000000E+03  -5.37200000000000E-01
 1.90770830000000E+03  -2.17011000000000E+01
 1.90779170000000E+03  -4.10955000000000E+01
 1.90787500000000E+03  -4.13366000000000E+01
 1.90795830000000E+03  -4.68086000000000E+01
 1.90804170000000E+03  -3.50497000000000E+01
 1.90812500000000E+03  -3.09836000000000E+01
 1.90829170000000E+03  -6.30822000000000E+01
 1.90837500000000E+03  -8.82474000000000E+01
 1.90845830000000E+03  -7.69511000000000E+01
 1.90854170000000E+03  -5.76547000000000E+01
 1.90862500000000E+03  -4.20510000000000E+01
 1.90870830000000E+03  -6.66014000000000E+01
 1.90879170000000E+03  -1.02613100000000E+02
 1.90887500000000E+03  -8.72408000000000E+01
 1.90895830000000E+03  -7.82531000000000E+01
 1.90904170000000E+03  -5.84192000000000E+01
 1.90912500000000E+03  -3.15857000000000E+01
 1.90920830000000E+03  -3.35986000000000E+01
 1.90929170000000E+03  -4.16113000000000E+01
 1.90937500000000E+03  -2.39322000000000E+01
 1.90945830000000E+03  -1.14840000000000E+01
 1.90954170000000E+03   8.11830000000000E+00
 1.90962500000000E+03   1.19508000000000E+01
 1.90970830000000E+03   1.11677000000000E+01
 1.90979170000000E+03   2.62310000000000E+01
 1.90987500000000E+03   3.57553000000000E+01
 1.90995830000000E+03   3.42795000000000E+01
 1.91004170000000E+03   4.21885000000000E+01
 1.91012500000000E+03   3.02508000000000E+01
 1.91020830000000E+03   4.85140000000000E+00
 1.91029170000000E+03  -3.17000000000000E-01
 1.91037500000000E+03  -5.02440000000000E+00
 1.91045830000000E+03  -2.13473000000000E+01
 1.91054170000000E+03  -1.50547000000000E+01
 1.91062500000000E+03  -2.89933000000000E+01
 1.91070830000000E+03  -3.27014000000000E+01
 1.91079170000000E+03  -3.65630000000000E+01
 1.91087500000000E+03  -3.59637000000000E+01
 1.91095830000000E+03  -4.03645000000000E+01
 1.91104170000000E+03  -2.53036000000000E+01
 1.91112500000000E+03  -3.25509000000000E+01
 1.91120830000000E+03  -1.50291000000000E+01
 1.91129170000000E+03  -5.12250000000000E+00
 1.91137500000000E+03   1.49375000000000E+01
 1.91145830000000E+03   9.68950000000000E+00
 1.91154170000000E+03   7.59570000000000E+00
 1.91162500000000E+03  -1.08064000000000E+01
 1.91170830000000E+03  -2.85933000000000E+01
 1.91179170000000E+03  -2.87645000000000E+01
 1.91187500000000E+03  -2.37825000000000E+01
 1.91195830000000E+03  -1.04929000000000E+01
 1.91204170000000E+03  -9.28000000000000E+00
 1.91212500000000E+03  -8.14460000000000E+00
 1.91220830000000E+03   7.06760000000000E+00
 1.91229170000000E+03  -1.13354000000000E+01
 1.91237500000000E+03  -4.35430000000000E+00
 1.91245830000000E+03   6.01130000000000E+00
 1.91254170000000E+03   2.07617000000000E+01
 1.91262500000000E+03   3.37423000000000E+01
 1.91270830000000E+03   6.51074000000000E+01
 1.91279170000000E+03   7.11650000000000E+01
 1.91287500000000E+03   5.51451000000000E+01
 1.91295830000000E+03   6.05867000000000E+01
 1.91304170000000E+03   6.49515000000000E+01
 1.91312500000000E+03   8.28543000000000E+01
 1.91320830000000E+03   6.41415000000000E+01
 1.91329170000000E+03   4.05058000000000E+01
 1.91337500000000E+03   6.36389000000000E+01
 1.91345830000000E+03   9.57718000000000E+01
 1.91354170000000E+03   8.67510000000000E+01
 1.91362500000000E+03   9.92682000000000E+01
 1.91370830000000E+03   9.56314000000000E+01
 1.91379170000000E+03   6.73025000000000E+01
 1.91387500000000E+03   7.23576000000000E+01
 1.91395830000000E+03   7.94896000000000E+01
 1.91404170000000E+03   7.04679000000000E+01
 1.91412500000000E+03   6.27533000000000E+01
 1.91420830000000E+03   5.68079000000000E+01
 1.91429170000000E+03   6.77088000000000E+01
 1.91437500000000E+03   6.42245000000000E+01
 1.91445830000000E+03   5.48171000000000E+01
 1.91454170000000E+03   9.79440000000000E+00
 1.91462500000000E+03  -1.02288000000000E+01
 1.91470830000000E+03  -3.40982000000000E+01
 1.91479170000000E+03  -3.44291000000000E+01
 1.91487500000000E+03  -2.68373000000000E+01
 1.91495830000000E+03  -2.07073000000000E+01
 1.91520830000000E+03  -4.47160000000000E+00
 1.91529170000000E+03  -2.00342000000000E+01
 1.91537500000000E+03  -4.07511000000000E+01
 1.91545830000000E+03  -4.30066000000000E+01
 1.91554170000000E+03  -2.38773000000000E+01
 1.91562500000000E+03   4.48220000000000E+00
 1.91570830000000E+03  -1.87737000000000E+01
 1.91579170000000E+03  -1.33373000000000E+01
 1.91587500000000E+03  -6.20900000000000E+00
 1.91595830000000E+03   1.76530000000000E+00
 1.91604170000000E+03   1.17398000000000E+01
 1.91612500000000E+03  -1.28620000000000E+00
 1.91629170000000E+03  -2.28768000000000E+01
 1.91654170000000E+03  -3.81103000000000E+01
 1.91662500000000E+03  -2.75988000000000E+01
 1.91670830000000E+03   3.29710000000000E+00
 1.91679170000000E+03   2.21933000000000E+01
 1.91737500000000E+03   2.43831000000000E+01
 1.91745830000000E+03   4.31238000000000E+01
 1.91754170000000E+03   6.27108000000000E+01
 1.91762500000000E+03   6.64512000000000E+01
 1.91770830000000E+03   7.98837000000000E+01
 1.91779170000000E+03   8.80856000000000E+01
 1.91787500000000E+03   7.62870000000000E+01
 1.91795830000000E+03   8.46421000000000E+01
 1.91854170000000E+03   8.02014000000000E+01
 1.91862500000000E+03   8.14783000000000E+01
 1.91870830000000E+03   7.06012000000000E+01
 1.91879170000000E+03   5.94166000000000E+01
 1.91895830000000E+03   4.52770000000000E+01
 1.91904170000000E+03   4.87843000000000E+01
 1.91920830000000E+03   2.83360000000000E+01
 1.91929170000000E+03   3.40736000000000E+01
 1.91937500000000E+03   7.65670000000000E+00
 1.91945830000000E+03  -2.83720000000000E+00
 1.91954170000000E+03  -4.02320000000000E+00
 1.91962500000000E+03   5.40570000000000E+00
 1.91970830000000E+03  -5.08870000000000E+00
 1.91979170000000E+03   1.19556000000000E+01
 1.91987500000000E+03   1.56916000000000E+01
 1.92004170000000E+03   3.85483000000000E+01
 1.92012500000000E+03   4.55147000000000E+01
 1.92020830000000E+03   4.09424000000000E+01
 1.92029170000000E+03  -7.06600000000000E-01
 1.92037500000000E+03  -2.23561000000000E+01
 1.92045830000000E+03  -5.80826000000000E+01
 1.92054170000000E+03  -2.04244000000000E+01
 1.92062500000000E+03  -2.61513000000000E+01
 1.92070830000000E+03  -2.88783000000000E+01
 1.92079170000000E+03  -3.46052000000000E+01
 1.92087500000000E+03  -3.49480000000000E+01
 1.92095830000000E+03  -3.04447000000000E+01
 1.92104170000000E+03  -1.47105000000000E+01
 1.92112500000000E+03  -4.89990000000000E+00
 1.92120830000000E+03   1.52600000000000E+00
 1.92129170000000E+03   1.77981000000000E+01
 1.92137500000000E+03   3.37621000000000E+01
 1.92145830000000E+03   5.31875000000000E+01
 1.92154170000000E+03   9.08438000000000E+01
 1.92162500000000E+03   5.59612000000000E+01
 1.92170830000000E+03   5.61553000000000E+01
 1.92179170000000E+03   3.39650000000000E+01
 1.92187500000000E+03   3.08511000000000E+01
 1.92195830000000E+03   5.07371000000000E+01
 1.92204170000000E+03   5.47002000000000E+01
 1.92212500000000E+03   5.11243000000000E+01
 1.92220830000000E+03   4.18559000000000E+01
 1.92229170000000E+03   2.17416000000000E+01
 1.92237500000000E+03   1.36268000000000E+01
 1.92245830000000E+03   3.26656000000000E+01
 1.92254170000000E+03   3.59354000000000E+01
 1.92262500000000E+03   1.93586000000000E+01
 1.92270830000000E+03   4.55080000000000E+00
 1.92279170000000E+03  -2.84106000000000E+01
 1.92287500000000E+03  -1.92957000000000E+01
 1.92295830000000E+03  -4.48850000000000E+00
 1.92304170000000E+03  -3.06580000000000E+00
 1.92312500000000E+03   1.03564000000000E+01
 1.92320830000000E+03   1.47784000000000E+01
 1.92329170000000E+03   3.60468000000000E+01
 1.92337500000000E+03   7.13147000000000E+01
 1.92345830000000E+03   7.12747000000000E+01
 1.92354170000000E+03   4.53119000000000E+01
 1.92362500000000E+03   3.11946000000000E+01
 1.92370830000000E+03   2.55388000000000E+01
 1.92379170000000E+03   5.30370000000000E+01
 1.92387500000000E+03   7.25347000000000E+01
 1.92395830000000E+03   7.51861000000000E+01
 1.92404170000000E+03   7.32223000000000E+01
 1.92412500000000E+03   6.35657000000000E+01
 1.92420830000000E+03   4.96781000000000E+01
 1.92429170000000E+03   3.66369000000000E+01
 1.92437500000000E+03   1.76721000000000E+01
 1.92445830000000E+03  -7.52360000000000E+00
 1.92454170000000E+03   1.45885000000000E+01
 1.92462500000000E+03   4.32387000000000E+01
 1.92470830000000E+03   3.75040000000000E+01
 1.92479170000000E+03   3.66926000000000E+01
 1.92487500000000E+03   2.50346000000000E+01
 1.92495830000000E+03   3.94533000000000E+01
 1.92504170000000E+03   4.04876000000000E+01
 1.92512500000000E+03   3.52906000000000E+01
 1.92520830000000E+03   5.31704000000000E+01
 1.92529170000000E+03   6.32042000000000E+01
 1.92537500000000E+03   6.75452000000000E+01
 1.92545830000000E+03   7.11937000000000E+01
 1.92554170000000E+03   6.26886000000000E+01
 1.92562500000000E+03   1.28752000000000E+01
 1.92570830000000E+03   1.06180000000000E+00
 1.92579170000000E+03  -2.82850000000000E+00
 1.92587500000000E+03  -7.94990000000000E+00
 1.92595830000000E+03   7.74600000000000E-01
 1.92604170000000E+03  -8.27000000000000E+00
 1.92612500000000E+03   4.14650000000000E+00
 1.92620830000000E+03   1.30244000000000E+01
 1.92629170000000E+03   3.44090000000000E+00
 1.92637500000000E+03  -1.06815000000000E+01
 1.92645830000000E+03  -1.12657000000000E+01
 1.92654170000000E+03  -1.06189000000000E+01
 1.92662500000000E+03  -9.43410000000000E+00
 1.92670830000000E+03  -1.86480000000000E+00
 1.92679170000000E+03  -4.44930000000000E+00
 1.92687500000000E+03   1.21196000000000E+01
 1.92695830000000E+03   3.60730000000000E+01
 1.92704170000000E+03   4.66419000000000E+01
 1.92712500000000E+03   5.36719000000000E+01
 1.92720830000000E+03   5.04710000000000E+01
 1.92729170000000E+03   5.42702000000000E+01
 1.92737500000000E+03   5.62997000000000E+01
 1.92745830000000E+03   3.80214000000000E+01
 1.92754170000000E+03   2.94355000000000E+01
 1.92762500000000E+03   2.40799000000000E+01
 1.92770830000000E+03  -2.04500000000000E+00
 1.92779170000000E+03  -1.10160000000000E+01
 1.92787500000000E+03  -3.02951000000000E+01
 1.92795830000000E+03  -2.90360000000000E+01
 1.92804170000000E+03  -1.70074000000000E+01
 1.92812500000000E+03  -2.13320000000000E+00
 1.92820830000000E+03   4.74090000000000E+00
 1.92829170000000E+03   4.46130000000000E+00
 1.92837500000000E+03  -4.51110000000000E+00
 1.92845830000000E+03  -3.79130000000000E+00
 1.92854170000000E+03   3.08240000000000E+00
 1.92862500000000E+03  -2.68904000000000E+01
 1.92870830000000E+03  -4.34019000000000E+01
 1.92879170000000E+03  -1.93748000000000E+01
 1.92887500000000E+03  -5.42510000000000E+00
 1.92895830000000E+03   1.39091000000000E+01
 1.92904170000000E+03   1.65512000000000E+01
 1.92912500000000E+03   5.77400000000000E-01
 1.92920830000000E+03  -7.85810000000000E+00
 1.92929170000000E+03   3.01420000000000E+00
 1.92937500000000E+03   5.88600000000000E+00
 1.92945830000000E+03   5.60390000000000E+00
 1.92954170000000E+03   8.09110000000000E+00
 1.92962500000000E+03   6.03950000000000E+00
 1.92970830000000E+03   3.06030000000000E+01
 1.92979170000000E+03   2.09359000000000E+01
 1.92987500000000E+03   1.05761000000000E+01
 1.92995830000000E+03   7.06220000000000E+00
 1.93004170000000E+03   8.01000000000000E+00
 1.93012500000000E+03   1.00343000000000E+01
 1.93020830000000E+03  -6.78770000000000E+00
 1.93029170000000E+03  -1.46096000000000E+01
 1.93037500000000E+03  -3.04730000000000E+00
 1.93045830000000E+03  -1.31006000000000E+01
 1.93054170000000E+03  -1.95384000000000E+01
 1.93062500000000E+03  -4.98227000000000E+01
 1.93070830000000E+03  -4.98765000000000E+01
 1.93079170000000E+03  -5.44685000000000E+01
 1.93087500000000E+03  -4.78303000000000E+01
 1.93095830000000E+03  -3.28845000000000E+01
 1.93104170000000E+03  -1.42463000000000E+01
 1.93112500000000E+03  -1.43777000000000E+01
 1.93120830000000E+03  -2.02017000000000E+01
 1.93129170000000E+03   7.12840000000000E+00
 1.93137500000000E+03   4.99640000000000E+00
 1.93145830000000E+03  -1.39818000000000E+01
 1.93154170000000E+03   1.26555000000000E+01
 1.93162500000000E+03   1.92923000000000E+01
 1.93170830000000E+03   2.56213000000000E+01
 1.93179170000000E+03   3.17196000000000E+01
 1.93187500000000E+03   3.42790000000000E+01
 1.93195830000000E+03   4.68383000000000E+01
 1.93204170000000E+03   4.83208000000000E+01
 1.93212500000000E+03   4.65720000000000E+01
 1.93220830000000E+03   5.56692000000000E+01
 1.93229170000000E+03   6.33051000000000E+01
 1.93237500000000E+03   4.84789000000000E+01
 1.93245830000000E+03   5.50373000000000E+01
 1.93254170000000E+03   3.44419000000000E+01
 1.93262500000000E+03   9.46140000000000E+00
 1.93270830000000E+03  -1.52115000000000E+01
 1.93279170000000E+03   7.31000000000000E-01
 1.93287500000000E+03  -4.09610000000000E+00
 1.93295830000000E+03  -8.23100000000000E+00
 1.93304170000000E+03  -2.36580000000000E+00
 1.93312500000000E+03   1.25758000000000E+01
 1.93320830000000E+03   1.51730000000000E+00
 1.93329170000000E+03  -2.03872000000000E+01
 1.93337500000000E+03  -4.29845000000000E+01
 1.93345830000000E+03  -5.81204000000000E+01
 1.93354170000000E+03  -6.50253000000000E+01
 1.93362500000000E+03  -4.13923000000000E+01
 1.93370830000000E+03  -4.62979000000000E+01
 1.93379170000000E+03  -6.11265000000000E+01
 1.93387500000000E+03  -7.24170000000000E+01
 1.93395830000000E+03  -6.26308000000000E+01
 1.93404170000000E+03  -4.60752000000000E+01
 1.93412500000000E+03  -4.40585000000000E+01
 1.93420830000000E+03  -6.35035000000000E+01
 1.93429170000000E+03  -3.88715000000000E+01
 1.93437500000000E+03  -1.70091000000000E+01
 1.93445830000000E+03  -1.40700000000000E+01
 1.93454170000000E+03  -9.74620000000000E+00
 1.93462500000000E+03   4.11570000000000E+00
 1.93470830000000E+03  -1.68687000000000E+01
 1.93479170000000E+03  -1.53145000000000E+01
 1.93487500000000E+03  -6.83900000000000E-01
 1.93495830000000E+03  -3.61100000000000E-01
 1.93504170000000E+03   1.18080000000000E+01
 1.93512500000000E+03   1.82074000000000E+01
 1.93520830000000E+03   1.68374000000000E+01
 1.93529170000000E+03   4.33136000000000E+01
 1.93537500000000E+03   2.51741000000000E+01
 1.93545830000000E+03   1.64959000000000E+01
 1.93554170000000E+03   2.55102000000000E+01
 1.93562500000000E+03   2.24471000000000E+01
 1.93570830000000E+03  -1.34623000000000E+01
 1.93579170000000E+03  -1.84485000000000E+01
 1.93587500000000E+03  -3.72813000000000E+01
 1.93595830000000E+03  -3.07296000000000E+01
 1.93604170000000E+03  -2.73317000000000E+01
 1.93612500000000E+03  -3.60111000000000E+01
 1.93620830000000E+03  -5.13830000000000E+01
 1.93629170000000E+03  -5.89086000000000E+01
 1.93637500000000E+03  -7.18962000000000E+01
 1.93645830000000E+03  -8.90379000000000E+01
 1.93654170000000E+03  -1.01487000000000E+02
 1.93662500000000E+03  -1.00167400000000E+02
 1.93670830000000E+03  -9.00018000000000E+01
 1.93679170000000E+03  -5.85284000000000E+01
 1.93687500000000E+03  -5.25938000000000E+01
 1.93737500000000E+03  -2.97586000000000E+01
 1.93745830000000E+03  -6.20980000000000E+00
 1.93754170000000E+03   1.64929000000000E+01
 1.93762500000000E+03   9.81060000000000E+00
 1.93770830000000E+03   2.25128000000000E+01
 1.93779170000000E+03   3.15997000000000E+01
 1.93804170000000E+03   1.48590000000000E+01
 1.93812500000000E+03   2.90219000000000E+01
 1.93820830000000E+03   4.69539000000000E+01
 1.93837500000000E+03   3.07407000000000E+01
 1.93845830000000E+03   4.45184000000000E+01
 1.93854170000000E+03   2.43731000000000E+01
 1.93862500000000E+03   2.03812000000000E+01
 1.93870830000000E+03   1.00460000000000E+00
 1.93879170000000E+03  -1.78335000000000E+01
 1.93904170000000E+03  -5.41184000000000E+01
 1.93912500000000E+03  -7.53420000000000E+01
 1.93920830000000E+03  -7.94888000000000E+01
 1.93929170000000E+03  -6.67894000000000E+01
 1.93937500000000E+03  -4.67058000000000E+01
 1.93945830000000E+03  -2.79300000000000E+01
 1.93970830000000E+03  -4.26803000000000E+01
 1.93979170000000E+03  -1.02126000000000E+01
 1.94270830000000E+03  -4.71810000000000E+00
 1.94279170000000E+03   2.28208000000000E+01
 1.94287500000000E+03   3.42055000000000E+01
 1.94295830000000E+03   5.15900000000000E+01
 1.94304170000000E+03   6.41284000000000E+01
 1.94312500000000E+03   9.41280000000000E+01
 1.94320830000000E+03   1.22742800000000E+02
 1.94329170000000E+03   1.29973100000000E+02
 1.94337500000000E+03   1.10664500000000E+02
 1.94345830000000E+03   1.03740300000000E+02
 1.94354170000000E+03   1.14200900000000E+02
 1.94362500000000E+03   1.34968800000000E+02
 1.94370830000000E+03   1.16121100000000E+02
 1.94379170000000E+03   9.79658000000000E+01
 1.94387500000000E+03   8.40409000000000E+01
 1.94395830000000E+03   7.78850000000000E+01
 1.94404170000000E+03   7.62677000000000E+01
 1.94412500000000E+03   6.10346000000000E+01
 1.94420830000000E+03   5.14936000000000E+01
 1.94429170000000E+03   4.58759000000000E+01
 1.94437500000000E+03   3.37192000000000E+01
 1.94445830000000E+03   3.64086000000000E+01
 1.94454170000000E+03   3.34826000000000E+01
 1.94462500000000E+03  -2.13000000000000E-01
 1.94470830000000E+03  -7.52410000000000E+00
 1.94479170000000E+03  -1.21970000000000E+00
 1.94487500000000E+03   5.00730000000000E+00
 1.94495830000000E+03   9.31100000000000E+00
 1.94504170000000E+03   1.81534000000000E+01
 1.94512500000000E+03   2.62261000000000E+01
 1.94520830000000E+03   2.92986000000000E+01
 1.94529170000000E+03   3.12174000000000E+01
 1.94537500000000E+03   2.77511000000000E+01
 1.94545830000000E+03   3.33616000000000E+01
 1.94554170000000E+03   4.48953000000000E+01
 1.94562500000000E+03   3.02748000000000E+01
 1.94570830000000E+03   4.43463000000000E+01
 1.94579170000000E+03   2.44950000000000E+01
 1.94587500000000E+03   1.49508000000000E+01
 1.94595830000000E+03   1.78681000000000E+01
 1.94612500000000E+03   1.97024000000000E+01
 1.94620830000000E+03   2.34653000000000E+01
 1.94629170000000E+03   1.41514000000000E+01
 1.94637500000000E+03   7.68330000000000E+00
 1.94645830000000E+03  -1.44773000000000E+01
 1.94654170000000E+03  -3.98686000000000E+01
 1.94662500000000E+03  -8.28757000000000E+01
 1.94670830000000E+03  -1.17498300000000E+02
 1.94679170000000E+03  -1.03505500000000E+02
 1.94687500000000E+03  -1.27897700000000E+02
 1.94695830000000E+03  -1.25982300000000E+02
 1.94704170000000E+03  -1.27451500000000E+02
 1.94712500000000E+03  -1.36767200000000E+02
 1.94720830000000E+03  -1.54852300000000E+02
 1.94729170000000E+03  -1.55398900000000E+02
 1.94737500000000E+03  -1.49253500000000E+02
 1.94745830000000E+03  -1.34185300000000E+02
 1.94754170000000E+03  -1.17193900000000E+02
 1.94762500000000E+03  -9.35875000000000E+01
 1.94770830000000E+03  -5.58274000000000E+01
 1.94779170000000E+03  -4.12980000000000E+01
 1.94787500000000E+03  -5.61536000000000E+01
 1.94795830000000E+03  -4.40094000000000E+01
 1.94804170000000E+03  -2.92497000000000E+01
 1.94812500000000E+03  -2.19519000000000E+01
 1.94820830000000E+03  -5.88510000000000E+00
 1.94829170000000E+03   2.94895000000000E+01
 1.94837500000000E+03   3.80945000000000E+01
 1.94845830000000E+03   5.16224000000000E+01
 1.94854170000000E+03   7.07658000000000E+01
 1.94862500000000E+03   6.82164000000000E+01
 1.94870830000000E+03   8.05900000000000E+01
 1.94879170000000E+03   8.44252000000000E+01
 1.94887500000000E+03   1.05567700000000E+02
 1.94895830000000E+03   1.08171500000000E+02
 1.94904170000000E+03   1.15390900000000E+02
 1.94937500000000E+03   1.08342800000000E+02
 1.94945830000000E+03   1.23330300000000E+02
 1.94954170000000E+03   1.17164100000000E+02
 1.94962500000000E+03   8.66128000000000E+01
 1.94970830000000E+03   7.21383000000000E+01
 1.94979170000000E+03   5.67409000000000E+01
 1.94987500000000E+03   2.08045000000000E+01
 1.94995830000000E+03   2.39450000000000E+01
 1.95004170000000E+03   2.31624000000000E+01
 1.95012500000000E+03   1.62256000000000E+01
 1.95020830000000E+03   1.55194000000000E+01
 1.95029170000000E+03   4.52748000000000E+01
 1.95037500000000E+03   4.02606000000000E+01
 1.95045830000000E+03   4.83231000000000E+01
 1.95054170000000E+03   2.06165000000000E+01
 1.95062500000000E+03  -1.15520000000000E+01
 1.95070830000000E+03  -2.94130000000000E+01
 1.95079170000000E+03  -3.78893000000000E+01
 1.95087500000000E+03  -5.65968000000000E+01
 1.95095830000000E+03  -5.99198000000000E+01
 1.95104170000000E+03  -5.73966000000000E+01
 1.95112500000000E+03  -6.73353000000000E+01
 1.95120830000000E+03  -6.36588000000000E+01
 1.95129170000000E+03  -9.31361000000000E+01
 1.95137500000000E+03  -1.27844500000000E+02
 1.95145830000000E+03  -9.26300000000000E+01
 1.95154170000000E+03  -7.44923000000000E+01
 1.95162500000000E+03  -5.75089000000000E+01
 1.95170830000000E+03  -3.88334000000000E+01
 1.95179170000000E+03  -3.00039000000000E+01
 1.95187500000000E+03  -3.98671000000000E+01
 1.95195830000000E+03  -1.19613000000000E+01
 1.95204170000000E+03   1.09447000000000E+01
 1.95212500000000E+03   9.08100000000000E+00
 1.95220830000000E+03   2.82171000000000E+01
 1.95229170000000E+03   3.72764000000000E+01
 1.95237500000000E+03   5.46430000000000E+01
 1.95245830000000E+03   7.15479000000000E+01
 1.95254170000000E+03   3.21452000000000E+01
 1.95262500000000E+03   1.02036000000000E+01
 1.95270830000000E+03  -1.99600000000000E-01
 1.95279170000000E+03   8.93560000000000E+00
 1.95287500000000E+03   1.03013000000000E+01
 1.95295830000000E+03   1.55898000000000E+01
 1.95304170000000E+03   6.18620000000000E+00
 1.95312500000000E+03   1.39360000000000E+01
 1.95320830000000E+03   2.74548000000000E+01
 1.95329170000000E+03   1.76661000000000E+01
 1.95337500000000E+03   1.33385000000000E+01
 1.95345830000000E+03   1.63953000000000E+01
 1.95354170000000E+03   2.29138000000000E+01
 1.95362500000000E+03  -5.26050000000000E+00
 1.95370830000000E+03  -3.55118000000000E+01
 1.95379170000000E+03  -4.84553000000000E+01
 1.95387500000000E+03  -6.57070000000000E+01
 1.95395830000000E+03  -7.05742000000000E+01
 1.95404170000000E+03  -5.41336000000000E+01
 1.95412500000000E+03  -4.71549000000000E+01
 1.95420830000000E+03  -4.64072000000000E+01
 1.95429170000000E+03  -4.04286000000000E+01
 1.95437500000000E+03  -3.04505000000000E+01
 1.95445830000000E+03  -2.16263000000000E+01
 1.95454170000000E+03  -1.50328000000000E+01
 1.95462500000000E+03  -2.45166000000000E+01
 1.95470830000000E+03  -2.46220000000000E+00
 1.95479170000000E+03   1.69770000000000E+01
 1.95487500000000E+03   3.64158000000000E+01
 1.95495830000000E+03   5.20851000000000E+01
 1.95504170000000E+03   6.42931000000000E+01
 1.95512500000000E+03   4.81160000000000E+01
 1.95520830000000E+03   4.36310000000000E+01
 1.95529170000000E+03   4.21461000000000E+01
 1.95537500000000E+03   3.24301000000000E+01
 1.95545830000000E+03   4.24062000000000E+01
 1.95554170000000E+03   5.42286000000000E+01
 1.95562500000000E+03   2.64351000000000E+01
 1.95570830000000E+03   1.03339000000000E+01
 1.95579170000000E+03   6.92500000000000E+00
 1.95587500000000E+03   1.28234000000000E+01
 1.95595830000000E+03   3.64470000000000E+00
 1.95604170000000E+03   1.18507000000000E+01
 1.95612500000000E+03   2.96717000000000E+01
 1.95620830000000E+03   3.91079000000000E+01
 1.95629170000000E+03   5.08519000000000E+01
 1.95637500000000E+03   3.49801000000000E+01
 1.95645830000000E+03   3.37236000000000E+01
 1.95654170000000E+03   1.36979000000000E+01
 1.95662500000000E+03  -4.05100000000000E-01
 1.95670830000000E+03   2.33780000000000E+00
 1.95679170000000E+03   4.54240000000000E+00
 1.95687500000000E+03   9.28510000000000E+00
 1.95695830000000E+03   7.79680000000000E+00
 1.95704170000000E+03   1.21548000000000E+01
 1.95712500000000E+03   1.50508000000000E+01
 1.95720830000000E+03   1.70236000000000E+01
 1.95729170000000E+03   4.09964000000000E+01
 1.95737500000000E+03   3.63535000000000E+01
 1.95745830000000E+03   5.36335000000000E+01
 1.95754170000000E+03   5.33751000000000E+01
 1.95762500000000E+03   5.62702000000000E+01
 1.95770830000000E+03   3.70113000000000E+01
 1.95779170000000E+03   2.83678000000000E+01
 1.95787500000000E+03   4.51086000000000E+01
 1.95795830000000E+03   4.66953000000000E+01
 1.95804170000000E+03   5.22821000000000E+01
 1.95812500000000E+03   5.67916000000000E+01
 1.95820830000000E+03   4.12241000000000E+01
 1.95829170000000E+03   2.88873000000000E+01
 1.95837500000000E+03   3.16560000000000E+00
 1.95845830000000E+03  -4.78710000000000E+00
 1.95854170000000E+03  -3.58580000000000E+00
 1.95862500000000E+03  -1.30773000000000E+01
 1.95870830000000E+03  -2.41073000000000E+01
 1.95879170000000E+03  -2.39835000000000E+01
 1.95887500000000E+03  -2.01677000000000E+01
 1.95895830000000E+03  -2.45059000000000E+01
 1.95904170000000E+03  -1.86133000000000E+01
 1.95912500000000E+03  -2.41057000000000E+01
 1.95920830000000E+03  -2.65983000000000E+01
 1.95929170000000E+03  -2.15523000000000E+01
 1.95937500000000E+03  -5.67375000000000E+01
 1.95945830000000E+03  -6.38459000000000E+01
 1.95954170000000E+03  -8.38004000000000E+01
 1.95962500000000E+03  -1.36447600000000E+02
 1.95970830000000E+03  -1.63402600000000E+02
 1.95979170000000E+03  -1.73280600000000E+02
 1.95995830000000E+03  -1.66576100000000E+02
 1.96004170000000E+03  -1.44454700000000E+02
 1.96012500000000E+03  -1.36718200000000E+02
 1.96020830000000E+03  -1.32058800000000E+02
 1.96029170000000E+03  -1.46783900000000E+02
 1.96037500000000E+03  -1.41586400000000E+02
 1.96045830000000E+03  -1.47081300000000E+02
 1.96054170000000E+03  -1.12653100000000E+02
 1.96062500000000E+03  -8.52253000000000E+01
 1.96070830000000E+03  -6.13361000000000E+01
 1.96079170000000E+03  -5.29300000000000E+00
 1.96095830000000E+03   3.24077000000000E+01
 1.96104170000000E+03   5.22196000000000E+01
 1.96112500000000E+03   6.81850000000000E+01
 1.96120830000000E+03   8.63809000000000E+01
 1.96145830000000E+03   1.00737300000000E+02
 1.96162500000000E+03   8.49741000000000E+01
 1.96170830000000E+03   9.19384000000000E+01
 1.96187500000000E+03   7.60974000000000E+01
 1.96195830000000E+03   8.59073000000000E+01
 1.96204170000000E+03   9.29480000000000E+01
 1.96212500000000E+03   8.48345000000000E+01
 1.96220830000000E+03   9.97209000000000E+01
 1.96229170000000E+03   8.36842000000000E+01
 1.96237500000000E+03   6.46472000000000E+01
 1.96245830000000E+03   6.44562000000000E+01
 1.96254170000000E+03   3.99575000000000E+01
 1.96262500000000E+03   2.22770000000000E+00
 1.96270830000000E+03  -3.50408000000000E+01
 1.96279170000000E+03  -4.91553000000000E+01
 1.96287500000000E+03  -5.55779000000000E+01
 1.96295830000000E+03  -6.15391000000000E+01
 1.96304170000000E+03  -6.22695000000000E+01
 1.96312500000000E+03  -7.31541000000000E+01
 1.96320830000000E+03  -8.68081000000000E+01
 1.96329170000000E+03  -8.78467000000000E+01
 1.96337500000000E+03  -8.42702000000000E+01
 1.96345830000000E+03  -7.16170000000000E+01
 1.96354170000000E+03  -6.97330000000000E+01
 1.96362500000000E+03  -5.14647000000000E+01
 1.96370830000000E+03  -6.62735000000000E+01
 1.96379170000000E+03  -7.30053000000000E+01
 1.96387500000000E+03  -4.98914000000000E+01
 1.96395830000000E+03  -3.70083000000000E+01
 1.96404170000000E+03  -1.58945000000000E+01
 1.96412500000000E+03  -8.85790000000000E+00
 1.96420830000000E+03   5.33230000000000E+00
 1.96429170000000E+03   1.03688000000000E+01
 1.96437500000000E+03  -5.67000000000000E-02
 1.96445830000000E+03   7.51770000000000E+00
 1.96454170000000E+03   7.09220000000000E+00
 1.96462500000000E+03  -7.18400000000000E-01
 1.96470830000000E+03  -1.75291000000000E+01
 1.96479170000000E+03  -1.87820000000000E+00
 1.96487500000000E+03   5.46470000000000E+00
 1.96495830000000E+03  -1.92700000000000E-01
 1.96504170000000E+03   1.59193000000000E+01
 1.96512500000000E+03   1.47232000000000E+01
 1.96520830000000E+03   1.12192000000000E+01
 1.96529170000000E+03  -8.23200000000000E-01
 1.96537500000000E+03   1.05720000000000E+00
 1.96545830000000E+03  -4.21650000000000E+00
 1.96554170000000E+03  -3.80286000000000E+01
 1.96562500000000E+03  -6.33025000000000E+01
 1.96570830000000E+03  -5.81921000000000E+01
 1.96579170000000E+03  -6.10815000000000E+01
 1.96587500000000E+03  -5.91252000000000E+01
 1.96595830000000E+03  -4.91691000000000E+01
 1.96604170000000E+03  -3.33667000000000E+01
 1.96612500000000E+03  -4.20263000000000E+01
 1.96620830000000E+03  -3.06860000000000E+01
 1.96629170000000E+03  -3.69610000000000E+01
 1.96637500000000E+03  -4.71595000000000E+01
 1.96645830000000E+03  -5.12043000000000E+01
 1.96654170000000E+03  -5.25567000000000E+01
 1.96662500000000E+03  -4.06788000000000E+01
 1.96670830000000E+03   3.19900000000000E+00
 1.96679170000000E+03   4.38460000000000E+00
 1.96687500000000E+03   1.24928000000000E+01
 1.96695830000000E+03   2.37548000000000E+01
 1.96704170000000E+03   3.21706000000000E+01
 1.96712500000000E+03   3.34322000000000E+01
 1.96720830000000E+03   3.26168000000000E+01
 1.96729170000000E+03   3.88783000000000E+01
 1.96737500000000E+03   5.70625000000000E+01
 1.96745830000000E+03   8.74004000000000E+01
 1.96754170000000E+03   9.33538000000000E+01
 1.96762500000000E+03   9.69221000000000E+01
 1.96770830000000E+03   1.10644200000000E+02
 1.96779170000000E+03   8.92125000000000E+01
 1.96787500000000E+03   7.43957000000000E+01
 1.96795830000000E+03   6.66558000000000E+01
 1.96804170000000E+03   6.80697000000000E+01
 1.96812500000000E+03   5.72525000000000E+01
 1.96820830000000E+03   3.57428000000000E+01
 1.96829170000000E+03   3.76179000000000E+01
 1.96837500000000E+03   5.26170000000000E+00
 1.96845830000000E+03  -1.72484000000000E+01
 1.96854170000000E+03  -5.93739000000000E+01
 1.96862500000000E+03  -8.37305000000000E+01
 1.96870830000000E+03  -1.23087300000000E+02
 1.96879170000000E+03  -1.43367100000000E+02
 1.96887500000000E+03  -1.61185700000000E+02
 1.96895830000000E+03  -1.64158300000000E+02
 1.96904170000000E+03  -1.47592500000000E+02
 1.96912500000000E+03  -1.59642300000000E+02
 1.96920830000000E+03  -1.47846200000000E+02
 1.96929170000000E+03  -1.20511600000000E+02
 1.96937500000000E+03  -8.72542000000000E+01
 1.96945830000000E+03  -8.23047000000000E+01
 1.96954170000000E+03  -9.82013000000000E+01
 1.96962500000000E+03  -9.17906000000000E+01
 1.96970830000000E+03  -8.93031000000000E+01
 1.96979170000000E+03  -5.84310000000000E+01
 1.96987500000000E+03  -5.59438000000000E+01
 1.96995830000000E+03  -4.79184000000000E+01
 1.97004170000000E+03  -2.98159000000000E+01
 1.97012500000000E+03  -3.42523000000000E+01
 1.97020830000000E+03  -1.60735000000000E+01
 1.97029170000000E+03  -1.27407000000000E+01
 1.97037500000000E+03  -8.56220000000000E+00
 1.97045830000000E+03  -3.60762000000000E+01
 1.97054170000000E+03  -3.02824000000000E+01
 1.97062500000000E+03  -7.33510000000000E+00
 1.97070830000000E+03  -2.54180000000000E+00
 1.97079170000000E+03  -2.97930000000000E+00
 1.97087500000000E+03  -1.88017000000000E+01
 1.97095830000000E+03  -2.05474000000000E+01
 1.97104170000000E+03  -8.06220000000000E+00
 1.97112500000000E+03  -1.79620000000000E+01
 1.97120830000000E+03  -1.64774000000000E+01
 1.97129170000000E+03  -8.22350000000000E+00
 1.97137500000000E+03   9.56850000000000E+00
 1.97145830000000E+03   1.41296000000000E+01
 1.97154170000000E+03  -1.64631000000000E+01
 1.97162500000000E+03  -5.00562000000000E+01
 1.97170830000000E+03  -8.16495000000000E+01
 1.97179170000000E+03  -7.47042000000000E+01
 1.97187500000000E+03  -7.79901000000000E+01
 1.97195830000000E+03  -6.57376000000000E+01
 1.97204170000000E+03  -5.95621000000000E+01
 1.97212500000000E+03  -6.99254000000000E+01
 1.97220830000000E+03  -7.22119000000000E+01
 1.97229170000000E+03  -7.39599000000000E+01
 1.97237500000000E+03  -6.29390000000000E+01
 1.97245830000000E+03  -6.59183000000000E+01
 1.97254170000000E+03  -9.45129000000000E+01
 1.97262500000000E+03  -6.25694000000000E+01
 1.97270830000000E+03  -2.86261000000000E+01
 1.97279170000000E+03   9.16340000000000E+00
 1.97287500000000E+03   4.72180000000000E+00
 1.97295830000000E+03   1.89723000000000E+01
 1.97304170000000E+03   2.35306000000000E+01
 1.97312500000000E+03   3.09346000000000E+01
 1.97320830000000E+03   3.84924000000000E+01
 1.97329170000000E+03   4.18963000000000E+01
 1.97337500000000E+03   6.48384000000000E+01
 1.97345830000000E+03   6.72418000000000E+01
 1.97354170000000E+03   5.14145000000000E+01
 1.97362500000000E+03   6.05099000000000E+01
 1.97370830000000E+03   2.09898000000000E+01
 1.97379170000000E+03  -4.37640000000000E+00
 1.97387500000000E+03  -3.55892000000000E+01
 1.97395830000000E+03  -2.95713000000000E+01
 1.97404170000000E+03  -6.70730000000000E+00
 1.97412500000000E+03   2.38720000000000E+00
 1.97420830000000E+03   1.40460000000000E+00
 1.97429170000000E+03   2.96050000000000E+00
 1.97437500000000E+03   1.07468000000000E+01
 1.97445830000000E+03   2.14560000000000E+01
 1.97454170000000E+03   3.29345000000000E+01
 1.97462500000000E+03   3.33357000000000E+01
 1.97470830000000E+03   1.89675000000000E+01
 1.97479170000000E+03   3.75994000000000E+01
 1.97487500000000E+03   4.86155000000000E+01
 1.97495830000000E+03   6.82468000000000E+01
 1.97504170000000E+03   6.28782000000000E+01
 1.97512500000000E+03   4.25862000000000E+01
 1.97520830000000E+03   3.80632000000000E+01
 1.97529170000000E+03   3.95403000000000E+01
 1.97537500000000E+03   2.98631000000000E+01
 1.97545830000000E+03   4.50320000000000E+01
 1.97554170000000E+03   4.80470000000000E+01
 1.97562500000000E+03   1.38600000000000E-01
 1.97570830000000E+03  -2.30007000000000E+01
 1.97579170000000E+03  -1.57553000000000E+01
 1.97587500000000E+03  -1.92027000000000E+01
 1.97595830000000E+03  -1.04194000000000E+01
 1.97604170000000E+03  -1.04822000000000E+01
 1.97612500000000E+03  -7.08380000000000E+00
 1.97620830000000E+03  -1.52241000000000E+01
 1.97629170000000E+03  -4.81336000000000E+01
 1.97637500000000E+03  -6.50434000000000E+01
 1.97645830000000E+03  -5.39533000000000E+01
 1.97654170000000E+03  -8.64017000000000E+01
 1.97662500000000E+03  -1.40619700000000E+02
 1.97670830000000E+03  -1.41760900000000E+02
 1.97679170000000E+03  -1.27286700000000E+02
 1.97687500000000E+03  -1.33351300000000E+02
 1.97695830000000E+03  -1.30570000000000E+02
 1.97704170000000E+03  -1.22634700000000E+02
 1.97712500000000E+03  -1.27392100000000E+02
 1.97720830000000E+03  -1.20688100000000E+02
 1.97729170000000E+03  -1.08445600000000E+02
 1.97737500000000E+03  -5.44342000000000E+01
 1.97745830000000E+03  -4.27307000000000E+01
 1.97754170000000E+03  -4.09502000000000E+01
 1.97762500000000E+03  -5.66317000000000E+01
 1.97770830000000E+03  -4.90056000000000E+01
 1.97779170000000E+03  -5.83025000000000E+01
 1.97787500000000E+03  -8.71382000000000E+01
 1.97795830000000E+03  -8.71280000000000E+01
 1.97804170000000E+03  -7.56561000000000E+01
 1.97812500000000E+03  -8.24924000000000E+01
 1.97820830000000E+03  -4.67133000000000E+01
 1.97829170000000E+03  -3.73189000000000E+01
 1.97837500000000E+03  -1.11556000000000E+01
 1.97845830000000E+03  -4.79155000000000E+01
 1.97854170000000E+03  -6.63677000000000E+01
 1.97862500000000E+03  -8.59741000000000E+01
 1.97870830000000E+03  -7.19653000000000E+01
 1.97879170000000E+03  -8.45718000000000E+01
 1.97887500000000E+03  -7.57941000000000E+01
 1.97895830000000E+03  -5.66319000000000E+01
 1.97904170000000E+03  -3.07773000000000E+01
 1.97912500000000E+03  -2.70001000000000E+01
 1.97920830000000E+03  -9.68450000000000E+00
 1.97929170000000E+03  -3.68304000000000E+01
 1.97937500000000E+03  -5.04383000000000E+01
 1.97945830000000E+03  -6.54309000000000E+01
 1.97954170000000E+03  -6.58081000000000E+01
 1.97962500000000E+03  -6.64164000000000E+01
 1.97970830000000E+03  -8.73325000000000E+01
 1.97979170000000E+03  -8.87871000000000E+01
 1.97987500000000E+03  -8.22420000000000E+01
 1.97995830000000E+03  -8.18509000000000E+01
 1.98004170000000E+03  -7.16906000000000E+01
 1.98012500000000E+03  -8.78383000000000E+01
 1.98020830000000E+03  -8.89862000000000E+01
 1.98029170000000E+03  -9.19802000000000E+01
 1.98037500000000E+03  -8.00515000000000E+01
 1.98045830000000E+03  -5.06613000000000E+01
 1.98054170000000E+03  -3.56558000000000E+01
 1.98062500000000E+03  -7.88140000000000E+00
 1.98070830000000E+03  -3.02000000000000E-02
 1.98079170000000E+03   1.90518000000000E+01
 1.98087500000000E+03   1.56719000000000E+01
 1.98095830000000E+03   3.18302000000000E+01
 1.98104170000000E+03   4.56810000000000E+01
 1.98112500000000E+03   5.70698000000000E+01
 1.98120830000000E+03   5.42277000000000E+01
 1.98129170000000E+03   6.25395000000000E+01
 1.98137500000000E+03   7.98510000000000E+01
 1.98145830000000E+03   9.27777000000000E+01
 1.98154170000000E+03   6.07044000000000E+01
 1.98162500000000E+03   2.55538000000000E+01
 1.98170830000000E+03   4.01850000000000E+00
 1.98179170000000E+03   2.12524000000000E+01
 1.98187500000000E+03   3.53321000000000E+01
 1.98195830000000E+03   4.36425000000000E+01
 1.98204170000000E+03   3.77221000000000E+01
 1.98212500000000E+03   3.37244000000000E+01
 1.98220830000000E+03   3.81881000000000E+01
 1.98229170000000E+03   2.92672000000000E+01
 1.98237500000000E+03   3.17306000000000E+01
 1.98245830000000E+03   2.42708000000000E+01
 1.98254170000000E+03   4.67340000000000E+01
 1.98262500000000E+03   6.57354000000000E+01
 1.98270830000000E+03   7.23520000000000E+01
 1.98279170000000E+03   7.02764000000000E+01
 1.98287500000000E+03   5.13542000000000E+01
 1.98295830000000E+03   4.51242000000000E+01
 1.98304170000000E+03   5.60480000000000E+01
 1.98312500000000E+03   6.17407000000000E+01
 1.98320830000000E+03   6.94333000000000E+01
 1.98329170000000E+03   8.85105000000000E+01
 1.98337500000000E+03   1.30510500000000E+02
 1.98345830000000E+03   1.33587200000000E+02
 1.98354170000000E+03   1.42664000000000E+02
 1.98362500000000E+03   8.48942000000000E+01
 1.98370830000000E+03   4.25089000000000E+01
 1.98379170000000E+03   2.42006000000000E+01
 1.98387500000000E+03   1.46611000000000E+01
 1.98395830000000E+03   2.33523000000000E+01
 1.98404170000000E+03   3.73511000000000E+01
 1.98412500000000E+03   3.16573000000000E+01
 1.98420830000000E+03   3.81173000000000E+01
 1.98429170000000E+03   4.78849000000000E+01
 1.98437500000000E+03   9.88290000000000E+00
 1.98445830000000E+03  -2.12730000000000E+01
 1.98454170000000E+03  -5.43520000000000E+01
 1.98462500000000E+03  -9.76621000000000E+01
 1.98470830000000E+03  -1.08741600000000E+02
 1.98479170000000E+03  -9.41288000000000E+01
 1.98487500000000E+03  -9.12086000000000E+01
 1.98495830000000E+03  -7.82117000000000E+01
 1.98504170000000E+03  -6.92917000000000E+01
 1.98512500000000E+03  -7.24489000000000E+01
 1.98520830000000E+03  -5.04524000000000E+01
 1.98529170000000E+03  -4.43790000000000E+01
 1.98537500000000E+03  -8.56136000000000E+01
 1.98545830000000E+03  -9.70022000000000E+01
 1.98554170000000E+03  -1.07390800000000E+02
 1.98562500000000E+03  -1.00164400000000E+02
 1.98570830000000E+03  -8.23997000000000E+01
 1.98579170000000E+03  -5.48657000000000E+01
 1.98620830000000E+03  -2.36603000000000E+01
 1.98629170000000E+03   1.98728000000000E+01
 1.98637500000000E+03   4.83285000000000E+01
 1.98645830000000E+03   3.76303000000000E+01
 1.98654170000000E+03   3.48552000000000E+01
 1.98662500000000E+03  -8.68950000000000E+00
 1.98679170000000E+03  -3.69330000000000E+01
 1.98687500000000E+03  -1.86320000000000E+01
 1.98695830000000E+03  -5.10040000000000E+00
 1.98704170000000E+03   8.43120000000000E+00
 1.98712500000000E+03   2.81933000000000E+01
 1.98720830000000E+03   3.93398000000000E+01
 1.98729170000000E+03   3.83325000000000E+01
 1.98737500000000E+03   2.26325000000000E+01
 1.98745830000000E+03   5.24010000000000E+00
 1.98754170000000E+03  -5.37000000000000E-01
 1.98762500000000E+03   7.37800000000000E+00
 1.98770830000000E+03   3.98510000000000E+00
 1.98779170000000E+03   2.71307000000000E+01
 1.98787500000000E+03   2.95067000000000E+01
 1.98795830000000E+03   2.71133000000000E+01
 1.98804170000000E+03   2.44892000000000E+01
 1.98812500000000E+03   3.67878000000000E+01
 1.98820830000000E+03   4.10862000000000E+01
 1.98829170000000E+03   3.75386000000000E+01
 1.98837500000000E+03   4.72982000000000E+01
 1.98845830000000E+03   6.87501000000000E+01
 1.98854170000000E+03   9.85865000000000E+01
 1.98862500000000E+03   1.22345700000000E+02
 1.98870830000000E+03   1.43181700000000E+02
 1.98879170000000E+03   1.40248400000000E+02
 1.98887500000000E+03   1.45007200000000E+02
 1.98895830000000E+03   1.55688800000000E+02
 1.98904170000000E+03   1.64755100000000E+02
 1.98912500000000E+03   1.85898000000000E+02
 1.98920830000000E+03   1.74656000000000E+02
 1.98929170000000E+03   1.72721800000000E+02
 1.98937500000000E+03   1.69479600000000E+02
 1.98945830000000E+03   1.71621800000000E+02
 1.98954170000000E+03   1.73610200000000E+02
 1.98962500000000E+03   1.67598300000000E+02
 1.98970830000000E+03   1.72124700000000E+02
 1.98979170000000E+03   1.58343400000000E+02
 1.98987500000000E+03   1.55638700000000E+02
 1.98995830000000E+03   1.47703000000000E+02
 1.99004170000000E+03   1.61998200000000E+02
 1.99012500000000E+03   1.65293000000000E+02
 1.99020830000000E+03   1.56356900000000E+02
 1.99029170000000E+03   1.62805400000000E+02
 1.99037500000000E+03   1.51792000000000E+02
 1.99045830000000E+03   1.44009300000000E+02
 1.99054170000000E+03   1.43303500000000E+02
 1.99062500000000E+03   9.88281000000000E+01
 1.99070830000000E+03   4.18910000000000E+01
 1.99079170000000E+03  -1.96614000000000E+01
 1.99087500000000E+03  -3.75219000000000E+01
 1.99095830000000E+03  -3.01517000000000E+01
 1.99104170000000E+03  -2.30893000000000E+01
 1.99112500000000E+03  -2.95656000000000E+01
 1.99120830000000E+03  -2.74267000000000E+01
 1.99129170000000E+03  -2.82878000000000E+01
 1.99137500000000E+03  -2.90723000000000E+01
 1.99145830000000E+03  -1.60877000000000E+01
 1.99154170000000E+03   1.38200000000000E+01
 1.99162500000000E+03   1.41889000000000E+01
 1.99170830000000E+03   4.43268000000000E+01
 1.99179170000000E+03   6.48494000000000E+01
 1.99187500000000E+03   7.53717000000000E+01
 1.99195830000000E+03   6.72014000000000E+01
 1.99204170000000E+03   6.20312000000000E+01
 1.99212500000000E+03   6.97069000000000E+01
 1.99220830000000E+03   7.29208000000000E+01
 1.99229170000000E+03   5.89809000000000E+01
 1.99237500000000E+03   6.71945000000000E+01
 1.99245830000000E+03   7.56387000000000E+01
 1.99254170000000E+03   9.03137000000000E+01
 1.99262500000000E+03   8.69114000000000E+01
 1.99270830000000E+03   7.75860000000000E+01
 1.99279170000000E+03   5.20297000000000E+01
 1.99287500000000E+03   3.33193000000000E+01
 1.99295830000000E+03   3.72241000000000E+01
 1.99304170000000E+03   6.89751000000000E+01
 1.99312500000000E+03   8.59565000000000E+01
 1.99320830000000E+03   6.83993000000000E+01
 1.99329170000000E+03   4.33805000000000E+01
 1.99337500000000E+03   2.44384000000000E+01
 1.99345830000000E+03   8.64990000000000E+00
 1.99354170000000E+03  -9.84700000000000E-01
 1.99362500000000E+03  -4.48503000000000E+01
 1.99370830000000E+03  -7.58700000000000E+01
 1.99379170000000E+03  -8.86590000000000E+01
 1.99387500000000E+03  -9.33713000000000E+01
 1.99395830000000E+03  -6.36991000000000E+01
 1.99404170000000E+03  -7.06424000000000E+01
 1.99412500000000E+03  -9.15860000000000E+01
 1.99420830000000E+03  -1.05452800000000E+02
 1.99429170000000E+03  -8.96272000000000E+01
 1.99437500000000E+03  -6.84944000000000E+01
 1.99445830000000E+03  -2.01309000000000E+01
 1.99454170000000E+03  -1.45970000000000E+00
 1.99462500000000E+03   2.11343000000000E+01
 1.99470830000000E+03   4.82665000000000E+01
 1.99479170000000E+03   6.26295000000000E+01
 1.99487500000000E+03   6.32230000000000E+01
 1.99495830000000E+03   7.71240000000000E+01
 1.99504170000000E+03   6.61019000000000E+01
 1.99512500000000E+03   6.52334000000000E+01
 1.99520830000000E+03   6.08262000000000E+01
 1.99529170000000E+03   7.20345000000000E+01
 1.99537500000000E+03   7.37039000000000E+01
 1.99545830000000E+03   5.59116000000000E+01
 1.99554170000000E+03   6.19630000000000E+00
 1.99562500000000E+03  -4.47501000000000E+01
 1.99570830000000E+03  -1.08927400000000E+02
 1.99579170000000E+03  -1.44797100000000E+02
 1.99587500000000E+03  -1.70359400000000E+02
 1.99595830000000E+03  -1.68075700000000E+02
 1.99604170000000E+03  -1.55715000000000E+02
 1.99612500000000E+03  -1.67277800000000E+02
 1.99620830000000E+03  -1.80456100000000E+02
 1.99629170000000E+03  -1.72634400000000E+02
 1.99637500000000E+03  -1.61966800000000E+02
 1.99645830000000E+03  -1.69145600000000E+02
 1.99654170000000E+03  -1.57247400000000E+02
 1.99662500000000E+03  -1.12965000000000E+02
 1.99670830000000E+03  -6.54519000000000E+01
 1.99679170000000E+03  -1.97081000000000E+01
 1.99687500000000E+03  -2.73380000000000E+00
 1.99695830000000E+03  -1.44300000000000E-01
 1.99704170000000E+03  -9.70860000000000E+00
 1.99712500000000E+03  -3.28118000000000E+01
 1.99720830000000E+03  -5.53040000000000E+00
 1.99729170000000E+03   3.52894000000000E+01
 1.99737500000000E+03   3.38781000000000E+01
 1.99745830000000E+03   7.74300000000000E-01
 1.99754170000000E+03  -3.94480000000000E+00
 1.99762500000000E+03   3.87420000000000E+00
 1.99770830000000E+03  -2.19992000000000E+01
 1.99779170000000E+03  -5.20265000000000E+01
 1.99787500000000E+03  -7.32080000000000E+01
 1.99795830000000E+03  -6.56973000000000E+01
 2.00404170000000E+03  -3.60724000000000E+01
 2.00412500000000E+03  -2.77273000000000E+01
 2.00420830000000E+03  -3.05400000000000E-01
 2.00429170000000E+03  -8.65280000000000E+00
 2.00437500000000E+03  -1.94620000000000E+01
 2.00445830000000E+03   1.01132000000000E+01
 2.00454170000000E+03   6.23038000000000E+01
 2.00462500000000E+03   6.58788000000000E+01
 2.00470830000000E+03   4.10689000000000E+01
 2.00479170000000E+03   2.94898000000000E+01
 2.00487500000000E+03   3.48335000000000E+01
 2.00495830000000E+03   4.51771000000000E+01
 2.00504170000000E+03   4.38282000000000E+01
 2.00512500000000E+03   4.47868000000000E+01
 2.00520830000000E+03   5.15145000000000E+01
 2.00529170000000E+03   3.34729000000000E+01
 2.00537500000000E+03   3.60464000000000E+01
 2.00545830000000E+03   2.65429000000000E+01
 2.00554170000000E+03  -1.24992000000000E+01
 2.00562500000000E+03  -6.74646000000000E+01
 2.00570830000000E+03  -9.42764000000000E+01
 2.00579170000000E+03  -8.23958000000000E+01
 2.00587500000000E+03  -7.64387000000000E+01
 2.00595830000000E+03  -6.88663000000000E+01
 2.00604170000000E+03  -7.96785000000000E+01
 2.00612500000000E+03  -8.61834000000000E+01
 2.00620830000000E+03  -9.35345000000000E+01
 2.00629170000000E+03  -8.94242000000000E+01
 2.00637500000000E+03  -6.00833000000000E+01
 2.00645830000000E+03  -3.72042000000000E+01
 2.00654170000000E+03   7.90570000000000E+00
 2.00662500000000E+03   3.03999000000000E+01
 2.00670830000000E+03   4.67401000000000E+01
 2.00679170000000E+03   7.17726000000000E+01
 2.00687500000000E+03   7.76509000000000E+01
 2.00695830000000E+03   8.51445000000000E+01
 2.00704170000000E+03   1.00715000000000E+02
 2.00712500000000E+03   1.18054400000000E+02
 2.00720830000000E+03   1.42316700000000E+02
 2.00729170000000E+03   1.39271300000000E+02
 2.00737500000000E+03   1.46302600000000E+02
 2.00745830000000E+03   1.36333600000000E+02
 2.00754170000000E+03   1.13518500000000E+02
 2.00762500000000E+03   9.03185000000000E+01
 2.00770830000000E+03   1.06272200000000E+02
 2.00779170000000E+03   9.55336000000000E+01
 2.00787500000000E+03   7.84100000000000E+01
 2.00795830000000E+03   7.02863000000000E+01
 2.00804170000000E+03   8.03164000000000E+01
 2.00812500000000E+03   7.38847000000000E+01
 2.00820830000000E+03   5.39143000000000E+01
 2.00829170000000E+03   5.34055000000000E+01
 2.00837500000000E+03   7.24348000000000E+01
 2.00845830000000E+03   6.77717000000000E+01
 2.00854170000000E+03   5.36470000000000E+01
 2.00862500000000E+03   3.02913000000000E+01
 2.00870830000000E+03  -1.29540000000000E+00
 2.00879170000000E+03  -4.31898000000000E+01
 2.00887500000000E+03  -4.56999000000000E+01
 2.00895830000000E+03  -3.00563000000000E+01
 2.00904170000000E+03  -2.04896000000000E+01
 2.00912500000000E+03  -2.28463000000000E+01
 2.00920830000000E+03  -1.99724000000000E+01
 2.00929170000000E+03   4.67070000000000E+00
 2.00937500000000E+03  -2.71480000000000E+01
 2.00945830000000E+03  -5.38130000000000E+01
 2.00954170000000E+03  -9.06319000000000E+01
 2.00962500000000E+03  -1.16912700000000E+02
 2.00970830000000E+03  -1.07578200000000E+02
 2.00979170000000E+03  -1.07782200000000E+02
 2.00987500000000E+03  -9.41403000000000E+01
 2.00995830000000E+03  -8.47294000000000E+01
 2.01004170000000E+03  -8.83954000000000E+01
 2.01012500000000E+03  -8.79847000000000E+01
 2.01020830000000E+03  -8.99589000000000E+01
 2.01029170000000E+03  -1.07240800000000E+02
 2.01037500000000E+03  -1.12676800000000E+02
 2.01045830000000E+03  -1.09728300000000E+02
 2.01054170000000E+03  -1.05087600000000E+02
 2.01062500000000E+03  -8.18317000000000E+01
 2.01070830000000E+03  -6.88068000000000E+01
 2.01079170000000E+03  -6.47051000000000E+01
 2.01087500000000E+03  -6.79882000000000E+01
 2.01095830000000E+03  -6.16560000000000E+01
 2.01104170000000E+03  -6.08624000000000E+01
 2.01112500000000E+03  -5.57614000000000E+01
 2.01120830000000E+03  -4.45836000000000E+01
 2.01129170000000E+03  -2.67904000000000E+01
 2.01137500000000E+03  -2.07668000000000E+01
 2.01145830000000E+03   1.04874000000000E+01
 2.01154170000000E+03   4.91263000000000E+01
 2.01162500000000E+03   4.15340000000000E+01
 2.01170830000000E+03   4.89417000000000E+01
 2.01179170000000E+03   6.16569000000000E+01
 2.01187500000000E+03   5.30642000000000E+01
 2.01195830000000E+03   6.53175000000000E+01
 2.01204170000000E+03   6.57246000000000E+01
 2.01212500000000E+03   6.73622000000000E+01
 2.01220830000000E+03   8.51535000000000E+01
 2.01229170000000E+03   8.97909000000000E+01
 2.01237500000000E+03   8.35819000000000E+01
 2.01245830000000E+03   7.84496000000000E+01
 2.01254170000000E+03   3.44711000000000E+01
 2.01262500000000E+03  -3.66150000000000E+00
 2.01270830000000E+03  -2.79480000000000E+01
 2.01279170000000E+03  -5.13885000000000E+01
 2.01287500000000E+03  -6.50600000000000E+01
 2.01295830000000E+03  -6.57317000000000E+01
 2.01304170000000E+03  -6.82496000000000E+01
 2.01312500000000E+03  -7.18447000000000E+01
 2.01320830000000E+03  -7.35168000000000E+01
 2.01329170000000E+03  -1.02266000000000E+02
 2.01337500000000E+03  -9.98615000000000E+01
 2.01345830000000E+03  -8.19957000000000E+01
 2.01354170000000E+03  -7.73607000000000E+01
 2.01362500000000E+03  -9.08798000000000E+01
 2.01370830000000E+03  -8.49375000000000E+01
 2.01379170000000E+03  -6.22260000000000E+01
 2.01387500000000E+03  -5.48995000000000E+01
 2.01395830000000E+03  -5.01115000000000E+01
 2.01404170000000E+03  -5.00159000000000E+01
 2.01412500000000E+03  -4.71513000000000E+01
 2.01420830000000E+03  -5.42869000000000E+01
 2.01429170000000E+03  -6.18841000000000E+01
 2.01437500000000E+03  -6.52508000000000E+01
 2.01445830000000E+03  -7.98484000000000E+01
 2.01454170000000E+03  -7.71384000000000E+01
 2.01462500000000E+03  -6.41209000000000E+01
 2.01470830000000E+03  -5.06421000000000E+01
 2.01479170000000E+03  -4.32402000000000E+01
 2.01487500000000E+03  -2.94540000000000E+01
 2.01495830000000E+03  -8.20640000000000E+00
 2.01504170000000E+03   1.05796000000000E+01
 2.01512500000000E+03   1.32115000000000E+01
 2.01520830000000E+03   6.30470000000000E+00
 2.01529170000000E+03  -5.25100000000000E-01
 2.01537500000000E+03   2.39525000000000E+01
 2.01545830000000E+03   7.66606000000000E+01
 2.01554170000000E+03   6.74457000000000E+01
 2.01562500000000E+03   5.46151000000000E+01
 2.01570830000000E+03   3.35536000000000E+01
 2.01579170000000E+03   3.37228000000000E+01
 2.01587500000000E+03   1.95071000000000E+01
 2.01595830000000E+03   3.68100000000000E-01
 2.01604170000000E+03  -4.15540000000000E+00
 2.01612500000000E+03  -2.52550000000000E+00
 2.01620830000000E+03   5.56590000000000E+00
 2.01629170000000E+03  -1.05735000000000E+01
 2.01637500000000E+03  -2.40560000000000E+00
 2.01645830000000E+03  -6.99300000000000E-01
 2.01654170000000E+03  -2.26854000000000E+01
 2.01662500000000E+03  -3.22871000000000E+01
 2.01670830000000E+03  -5.18890000000000E+01
 2.01679170000000E+03  -3.56448000000000E+01
 2.01687500000000E+03  -4.22470000000000E+01
 2.01695830000000E+03  -2.69263000000000E+01
 2.01704170000000E+03  -5.29790000000000E+00
 2.01712500000000E+03  -4.59290000000000E+00
 2.01720830000000E+03  -1.44265000000000E+01
 2.01729170000000E+03  -5.56790000000000E+00
 2.01737500000000E+03   4.26751000000000E+01
 2.01745830000000E+03   8.01487000000000E+01
 2.01754170000000E+03   7.06223000000000E+01
 2.01762500000000E+03   4.57110000000000E+01
 2.01770830000000E+03   3.11841000000000E+01
 2.01779170000000E+03   1.09649000000000E+01
 2.01787500000000E+03  -1.13316000000000E+01
 2.01795830000000E+03  -1.16281000000000E+01
 2.01804170000000E+03  -2.20786000000000E+01
 2.01812500000000E+03  -2.96063000000000E+01
 2.01820830000000E+03  -2.59033000000000E+01
 2.01829170000000E+03  -9.20040000000000E+00
 2.01837500000000E+03  -2.71132000000000E+01
 2.01845830000000E+03  -5.93338000000000E+01
 2.01854170000000E+03  -7.99390000000000E+01
 2.01862500000000E+03  -8.67753000000000E+01
 2.01870830000000E+03  -6.67657000000000E+01
 2.01879170000000E+03  -5.63714000000000E+01
 2.01887500000000E+03  -4.20543000000000E+01
 2.01895830000000E+03  -3.33528000000000E+01
 2.01904170000000E+03  -1.48052000000000E+01
 2.01912500000000E+03  -1.46424000000000E+01
 2.01920830000000E+03  -2.71060000000000E+00
 2.01929170000000E+03   6.73000000000000E-02
 2.01937500000000E+03  -2.94627000000000E+01
 2.01945830000000E+03  -8.91600000000000E+00
 2.01954170000000E+03   2.99383000000000E+01
 2.01962500000000E+03   5.94848000000000E+01
 2.01970830000000E+03   7.54156000000000E+01
 2.01979170000000E+03   6.88849000000000E+01
 2.01987500000000E+03   9.07385000000000E+01
 2.01995830000000E+03   8.99766000000000E+01
 2.02004170000000E+03   1.08753100000000E+02
 2.02012500000000E+03   1.03452400000000E+02
 2.02020830000000E+03   1.15843900000000E+02
 2.02029170000000E+03   1.00158300000000E+02
 2.02037500000000E+03   1.06472500000000E+02
 2.02045830000000E+03   1.15940400000000E+02
 2.02054170000000E+03   9.91006000000000E+01
 2.02062500000000E+03   5.27989000000000E+01
 2.02070830000000E+03   1.28048000000000E+01
 2.02079170000000E+03   2.27220000000000E+00
 2.02087500000000E+03  -8.02990000000000E+00
 2.02095830000000E+03  -2.01014000000000E+01
 2.02104170000000E+03  -2.10191000000000E+01
 2.02112500000000E+03  -2.54756000000000E+01
 2.02120830000000E+03  -3.44707000000000E+01
 2.02129170000000E+03  -3.43119000000000E+01
 2.02137500000000E+03  -1.19996000000000E+01
 2.02145830000000E+03  -2.79952000000000E+01
 2.02154170000000E+03  -8.52920000000000E+00
 2.02162500000000E+03   3.23980000000000E+01
 2.02170830000000E+03   4.28635000000000E+01
 2.02179170000000E+03   3.76367000000000E+01
 2.02187500000000E+03   2.56404000000000E+01
 2.02195830000000E+03   3.51054000000000E+01
 2.02204170000000E+03   5.24935000000000E+01
 2.02212500000000E+03   5.94967000000000E+01
 2.02220830000000E+03   4.12689000000000E+01
 2.02229170000000E+03   5.60411000000000E+01
 2.02237500000000E+03   4.83516000000000E+01
 2.02245830000000E+03   2.28157000000000E+01
 2.02254170000000E+03   3.23566000000000E+01
 2.02262500000000E+03   2.94358000000000E+01
 2.02270830000000E+03   1.13020000000000E+00
 2.02279170000000E+03  -1.24063000000000E+01
 2.02287500000000E+03  -2.16353000000000E+01
 2.02295830000000E+03  -2.84029000000000E+01
 2.02304170000000E+03  -2.36321000000000E+01
 2.02312500000000E+03  -1.89385000000000E+01
 2.02320830000000E+03  -1.40912000000000E+01
 2.02329170000000E+03   1.56022000000000E+01
 2.02337500000000E+03   1.41414000000000E+01
 2.02345830000000E+03   2.08344000000000E+01
 2.02354170000000E+03   3.92196000000000E+01
 2.02362500000000E+03   4.65277000000000E+01
 2.02370830000000E+03   1.70663000000000E+01
 2.02379170000000E+03   7.83560000000000E+00
 2.02387500000000E+03   3.22010000000000E+00
 2.02395830000000E+03   1.54506000000000E+01
 2.02404170000000E+03   3.27579000000000E+01
 2.02412500000000E+03   3.12189000000000E+01
 2.02420830000000E+03   1.36027000000000E+01
 2.02429170000000E+03   8.90960000000000E+00
 2.02437500000000E+03   8.29310000000000E+00
 2.02445830000000E+03   1.57534000000000E+01
 2.02454170000000E+03   1.11816000000000E+01
 2.02462500000000E+03   1.40090000000000E+00
 2.02470830000000E+03  -2.03512000000000E+01
 2.02479170000000E+03   3.79500000000000E-01
 2.02487500000000E+03   4.39880000000000E+00
 2.02495830000000E+03   4.86879000000000E+01
