 1.88704170000000E+03  -3.17035000000000E+01
 1.88712500000000E+03  -1.28097000000000E+01
 1.88720830000000E+03  -3.44300000000000E-01
 1.88729170000000E+03   9.62120000000000E+00
 1.88737500000000E+03   1.04961000000000E+01
 1.88745830000000E+03   1.95529000000000E+01
 1.88754170000000E+03   1.79806000000000E+01
 1.88762500000000E+03   6.40840000000000E+00
 1.88770830000000E+03  -6.70200000000000E+00
 1.88779170000000E+03  -1.44276000000000E+01
 1.88787500000000E+03  -9.84540000000000E+00
 1.88795830000000E+03  -9.10910000000000E+00
 1.88804170000000E+03  -4.52650000000000E+00
 1.88812500000000E+03  -4.55900000000000E+00
 1.88820830000000E+03  -1.30529000000000E+01
 1.88829170000000E+03  -9.23900000000000E+00
 1.88837500000000E+03  -7.73250000000000E+00
 1.88845830000000E+03  -3.14890000000000E+00
 1.88854170000000E+03  -1.31806000000000E+01
 1.88862500000000E+03  -1.55197000000000E+01
 1.88870830000000E+03  -1.24741000000000E+01
 1.88879170000000E+03  -7.88980000000000E+00
 1.88887500000000E+03  -4.84370000000000E+00
 1.88895830000000E+03  -8.72060000000000E+00
 1.88904170000000E+03  -1.05880000000000E+00
 1.88912500000000E+03   8.14170000000000E+00
 1.88920830000000E+03   8.88080000000000E+00
 1.88929170000000E+03   5.77390000000000E+00
 1.88937500000000E+03  -4.09700000000000E-01
 1.88945830000000E+03  -8.90080000000000E+00
 1.88954170000000E+03  -1.23800000000000E+00
 1.88962500000000E+03  -1.28056000000000E+01
 1.88970830000000E+03  -9.75770000000000E+00
 1.88979170000000E+03  -5.17120000000000E+00
 1.88987500000000E+03  -2.12290000000000E+00
 1.88995830000000E+03   1.16948000000000E+01
 1.89004170000000E+03   2.70512000000000E+01
 1.89012500000000E+03   3.24077000000000E+01
 1.89020830000000E+03   2.23798000000000E+01
 1.89029170000000E+03   3.23521000000000E+01
 1.89037500000000E+03   3.77092000000000E+01
 1.89045830000000E+03   2.15280000000000E+01
 1.89054170000000E+03   1.30393000000000E+01
 1.89062500000000E+03  -8.52610000000000E+00
 1.89070830000000E+03   7.60100000000000E+00
 1.89079170000000E+03  -9.34870000000000E+00
 1.89087500000000E+03  -9.37510000000000E+00
 1.89095830000000E+03  -7.86290000000000E+00
 1.89104170000000E+03  -9.42740000000000E+00
 1.89112500000000E+03  -1.09917000000000E+01
 1.89120830000000E+03  -7.17120000000000E+00
 1.89129170000000E+03  -2.73600000000000E-01
 1.89137500000000E+03  -1.95296000000000E+01
 1.89145830000000E+03  -1.26316000000000E+01
 1.89154170000000E+03   2.72810000000000E+00
 1.89162500000000E+03   5.01110000000000E+00
 1.89170830000000E+03  -1.93650000000000E+00
 1.89179170000000E+03  -1.34994000000000E+01
 1.89187500000000E+03  -1.98510000000000E+00
 1.89195830000000E+03   3.37560000000000E+00
 1.89204170000000E+03   1.56595000000000E+01
 1.89212500000000E+03   2.25590000000000E+01
 1.89220830000000E+03   2.56125000000000E+01
 1.89229170000000E+03   1.55892000000000E+01
 1.89237500000000E+03  -5.87600000000000E-01
 1.89245830000000E+03   4.77410000000000E+00
 1.89254170000000E+03  -1.75562000000000E+01
 1.89262500000000E+03  -3.06556000000000E+01
 1.89270830000000E+03  -2.37548000000000E+01
 1.89279170000000E+03  -1.99308000000000E+01
 1.89287500000000E+03  -1.99527000000000E+01
 1.89295830000000E+03  -1.61283000000000E+01
 1.89304170000000E+03  -1.38421000000000E+01
 1.89312500000000E+03  -1.38635000000000E+01
 1.89320830000000E+03  -6.19240000000000E+00
 1.89329170000000E+03   1.22482000000000E+01
 1.89337500000000E+03   1.76120000000000E+01
 1.89345830000000E+03   3.29760000000000E+01
 1.89354170000000E+03   3.44941000000000E+01
 1.89362500000000E+03   6.29354000000000E+01
 1.89370830000000E+03   7.21461000000000E+01
 1.89379170000000E+03   5.90493000000000E+01
 1.89387500000000E+03   5.97989000000000E+01
 1.89395830000000E+03   6.28563000000000E+01
 1.89404170000000E+03   6.66831000000000E+01
 1.89412500000000E+03   7.28179000000000E+01
 1.89420830000000E+03   6.81836000000000E+01
 1.89429170000000E+03   4.66264000000000E+01
 1.89437500000000E+03   2.43001000000000E+01
 1.89445830000000E+03   2.58202000000000E+01
 1.89454170000000E+03   2.72510000000000E+00
 1.89462500000000E+03  -1.65237000000000E+01
 1.89470830000000E+03  -3.88491000000000E+01
 1.89479170000000E+03  -4.11745000000000E+01
 1.89487500000000E+03  -4.04227000000000E+01
 1.89495830000000E+03  -3.65937000000000E+01
 1.89504170000000E+03  -2.27647000000000E+01
 1.89512500000000E+03  -1.73969000000000E+01
 1.89520830000000E+03  -1.89521000000000E+01
 1.89529170000000E+03  -8.19930000000000E+00
 1.89537500000000E+03   1.78440000000000E+00
 1.89545830000000E+03   9.99000000000000E-01
 1.89554170000000E+03  -7.47850000000000E+00
 1.89562500000000E+03   3.27500000000000E+00
 1.89570830000000E+03   1.71056000000000E+01
 1.89579170000000E+03   1.86287000000000E+01
 1.89587500000000E+03   1.39981000000000E+01
 1.89595830000000E+03   2.62908000000000E+01
 1.89604170000000E+03   3.55068000000000E+01
 1.89612500000000E+03   2.93383000000000E+01
 1.89620830000000E+03   2.54777000000000E+01
 1.89629170000000E+03   1.85403000000000E+01
 1.89637500000000E+03   3.14170000000000E+00
 1.89645830000000E+03  -1.22568000000000E+01
 1.89654170000000E+03  -3.68859000000000E+01
 1.89662500000000E+03  -4.07456000000000E+01
 1.89670830000000E+03  -4.69127000000000E+01
 1.89679170000000E+03  -5.46182000000000E+01
 1.89687500000000E+03  -5.30927000000000E+01
 1.89695830000000E+03  -4.84900000000000E+01
 1.89704170000000E+03  -4.46565000000000E+01
 1.89712500000000E+03  -4.23611000000000E+01
 1.89720830000000E+03  -3.31426000000000E+01
 1.89729170000000E+03  -3.62315000000000E+01
 1.89737500000000E+03  -3.23972000000000E+01
 1.89745830000000E+03  -2.93319000000000E+01
 1.89754170000000E+03  -8.57410000000000E+00
 1.89762500000000E+03   1.75685000000000E+01
 1.89770830000000E+03   1.37112000000000E+01
 1.89779170000000E+03   1.06234000000000E+01
 1.89787500000000E+03   1.67666000000000E+01
 1.89795830000000E+03   1.98330000000000E+01
 1.89804170000000E+03   3.13611000000000E+01
 1.89812500000000E+03   3.05817000000000E+01
 1.89820830000000E+03   3.28795000000000E+01
 1.89829170000000E+03   1.74851000000000E+01
 1.89837500000000E+03   1.97832000000000E+01
 1.89845830000000E+03   3.82353000000000E+01
 1.89854170000000E+03   4.59184000000000E+01
 1.89862500000000E+03   3.82171000000000E+01
 1.89870830000000E+03   3.12852000000000E+01
 1.89879170000000E+03   3.97381000000000E+01
 1.89887500000000E+03   4.43450000000000E+01
 1.89895830000000E+03   4.43367000000000E+01
 1.89904170000000E+03   4.58671000000000E+01
 1.89912500000000E+03   3.89361000000000E+01
 1.89920830000000E+03   4.81592000000000E+01
 1.89929170000000E+03   5.43055000000000E+01
 1.89937500000000E+03   7.73751000000000E+01
 1.89945830000000E+03   6.81371000000000E+01
 1.89954170000000E+03   3.88994000000000E+01
 1.89962500000000E+03   1.58157000000000E+01
 1.89970830000000E+03  -4.19090000000000E+00
 1.89979170000000E+03  -1.72742000000000E+01
 1.89987500000000E+03  -2.03574000000000E+01
 1.89995830000000E+03  -1.57480000000000E+01
 1.90004170000000E+03  -1.11385000000000E+01
 1.90012500000000E+03  -1.26826000000000E+01
 1.90020830000000E+03  -1.11496000000000E+01
 1.90029170000000E+03  -1.42318000000000E+01
 1.90037500000000E+03  -3.42369000000000E+01
 1.90045830000000E+03  -4.34726000000000E+01
 1.90054170000000E+03  -4.27081000000000E+01
 1.90062500000000E+03  -4.88665000000000E+01
 1.90070830000000E+03  -5.34862000000000E+01
 1.90079170000000E+03  -4.81058000000000E+01
 1.90087500000000E+03  -5.19559000000000E+01
 1.90095830000000E+03  -5.42674000000000E+01
 1.90104170000000E+03  -5.81171000000000E+01
 1.90112500000000E+03  -5.88898000000000E+01
 1.90120830000000E+03  -6.50468000000000E+01
 1.90129170000000E+03  -6.65883000000000E+01
 1.90137500000000E+03  -7.35143000000000E+01
 1.90145830000000E+03  -6.73631000000000E+01
 1.90154170000000E+03  -6.27502000000000E+01
 1.90162500000000E+03  -6.42910000000000E+01
 1.90170830000000E+03  -5.58315000000000E+01
 1.90179170000000E+03  -5.42950000000000E+01
 1.90187500000000E+03  -5.04506000000000E+01
 1.90195830000000E+03  -4.35290000000000E+01
 1.90204170000000E+03  -3.50689000000000E+01
 1.90212500000000E+03  -2.19931000000000E+01
 1.90220830000000E+03  -2.12249000000000E+01
 1.90229170000000E+03  -1.19949000000000E+01
 1.90237500000000E+03  -1.81493000000000E+01
 1.90245830000000E+03  -2.19959000000000E+01
 1.90254170000000E+03  -1.73808000000000E+01
 1.90262500000000E+03  -1.43039000000000E+01
 1.90270830000000E+03  -1.99610000000000E+00
 1.90279170000000E+03   3.38890000000000E+00
 1.90287500000000E+03   1.87740000000000E+01
 1.90295830000000E+03   2.10824000000000E+01
 1.90304170000000E+03   3.56986000000000E+01
 1.90312500000000E+03   4.95459000000000E+01
 1.90320830000000E+03   4.95471000000000E+01
 1.90329170000000E+03   5.41639000000000E+01
 1.90337500000000E+03   6.26271000000000E+01
 1.90345830000000E+03   5.87828000000000E+01
 1.90354170000000E+03   5.72463000000000E+01
 1.90362500000000E+03   4.41716000000000E+01
 1.90370830000000E+03   7.25090000000000E+00
 1.90379170000000E+03  -3.51580000000000E+00
 1.90387500000000E+03  -1.12053000000000E+01
 1.90395830000000E+03  -8.89470000000000E+00
 1.90404170000000E+03   1.10840000000000E+00
 1.90412500000000E+03   4.95790000000000E+00
 1.90420830000000E+03  -1.81155000000000E+01
 1.90429170000000E+03  -1.96503000000000E+01
 1.90437500000000E+03  -1.73388000000000E+01
 1.90445830000000E+03  -1.88732000000000E+01
 1.90454170000000E+03  -6.56120000000000E+00
 1.90462500000000E+03  -2.71060000000000E+00
 1.90470830000000E+03  -3.47520000000000E+00
 1.90479170000000E+03   6.52960000000000E+00
 1.90487500000000E+03   1.91920000000000E+00
 1.90495830000000E+03   3.46280000000000E+00
 1.90504170000000E+03   8.08360000000000E+00
 1.90512500000000E+03   1.11660000000000E+01
 1.90520830000000E+03   8.09490000000000E+00
 1.90529170000000E+03   1.73316000000000E+01
 1.90537500000000E+03   8.87610000000000E+00
 1.90545830000000E+03   8.11320000000000E+00
 1.90554170000000E+03   7.35050000000000E+00
 1.90562500000000E+03   1.20330000000000E+00
 1.90570830000000E+03   1.97940000000000E+00
 1.90579170000000E+03   3.52490000000000E+00
 1.90587500000000E+03   2.76290000000000E+00
 1.90595830000000E+03   1.04626000000000E+01
 1.90604170000000E+03   2.12395000000000E+01
 1.90612500000000E+03   2.66319000000000E+01
 1.90620830000000E+03   1.89476000000000E+01
 1.90629170000000E+03   1.28019000000000E+01
 1.90637500000000E+03   9.73330000000000E+00
 1.90645830000000E+03   2.05111000000000E+01
 1.90654170000000E+03   1.12891000000000E+01
 1.90662500000000E+03   1.29800000000000E+00
 1.90670830000000E+03  -2.31400000000000E-01
 1.90679170000000E+03  -1.09913000000000E+01
 1.90687500000000E+03  -8.67410000000000E+00
 1.90695830000000E+03   1.33550000000000E+00
 1.90704170000000E+03   5.19150000000000E+00
 1.90712500000000E+03   1.44323000000000E+01
 1.90720830000000E+03   1.21349000000000E+01
 1.90729170000000E+03   1.59914000000000E+01
 1.90737500000000E+03   1.21559000000000E+01
 1.90745830000000E+03   6.01280000000000E+00
 1.90754170000000E+03  -1.30000000000000E-01
 1.90762500000000E+03   6.03500000000000E+00
 1.90770830000000E+03  -1.31845000000000E+01
 1.90779170000000E+03  -2.77883000000000E+01
 1.90787500000000E+03  -3.00843000000000E+01
 1.90795830000000E+03  -3.08416000000000E+01
 1.90804170000000E+03  -3.54449000000000E+01
 1.90812500000000E+03  -3.23557000000000E+01
 1.90820830000000E+03  -4.54202000000000E+01
 1.90829170000000E+03  -5.92536000000000E+01
 1.90837500000000E+03  -6.07793000000000E+01
 1.90845830000000E+03  -5.92278000000000E+01
 1.90854170000000E+03  -5.30607000000000E+01
 1.90862500000000E+03  -6.07396000000000E+01
 1.90870830000000E+03  -8.07260000000000E+01
 1.90879170000000E+03  -7.30199000000000E+01
 1.90887500000000E+03  -6.53137000000000E+01
 1.90895830000000E+03  -6.06841000000000E+01
 1.90904170000000E+03  -4.75929000000000E+01
 1.90912500000000E+03  -3.52707000000000E+01
 1.90920830000000E+03  -4.14098000000000E+01
 1.90929170000000E+03  -3.21641000000000E+01
 1.90937500000000E+03  -1.98413000000000E+01
 1.90945830000000E+03  -1.59799000000000E+01
 1.90954170000000E+03  -5.19520000000000E+00
 1.90962500000000E+03  -3.64110000000000E+00
 1.90970830000000E+03  -2.08680000000000E+00
 1.90979170000000E+03   9.46770000000000E+00
 1.90987500000000E+03   1.79454000000000E+01
 1.90995830000000E+03   2.95003000000000E+01
 1.91004170000000E+03   3.87476000000000E+01
 1.91012500000000E+03   3.41490000000000E+01
 1.91020830000000E+03   2.41659000000000E+01
 1.91029170000000E+03   2.03369000000000E+01
 1.91037500000000E+03   1.03543000000000E+01
 1.91045830000000E+03   5.75640000000000E+00
 1.91054170000000E+03  -1.49000000000000E-01
 1.91062500000000E+03   3.30400000000000E-01
 1.91070830000000E+03  -1.11130000000000E+01
 1.91079170000000E+03  -7.71010000000000E+00
 1.91087500000000E+03  -8.61480000000000E+00
 1.91095830000000E+03  -8.28850000000000E+00
 1.91104170000000E+03  -9.42350000000000E+00
 1.91112500000000E+03  -1.07891000000000E+01
 1.91120830000000E+03  -2.23140000000000E+00
 1.91129170000000E+03   4.03400000000000E-01
 1.91137500000000E+03   1.76537000000000E+01
 1.91145830000000E+03   1.53658000000000E+01
 1.91154170000000E+03   5.38570000000000E+00
 1.91162500000000E+03   3.55970000000000E+00
 1.91170830000000E+03  -6.88150000000000E+00
 1.91179170000000E+03  -4.63030000000000E+00
 1.91187500000000E+03  -1.76340000000000E+00
 1.91195830000000E+03   8.10360000000000E+00
 1.91204170000000E+03   1.08170000000000E+01
 1.91212500000000E+03   1.89152000000000E+01
 1.91220830000000E+03   2.10135000000000E+01
 1.91229170000000E+03   1.18813000000000E+01
 1.91237500000000E+03   1.91339000000000E+01
 1.91245830000000E+03   2.80790000000000E+01
 1.91254170000000E+03   2.32550000000000E+01
 1.91262500000000E+03   3.65851000000000E+01
 1.91270830000000E+03   5.06076000000000E+01
 1.91279170000000E+03   4.83227000000000E+01
 1.91287500000000E+03   4.79610000000000E+01
 1.91295830000000E+03   5.17533000000000E+01
 1.91304170000000E+03   5.01613000000000E+01
 1.91312500000000E+03   5.55694000000000E+01
 1.91320830000000E+03   4.27469000000000E+01
 1.91329170000000E+03   3.94631000000000E+01
 1.91337500000000E+03   6.23333000000000E+01
 1.91345830000000E+03   7.34345000000000E+01
 1.91354170000000E+03   5.93820000000000E+01
 1.91362500000000E+03   7.58681000000000E+01
 1.91370830000000E+03   7.20468000000000E+01
 1.91379170000000E+03   5.86102000000000E+01
 1.91387500000000E+03   6.17123000000000E+01
 1.91395830000000E+03   6.51223000000000E+01
 1.91404170000000E+03   6.17632000000000E+01
 1.91412500000000E+03   6.13274000000000E+01
 1.91420830000000E+03   6.67380000000000E+01
 1.91429170000000E+03   6.42256000000000E+01
 1.91437500000000E+03   6.74058000000000E+01
 1.91445830000000E+03   5.65861000000000E+01
 1.91454170000000E+03   3.17666000000000E+01
 1.91462500000000E+03   1.31012000000000E+01
 1.91470830000000E+03  -6.94870000000000E+00
 1.91479170000000E+03  -1.36138000000000E+01
 1.91487500000000E+03  -2.12787000000000E+01
 1.91495830000000E+03  -2.65588000000000E+01
 1.91504170000000E+03  -1.89156000000000E+01
 1.91512500000000E+03  -1.55030000000000E+01
 1.91520830000000E+03  -1.83210000000000E+01
 1.91529170000000E+03  -4.32926000000000E+01
 1.91537500000000E+03  -3.83410000000000E+01
 1.91545830000000E+03  -4.66200000000000E+01
 1.91554170000000E+03  -4.08987000000000E+01
 1.91562500000000E+03  -3.57158000000000E+01
 1.91570830000000E+03  -3.80711000000000E+01
 1.91579170000000E+03  -3.86570000000000E+01
 1.91587500000000E+03  -3.94735000000000E+01
 1.91595830000000E+03  -3.18283000000000E+01
 1.91604170000000E+03  -2.52598000000000E+01
 1.91612500000000E+03  -2.52296000000000E+01
 1.91620830000000E+03  -2.85838000000000E+01
 1.91629170000000E+03  -2.17839000000000E+01
 1.91637500000000E+03  -1.29160000000000E+00
 1.91645830000000E+03  -2.41450000000000E+00
 1.91654170000000E+03  -1.11526000000000E+01
 1.91662500000000E+03  -3.94289000000000E+01
 1.91670830000000E+03  -5.28589000000000E+01
 1.91679170000000E+03  -4.79810000000000E+01
 1.91687500000000E+03  -5.20261000000000E+01
 1.91695830000000E+03  -4.93017000000000E+01
 1.91704170000000E+03  -5.08848000000000E+01
 1.91712500000000E+03  -5.02369000000000E+01
 1.91720830000000E+03  -4.14351000000000E+01
 1.91729170000000E+03  -2.98637000000000E+01
 1.91737500000000E+03  -2.22923000000000E+01
 1.91745830000000E+03  -2.19514000000000E+01
 1.91754170000000E+03  -1.49179000000000E+01
 1.91762500000000E+03  -3.45900000000000E-01
 1.91770830000000E+03  -6.38910000000000E+00
 1.91779170000000E+03  -1.02012000000000E+01
 1.91787500000000E+03  -2.12440000000000E+01
 1.91795830000000E+03  -8.28660000000000E+00
 1.91804170000000E+03  -1.40590000000000E+00
 1.91812500000000E+03   7.01340000000000E+00
 1.91820830000000E+03   2.20483000000000E+01
 1.91829170000000E+03   1.36218000000000E+01
 1.91837500000000E+03   2.34940000000000E+00
 1.91845830000000E+03  -9.84590000000000E+00
 1.91854170000000E+03  -2.63487000000000E+01
 1.91862500000000E+03  -4.26975000000000E+01
 1.91870830000000E+03  -5.64308000000000E+01
 1.91879170000000E+03  -4.95484000000000E+01
 1.91887500000000E+03  -4.84351000000000E+01
 1.91895830000000E+03  -2.93216000000000E+01
 1.91904170000000E+03  -2.63617000000000E+01
 1.91912500000000E+03  -1.50940000000000E+01
 1.91920830000000E+03  -8.44150000000000E+00
 1.91929170000000E+03  -2.41734000000000E+01
 1.91937500000000E+03  -3.71359000000000E+01
 1.91945830000000E+03  -4.23290000000000E+01
 1.91954170000000E+03  -3.93680000000000E+01
 1.91962500000000E+03  -2.37145000000000E+01
 1.91970830000000E+03  -1.21378000000000E+01
 1.91979170000000E+03  -3.09940000000000E+00
 1.91987500000000E+03   3.70850000000000E+00
 1.91995830000000E+03   1.95165000000000E+01
 1.92004170000000E+03   2.71710000000000E+01
 1.92012500000000E+03   2.99024000000000E+01
 1.92020830000000E+03   1.84803000000000E+01
 1.92029170000000E+03  -6.48010000000000E+00
 1.92037500000000E+03  -8.82500000000000E+00
 1.92045830000000E+03  -1.22466000000000E+01
 1.92054170000000E+03   6.10120000000000E+00
 1.92062500000000E+03  -6.62770000000000E+00
 1.92070830000000E+03  -6.89490000000000E+00
 1.92079170000000E+03  -1.48542000000000E+01
 1.92087500000000E+03  -1.76595000000000E+01
 1.92095830000000E+03  -1.73877000000000E+01
 1.92104170000000E+03  -1.20387000000000E+01
 1.92112500000000E+03  -1.21511000000000E+01
 1.92120830000000E+03  -1.14941000000000E+01
 1.92129170000000E+03  -4.76000000000000E+00
 1.92137500000000E+03   5.82050000000000E+00
 1.92145830000000E+03   2.42472000000000E+01
 1.92154170000000E+03   2.87512000000000E+01
 1.92162500000000E+03   6.48600000000000E+00
 1.92170830000000E+03   1.15287000000000E+01
 1.92179170000000E+03  -5.27440000000000E+00
 1.92187500000000E+03   1.23020000000000E+00
 1.92195830000000E+03   9.19660000000000E+00
 1.92204170000000E+03   1.64709000000000E+01
 1.92212500000000E+03   1.85914000000000E+01
 1.92220830000000E+03   1.57122000000000E+01
 1.92229170000000E+03   6.60250000000000E+00
 1.92237500000000E+03   6.10820000000000E+00
 1.92245830000000E+03   1.77680000000000E+01
 1.92254170000000E+03   1.21203000000000E+01
 1.92262500000000E+03   1.01651000000000E+01
 1.92270830000000E+03  -2.02070000000000E+00
 1.92279170000000E+03  -1.62832000000000E+01
 1.92287500000000E+03  -7.62240000000000E+00
 1.92295830000000E+03  -1.50000000000000E+00
 1.92304170000000E+03   3.91900000000000E-01
 1.92312500000000E+03   4.13020000000000E+00
 1.92320830000000E+03   7.71470000000000E+00
 1.92329170000000E+03   2.50687000000000E+01
 1.92337500000000E+03   4.13460000000000E+01
 1.92345830000000E+03   3.53157000000000E+01
 1.92354170000000E+03   1.89780000000000E+01
 1.92362500000000E+03   4.40960000000000E+00
 1.92370830000000E+03   4.37990000000000E+00
 1.92379170000000E+03   1.44273000000000E+01
 1.92387500000000E+03   2.47826000000000E+01
 1.92395830000000E+03   2.92919000000000E+01
 1.92404170000000E+03   3.26476000000000E+01
 1.92412500000000E+03   3.40804000000000E+01
 1.92420830000000E+03   3.64364000000000E+01
 1.92429170000000E+03   3.04081000000000E+01
 1.92437500000000E+03   1.02260000000000E+01
 1.92445830000000E+03   4.19800000000000E+00
 1.92454170000000E+03   1.63240000000000E+01
 1.92462500000000E+03   2.92964000000000E+01
 1.92470830000000E+03   2.33458000000000E+01
 1.92479170000000E+03   2.45494000000000E+01
 1.92487500000000E+03   2.59069000000000E+01
 1.92495830000000E+03   3.26492000000000E+01
 1.92504170000000E+03   3.19302000000000E+01
 1.92512500000000E+03   3.06729000000000E+01
 1.92520830000000E+03   3.58774000000000E+01
 1.92529170000000E+03   3.29282000000000E+01
 1.92537500000000E+03   2.97484000000000E+01
 1.92545830000000E+03   3.77995000000000E+01
 1.92554170000000E+03   2.82355000000000E+01
 1.92562500000000E+03   5.36390000000000E+00
 1.92570830000000E+03   1.72330000000000E+00
 1.92579170000000E+03   4.54450000000000E+00
 1.92587500000000E+03   5.90420000000000E+00
 1.92595830000000E+03   1.56488000000000E+01
 1.92604170000000E+03   1.68551000000000E+01
 1.92612500000000E+03   2.67539000000000E+01
 1.92620830000000E+03   2.93452000000000E+01
 1.92629170000000E+03   2.76290000000000E+01
 1.92637500000000E+03   2.49899000000000E+01
 1.92645830000000E+03   2.80433000000000E+01
 1.92654170000000E+03   2.57123000000000E+01
 1.92662500000000E+03   2.45353000000000E+01
 1.92670830000000E+03   2.71277000000000E+01
 1.92679170000000E+03   2.83357000000000E+01
 1.92687500000000E+03   3.05439000000000E+01
 1.92695830000000E+03   4.35984000000000E+01
 1.92704170000000E+03   4.61146000000000E+01
 1.92712500000000E+03   5.31695000000000E+01
 1.92720830000000E+03   5.33784000000000E+01
 1.92729170000000E+03   5.91260000000000E+01
 1.92737500000000E+03   5.24892000000000E+01
 1.92745830000000E+03   3.18525000000000E+01
 1.92754170000000E+03   3.09083000000000E+01
 1.92762500000000E+03   2.70412000000000E+01
 1.92770830000000E+03   1.29436000000000E+01
 1.92779170000000E+03   4.92310000000000E+00
 1.92787500000000E+03  -1.17896000000000E+01
 1.92795830000000E+03  -2.19440000000000E+00
 1.92804170000000E+03   3.09340000000000E+00
 1.92812500000000E+03   9.99660000000000E+00
 1.92820830000000E+03   7.59240000000000E+00
 1.92829170000000E+03   6.18840000000000E+00
 1.92837500000000E+03   1.47680000000000E+00
 1.92845830000000E+03   1.68850000000000E+00
 1.92854170000000E+03   5.92800000000000E-01
 1.92862500000000E+03  -2.88105000000000E+01
 1.92870830000000E+03  -4.19059000000000E+01
 1.92879170000000E+03  -3.04626000000000E+01
 1.92887500000000E+03  -2.50961000000000E+01
 1.92895830000000E+03  -8.80640000000000E+00
 1.92904170000000E+03  -7.97790000000000E+00
 1.92912500000000E+03  -1.16878000000000E+01
 1.92920830000000E+03  -1.49360000000000E+01
 1.92929170000000E+03  -3.95310000000000E+00
 1.92937500000000E+03  -2.81620000000000E+00
 1.92945830000000E+03  -1.60230000000000E+00
 1.92954170000000E+03   5.30420000000000E+00
 1.92962500000000E+03   5.13390000000000E+00
 1.92970830000000E+03   2.35023000000000E+01
 1.92979170000000E+03   1.57170000000000E+01
 1.92987500000000E+03   1.22396000000000E+01
 1.92995830000000E+03   1.41470000000000E+01
 1.93004170000000E+03   1.43623000000000E+01
 1.93012500000000E+03   1.28854000000000E+01
 1.93020830000000E+03  -1.36050000000000E+00
 1.93029170000000E+03   3.93900000000000E-01
 1.93037500000000E+03   3.02200000000000E-01
 1.93045830000000E+03  -1.14816000000000E+01
 1.93054170000000E+03  -2.21113000000000E+01
 1.93062500000000E+03  -4.31255000000000E+01
 1.93070830000000E+03  -4.22934000000000E+01
 1.93079170000000E+03  -4.73072000000000E+01
 1.93087500000000E+03  -3.80900000000000E+01
 1.93095830000000E+03  -2.55650000000000E+01
 1.93104170000000E+03  -9.73210000000000E+00
 1.93112500000000E+03  -7.28360000000000E+00
 1.93120830000000E+03  -1.08350000000000E+01
 1.93129170000000E+03   8.53700000000000E+00
 1.93137500000000E+03  -4.75500000000000E-01
 1.93145830000000E+03  -5.71860000000000E+00
 1.93154170000000E+03   9.19240000000000E+00
 1.93162500000000E+03   1.33420000000000E+00
 1.93170830000000E+03   4.01480000000000E+00
 1.93179170000000E+03   1.48494000000000E+01
 1.93187500000000E+03   1.97611000000000E+01
 1.93195830000000E+03   2.50575000000000E+01
 1.93204170000000E+03   2.55851000000000E+01
 1.93212500000000E+03   1.89588000000000E+01
 1.93220830000000E+03   2.77943000000000E+01
 1.93229170000000E+03   3.66301000000000E+01
 1.93237500000000E+03   2.80044000000000E+01
 1.93245830000000E+03   3.26097000000000E+01
 1.93254170000000E+03   1.37537000000000E+01
 1.93262500000000E+03  -3.40990000000000E+00
 1.93270830000000E+03  -7.11170000000000E+00
 1.93279170000000E+03  -2.58250000000000E+00
 1.93287500000000E+03  -7.59170000000000E+00
 1.93295830000000E+03  -6.13910000000000E+00
 1.93304170000000E+03  -2.24700000000000E-01
 1.93312500000000E+03   5.15130000000000E+00
 1.93320830000000E+03  -1.24180000000000E+00
 1.93329170000000E+03  -1.60191000000000E+01
 1.93337500000000E+03  -3.49503000000000E+01
 1.93345830000000E+03  -5.14966000000000E+01
 1.93354170000000E+03  -5.47349000000000E+01
 1.93362500000000E+03  -4.41270000000000E+01
 1.93370830000000E+03  -4.62113000000000E+01
 1.93379170000000E+03  -5.25260000000000E+01
 1.93387500000000E+03  -5.25329000000000E+01
 1.93395830000000E+03  -4.70781000000000E+01
 1.93404170000000E+03  -4.10076000000000E+01
 1.93412500000000E+03  -3.80909000000000E+01
 1.93420830000000E+03  -4.26356000000000E+01
 1.93429170000000E+03  -2.39492000000000E+01
 1.93437500000000E+03  -1.93396000000000E+01
 1.93445830000000E+03  -1.21913000000000E+01
 1.93454170000000E+03  -6.35050000000000E+00
 1.93462500000000E+03   5.95190000000000E+00
 1.93470830000000E+03  -6.05310000000000E+00
 1.93479170000000E+03  -2.21180000000000E+00
 1.93487500000000E+03   4.93740000000000E+00
 1.93495830000000E+03   1.00098000000000E+01
 1.93504170000000E+03   2.54672000000000E+01
 1.93512500000000E+03   3.05400000000000E+01
 1.93520830000000E+03   3.93053000000000E+01
 1.93529170000000E+03   5.57631000000000E+01
 1.93537500000000E+03   4.39903000000000E+01
 1.93545830000000E+03   4.23716000000000E+01
 1.93554170000000E+03   5.09069000000000E+01
 1.93562500000000E+03   4.71347000000000E+01
 1.93570830000000E+03   1.64396000000000E+01
 1.93579170000000E+03   1.72832000000000E+01
 1.93587500000000E+03   4.28080000000000E+00
 1.93595830000000E+03   8.97080000000000E+00
 1.93604170000000E+03   1.36612000000000E+01
 1.93612500000000E+03   6.81310000000000E+00
 1.93620830000000E+03  -3.47000000000000E-02
 1.93629170000000E+03  -3.26690000000000E+00
 1.93637500000000E+03  -1.76528000000000E+01
 1.93645830000000E+03  -2.88470000000000E+00
 1.93654170000000E+03  -1.70394000000000E+01
 1.93662500000000E+03  -2.44248000000000E+01
 1.93670830000000E+03  -3.02715000000000E+01
 1.93679170000000E+03  -2.61180000000000E+01
 1.93687500000000E+03  -2.81182000000000E+01
 1.93695830000000E+03  -1.24259000000000E+01
 1.93704170000000E+03  -5.19480000000000E+00
 1.93712500000000E+03  -1.02714000000000E+01
 1.93720830000000E+03  -8.42470000000000E+00
 1.93729170000000E+03  -9.65460000000000E+00
 1.93737500000000E+03  -1.85768000000000E+01
 1.93745830000000E+03  -3.51911000000000E+01
 1.93754170000000E+03  -4.44974000000000E+01
 1.93762500000000E+03  -3.70343000000000E+01
 1.93770830000000E+03  -2.38788000000000E+01
 1.93779170000000E+03  -6.64610000000000E+00
 1.93787500000000E+03   3.50980000000000E+00
 1.93795830000000E+03   1.88197000000000E+01
 1.93804170000000E+03   2.19761000000000E+01
 1.93812500000000E+03   2.28248000000000E+01
 1.93820830000000E+03   2.49045000000000E+01
 1.93829170000000E+03   3.33691000000000E+01
 1.93837500000000E+03   5.64492000000000E+01
 1.93845830000000E+03   4.59141000000000E+01
 1.93854170000000E+03   5.19178000000000E+01
 1.93862500000000E+03   4.76138000000000E+01
 1.93870830000000E+03   3.99254000000000E+01
 1.93879170000000E+03   2.16988000000000E+01
 1.93887500000000E+03   6.62620000000000E+00
 1.93895830000000E+03   7.39990000000000E+00
 1.93904170000000E+03   6.78930000000000E+00
 1.93912500000000E+03   7.94100000000000E-01
 1.93920830000000E+03  -9.58550000000000E+00
 1.93929170000000E+03  -2.81955000000000E+01
 1.93937500000000E+03  -4.31901000000000E+01
 1.93945830000000E+03  -6.64153000000000E+01
 1.93954170000000E+03  -7.08710000000000E+01
 1.93962500000000E+03  -8.15573000000000E+01
 1.93970830000000E+03  -9.38588000000000E+01
 1.93979170000000E+03  -9.36216000000000E+01
 1.93987500000000E+03  -1.00615100000000E+02
 1.93995830000000E+03  -9.48392000000000E+01
 1.94004170000000E+03  -9.14475000000000E+01
 1.94012500000000E+03  -8.87481000000000E+01
 1.94020830000000E+03  -7.20486000000000E+01
 1.94029170000000E+03  -6.60410000000000E+01
 1.94037500000000E+03  -3.76487000000000E+01
 1.94045830000000E+03  -3.91794000000000E+01
 1.94054170000000E+03  -5.30174000000000E+01
 1.94062500000000E+03  -5.43169000000000E+01
 1.94070830000000E+03  -5.16162000000000E+01
 1.94079170000000E+03  -6.22229000000000E+01
 1.94087500000000E+03  -6.36756000000000E+01
 1.94095830000000E+03  -5.55128000000000E+01
 1.94104170000000E+03  -4.81959000000000E+01
 1.94112500000000E+03  -3.96481000000000E+01
 1.94120830000000E+03  -4.93309000000000E+01
 1.94129170000000E+03  -6.23211000000000E+01
 1.94137500000000E+03  -7.45420000000000E+01
 1.94145830000000E+03  -7.83780000000000E+01
 1.94154170000000E+03  -9.40600000000000E+01
 1.94162500000000E+03  -9.45880000000000E+01
 1.94170830000000E+03  -9.58851000000000E+01
 1.94179170000000E+03  -9.53357000000000E+01
 1.94187500000000E+03  -8.50939000000000E+01
 1.94195830000000E+03  -7.55442000000000E+01
 1.94204170000000E+03  -6.89943000000000E+01
 1.94212500000000E+03  -6.96750000000000E+01
 1.94220830000000E+03  -7.47402000000000E+01
 1.94229170000000E+03  -5.89589000000000E+01
 1.94237500000000E+03  -5.32545000000000E+01
 1.94245830000000E+03  -2.93960000000000E+01
 1.94254170000000E+03  -3.96141000000000E+01
 1.94262500000000E+03  -8.52450000000000E+00
 1.94270830000000E+03   7.10370000000000E+00
 1.94279170000000E+03   3.33477000000000E+01
 1.94287500000000E+03   4.37456000000000E+01
 1.94295830000000E+03   5.32205000000000E+01
 1.94304170000000E+03   6.33112000000000E+01
 1.94312500000000E+03   7.21712000000000E+01
 1.94320830000000E+03   8.08005000000000E+01
 1.94329170000000E+03   8.34302000000000E+01
 1.94337500000000E+03   7.42138000000000E+01
 1.94345830000000E+03   6.81515000000000E+01
 1.94354170000000E+03   7.29356000000000E+01
 1.94362500000000E+03   7.07197000000000E+01
 1.94370830000000E+03   5.38887000000000E+01
 1.94379170000000E+03   5.00579000000000E+01
 1.94387500000000E+03   3.67657000000000E+01
 1.94395830000000E+03   4.13968000000000E+01
 1.94404170000000E+03   4.26436000000000E+01
 1.94412500000000E+03   3.91981000000000E+01
 1.94420830000000E+03   3.72143000000000E+01
 1.94429170000000E+03   3.03847000000000E+01
 1.94437500000000E+03   2.63244000000000E+01
 1.94445830000000E+03   2.48027000000000E+01
 1.94454170000000E+03   1.80506000000000E+01
 1.94462500000000E+03   1.45240000000000E+00
 1.94470830000000E+03   5.77750000000000E+00
 1.94479170000000E+03   8.33360000000000E+00
 1.94487500000000E+03   1.27359000000000E+01
 1.94495830000000E+03   2.24462000000000E+01
 1.94504170000000E+03   2.42336000000000E+01
 1.94512500000000E+03   2.72519000000000E+01
 1.94520830000000E+03   2.60396000000000E+01
 1.94529170000000E+03   2.42892000000000E+01
 1.94537500000000E+03   2.32311000000000E+01
 1.94545830000000E+03   2.14040000000000E+01
 1.94554170000000E+03   2.03464000000000E+01
 1.94562500000000E+03   3.32889000000000E+01
 1.94570830000000E+03   2.63085000000000E+01
 1.94579170000000E+03   2.80977000000000E+01
 1.94587500000000E+03   2.12715000000000E+01
 1.94595830000000E+03   3.05993000000000E+01
 1.94604170000000E+03   2.66198000000000E+01
 1.94612500000000E+03   3.03327000000000E+01
 1.94620830000000E+03   3.87380000000000E+01
 1.94629170000000E+03   3.32975000000000E+01
 1.94637500000000E+03   2.39340000000000E+01
 1.94645830000000E+03   1.48014000000000E+01
 1.94654170000000E+03  -6.86930000000000E+00
 1.94662500000000E+03  -3.61553000000000E+01
 1.94670830000000E+03  -5.75181000000000E+01
 1.94679170000000E+03  -5.04960000000000E+01
 1.94687500000000E+03  -6.83968000000000E+01
 1.94695830000000E+03  -6.54513000000000E+01
 1.94704170000000E+03  -7.22748000000000E+01
 1.94712500000000E+03  -8.14058000000000E+01
 1.94720830000000E+03  -8.57675000000000E+01
 1.94729170000000E+03  -1.02051900000000E+02
 1.94737500000000E+03  -9.13363000000000E+01
 1.94745830000000E+03  -8.77743000000000E+01
 1.94754170000000E+03  -7.76735000000000E+01
 1.94762500000000E+03  -6.51881000000000E+01
 1.94770830000000E+03  -3.99332000000000E+01
 1.94779170000000E+03  -2.89088000000000E+01
 1.94787500000000E+03  -3.44997000000000E+01
 1.94795830000000E+03  -1.82443000000000E+01
 1.94804170000000E+03  -1.13732000000000E+01
 1.94812500000000E+03  -4.42510000000000E+00
 1.94820830000000E+03   1.52155000000000E+01
 1.94829170000000E+03   2.57025000000000E+01
 1.94837500000000E+03   3.80358000000000E+01
 1.94845830000000E+03   3.79077000000000E+01
 1.94854170000000E+03   5.01646000000000E+01
 1.94862500000000E+03   5.88061000000000E+01
 1.94870830000000E+03   5.52940000000000E+01
 1.94879170000000E+03   6.20898000000000E+01
 1.94887500000000E+03   6.31935000000000E+01
 1.94895830000000E+03   7.19127000000000E+01
 1.94904170000000E+03   7.27860000000000E+01
 1.94912500000000E+03   7.89671000000000E+01
 1.94920830000000E+03   7.03023000000000E+01
 1.94929170000000E+03   6.82531000000000E+01
 1.94937500000000E+03   5.68194000000000E+01
 1.94945830000000E+03   6.60782000000000E+01
 1.94954170000000E+03   5.37219000000000E+01
 1.94962500000000E+03   4.24426000000000E+01
 1.94970830000000E+03   2.93942000000000E+01
 1.94979170000000E+03   4.09616000000000E+01
 1.94987500000000E+03   2.78367000000000E+01
 1.94995830000000E+03   3.35581000000000E+01
 1.95004170000000E+03   3.62029000000000E+01
 1.95012500000000E+03   3.70017000000000E+01
 1.95020830000000E+03   4.25698000000000E+01
 1.95029170000000E+03   5.30614000000000E+01
 1.95037500000000E+03   4.47837000000000E+01
 1.95045830000000E+03   4.18909000000000E+01
 1.95054170000000E+03   1.90753000000000E+01
 1.95062500000000E+03   1.01829000000000E+01
 1.95070830000000E+03  -5.86320000000000E+00
 1.95079170000000E+03  -6.60130000000000E+00
 1.95087500000000E+03  -2.14932000000000E+01
 1.95095830000000E+03  -2.06157000000000E+01
 1.95104170000000E+03  -2.16609000000000E+01
 1.95112500000000E+03  -2.20138000000000E+01
 1.95120830000000E+03  -2.02126000000000E+01
 1.95129170000000E+03  -4.22573000000000E+01
 1.95137500000000E+03  -4.92250000000000E+01
 1.95145830000000E+03  -3.17310000000000E+01
 1.95154170000000E+03  -2.42366000000000E+01
 1.95162500000000E+03  -1.83576000000000E+01
 1.95170830000000E+03  -1.67092000000000E+01
 1.95179170000000E+03  -1.25989000000000E+01
 1.95187500000000E+03  -1.54885000000000E+01
 1.95195830000000E+03   4.23740000000000E+00
 1.95204170000000E+03   1.52713000000000E+01
 1.95212500000000E+03   2.01515000000000E+01
 1.95220830000000E+03   2.63395000000000E+01
 1.95229170000000E+03   2.61432000000000E+01
 1.95237500000000E+03   3.29470000000000E+01
 1.95245830000000E+03   2.96741000000000E+01
 1.95254170000000E+03   9.01680000000000E+00
 1.95262500000000E+03  -1.94810000000000E+00
 1.95270830000000E+03  -1.10666000000000E+01
 1.95279170000000E+03  -2.26180000000000E+00
 1.95287500000000E+03   2.54310000000000E+00
 1.95295830000000E+03   7.42510000000000E+00
 1.95304170000000E+03   8.46130000000000E+00
 1.95312500000000E+03   1.75745000000000E+01
 1.95320830000000E+03   2.06878000000000E+01
 1.95329170000000E+03   1.58784000000000E+01
 1.95337500000000E+03   2.16075000000000E+01
 1.95345830000000E+03   2.50291000000000E+01
 1.95354170000000E+03   2.16048000000000E+01
 1.95362500000000E+03   3.34500000000000E-01
 1.95370830000000E+03  -1.23972000000000E+01
 1.95379170000000E+03  -1.90516000000000E+01
 1.95387500000000E+03  -3.00907000000000E+01
 1.95395830000000E+03  -2.67449000000000E+01
 1.95404170000000E+03  -1.68603000000000E+01
 1.95412500000000E+03  -1.59757000000000E+01
 1.95420830000000E+03  -1.27062000000000E+01
 1.95429170000000E+03  -9.51340000000000E+00
 1.95437500000000E+03  -9.55130000000000E+00
 1.95445830000000E+03  -6.43520000000000E+00
 1.95454170000000E+03  -8.24180000000000E+00
 1.95462500000000E+03  -9.35600000000000E+00
 1.95470830000000E+03   9.91500000000000E-01
 1.95479170000000E+03   7.80080000000000E+00
 1.95487500000000E+03   2.39179000000000E+01
 1.95495830000000E+03   3.66505000000000E+01
 1.95504170000000E+03   3.75373000000000E+01
 1.95512500000000E+03   2.79627000000000E+01
 1.95520830000000E+03   2.72343000000000E+01
 1.95529170000000E+03   2.07371000000000E+01
 1.95537500000000E+03   1.26245000000000E+01
 1.95545830000000E+03   2.01275000000000E+01
 1.95554170000000E+03   1.04770000000000E+01
 1.95562500000000E+03  -1.14812000000000E+01
 1.95570830000000E+03  -1.69007000000000E+01
 1.95579170000000E+03  -1.52429000000000E+01
 1.95587500000000E+03  -7.96980000000000E+00
 1.95595830000000E+03  -9.15800000000000E+00
 1.95604170000000E+03  -2.73040000000000E+00
 1.95612500000000E+03   9.00480000000000E+00
 1.95620830000000E+03   1.46634000000000E+01
 1.95629170000000E+03   1.73991000000000E+01
 1.95637500000000E+03   1.08273000000000E+01
 1.95645830000000E+03   9.40940000000000E+00
 1.95654170000000E+03   2.60730000000000E+00
 1.95662500000000E+03   4.49750000000000E+00
 1.95670830000000E+03   1.68495000000000E+01
 1.95679170000000E+03   1.32018000000000E+01
 1.95687500000000E+03   1.34772000000000E+01
 1.95695830000000E+03   1.44451000000000E+01
 1.95704170000000E+03   1.47979000000000E+01
 1.95712500000000E+03   1.73816000000000E+01
 1.95720830000000E+03   2.02731000000000E+01
 1.95729170000000E+03   3.40881000000000E+01
 1.95737500000000E+03   3.11338000000000E+01
 1.95745830000000E+03   3.78721000000000E+01
 1.95754170000000E+03   3.21491000000000E+01
 1.95762500000000E+03   2.78108000000000E+01
 1.95770830000000E+03   1.00881000000000E+01
 1.95779170000000E+03   5.36570000000000E+00
 1.95787500000000E+03   1.67972000000000E+01
 1.95795830000000E+03   2.33058000000000E+01
 1.95804170000000E+03   3.08917000000000E+01
 1.95812500000000E+03   3.55545000000000E+01
 1.95820830000000E+03   2.80637000000000E+01
 1.95829170000000E+03   2.41116000000000E+01
 1.95837500000000E+03   6.62120000000000E+00
 1.95845830000000E+03   5.66930000000000E+00
 1.95854170000000E+03   3.71790000000000E+00
 1.95862500000000E+03   1.76640000000000E+00
 1.95870830000000E+03  -7.80020000000000E+00
 1.95879170000000E+03   1.63350000000000E+00
 1.95887500000000E+03   2.99030000000000E+00
 1.95895830000000E+03   4.73190000000000E+00
 1.95904170000000E+03   7.93540000000000E+00
 1.95912500000000E+03   1.44660000000000E+00
 1.95920830000000E+03  -4.11890000000000E+00
 1.95929170000000E+03   1.16210000000000E+00
 1.95937500000000E+03  -1.39415000000000E+01
 1.95945830000000E+03  -2.41988000000000E+01
 1.95954170000000E+03  -3.89173000000000E+01
 1.95962500000000E+03  -6.04818000000000E+01
 1.95970830000000E+03  -7.96616000000000E+01
 1.95979170000000E+03  -8.69949000000000E+01
 1.95987500000000E+03  -9.27897000000000E+01
 1.95995830000000E+03  -8.32766000000000E+01
 1.96004170000000E+03  -8.03016000000000E+01
 1.96012500000000E+03  -7.70959000000000E+01
 1.96020830000000E+03  -7.61207000000000E+01
 1.96029170000000E+03  -8.53759000000000E+01
 1.96037500000000E+03  -8.80927000000000E+01
 1.96045830000000E+03  -7.91939000000000E+01
 1.96054170000000E+03  -7.36793000000000E+01
 1.96062500000000E+03  -6.34724000000000E+01
 1.96070830000000E+03  -3.94192000000000E+01
 1.96079170000000E+03  -2.08272000000000E+01
 1.96087500000000E+03  -5.08120000000000E+00
 1.96095830000000E+03   1.22033000000000E+01
 1.96104170000000E+03   2.56421000000000E+01
 1.96112500000000E+03   3.71578000000000E+01
 1.96120830000000E+03   4.18275000000000E+01
 1.96129170000000E+03   4.80360000000000E+01
 1.96137500000000E+03   6.52446000000000E+01
 1.96145830000000E+03   6.95303000000000E+01
 1.96154170000000E+03   7.76625000000000E+01
 1.96162500000000E+03   8.57947000000000E+01
 1.96170830000000E+03   7.53886000000000E+01
 1.96179170000000E+03   5.26752000000000E+01
 1.96187500000000E+03   5.84233000000000E+01
 1.96195830000000E+03   6.30178000000000E+01
 1.96204170000000E+03   6.91511000000000E+01
 1.96212500000000E+03   6.73614000000000E+01
 1.96220830000000E+03   6.22641000000000E+01
 1.96229170000000E+03   4.87826000000000E+01
 1.96245830000000E+03   4.29737000000000E+01
 1.96254170000000E+03   2.01081000000000E+01
 1.96262500000000E+03   7.04100000000000E-01
 1.96270830000000E+03  -2.71613000000000E+01
 1.96279170000000E+03  -4.81802000000000E+01
 1.96287500000000E+03  -4.99682000000000E+01
 1.96295830000000E+03  -4.33715000000000E+01
 1.96304170000000E+03  -4.55436000000000E+01
 1.96312500000000E+03  -4.70235000000000E+01
 1.96320830000000E+03  -5.59646000000000E+01
 1.96329170000000E+03  -5.28285000000000E+01
 1.96337500000000E+03  -4.74616000000000E+01
 1.96345830000000E+03  -3.74022000000000E+01
 1.96354170000000E+03  -3.73425000000000E+01
 1.96362500000000E+03  -2.40519000000000E+01
 1.96370830000000E+03  -2.89920000000000E+01
 1.96379170000000E+03  -2.43932000000000E+01
 1.96387500000000E+03  -8.64060000000000E+00
 1.96395830000000E+03   3.49690000000000E+00
 1.96404170000000E+03   1.44039000000000E+01
 1.96412500000000E+03   1.93109000000000E+01
 1.96420830000000E+03   2.48335000000000E+01
 1.96429170000000E+03   2.14334000000000E+01
 1.96437500000000E+03   1.93410000000000E+01
 1.96445830000000E+03   1.47873000000000E+01
 1.96454170000000E+03   1.30031000000000E+01
 1.96462500000000E+03  -3.96400000000000E-01
 1.96470830000000E+03  -9.25730000000000E+00
 1.96479170000000E+03  -3.48600000000000E-01
 1.96487500000000E+03   1.09860000000000E+00
 1.96495830000000E+03   3.00750000000000E+00
 1.96504170000000E+03   8.99370000000000E+00
 1.96512500000000E+03   9.13370000000000E+00
 1.96520830000000E+03   1.19663000000000E+01
 1.96529170000000E+03   8.33770000000000E+00
 1.96537500000000E+03   8.55520000000000E+00
 1.96545830000000E+03   2.61910000000000E+00
 1.96554170000000E+03  -2.05475000000000E+01
 1.96562500000000E+03  -2.95601000000000E+01
 1.96570830000000E+03  -1.48803000000000E+01
 1.96579170000000E+03  -1.65078000000000E+01
 1.96587500000000E+03  -1.22123000000000E+01
 1.96595830000000E+03  -1.14730000000000E+00
 1.96604170000000E+03   6.45660000000000E+00
 1.96612500000000E+03   6.67580000000000E+00
 1.96620830000000E+03   1.66644000000000E+01
 1.96629170000000E+03   1.42688000000000E+01
 1.96637500000000E+03   8.18090000000000E+00
 1.96645830000000E+03   1.35547000000000E+01
 1.96654170000000E+03   3.39040000000000E+00
 1.96662500000000E+03   2.16107000000000E+01
 1.96670830000000E+03   4.78313000000000E+01
 1.96679170000000E+03   4.44368000000000E+01
 1.96687500000000E+03   5.71192000000000E+01
 1.96695830000000E+03   6.64941000000000E+01
 1.96704170000000E+03   7.00233000000000E+01
 1.96712500000000E+03   7.02447000000000E+01
 1.96720830000000E+03   6.99279000000000E+01
 1.96729170000000E+03   8.15345000000000E+01
 1.96737500000000E+03   8.84489000000000E+01
 1.96745830000000E+03   1.02594200000000E+02
 1.96754170000000E+03   9.72013000000000E+01
 1.96762500000000E+03   9.89624000000000E+01
 1.96770830000000E+03   1.00877500000000E+02
 1.96779170000000E+03   7.87160000000000E+01
 1.96787500000000E+03   7.46314000000000E+01
 1.96795830000000E+03   7.23163000000000E+01
 1.96804170000000E+03   6.42323000000000E+01
 1.96812500000000E+03   5.73021000000000E+01
 1.96820830000000E+03   4.73722000000000E+01
 1.96829170000000E+03   4.92887000000000E+01
 1.96837500000000E+03   1.92822000000000E+01
 1.96845830000000E+03   3.96820000000000E+00
 1.96854170000000E+03  -1.76531000000000E+01
 1.96862500000000E+03  -3.20437000000000E+01
 1.96870830000000E+03  -4.66648000000000E+01
 1.96879170000000E+03  -6.17472000000000E+01
 1.96887500000000E+03  -6.81372000000000E+01
 1.96895830000000E+03  -6.61424000000000E+01
 1.96904170000000E+03  -6.21472000000000E+01
 1.96912500000000E+03  -6.00751000000000E+01
 1.96920830000000E+03  -5.00028000000000E+01
 1.96929170000000E+03  -3.56225000000000E+01
 1.96937500000000E+03  -2.37806000000000E+01
 1.96945830000000E+03  -2.97847000000000E+01
 1.96954170000000E+03  -3.77114000000000E+01
 1.96962500000000E+03  -4.00228000000000E+01
 1.96970830000000E+03  -3.60264000000000E+01
 1.96979170000000E+03  -2.11834000000000E+01
 1.96987500000000E+03  -1.95711000000000E+01
 1.96995830000000E+03  -1.59587000000000E+01
 1.97004170000000E+03  -3.80740000000000E+00
 1.97012500000000E+03  -4.88690000000000E+00
 1.97020830000000E+03   5.34140000000000E+00
 1.97029170000000E+03   1.04163000000000E+01
 1.97037500000000E+03   7.49120000000000E+00
 1.97045830000000E+03  -1.03568000000000E+01
 1.97054170000000E+03   1.80200000000000E-01
 1.97062500000000E+03   1.03326000000000E+01
 1.97070830000000E+03   1.13313000000000E+01
 1.97079170000000E+03   1.04843000000000E+01
 1.97087500000000E+03   3.56030000000000E+00
 1.97095830000000E+03   7.32880000000000E+00
 1.97104170000000E+03   1.30977000000000E+01
 1.97112500000000E+03   7.17430000000000E+00
 1.97120830000000E+03   6.02030000000000E+00
 1.97129170000000E+03   8.63590000000000E+00
 1.97137500000000E+03   7.02070000000000E+00
 1.97145830000000E+03   7.86730000000000E+00
 1.97154170000000E+03  -1.35166000000000E+01
 1.97162500000000E+03  -3.34389000000000E+01
 1.97170830000000E+03  -4.88995000000000E+01
 1.97179170000000E+03  -4.55904000000000E+01
 1.97187500000000E+03  -4.51275000000000E+01
 1.97195830000000E+03  -3.49722000000000E+01
 1.97204170000000E+03  -3.55857000000000E+01
 1.97212500000000E+03  -3.98145000000000E+01
 1.97220830000000E+03  -4.38124000000000E+01
 1.97229170000000E+03  -4.38100000000000E+01
 1.97237500000000E+03  -4.05768000000000E+01
 1.97245830000000E+03  -4.26510000000000E+01
 1.97254170000000E+03  -5.80326000000000E+01
 1.97262500000000E+03  -3.19527000000000E+01
 1.97270830000000E+03  -1.56418000000000E+01
 1.97279170000000E+03  -2.28000000000000E-02
 1.97287500000000E+03   2.21150000000000E+00
 1.97295830000000E+03   1.01384000000000E+01
 1.97304170000000E+03   1.39117000000000E+01
 1.97312500000000E+03   2.23005000000000E+01
 1.97320830000000E+03   2.75356000000000E+01
 1.97329170000000E+03   3.03865000000000E+01
 1.97337500000000E+03   4.66219000000000E+01
 1.97345830000000E+03   4.30114000000000E+01
 1.97354170000000E+03   3.70936000000000E+01
 1.97362500000000E+03   4.17912000000000E+01
 1.97370830000000E+03   1.48736000000000E+01
 1.97379170000000E+03  -3.65910000000000E+00
 1.97387500000000E+03  -1.47302000000000E+01
 1.97395830000000E+03  -9.26260000000000E+00
 1.97404170000000E+03   3.51300000000000E+00
 1.97412500000000E+03   6.90400000000000E+00
 1.97420830000000E+03   1.67567000000000E+01
 1.97429170000000E+03   1.60713000000000E+01
 1.97437500000000E+03   2.06937000000000E+01
 1.97445830000000E+03   2.62393000000000E+01
 1.97454170000000E+03   3.80160000000000E+01
 1.97462500000000E+03   3.21004000000000E+01
 1.97470830000000E+03   2.51081000000000E+01
 1.97479170000000E+03   3.27316000000000E+01
 1.97487500000000E+03   4.55858000000000E+01
 1.97495830000000E+03   5.25171000000000E+01
 1.97504170000000E+03   5.02181000000000E+01
 1.97512500000000E+03   3.75344000000000E+01
 1.97520830000000E+03   3.91586000000000E+01
 1.97529170000000E+03   2.52447000000000E+01
 1.97537500000000E+03   1.96385000000000E+01
 1.97545830000000E+03   2.49555000000000E+01
 1.97554170000000E+03   1.35038000000000E+01
 1.97562500000000E+03  -1.70250000000000E+01
 1.97570830000000E+03  -2.44766000000000E+01
 1.97579170000000E+03  -2.55432000000000E+01
 1.97587500000000E+03  -2.36867000000000E+01
 1.97595830000000E+03  -1.87531000000000E+01
 1.97604170000000E+03  -1.58192000000000E+01
 1.97612500000000E+03  -1.97314000000000E+01
 1.97620830000000E+03  -2.34127000000000E+01
 1.97629170000000E+03  -4.20166000000000E+01
 1.97637500000000E+03  -4.31590000000000E+01
 1.97645830000000E+03  -4.34551000000000E+01
 1.97654170000000E+03  -6.21354000000000E+01
 1.97662500000000E+03  -8.45850000000000E+01
 1.97670830000000E+03  -8.21112000000000E+01
 1.97679170000000E+03  -7.34833000000000E+01
 1.97687500000000E+03  -7.40861000000000E+01
 1.97695830000000E+03  -6.52273000000000E+01
 1.97704170000000E+03  -5.88295000000000E+01
 1.97712500000000E+03  -6.02780000000000E+01
 1.97720830000000E+03  -4.97262000000000E+01
 1.97729170000000E+03  -3.82510000000000E+01
 1.97737500000000E+03  -9.08350000000000E+00
 1.97745830000000E+03  -9.06960000000000E+00
 1.97754170000000E+03  -3.74770000000000E+00
 1.97762500000000E+03  -1.35027000000000E+01
 1.97770830000000E+03  -6.48830000000000E+00
 1.97779170000000E+03  -1.60888000000000E+01
 1.97787500000000E+03  -3.24587000000000E+01
 1.97795830000000E+03  -2.39052000000000E+01
 1.97804170000000E+03  -2.13514000000000E+01
 1.97812500000000E+03  -2.25668000000000E+01
 1.97820830000000E+03  -5.24360000000000E+00
 1.97829170000000E+03  -8.43100000000000E-01
 1.97837500000000E+03   1.10190000000000E+01
 1.97845830000000E+03  -1.66572000000000E+01
 1.97854170000000E+03  -2.47176000000000E+01
 1.97862500000000E+03  -3.72396000000000E+01
 1.97870830000000E+03  -2.64537000000000E+01
 1.97879170000000E+03  -3.54367000000000E+01
 1.97887500000000E+03  -2.63427000000000E+01
 1.97895830000000E+03  -1.20948000000000E+01
 1.97904170000000E+03  -3.15410000000000E+00
 1.97912500000000E+03   8.63500000000000E-01
 1.97920830000000E+03   1.08813000000000E+01
 1.97929170000000E+03  -9.48510000000000E+00
 1.97937500000000E+03  -1.05439000000000E+01
 1.97945830000000E+03  -2.48333000000000E+01
 1.97954170000000E+03  -2.80453000000000E+01
 1.97962500000000E+03  -3.57958000000000E+01
 1.97970830000000E+03  -4.37769000000000E+01
 1.97979170000000E+03  -4.79884000000000E+01
 1.97987500000000E+03  -4.34307000000000E+01
 1.97995830000000E+03  -3.74881000000000E+01
 1.98004170000000E+03  -3.40837000000000E+01
 1.98012500000000E+03  -3.70638000000000E+01
 1.98020830000000E+03  -3.48130000000000E+01
 1.98029170000000E+03  -3.49465000000000E+01
 1.98037500000000E+03  -2.30030000000000E+01
 1.98045830000000E+03  -1.44440000000000E+01
 1.98054170000000E+03  -2.01153000000000E+01
 1.98062500000000E+03  -1.21713000000000E+01
 1.98070830000000E+03  -1.01501000000000E+01
 1.98079170000000E+03   2.94830000000000E+00
 1.98087500000000E+03   1.64314000000000E+01
 1.98095830000000E+03   3.11454000000000E+01
 1.98112500000000E+03   3.71126000000000E+01
 1.98120830000000E+03   4.35195000000000E+01
 1.98129170000000E+03   5.53114000000000E+01
 1.98137500000000E+03   7.23340000000000E+01
 1.98145830000000E+03   6.85107000000000E+01
 1.98154170000000E+03   6.87198000000000E+01
 1.98162500000000E+03   5.41166000000000E+01
 1.98170830000000E+03   6.08574000000000E+01
 1.98179170000000E+03   7.29462000000000E+01
 1.98187500000000E+03   1.06137700000000E+02
 1.98195830000000E+03   1.32619000000000E+02
