 1.92395830000000E+03  -3.53242000000000E+01
 1.92404170000000E+03  -3.60510000000000E+01
 1.92412500000000E+03  -3.31748000000000E+01
 1.92420830000000E+03  -3.20764000000000E+01
 1.92429170000000E+03  -2.89984000000000E+01
 1.92437500000000E+03  -3.02690000000000E+01
 1.92445830000000E+03  -2.94232000000000E+01
 1.92454170000000E+03  -3.69749000000000E+01
 1.92462500000000E+03  -4.52191000000000E+01
 1.92470830000000E+03  -4.69249000000000E+01
 1.92479170000000E+03  -5.35539000000000E+01
 1.92487500000000E+03  -4.97985000000000E+01
 1.92495830000000E+03  -4.46586000000000E+01
 1.92504170000000E+03  -3.78265000000000E+01
 1.92512500000000E+03  -3.19175000000000E+01
 1.92520830000000E+03  -2.83934000000000E+01
 1.92529170000000E+03  -1.85617000000000E+01
 1.92537500000000E+03  -1.48070000000000E+01
 1.92545830000000E+03  -4.36010000000000E+00
 1.92554170000000E+03   2.62510000000000E+00
 1.92562500000000E+03   6.14860000000000E+00
 1.92570830000000E+03   1.45951000000000E+01
 1.92579170000000E+03   1.43491000000000E+01
 1.92587500000000E+03   1.81030000000000E+01
 1.92595830000000E+03   1.78568000000000E+01
 1.92604170000000E+03   1.87643000000000E+01
 1.92612500000000E+03   1.94409000000000E+01
 1.92620830000000E+03   1.77327000000000E+01
 1.92629170000000E+03   1.69475000000000E+01
 1.92637500000000E+03   8.00840000000000E+00
 1.92645830000000E+03   3.29990000000000E+00
 1.92654170000000E+03  -8.33190000000000E+00
 1.92662500000000E+03  -1.84253000000000E+01
 1.92670830000000E+03  -2.78265000000000E+01
 1.92679170000000E+03  -3.44586000000000E+01
 1.92687500000000E+03  -3.70139000000000E+01
 1.92695830000000E+03  -3.23386000000000E+01
 1.92704170000000E+03  -2.76634000000000E+01
 1.92712500000000E+03  -2.74499000000000E+01
 1.92720830000000E+03  -2.81596000000000E+01
 1.92729170000000E+03  -2.60233000000000E+01
 1.92737500000000E+03  -2.62716000000000E+01
 1.92745830000000E+03  -2.35202000000000E+01
 1.92754170000000E+03  -2.42304000000000E+01
 1.92762500000000E+03  -2.18638000000000E+01
 1.92770830000000E+03  -2.61127000000000E+01
 1.92779170000000E+03  -2.42848000000000E+01
 1.92787500000000E+03  -2.07647000000000E+01
 1.92795830000000E+03  -1.51679000000000E+01
 1.92804170000000E+03  -1.24173000000000E+01
 1.92812500000000E+03  -8.20530000000000E+00
 1.92820830000000E+03  -6.07040000000000E+00
 1.92829170000000E+03  -7.32020000000000E+00
 1.92837500000000E+03  -1.01855000000000E+01
 1.92845830000000E+03  -1.32048000000000E+01
 1.92854170000000E+03  -1.59935000000000E+01
 1.92862500000000E+03  -2.09361000000000E+01
 1.92870830000000E+03  -2.80327000000000E+01
 1.92879170000000E+03  -2.58987000000000E+01
 1.92887500000000E+03  -2.16878000000000E+01
 1.92895830000000E+03  -1.77079000000000E+01
 1.92904170000000E+03  -1.09589000000000E+01
 1.92912500000000E+03  -6.51760000000000E+00
 1.92920830000000E+03  -2.99960000000000E+00
 1.92929170000000E+03  -1.86640000000000E+00
 1.92937500000000E+03  -8.87100000000000E-01
 1.92945830000000E+03  -2.75410000000000E+00
 1.92954170000000E+03  -2.36600000000000E-01
 1.92962500000000E+03   2.03900000000000E-01
 1.92970830000000E+03   4.41340000000000E+00
 1.92979170000000E+03   1.10075000000000E+01
 1.92987500000000E+03   1.30629000000000E+01
 1.92995830000000E+03   1.77336000000000E+01
 1.93004170000000E+03   2.14811000000000E+01
 1.93012500000000E+03   2.36131000000000E+01
 1.93020830000000E+03   2.55142000000000E+01
 1.93029170000000E+03   2.50305000000000E+01
 1.93037500000000E+03   2.80852000000000E+01
 1.93045830000000E+03   3.10629000000000E+01
 1.93054170000000E+03   3.33480000000000E+01
 1.93062500000000E+03   3.66331000000000E+01
 1.93070830000000E+03   3.43027000000000E+01
 1.93079170000000E+03   3.45105000000000E+01
 1.93087500000000E+03   3.44875000000000E+01
 1.93095830000000E+03   3.82336000000000E+01
 1.93104170000000E+03   4.43642000000000E+01
 1.93112500000000E+03   4.66485000000000E+01
 1.93120830000000E+03   4.35481000000000E+01
 1.93129170000000E+03   3.81398000000000E+01
 1.93137500000000E+03   3.12698000000000E+01
 1.93145830000000E+03   2.01690000000000E+01
 1.93154170000000E+03   1.07603000000000E+01
 1.93162500000000E+03   1.00439000000000E+01
 1.93170830000000E+03  -7.49600000000000E-01
 1.93179170000000E+03  -1.54330000000000E+00
 1.93187500000000E+03  -1.10630000000000E+00
 1.93195830000000E+03  -1.66950000000000E+00
 1.93204170000000E+03   1.07500000000000E+00
 1.93212500000000E+03   2.80800000000000E-01
 1.93220830000000E+03   2.50000000000000E-02
 1.93229170000000E+03  -2.30790000000000E+00
 1.93237500000000E+03  -6.10250000000000E+00
 1.93245830000000E+03  -1.10510000000000E+01
 1.93254170000000E+03  -1.10766000000000E+01
 1.93262500000000E+03  -1.57946000000000E+01
 1.93270830000000E+03  -2.30512000000000E+01
 1.93279170000000E+03  -2.42310000000000E+01
 1.93287500000000E+03  -3.14879000000000E+01
 1.93295830000000E+03  -3.57448000000000E+01
 1.93304170000000E+03  -3.31558000000000E+01
 1.93312500000000E+03  -3.50284000000000E+01
 1.93320830000000E+03  -4.11319000000000E+01
 1.93329170000000E+03  -5.10049000000000E+01
 1.93337500000000E+03  -5.78779000000000E+01
 1.93345830000000E+03  -6.25971000000000E+01
 1.93354170000000E+03  -6.30858000000000E+01
 1.93362500000000E+03  -6.72669000000000E+01
 1.93370830000000E+03  -6.26019000000000E+01
 1.93379170000000E+03  -5.96295000000000E+01
 1.93387500000000E+03  -5.49648000000000E+01
 1.93395830000000E+03  -4.65310000000000E+01
 1.93404170000000E+03  -3.80973000000000E+01
 1.93412500000000E+03  -3.58177000000000E+01
 1.93420830000000E+03  -2.95381000000000E+01
 1.93429170000000E+03  -2.88741000000000E+01
 1.93437500000000E+03  -2.65178000000000E+01
 1.93445830000000E+03  -2.34694000000000E+01
 1.93454170000000E+03  -2.21135000000000E+01
 1.93462500000000E+03  -2.09884000000000E+01
 1.93470830000000E+03  -2.03250000000000E+01
 1.93479170000000E+03  -2.35848000000000E+01
 1.93487500000000E+03  -2.63832000000000E+01
 1.93495830000000E+03  -2.45663000000000E+01
 1.93504170000000E+03  -2.27496000000000E+01
 1.93512500000000E+03  -2.04715000000000E+01
 1.93520830000000E+03  -1.92704000000000E+01
 1.93529170000000E+03  -2.34541000000000E+01
 1.93537500000000E+03  -2.57917000000000E+01
 1.93545830000000E+03  -2.30525000000000E+01
 1.93554170000000E+03  -2.80058000000000E+01
 1.93562500000000E+03  -2.61130000000000E+01
 1.93570830000000E+03  -2.63742000000000E+01
 1.93579170000000E+03  -2.61740000000000E+01
 1.93587500000000E+03  -2.08201000000000E+01
 1.93595830000000E+03  -1.45432000000000E+01
 1.93604170000000E+03  -9.42040000000000E+00
 1.93612500000000E+03  -1.45150000000000E+00
 1.93620830000000E+03   1.13270000000000E+00
 1.93629170000000E+03   4.10130000000000E+00
 1.93637500000000E+03   7.53140000000000E+00
 1.93645830000000E+03   1.07306000000000E+01
 1.93654170000000E+03   7.23730000000000E+00
 1.93662500000000E+03   1.25901000000000E+01
 1.93670830000000E+03   9.94270000000000E+00
 1.93679170000000E+03   7.60290000000000E+00
 1.93687500000000E+03   1.43399000000000E+01
 1.93695830000000E+03   1.52306000000000E+01
 1.93704170000000E+03   2.17366000000000E+01
 1.93712500000000E+03   2.28578000000000E+01
 1.93720830000000E+03   2.15943000000000E+01
 1.93729170000000E+03   1.84845000000000E+01
 1.93737500000000E+03   1.39899000000000E+01
 1.93745830000000E+03   1.16491000000000E+01
 1.93754170000000E+03   1.09235000000000E+01
 1.93762500000000E+03   1.15824000000000E+01
 1.93770830000000E+03   6.62580000000000E+00
 1.93779170000000E+03   5.66910000000000E+00
 1.93787500000000E+03   8.40450000000000E+00
 1.93795830000000E+03   7.21680000000000E+00
 1.93804170000000E+03   1.14135000000000E+01
 1.93812500000000E+03   1.20717000000000E+01
 1.93820830000000E+03   1.27297000000000E+01
 1.93829170000000E+03   7.77220000000000E+00
 1.93837500000000E+03   3.04530000000000E+00
 1.93845830000000E+03   4.24140000000000E+00
 1.93854170000000E+03  -7.16500000000000E-01
 1.93862500000000E+03  -8.67450000000000E+00
 1.93870830000000E+03  -1.31711000000000E+01
 1.93879170000000E+03  -1.29755000000000E+01
 1.93887500000000E+03  -1.16262000000000E+01
 1.93895830000000E+03  -9.50780000000000E+00
 1.93904170000000E+03  -7.00490000000000E+00
 1.93912500000000E+03  -4.50210000000000E+00
 1.93920830000000E+03   1.15440000000000E+00
 1.93929170000000E+03   3.50300000000000E+00
 1.93937500000000E+03   1.19284000000000E+01
 1.93945830000000E+03   1.61230000000000E+01
 1.93954170000000E+03   1.50866000000000E+01
 1.93962500000000E+03   1.68963000000000E+01
 1.93970830000000E+03   1.98598000000000E+01
 1.93979170000000E+03   2.09768000000000E+01
 1.93987500000000E+03   2.35554000000000E+01
 1.93995830000000E+03   2.63646000000000E+01
 1.94004170000000E+03   2.93274000000000E+01
 1.94012500000000E+03   3.35210000000000E+01
 1.94020830000000E+03   3.67913000000000E+01
 1.94029170000000E+03   3.10615000000000E+01
 1.94037500000000E+03   2.81777000000000E+01
 1.94045830000000E+03   2.88323000000000E+01
 1.94054170000000E+03   2.92559000000000E+01
 1.94062500000000E+03   3.76795000000000E+01
 1.94070830000000E+03   4.51798000000000E+01
 1.94079170000000E+03   4.84492000000000E+01
 1.94087500000000E+03   5.37954000000000E+01
 1.94095830000000E+03   5.46800000000000E+01
 1.94104170000000E+03   6.04875000000000E+01
 1.94112500000000E+03   6.51410000000000E+01
 1.94120830000000E+03   7.04868000000000E+01
 1.94129170000000E+03   7.44477000000000E+01
 1.94137500000000E+03   7.56393000000000E+01
 1.94145830000000E+03   7.77539000000000E+01
 1.94154170000000E+03   6.93298000000000E+01
 1.94162500000000E+03   6.62134000000000E+01
 1.94170830000000E+03   5.47122000000000E+01
 1.94179170000000E+03   4.73646000000000E+01
 1.94187500000000E+03   4.54786000000000E+01
 1.94195830000000E+03   4.82847000000000E+01
 1.94204170000000E+03   5.50137000000000E+01
 1.94212500000000E+03   5.61272000000000E+01
 1.94220830000000E+03   5.70868000000000E+01
 1.94229170000000E+03   5.28154000000000E+01
 1.94237500000000E+03   4.29286000000000E+01
 1.94245830000000E+03   3.65032000000000E+01
 1.94254170000000E+03   3.33853000000000E+01
 1.94262500000000E+03   3.14211000000000E+01
 1.94270830000000E+03   2.62261000000000E+01
 1.94279170000000E+03   2.33385000000000E+01
 1.94287500000000E+03   2.35279000000000E+01
 1.94295830000000E+03   3.04863000000000E+01
 1.94304170000000E+03   3.39061000000000E+01
 1.94312500000000E+03   3.54796000000000E+01
 1.94320830000000E+03   3.78222000000000E+01
 1.94329170000000E+03   3.70109000000000E+01
 1.94337500000000E+03   3.28148000000000E+01
 1.94345830000000E+03   3.36955000000000E+01
 1.94354170000000E+03   3.27299000000000E+01
 1.94362500000000E+03   3.01489000000000E+01
 1.94370830000000E+03   3.17215000000000E+01
 1.94379170000000E+03   3.05248000000000E+01
 1.94387500000000E+03   3.16356000000000E+01
 1.94395830000000E+03   3.06694000000000E+01
 1.94404170000000E+03   2.87800000000000E+01
 1.94412500000000E+03   2.82750000000000E+01
 1.94420830000000E+03   2.92315000000000E+01
 1.94429170000000E+03   2.44956000000000E+01
 1.94437500000000E+03   2.02979000000000E+01
 1.94445830000000E+03   1.83310000000000E+01
 1.94454170000000E+03   1.40561000000000E+01
 1.94462500000000E+03   9.78120000000000E+00
 1.94470830000000E+03   1.21600000000000E-01
 1.94479170000000E+03  -7.84600000000000E+00
 1.94487500000000E+03  -9.50590000000000E+00
 1.94495830000000E+03  -5.55050000000000E+00
 1.94504170000000E+03  -6.72300000000000E-01
 1.94512500000000E+03   4.20590000000000E+00
 1.94520830000000E+03   6.54550000000000E+00
 1.94529170000000E+03   2.73100000000000E+00
 1.94537500000000E+03  -1.31430000000000E+00
 1.94545830000000E+03  -3.05200000000000E+00
 1.94554170000000E+03  -6.09760000000000E+00
 1.94562500000000E+03  -8.22020000000000E+00
 1.94570830000000E+03  -8.26600000000000E+00
 1.94579170000000E+03  -4.61970000000000E+00
 1.94587500000000E+03  -2.35810000000000E+00
 1.94595830000000E+03   4.59570000000000E+00
 1.94604170000000E+03   7.39550000000000E+00
 1.94612500000000E+03   7.11830000000000E+00
 1.94620830000000E+03   9.84090000000000E+00
 1.94629170000000E+03   7.64030000000000E+00
 1.94637500000000E+03   9.43960000000000E+00
 1.94645830000000E+03   1.52388000000000E+01
 1.94654170000000E+03   1.64224000000000E+01
 1.94662500000000E+03   1.79906000000000E+01
 1.94670830000000E+03   1.86356000000000E+01
 1.94679170000000E+03   1.62803000000000E+01
 1.94687500000000E+03   1.90789000000000E+01
 1.94695830000000E+03   2.34927000000000E+01
 1.94704170000000E+03   2.58294000000000E+01
 1.94712500000000E+03   2.43968000000000E+01
 1.94720830000000E+03   2.38872000000000E+01
 1.94729170000000E+03   1.46850000000000E+01
 1.94737500000000E+03   8.55970000000000E+00
 1.94745830000000E+03   5.74200000000000E+00
 1.94754170000000E+03   3.61640000000000E+00
 1.94762500000000E+03  -4.32400000000000E-01
 1.94770830000000E+03  -4.48130000000000E+00
 1.94779170000000E+03  -8.29960000000000E+00
 1.94787500000000E+03  -5.04100000000000E+00
 1.94795830000000E+03  -4.62870000000000E+00
 1.94804170000000E+03  -1.83200000000000E+00
 1.94812500000000E+03  -1.65080000000000E+00
 1.94820830000000E+03   1.76110000000000E+00
 1.94829170000000E+03  -2.05800000000000E+00
 1.94837500000000E+03  -3.03100000000000E+00
 1.94845830000000E+03  -3.54250000000000E+00
 1.94854170000000E+03  -7.36200000000000E+00
 1.94862500000000E+03  -1.14123000000000E+01
 1.94870830000000E+03  -1.76166000000000E+01
 1.94879170000000E+03  -1.90518000000000E+01
 1.94887500000000E+03  -1.81794000000000E+01
 1.94895830000000E+03  -1.43071000000000E+01
 1.94904170000000E+03  -1.32043000000000E+01
 1.94912500000000E+03  -1.37169000000000E+01
 1.94920830000000E+03  -1.23834000000000E+01
 1.94929170000000E+03  -1.75887000000000E+01
 1.94937500000000E+03  -1.74093000000000E+01
 1.94945830000000E+03  -2.02301000000000E+01
 1.94954170000000E+03  -2.52050000000000E+01
 1.94962500000000E+03  -3.01799000000000E+01
 1.94970830000000E+03  -3.67703000000000E+01
 1.94979170000000E+03  -3.39763000000000E+01
 1.94987500000000E+03  -3.28747000000000E+01
 1.94995830000000E+03  -3.03116000000000E+01
 1.95004170000000E+03  -2.63642000000000E+01
 1.95012500000000E+03  -2.52629000000000E+01
 1.95020830000000E+03  -2.50849000000000E+01
 1.95029170000000E+03  -2.67532000000000E+01
 1.95037500000000E+03  -2.77292000000000E+01
 1.95045830000000E+03  -2.68593000000000E+01
 1.95054170000000E+03  -2.99895000000000E+01
 1.95062500000000E+03  -2.88890000000000E+01
 1.95070830000000E+03  -2.49425000000000E+01
 1.95079170000000E+03  -2.31501000000000E+01
 1.95087500000000E+03  -1.89730000000000E+01
 1.95095830000000E+03  -1.10269000000000E+01
 1.95104170000000E+03  -1.92710000000000E+00
 1.95112500000000E+03   1.72600000000000E-01
 1.95120830000000E+03   8.11830000000000E+00
 1.95129170000000E+03   1.36792000000000E+01
 1.95137500000000E+03   1.85478000000000E+01
 1.95145830000000E+03   2.18008000000000E+01
 1.95154170000000E+03   2.32075000000000E+01
 1.95162500000000E+03   2.64603000000000E+01
 1.95170830000000E+03   2.68668000000000E+01
 1.95179170000000E+03   2.61193000000000E+01
 1.95187500000000E+03   2.69871000000000E+01
 1.95195830000000E+03   2.55470000000000E+01
 1.95204170000000E+03   2.28760000000000E+01
 1.95212500000000E+03   1.95127000000000E+01
 1.95220830000000E+03   1.86876000000000E+01
 1.95229170000000E+03   1.23239000000000E+01
 1.95237500000000E+03   8.72940000000000E+00
 1.95245830000000E+03   3.28860000000000E+00
 1.95254170000000E+03   2.00150000000000E+00
 1.95262500000000E+03  -2.05500000000000E+00
 1.95270830000000E+03  -3.80380000000000E+00
 1.95279170000000E+03  -6.62980000000000E+00
 1.95287500000000E+03  -1.13790000000000E+01
 1.95295830000000E+03  -9.58980000000000E+00
 1.95304170000000E+03  -4.72390000000000E+00
 1.95312500000000E+03  -3.08880000000000E+00
 1.95320830000000E+03  -2.22300000000000E+00
 1.95329170000000E+03  -3.20360000000000E+00
 1.95337500000000E+03  -4.41510000000000E+00
 1.95345830000000E+03  -9.16510000000000E+00
 1.95354170000000E+03  -9.99230000000000E+00
 1.95362500000000E+03  -1.25887000000000E+01
 1.95370830000000E+03  -1.48007000000000E+01
 1.95379170000000E+03  -1.64743000000000E+01
 1.95387500000000E+03  -9.99420000000000E+00
 1.95395830000000E+03   7.16500000000000E-01
 1.95404170000000E+03   1.10424000000000E+01
 1.95412500000000E+03   1.39837000000000E+01
 1.95420830000000E+03   1.71556000000000E+01
 1.95429170000000E+03   1.40965000000000E+01
 1.95437500000000E+03   1.08066000000000E+01
 1.95445830000000E+03   8.82420000000000E+00
 1.95454170000000E+03   7.14940000000000E+00
 1.95462500000000E+03   2.16680000000000E+00
 1.95470830000000E+03   7.22500000000000E-01
 1.95479170000000E+03  -1.87580000000000E+00
 1.95487500000000E+03  -3.20300000000000E-01
 1.95495830000000E+03  -3.80300000000000E-01
 1.95504170000000E+03  -2.59440000000000E+00
 1.95512500000000E+03  -5.03930000000000E+00
 1.95520830000000E+03  -6.02280000000000E+00
 1.95529170000000E+03  -1.33142000000000E+01
 1.95537500000000E+03  -1.69133000000000E+01
 1.95545830000000E+03  -2.45126000000000E+01
 1.95554170000000E+03  -2.92659000000000E+01
 1.95562500000000E+03  -3.24038000000000E+01
 1.95570830000000E+03  -3.50035000000000E+01
 1.95579170000000E+03  -3.67572000000000E+01
 1.95587500000000E+03  -3.35109000000000E+01
 1.95595830000000E+03  -2.69571000000000E+01
 1.95604170000000E+03  -2.30189000000000E+01
 1.95612500000000E+03  -1.93115000000000E+01
 1.95620830000000E+03  -2.02965000000000E+01
 1.95629170000000E+03  -2.32048000000000E+01
 1.95637500000000E+03  -1.88055000000000E+01
 1.95645830000000E+03  -1.70217000000000E+01
 1.95654170000000E+03  -1.23919000000000E+01
 1.95662500000000E+03  -8.22370000000000E+00
 1.95670830000000E+03  -8.74800000000000E+00
 1.95679170000000E+03  -7.19550000000000E+00
 1.95687500000000E+03  -3.48930000000000E+00
 1.95695830000000E+03   4.13990000000000E+00
 1.95704170000000E+03   1.01536000000000E+01
 1.95712500000000E+03   1.66287000000000E+01
 1.95720830000000E+03   1.79498000000000E+01
 1.95729170000000E+03   2.21169000000000E+01
 1.95737500000000E+03   2.82070000000000E+01
 1.95745830000000E+03   3.49123000000000E+01
 1.95754170000000E+03   4.06944000000000E+01
 1.95762500000000E+03   4.48610000000000E+01
 1.95770830000000E+03   4.74122000000000E+01
 1.95779170000000E+03   5.22708000000000E+01
 1.95787500000000E+03   5.64370000000000E+01
 1.95795830000000E+03   5.72955000000000E+01
 1.95804170000000E+03   5.74614000000000E+01
 1.95812500000000E+03   5.83196000000000E+01
 1.95820830000000E+03   5.99469000000000E+01
 1.95829170000000E+03   6.62662000000000E+01
 1.95837500000000E+03   6.59702000000000E+01
 1.95845830000000E+03   6.46740000000000E+01
 1.95854170000000E+03   6.25315000000000E+01
 1.95862500000000E+03   6.34658000000000E+01
 1.95870830000000E+03   6.22462000000000E+01
 1.95879170000000E+03   5.77186000000000E+01
 1.95887500000000E+03   5.64987000000000E+01
 1.95895830000000E+03   5.97402000000000E+01
 1.95904170000000E+03   6.43662000000000E+01
 1.95912500000000E+03   6.73766000000000E+01
 1.95920830000000E+03   6.80024000000000E+01
 1.95929170000000E+03   6.79356000000000E+01
 1.95937500000000E+03   5.89457000000000E+01
 1.95945830000000E+03   5.88788000000000E+01
 1.95954170000000E+03   5.31962000000000E+01
 1.95962500000000E+03   4.06675000000000E+01
 1.95970830000000E+03   2.99848000000000E+01
 1.95979170000000E+03   2.23788000000000E+01
 1.95987500000000E+03   2.18496000000000E+01
 1.95995830000000E+03   2.22435000000000E+01
 1.96004170000000E+03   2.24063000000000E+01
 1.96012500000000E+03   2.07229000000000E+01
 1.96020830000000E+03   1.89625000000000E+01
 1.96029170000000E+03   1.28173000000000E+01
 1.96037500000000E+03   2.36430000000000E+00
 1.96045830000000E+03   2.18900000000000E-01
 1.96054170000000E+03  -5.00360000000000E+00
 1.96062500000000E+03  -7.84160000000000E+00
 1.96070830000000E+03  -7.44890000000000E+00
 1.96079170000000E+03  -1.24411000000000E+01
 1.96087500000000E+03  -1.36641000000000E+01
 1.96095830000000E+03  -1.30410000000000E+01
 1.96104170000000E+03  -9.57200000000000E+00
 1.96112500000000E+03  -9.18000000000000E+00
 1.96120830000000E+03  -7.86500000000000E+00
 1.96129170000000E+03  -1.33195000000000E+01
 1.96137500000000E+03  -1.80817000000000E+01
 1.96145830000000E+03  -1.95363000000000E+01
 1.96154170000000E+03  -2.12989000000000E+01
 1.96162500000000E+03  -2.30614000000000E+01
 1.96170830000000E+03  -2.97472000000000E+01
 1.96179170000000E+03  -3.07409000000000E+01
 1.96187500000000E+03  -2.51193000000000E+01
 1.96195830000000E+03  -2.11901000000000E+01
 1.96204170000000E+03  -1.87226000000000E+01
 1.96212500000000E+03  -1.78706000000000E+01
 1.96220830000000E+03  -1.44033000000000E+01
 1.96229170000000E+03  -1.44747000000000E+01
 1.96237500000000E+03  -1.70846000000000E+01
 1.96245830000000E+03  -1.62331000000000E+01
 1.96254170000000E+03  -1.74587000000000E+01
 1.96262500000000E+03  -1.79920000000000E+01
 1.96270830000000E+03  -2.64486000000000E+01
 1.96279170000000E+03  -2.62900000000000E+01
 1.96287500000000E+03  -2.63622000000000E+01
 1.96295830000000E+03  -2.29730000000000E+01
 1.96304170000000E+03  -1.71994000000000E+01
 1.96312500000000E+03  -1.23489000000000E+01
 1.96320830000000E+03  -6.80620000000000E+00
 1.96329170000000E+03  -1.04176000000000E+01
 1.96337500000000E+03  -1.30290000000000E+01
 1.96345830000000E+03  -8.87140000000000E+00
 1.96354170000000E+03  -8.25240000000000E+00
 1.96362500000000E+03  -1.16334000000000E+01
 1.96370830000000E+03  -1.87069000000000E+01
 1.96379170000000E+03  -1.87806000000000E+01
 1.96387500000000E+03  -1.95466000000000E+01
 1.96395830000000E+03  -1.65436000000000E+01
 1.96404170000000E+03  -1.73100000000000E+01
 1.96412500000000E+03  -1.50764000000000E+01
 1.96420830000000E+03  -1.56122000000000E+01
 1.96429170000000E+03  -2.26867000000000E+01
 1.96437500000000E+03  -2.76842000000000E+01
 1.96445830000000E+03  -3.03743000000000E+01
 1.96454170000000E+03  -3.53722000000000E+01
 1.96462500000000E+03  -3.46779000000000E+01
 1.96470830000000E+03  -3.30606000000000E+01
 1.96479170000000E+03  -2.79820000000000E+01
 1.96487500000000E+03  -2.59803000000000E+01
 1.96495830000000E+03  -1.62096000000000E+01
 1.96504170000000E+03  -1.04390000000000E+01
 1.96512500000000E+03  -1.59160000000000E+00
 1.96520830000000E+03   2.79410000000000E+00
 1.96529170000000E+03   4.41040000000000E+00
 1.96537500000000E+03   8.02670000000000E+00
 1.96545830000000E+03   1.82582000000000E+01
 1.96554170000000E+03   2.26434000000000E+01
 1.96562500000000E+03   2.51054000000000E+01
 1.96570830000000E+03   2.14904000000000E+01
 1.96579170000000E+03   2.25674000000000E+01
 1.96587500000000E+03   2.31829000000000E+01
 1.96595830000000E+03   2.96445000000000E+01
 1.96604170000000E+03   3.26442000000000E+01
 1.96612500000000E+03   3.72593000000000E+01
 1.96620830000000E+03   3.15666000000000E+01
 1.96629170000000E+03   2.40275000000000E+01
 1.96637500000000E+03   1.77961000000000E+01
 1.96645830000000E+03   1.16415000000000E+01
 1.96654170000000E+03   3.10200000000000E+00
 1.96662500000000E+03  -2.82210000000000E+00
 1.96670830000000E+03  -8.97710000000000E+00
 1.96679170000000E+03  -1.49016000000000E+01
 1.96687500000000E+03  -1.82876000000000E+01
 1.96695830000000E+03  -1.50584000000000E+01
 1.96704170000000E+03  -1.13679000000000E+01
 1.96712500000000E+03  -8.36970000000000E+00
 1.96720830000000E+03  -9.67930000000000E+00
 1.96729170000000E+03  -1.06815000000000E+01
 1.96737500000000E+03  -8.22220000000000E+00
 1.96745830000000E+03  -7.37830000000000E+00
 1.96754170000000E+03  -5.53470000000000E+00
 1.96762500000000E+03  -5.15270000000000E+00
 1.96770830000000E+03  -8.54000000000000E+00
 1.96779170000000E+03  -6.31220000000000E+00
 1.96787500000000E+03  -2.69980000000000E+00
 1.96795830000000E+03  -1.62590000000000E+00
 1.96804170000000E+03  -2.01390000000000E+00
 1.96812500000000E+03  -3.01720000000000E+00
 1.96820830000000E+03  -3.86680000000000E+00
 1.96829170000000E+03  -6.02440000000000E+00
 1.96837500000000E+03  -5.64350000000000E+00
 1.96845830000000E+03  -1.11089000000000E+01
 1.96854170000000E+03  -7.42070000000000E+00
 1.96862500000000E+03  -8.04020000000000E+00
 1.96870830000000E+03  -1.46598000000000E+01
 1.96879170000000E+03  -1.28181000000000E+01
 1.96887500000000E+03  -1.02842000000000E+01
 1.96895830000000E+03  -7.75030000000000E+00
 1.96904170000000E+03  -1.44750000000000E+00
 1.96912500000000E+03   3.39380000000000E+00
 1.96920830000000E+03   6.85030000000000E+00
 1.96929170000000E+03   8.92200000000000E+00
 1.96937500000000E+03   1.06859000000000E+01
 1.96945830000000E+03   9.68050000000000E+00
 1.96954170000000E+03   5.36720000000000E+00
 1.96962500000000E+03  -2.17690000000000E+00
 1.96970830000000E+03  -5.02880000000000E+00
 1.96979170000000E+03  -6.95790000000000E+00
 1.96987500000000E+03  -8.04090000000000E+00
 1.96995830000000E+03  -9.27780000000000E+00
 1.97004170000000E+03  -8.66880000000000E+00
 1.97012500000000E+03  -9.44450000000000E+00
 1.97020830000000E+03  -1.20664000000000E+01
 1.97029170000000E+03  -1.70732000000000E+01
 1.97037500000000E+03  -2.56185000000000E+01
 1.97045830000000E+03  -3.53177000000000E+01
 1.97054170000000E+03  -4.17864000000000E+01
 1.97062500000000E+03  -4.30244000000000E+01
 1.97070830000000E+03  -5.34163000000000E+01
 1.97079170000000E+03  -5.91162000000000E+01
 1.97087500000000E+03  -5.31238000000000E+01
 1.97095830000000E+03  -4.85161000000000E+01
 1.97104170000000E+03  -3.89856000000000E+01
 1.97112500000000E+03  -3.17628000000000E+01
 1.97120830000000E+03  -2.62324000000000E+01
 1.97129170000000E+03  -2.53945000000000E+01
 1.97137500000000E+03  -2.87875000000000E+01
 1.97145830000000E+03  -3.09498000000000E+01
 1.97154170000000E+03  -2.81893000000000E+01
 1.97162500000000E+03  -2.49673000000000E+01
 1.97170830000000E+03  -2.08223000000000E+01
 1.97179170000000E+03  -1.32160000000000E+01
 1.97187500000000E+03  -1.05328000000000E+01
 1.97195830000000E+03  -7.54200000000000E+00
 1.97204170000000E+03  -5.70530000000000E+00
 1.97212500000000E+03  -3.25330000000000E+00
 1.97220830000000E+03  -8.01400000000000E-01
 1.97229170000000E+03   1.18870000000000E+00
 1.97237500000000E+03   4.40960000000000E+00
 1.97245830000000E+03   1.53227000000000E+01
 1.97254170000000E+03   2.06201000000000E+01
 1.97262500000000E+03   2.47637000000000E+01
 1.97270830000000E+03   2.39841000000000E+01
 1.97279170000000E+03   1.75889000000000E+01
 1.97287500000000E+03   1.72705000000000E+01
 1.97295830000000E+03   1.86443000000000E+01
 1.97304170000000E+03   1.85564000000000E+01
 1.97312500000000E+03   1.96223000000000E+01
 1.97320830000000E+03   1.27650000000000E+01
 1.97329170000000E+03   6.13820000000000E+00
 1.97337500000000E+03  -4.71940000000000E+00
 1.97345830000000E+03  -1.35002000000000E+01
 1.97354170000000E+03  -2.41273000000000E+01
 1.97362500000000E+03  -3.19853000000000E+01
 1.97370830000000E+03  -3.79203000000000E+01
 1.97379170000000E+03  -3.91632000000000E+01
 1.97387500000000E+03  -3.27139000000000E+01
 1.97395830000000E+03  -2.62647000000000E+01
 1.97404170000000E+03  -2.05080000000000E+01
 1.97412500000000E+03  -2.09052000000000E+01
 1.97420830000000E+03  -2.03025000000000E+01
 1.97429170000000E+03  -2.37000000000000E+01
 1.97437500000000E+03  -2.84822000000000E+01
 1.97445830000000E+03  -2.94953000000000E+01
 1.97454170000000E+03  -3.09702000000000E+01
 1.97462500000000E+03  -3.45989000000000E+01
 1.97470830000000E+03  -3.44585000000000E+01
 1.97479170000000E+03  -3.67030000000000E+01
 1.97487500000000E+03  -3.96398000000000E+01
 1.97495830000000E+03  -4.11152000000000E+01
 1.97504170000000E+03  -4.12062000000000E+01
 1.97512500000000E+03  -4.29896000000000E+01
 1.97520830000000E+03  -3.97730000000000E+01
 1.97529170000000E+03  -4.26337000000000E+01
 1.97537500000000E+03  -4.48020000000000E+01
 1.97545830000000E+03  -4.70474000000000E+01
 1.97554170000000E+03  -4.80623000000000E+01
 1.97562500000000E+03  -4.72310000000000E+01
 1.97570830000000E+03  -4.73229000000000E+01
 1.97579170000000E+03  -4.81074000000000E+01
 1.97587500000000E+03  -4.55842000000000E+01
 1.97595830000000E+03  -3.69842000000000E+01
 1.97604170000000E+03  -2.82306000000000E+01
 1.97612500000000E+03  -2.61693000000000E+01
 1.97620830000000E+03  -1.73389000000000E+01
 1.97629170000000E+03  -1.50473000000000E+01
 1.97637500000000E+03  -8.37100000000000E+00
 1.97645830000000E+03   1.38210000000000E+00
 1.97654170000000E+03   9.51950000000000E+00
 1.97662500000000E+03   1.19646000000000E+01
 1.97670830000000E+03   8.10190000000000E+00
 1.97679170000000E+03   5.00820000000000E+00
 1.97687500000000E+03   5.14530000000000E+00
 1.97695830000000E+03   5.28220000000000E+00
 1.97704170000000E+03   4.95730000000000E+00
 1.97712500000000E+03   5.63250000000000E+00
 1.97720830000000E+03   8.07670000000000E+00
 1.97729170000000E+03   4.52070000000000E+00
 1.97737500000000E+03   3.19540000000000E+00
 1.97745830000000E+03   4.85400000000000E-01
 1.97754170000000E+03  -5.32500000000000E-01
 1.97762500000000E+03   6.49000000000000E-02
 1.97770830000000E+03   3.73910000000000E+00
 1.97779170000000E+03   3.87460000000000E+00
 1.97787500000000E+03   9.39480000000000E+00
 1.97795830000000E+03   1.12224000000000E+01
 1.97804170000000E+03   1.53576000000000E+01
 1.97812500000000E+03   2.06465000000000E+01
 1.97820830000000E+03   2.26277000000000E+01
 1.97829170000000E+03   2.56086000000000E+01
 1.97837500000000E+03   2.57433000000000E+01
 1.97845830000000E+03   2.42626000000000E+01
 1.97854170000000E+03   1.78585000000000E+01
 1.97862500000000E+03   1.58390000000000E+01
 1.97870830000000E+03   1.43578000000000E+01
 1.97879170000000E+03   1.49533000000000E+01
 1.97887500000000E+03   2.07027000000000E+01
 1.97895830000000E+03   2.48365000000000E+01
 1.97904170000000E+03   3.12778000000000E+01
 1.97962500000000E+03   3.64408000000000E+01
 1.97970830000000E+03   2.85735000000000E+01
 1.97979170000000E+03   1.65521000000000E+01
 1.97987500000000E+03   4.29990000000000E+00
 1.97995830000000E+03  -1.49090000000000E+00
 1.98004170000000E+03  -3.43580000000000E+00
 1.98012500000000E+03   1.85010000000000E+00
 1.98020830000000E+03   2.21280000000000E+00
 1.98029170000000E+03   4.42140000000000E+00
 1.98037500000000E+03   4.32230000000000E+00
 1.98045830000000E+03   5.22310000000000E+00
 1.98054170000000E+03   4.89280000000000E+00
 1.98062500000000E+03   1.01000000000000E-01
 1.98070830000000E+03  -9.15240000000000E+00
 1.98079170000000E+03  -1.27908000000000E+01
 1.98087500000000E+03  -9.65990000000000E+00
 1.98095830000000E+03  -3.91370000000000E+00
 1.98104170000000E+03   2.16800000000000E-01
 1.98112500000000E+03   1.16500000000000E-01
 1.98120830000000E+03  -9.06900000000000E-01
 1.98129170000000E+03  -2.16140000000000E+00
 1.98137500000000E+03  -6.18510000000000E+00
 1.98145830000000E+03  -9.82430000000000E+00
 1.98154170000000E+03  -1.50792000000000E+01
 1.98162500000000E+03  -2.05649000000000E+01
 1.98170830000000E+03  -2.25122000000000E+01
 1.98179170000000E+03  -2.89213000000000E+01
 1.98187500000000E+03  -2.57150000000000E+01
 1.98195830000000E+03  -2.48934000000000E+01
 1.98204170000000E+03  -2.26875000000000E+01
 1.98212500000000E+03  -1.83278000000000E+01
 1.98220830000000E+03  -5.81430000000000E+00
 1.98229170000000E+03   1.08350000000000E+00
 1.98237500000000E+03   1.15198000000000E+01
 1.98245830000000E+03   1.98021000000000E+01
 1.98254170000000E+03   3.28534000000000E+01
 1.98262500000000E+03   4.42123000000000E+01
 1.98270830000000E+03   4.82635000000000E+01
 1.98279170000000E+03   5.28529000000000E+01
 1.98287500000000E+03   6.21345000000000E+01
 1.98295830000000E+03   7.23391000000000E+01
 1.98304170000000E+03   8.44666000000000E+01
 1.98312500000000E+03   9.42094000000000E+01
 1.98320830000000E+03   1.03490600000000E+02
 1.98329170000000E+03   1.01540700000000E+02
 1.98337500000000E+03   9.70524000000000E+01
 1.98345830000000E+03   8.41024000000000E+01
 1.98354170000000E+03   7.65367000000000E+01
 1.98362500000000E+03   6.28172000000000E+01
 1.98370830000000E+03   5.51745000000000E+01
 1.98379170000000E+03   5.16085000000000E+01
 1.98387500000000E+03   5.24271000000000E+01
 1.98395830000000E+03   5.53225000000000E+01
 1.98404170000000E+03   5.47561000000000E+01
 1.98412500000000E+03   5.25743000000000E+01
 1.98420830000000E+03   5.29308000000000E+01
 1.98429170000000E+03   4.02102000000000E+01
 1.98437500000000E+03   2.88742000000000E+01
 1.98445830000000E+03   2.47688000000000E+01
 1.98454170000000E+03   2.46631000000000E+01
 1.98462500000000E+03   1.96344000000000E+01
 1.98470830000000E+03   1.27594000000000E+01
 1.98479170000000E+03   8.96110000000000E+00
 1.98487500000000E+03   6.47050000000000E+00
 1.98495830000000E+03   4.44120000000000E+00
 1.98504170000000E+03   4.10410000000000E+00
 1.98512500000000E+03  -5.15620000000000E+00
 1.98520830000000E+03  -9.03200000000000E+00
 1.98529170000000E+03  -1.96772000000000E+01
 1.98537500000000E+03  -2.33225000000000E+01
 1.98545830000000E+03  -2.51217000000000E+01
 1.98554170000000E+03  -2.71520000000000E+01
 1.98562500000000E+03  -2.91822000000000E+01
 1.98570830000000E+03  -3.05203000000000E+01
 1.98579170000000E+03  -2.68586000000000E+01
 1.98587500000000E+03  -2.58123000000000E+01
 1.98595830000000E+03  -2.26123000000000E+01
 1.98604170000000E+03  -2.03357000000000E+01
 1.98612500000000E+03  -2.13667000000000E+01
 1.98620830000000E+03  -1.70132000000000E+01
 1.98629170000000E+03  -1.68908000000000E+01
 1.98637500000000E+03  -1.39222000000000E+01
 1.98645830000000E+03  -9.56910000000000E+00
 1.98654170000000E+03  -8.21630000000000E+00
 1.98662500000000E+03  -4.32500000000000E+00
 1.98670830000000E+03  -7.20310000000000E+00
 1.98679170000000E+03  -7.77370000000000E+00
 1.98687500000000E+03  -2.49820000000000E+00
 1.98695830000000E+03  -6.89000000000000E-02
 1.98704170000000E+03   6.82160000000000E+00
 1.98712500000000E+03   1.11736000000000E+01
 1.98720830000000E+03   1.64486000000000E+01
 1.98729170000000E+03   1.84926000000000E+01
 1.98737500000000E+03   1.83827000000000E+01
 1.98745830000000E+03   1.05035000000000E+01
 1.98754170000000E+03   3.16300000000000E-01
 1.98762500000000E+03  -1.02470000000000E+00
 1.98770830000000E+03  -7.44280000000000E+00
 1.98779170000000E+03  -8.32260000000000E+00
 1.98787500000000E+03  -9.81790000000000E+00
 1.98795830000000E+03  -1.65440000000000E+01
 1.98804170000000E+03  -1.31166000000000E+01
 1.98812500000000E+03  -1.66892000000000E+01
 1.98820830000000E+03  -2.19542000000000E+01
 1.98829170000000E+03  -3.12194000000000E+01
 1.98837500000000E+03  -4.21770000000000E+01
 1.98845830000000E+03  -5.45193000000000E+01
 1.98854170000000E+03  -6.26311000000000E+01
 1.98862500000000E+03  -6.89736000000000E+01
 1.98870830000000E+03  -7.52394000000000E+01
 1.98879170000000E+03  -7.99669000000000E+01
 1.98887500000000E+03  -7.96945000000000E+01
 1.98895830000000E+03  -7.52683000000000E+01
 1.98904170000000E+03  -6.73809000000000E+01
 1.98912500000000E+03  -6.81858000000000E+01
 1.98920830000000E+03  -6.38369000000000E+01
 1.98929170000000E+03  -6.41037000000000E+01
 1.98937500000000E+03  -5.93705000000000E+01
 1.98945830000000E+03  -5.27143000000000E+01
 1.98954170000000E+03  -4.71354000000000E+01
 1.98962500000000E+03  -4.26333000000000E+01
 1.98970830000000E+03  -3.96698000000000E+01
 1.98979170000000E+03  -3.59374000000000E+01
 1.98987500000000E+03  -3.37434000000000E+01
 1.98995830000000E+03  -3.00111000000000E+01
 1.99004170000000E+03  -2.39714000000000E+01
 1.99012500000000E+03  -2.25470000000000E+01
 1.99020830000000E+03  -1.80458000000000E+01
 1.99029170000000E+03  -1.81603000000000E+01
 1.99037500000000E+03  -1.44287000000000E+01
 1.99045830000000E+03  -1.60817000000000E+01
 1.99054170000000E+03  -1.72735000000000E+01
 1.99062500000000E+03  -1.53115000000000E+01
 1.99070830000000E+03  -1.60418000000000E+01
 1.99079170000000E+03  -1.58494000000000E+01
 1.99087500000000E+03  -1.90416000000000E+01
 1.99095830000000E+03  -1.52339000000000E+01
 1.99104170000000E+03  -9.96490000000000E+00
 1.99112500000000E+03  -9.08050000000000E+00
 1.99120830000000E+03  -6.50400000000000E+00
 1.99129170000000E+03  -6.08160000000000E+00
 1.99137500000000E+03  -6.42830000000000E+00
 1.99145830000000E+03  -6.31370000000000E+00
 1.99154170000000E+03   1.08300000000000E-01
 1.99162500000000E+03   8.14580000000000E+00
 1.99170830000000E+03   1.50293000000000E+01
 1.99179170000000E+03   2.31432000000000E+01
 1.99187500000000E+03   3.10264000000000E+01
 1.99195830000000E+03   3.67557000000000E+01
 1.99204170000000E+03   4.48693000000000E+01
 1.99212500000000E+03   4.89829000000000E+01
 1.99220830000000E+03   5.35579000000000E+01
 1.99229170000000E+03   5.72095000000000E+01
 1.99237500000000E+03   5.84766000000000E+01
 1.99245830000000E+03   5.78205000000000E+01
 1.99254170000000E+03   6.21640000000000E+01
 1.99262500000000E+03   5.95076000000000E+01
 1.99270830000000E+03   5.19280000000000E+01
 1.99279170000000E+03   4.12712000000000E+01
 1.99287500000000E+03   4.02298000000000E+01
 1.99295830000000E+03   4.43422000000000E+01
 1.99304170000000E+03   5.31465000000000E+01
 1.99312500000000E+03   5.34893000000000E+01
 1.99320830000000E+03   5.40628000000000E+01
 1.99329170000000E+03   5.37129000000000E+01
 1.99337500000000E+03   4.81323000000000E+01
 1.99345830000000E+03   4.26285000000000E+01
 1.99354170000000E+03   4.11244000000000E+01
 1.99362500000000E+03   3.11587000000000E+01
 1.99370830000000E+03   2.37314000000000E+01
 1.99379170000000E+03   1.69962000000000E+01
 1.99387500000000E+03   1.61840000000000E+01
 1.99395830000000E+03   1.72179000000000E+01
 1.99404170000000E+03   1.70976000000000E+01
 1.99412500000000E+03   1.74389000000000E+01
 1.99420830000000E+03   1.77801000000000E+01
 1.99429170000000E+03   1.53517000000000E+01
 1.99437500000000E+03   8.69260000000000E+00
 1.99445830000000E+03   8.34110000000000E+00
 1.99454170000000E+03   8.45090000000000E+00
 1.99462500000000E+03   7.86830000000000E+00
 1.99470830000000E+03   8.97790000000000E+00
 1.99479170000000E+03   3.47190000000000E+00
 1.99487500000000E+03   4.81200000000000E+00
 1.99495830000000E+03   7.76740000000000E+00
 1.99504170000000E+03   8.56870000000000E+00
 1.99512500000000E+03   1.16777000000000E+01
 1.99520830000000E+03   1.08635000000000E+01
 1.99529170000000E+03   8.20280000000000E+00
 1.99537500000000E+03   2.69610000000000E+00
 1.99545830000000E+03   2.11220000000000E+00
 1.99554170000000E+03  -5.31800000000000E+00
 1.99562500000000E+03  -9.97900000000000E+00
 1.99570830000000E+03  -1.67940000000000E+01
 1.99579170000000E+03  -2.29170000000000E+01
 1.99587500000000E+03  -1.75784000000000E+01
 1.99595830000000E+03  -1.40861000000000E+01
 1.99604170000000E+03  -1.22094000000000E+01
 1.99612500000000E+03  -1.01789000000000E+01
 1.99620830000000E+03  -1.09177000000000E+01
 1.99629170000000E+03  -1.38876000000000E+01
 1.99637500000000E+03  -1.83959000000000E+01
 1.99645830000000E+03  -1.97505000000000E+01
 1.99654170000000E+03  -2.30285000000000E+01
 1.99662500000000E+03  -2.28449000000000E+01
 1.99670830000000E+03  -2.24306000000000E+01
 1.99679170000000E+03  -2.16320000000000E+01
 1.99687500000000E+03  -1.16026000000000E+01
 1.99695830000000E+03  -3.26570000000000E+00
 1.99704170000000E+03   5.37860000000000E+00
 1.99712500000000E+03   1.54076000000000E+01
 1.99720830000000E+03   2.49750000000000E+01
 1.99729170000000E+03   3.50805000000000E+01
 1.99737500000000E+03   4.78783000000000E+01
 1.99745830000000E+03   6.35991000000000E+01
 1.99754170000000E+03   7.43965000000000E+01
 1.99762500000000E+03   8.11170000000000E+01
 1.99770830000000E+03   8.68374000000000E+01
 1.99779170000000E+03   8.27883000000000E+01
 1.99787500000000E+03   8.45085000000000E+01
 1.99795830000000E+03   8.08439000000000E+01
 1.99804170000000E+03   8.21021000000000E+01
 1.99812500000000E+03   8.35911000000000E+01
 1.99820830000000E+03   7.95415000000000E+01
 1.99829170000000E+03   6.76454000000000E+01
 1.99837500000000E+03   5.08263000000000E+01
 1.99845830000000E+03   2.73148000000000E+01
 1.99854170000000E+03   8.03380000000000E+00
 1.99862500000000E+03  -1.09395000000000E+01
 1.99870830000000E+03  -2.31437000000000E+01
 1.99879170000000E+03  -3.21175000000000E+01
 1.99887500000000E+03  -2.93219000000000E+01
 1.99895830000000E+03  -2.74496000000000E+01
 1.99904170000000E+03  -2.53468000000000E+01
 1.99912500000000E+03  -3.89363000000000E+01
 1.99920830000000E+03  -5.40643000000000E+01
 1.99929170000000E+03  -6.78850000000000E+01
 1.99937500000000E+03  -7.86287000000000E+01
 1.99945830000000E+03  -8.29110000000000E+01
 1.99954170000000E+03  -7.44243000000000E+01
 2.00004170000000E+03  -6.75834000000000E+01
 2.00012500000000E+03  -5.46359000000000E+01
 2.00020830000000E+03  -4.21501000000000E+01
 2.00029170000000E+03  -3.32031000000000E+01
 2.00037500000000E+03  -3.18714000000000E+01
 2.00045830000000E+03  -3.60014000000000E+01
 2.00054170000000E+03  -4.18239000000000E+01
 2.00062500000000E+03  -4.01080000000000E+01
 2.00070830000000E+03  -3.69307000000000E+01
 2.00079170000000E+03  -3.93690000000000E+01
 2.00087500000000E+03  -3.16535000000000E+01
 2.00095830000000E+03  -2.74766000000000E+01
 2.00104170000000E+03  -2.81461000000000E+01
 2.00112500000000E+03  -2.78155000000000E+01
 2.00120830000000E+03  -2.58697000000000E+01
 2.00129170000000E+03  -2.83858000000000E+01
 2.00137500000000E+03  -3.02864000000000E+01
 2.00145830000000E+03  -3.13410000000000E+01
 2.00154170000000E+03  -2.94728000000000E+01
 2.00162500000000E+03  -2.97584000000000E+01
 2.00170830000000E+03  -3.19673000000000E+01
 2.00179170000000E+03  -3.64841000000000E+01
 2.00187500000000E+03  -3.50008000000000E+01
 2.00195830000000E+03  -3.62870000000000E+01
 2.00204170000000E+03  -3.41118000000000E+01
 2.00212500000000E+03  -3.33213000000000E+01
 2.00220830000000E+03  -3.00694000000000E+01
 2.00229170000000E+03  -3.42023000000000E+01
 2.00237500000000E+03  -3.10276000000000E+01
 2.00245830000000E+03  -2.73914000000000E+01
 2.00254170000000E+03  -2.52170000000000E+01
 2.00262500000000E+03  -1.89657000000000E+01
 2.00270830000000E+03  -2.31761000000000E+01
 2.00279170000000E+03  -2.37714000000000E+01
 2.00287500000000E+03  -2.21358000000000E+01
 2.00295830000000E+03  -1.62697000000000E+01
 2.00304170000000E+03  -1.11730000000000E+01
 2.00312500000000E+03  -7.84560000000000E+00
 2.00320830000000E+03  -5.36440000000000E+00
 2.00329170000000E+03  -3.26810000000000E+00
 2.00337500000000E+03  -3.86410000000000E+00
 2.00345830000000E+03  -8.46020000000000E+00
 2.00354170000000E+03  -1.15182000000000E+01
 2.00362500000000E+03  -1.51146000000000E+01
 2.00370830000000E+03  -1.94803000000000E+01
 2.00379170000000E+03  -1.75387000000000E+01
 2.00387500000000E+03  -1.15970000000000E+01
 2.00395830000000E+03  -3.80930000000000E+00
 2.00404170000000E+03  -1.25260000000000E+00
 2.00412500000000E+03  -1.69590000000000E+00
 2.00420830000000E+03   2.86060000000000E+00
 2.00429170000000E+03   4.26310000000000E+00
 2.00437500000000E+03  -1.71910000000000E+00
 2.00445830000000E+03   4.52500000000000E-01
 2.00454170000000E+03   5.46990000000000E+00
 2.00462500000000E+03   9.33350000000000E+00
 2.00470830000000E+03   9.42770000000000E+00
 2.00479170000000E+03   6.75250000000000E+00
 2.00487500000000E+03   1.10003000000000E+01
 2.00495830000000E+03   1.00942000000000E+01
 2.00504170000000E+03   1.21878000000000E+01
 2.00512500000000E+03   1.55891000000000E+01
 2.00520830000000E+03   1.54518000000000E+01
 2.00529170000000E+03   8.08340000000000E+00
 2.00537500000000E+03   1.79210000000000E+00
 2.00545830000000E+03  -3.80720000000000E+00
 2.00554170000000E+03  -1.25605000000000E+01
 2.00562500000000E+03  -2.44677000000000E+01
 2.00570830000000E+03  -3.74519000000000E+01
 2.00579170000000E+03  -3.94364000000000E+01
 2.00587500000000E+03  -3.64208000000000E+01
 2.00595830000000E+03  -3.34054000000000E+01
 2.00604170000000E+03  -2.34672000000000E+01
 2.00612500000000E+03  -2.16828000000000E+01
 2.00620830000000E+03  -1.87447000000000E+01
 2.00629170000000E+03  -1.55762000000000E+01
 2.00637500000000E+03  -1.41768000000000E+01
 2.00645830000000E+03  -1.31621000000000E+01
 2.00654170000000E+03  -1.08401000000000E+01
 2.00662500000000E+03  -1.19026000000000E+01
 2.00670830000000E+03  -1.57345000000000E+01
 2.00679170000000E+03  -1.52590000000000E+01
 2.00687500000000E+03  -1.59373000000000E+01
 2.00695830000000E+03  -1.80004000000000E+01
 2.00704170000000E+03  -1.48330000000000E+01
 2.00712500000000E+03  -1.78194000000000E+01
 2.00720830000000E+03  -1.91136000000000E+01
 2.00729170000000E+03  -2.74850000000000E+01
 2.00737500000000E+03  -3.57025000000000E+01
 2.00745830000000E+03  -4.32279000000000E+01
 2.00754170000000E+03  -4.69843000000000E+01
 2.00762500000000E+03  -5.12792000000000E+01
 2.00770830000000E+03  -5.34972000000000E+01
 2.00779170000000E+03  -5.21771000000000E+01
 2.00787500000000E+03  -4.61646000000000E+01
 2.00795830000000E+03  -3.66908000000000E+01
 2.00804170000000E+03  -2.66018000000000E+01
 2.00812500000000E+03  -2.02820000000000E+01
 2.00820830000000E+03  -1.67316000000000E+01
 2.00829170000000E+03  -1.68738000000000E+01
 2.00837500000000E+03  -1.44006000000000E+01
 2.00845830000000E+03  -1.19275000000000E+01
 2.00854170000000E+03  -1.22239000000000E+01
 2.00862500000000E+03  -1.35972000000000E+01
 2.00870830000000E+03  -1.42783000000000E+01
 2.00879170000000E+03  -1.23444000000000E+01
 2.00887500000000E+03  -6.25650000000000E+00
 2.00895830000000E+03  -3.55340000000000E+00
 2.00904170000000E+03  -3.46600000000000E+00
 2.00912500000000E+03  -6.37850000000000E+00
 2.00920830000000E+03  -8.59890000000000E+00
 2.00929170000000E+03  -6.97340000000000E+00
 2.00937500000000E+03  -6.73250000000000E+00
 2.00945830000000E+03  -4.91700000000000E-01
 2.00954170000000E+03   6.44110000000000E+00
 2.00962500000000E+03   1.46817000000000E+01
 2.00970830000000E+03   1.39221000000000E+01
 2.00979170000000E+03   1.74699000000000E+01
 2.00987500000000E+03   1.74793000000000E+01
 2.00995830000000E+03   1.80270000000000E+01
 2.01004170000000E+03   1.64975000000000E+01
 2.01012500000000E+03   1.39680000000000E+01
 2.01020830000000E+03   1.11308000000000E+01
 2.01029170000000E+03   2.90860000000000E+00
 2.01037500000000E+03  -9.62130000000000E+00
 2.01045830000000E+03  -1.39205000000000E+01
 2.01054170000000E+03  -2.37585000000000E+01
 2.01062500000000E+03  -3.61348000000000E+01
 2.01070830000000E+03  -4.85883000000000E+01
 2.01079170000000E+03  -4.76574000000000E+01
 2.01087500000000E+03  -4.83418000000000E+01
 2.01095830000000E+03  -4.20264000000000E+01
 2.01104170000000E+03  -3.51729000000000E+01
 2.01112500000000E+03  -3.06269000000000E+01
 2.01120830000000E+03  -2.80042000000000E+01
 2.01129170000000E+03  -2.87664000000000E+01
 2.01137500000000E+03  -3.03747000000000E+01
 2.01145830000000E+03  -3.00601000000000E+01
 2.01154170000000E+03  -3.26688000000000E+01
 2.01162500000000E+03  -3.56621000000000E+01
 2.01170830000000E+03  -3.78863000000000E+01
 2.01179170000000E+03  -3.64954000000000E+01
 2.01187500000000E+03  -3.43353000000000E+01
 2.01195830000000E+03  -2.90214000000000E+01
 2.01204170000000E+03  -2.74001000000000E+01
 2.01212500000000E+03  -2.47019000000000E+01
 2.01220830000000E+03  -2.04653000000000E+01
 2.01229170000000E+03  -1.73829000000000E+01
 2.01237500000000E+03  -1.77620000000000E+01
 2.01245830000000E+03  -1.56027000000000E+01
 2.01254170000000E+03  -1.89053000000000E+01
 2.01262500000000E+03  -2.27463000000000E+01
 2.01270830000000E+03  -2.43566000000000E+01
 2.01279170000000E+03  -2.15058000000000E+01
 2.01287500000000E+03  -1.70394000000000E+01
 2.01295830000000E+03  -1.48809000000000E+01
 2.01304170000000E+03  -1.46458000000000E+01
 2.01312500000000E+03  -1.34876000000000E+01
 2.01320830000000E+03  -1.46372000000000E+01
 2.01329170000000E+03  -1.71717000000000E+01
 2.01337500000000E+03  -2.03985000000000E+01
 2.01345830000000E+03  -1.93946000000000E+01
 2.01354170000000E+03  -1.80064000000000E+01
 2.01362500000000E+03  -1.53874000000000E+01
 2.01370830000000E+03  -1.07685000000000E+01
 2.01379170000000E+03  -5.68840000000000E+00
 2.01387500000000E+03   1.46870000000000E+00
 2.01395830000000E+03   8.70260000000000E+00
 2.01404170000000E+03   1.57823000000000E+01
 2.01412500000000E+03   1.89390000000000E+01
 2.01420830000000E+03   2.97109000000000E+01
 2.01429170000000E+03   3.60980000000000E+01
 2.01437500000000E+03   3.57158000000000E+01
 2.01445830000000E+03   4.18720000000000E+01
 2.01454170000000E+03   4.43356000000000E+01
 2.01462500000000E+03   4.34146000000000E+01
 2.01470830000000E+03   4.75704000000000E+01
 2.01479170000000E+03   4.94182000000000E+01
 2.01487500000000E+03   5.25737000000000E+01
 2.01495830000000E+03   5.51907000000000E+01
 2.01504170000000E+03   5.94227000000000E+01
 2.01512500000000E+03   6.16548000000000E+01
 2.01520830000000E+03   7.43483000000000E+01
 2.01529170000000E+03   7.95030000000000E+01
 2.01537500000000E+03   7.89655000000000E+01
 2.01545830000000E+03   8.41971000000000E+01
 2.01554170000000E+03   7.78899000000000E+01
 2.01562500000000E+03   7.67366000000000E+01
 2.01570830000000E+03   7.55832000000000E+01
 2.01579170000000E+03   7.04294000000000E+01
 2.01587500000000E+03   6.75065000000000E+01
 2.01595830000000E+03   6.70450000000000E+01
 2.01604170000000E+03   6.66601000000000E+01
 2.01612500000000E+03   6.42753000000000E+01
 2.01620830000000E+03   6.23518000000000E+01
 2.01629170000000E+03   4.75820000000000E+01
 2.01637500000000E+03   3.31198000000000E+01
 2.01645830000000E+03   2.18883000000000E+01
 2.01654170000000E+03   1.32719000000000E+01
 2.01662500000000E+03   1.08093000000000E+01
 2.01670830000000E+03   5.34670000000000E+00
 2.01679170000000E+03   1.34530000000000E+00
 2.01687500000000E+03   4.11310000000000E+00
 2.01695830000000E+03   1.03424000000000E+01
 2.01704170000000E+03   1.41867000000000E+01
 2.01712500000000E+03   1.71080000000000E+01
 2.01720830000000E+03   1.73369000000000E+01
 2.01729170000000E+03   1.64886000000000E+01
 2.01737500000000E+03   1.38710000000000E+01
 2.01745830000000E+03   1.17918000000000E+01
 2.01754170000000E+03   1.05585000000000E+01
 2.01762500000000E+03   7.94060000000000E+00
 2.01770830000000E+03   2.63020000000000E+00
 2.01779170000000E+03  -7.57400000000000E-01
 2.01787500000000E+03   1.54740000000000E+00
 2.01795830000000E+03   5.31360000000000E+00
 2.01804170000000E+03   8.23330000000000E+00
 2.01812500000000E+03   1.25377000000000E+01
 2.01820830000000E+03   1.31497000000000E+01
 2.01829170000000E+03   1.60690000000000E+01
 2.01837500000000E+03   1.76038000000000E+01
 2.01845830000000E+03   2.12154000000000E+01
 2.01854170000000E+03   2.25959000000000E+01
 2.01862500000000E+03   2.16687000000000E+01
 2.01870830000000E+03   2.00492000000000E+01
 2.01879170000000E+03   2.31985000000000E+01
 2.01887500000000E+03   2.65787000000000E+01
 2.01895830000000E+03   2.96510000000000E+01
 2.01904170000000E+03   3.08000000000000E+01
 2.01912500000000E+03   2.87182000000000E+01
 2.01920830000000E+03   2.80978000000000E+01
 2.01929170000000E+03   2.46310000000000E+01
 2.01937500000000E+03   2.31643000000000E+01
 2.01945830000000E+03   2.01589000000000E+01
 2.01954170000000E+03   1.63071000000000E+01
 2.01962500000000E+03   1.44554000000000E+01
 2.01970830000000E+03   1.40650000000000E+01
 2.01979170000000E+03   1.27513000000000E+01
 2.01987500000000E+03   1.31299000000000E+01
 2.01995830000000E+03   1.55084000000000E+01
 2.02004170000000E+03   1.74250000000000E+01
 2.02012500000000E+03   2.00341000000000E+01
 2.02020830000000E+03   2.27199000000000E+01
 2.02029170000000E+03   1.90207000000000E+01
 2.02037500000000E+03   1.30140000000000E+01
 2.02045830000000E+03   3.00710000000000E+00
 2.02054170000000E+03  -2.30780000000000E+00
 2.02062500000000E+03  -8.85340000000000E+00
 2.02070830000000E+03  -1.78607000000000E+01
 2.02079170000000E+03  -1.94836000000000E+01
 2.02087500000000E+03  -1.60296000000000E+01
 2.02095830000000E+03  -1.11911000000000E+01
 2.02104170000000E+03  -5.66060000000000E+00
 2.02112500000000E+03  -2.66850000000000E+00
 2.02120830000000E+03  -4.44580000000000E+00
 2.02129170000000E+03  -7.83880000000000E+00
 2.02137500000000E+03  -1.38471000000000E+01
 2.02145830000000E+03  -1.11632000000000E+01
 2.02154170000000E+03  -9.94120000000000E+00
 2.02162500000000E+03  -1.29498000000000E+01
 2.02170830000000E+03  -1.12663000000000E+01
 2.02179170000000E+03  -9.19850000000000E+00
 2.02187500000000E+03  -9.43840000000000E+00
 2.02195830000000E+03  -5.52450000000000E+00
 2.02204170000000E+03  -6.22630000000000E+00
 2.02212500000000E+03  -6.46650000000000E+00
 2.02220830000000E+03  -4.01460000000000E+00
 2.02229170000000E+03  -5.02450000000000E+00
 2.02237500000000E+03  -9.03430000000000E+00
 2.02245830000000E+03  -8.42890000000000E+00
 2.02254170000000E+03  -1.01315000000000E+01
 2.02262500000000E+03  -1.34494000000000E+01
 2.02270830000000E+03  -1.69982000000000E+01
 2.02279170000000E+03  -1.96242000000000E+01
 2.02287500000000E+03  -1.30194000000000E+01
 2.02295830000000E+03  -9.33790000000000E+00
 2.02304170000000E+03  -6.34890000000000E+00
 2.02312500000000E+03   7.17000000000000E-01
 2.02320830000000E+03   3.78280000000000E+00
 2.02329170000000E+03   5.84830000000000E+00
 2.02337500000000E+03   1.02216000000000E+01
 2.02345830000000E+03   1.88255000000000E+01
 2.02354170000000E+03   2.00444000000000E+01
 2.02362500000000E+03   2.04942000000000E+01
 2.02370830000000E+03   1.89439000000000E+01
 2.02379170000000E+03   1.90855000000000E+01
 2.02387500000000E+03   1.98426000000000E+01
 2.02395830000000E+03   1.89842000000000E+01
 2.02404170000000E+03   2.02024000000000E+01
 2.02412500000000E+03   1.74975000000000E+01
 2.02420830000000E+03   1.24849000000000E+01
 2.02429170000000E+03   7.39500000000000E+00
 2.02437500000000E+03  -6.07950000000000E+00
 2.02445830000000E+03  -1.70156000000000E+01
 2.02454170000000E+03  -2.56635000000000E+01
 2.02462500000000E+03  -2.76716000000000E+01
 2.02470830000000E+03  -2.93479000000000E+01
 2.02479170000000E+03  -2.38044000000000E+01
 2.02487500000000E+03  -1.40831000000000E+01
 2.02495830000000E+03  -3.96500000000000E+00
