 1.87904170000000E+03  -1.14487500000000E+02
 1.87912500000000E+03  -9.52122000000000E+01
 1.87920830000000E+03  -7.45878000000000E+01
 1.87929170000000E+03  -4.80188000000000E+01
 1.87937500000000E+03  -3.34908000000000E+01
 1.87945830000000E+03  -2.63266000000000E+01
 1.87954170000000E+03  -1.17496000000000E+01
 1.87962500000000E+03  -1.14040000000000E+01
 1.87970830000000E+03   5.09520000000000E+00
 1.87979170000000E+03  -8.40530000000000E+00
 1.87987500000000E+03   8.86280000000000E+00
 1.87995830000000E+03   1.53615000000000E+01
 1.88004170000000E+03   1.64758000000000E+01
 1.88012500000000E+03   2.97400000000000E+00
 1.88020830000000E+03  -8.98940000000000E+00
 1.88029170000000E+03  -9.41420000000000E+00
 1.88037500000000E+03   1.60400000000000E-01
 1.88045830000000E+03   2.51195000000000E+01
 1.88054170000000E+03   3.39249000000000E+01
 1.88062500000000E+03   4.26810000000000E+00
 1.88070830000000E+03  -7.69650000000000E+00
 1.88079170000000E+03  -1.50455000000000E+01
 1.88087500000000E+03  -1.62590000000000E+00
 1.88095830000000E+03   6.40890000000000E+00
 1.88104170000000E+03   2.13669000000000E+01
 1.88112500000000E+03   4.63244000000000E+01
 1.88120830000000E+03   5.05125000000000E+01
 1.88129170000000E+03   4.85469000000000E+01
 1.88137500000000E+03   4.96576000000000E+01
 1.88145830000000E+03   2.99989000000000E+01
 1.88154170000000E+03   2.26481000000000E+01
 1.88162500000000E+03   2.99121000000000E+01
 1.88170830000000E+03   7.17913000000000E+01
 1.88179170000000E+03   8.44399000000000E+01
 1.88187500000000E+03   8.78572000000000E+01
 1.88195830000000E+03   9.58896000000000E+01
 1.88204170000000E+03   9.39223000000000E+01
 1.88212500000000E+03   9.58005000000000E+01
 1.88220830000000E+03   7.07554000000000E+01
 1.88229170000000E+03   3.95567000000000E+01
 1.88237500000000E+03   3.37420000000000E+01
 1.88245830000000E+03  -4.38060000000000E+00
 1.88254170000000E+03  -2.55799000000000E+01
 1.88262500000000E+03  -7.29336000000000E+01
 1.88270830000000E+03  -1.03364400000000E+02
 1.88279170000000E+03  -1.47641200000000E+02
 1.88287500000000E+03  -1.53457100000000E+02
 1.88295830000000E+03  -1.50042400000000E+02
 1.88304170000000E+03  -1.48935200000000E+02
 1.88312500000000E+03  -1.33982400000000E+02
 1.88320830000000E+03  -1.41337500000000E+02
 1.88329170000000E+03  -1.28692400000000E+02
 1.88337500000000E+03  -8.75864000000000E+01
 1.88345830000000E+03  -4.87882000000000E+01
 1.88354170000000E+03   3.85630000000000E+00
 1.88362500000000E+03   3.65002000000000E+01
 1.88370830000000E+03   3.60670000000000E+01
 1.88379170000000E+03   1.56340000000000E+01
 1.88387500000000E+03   3.05850000000000E+01
 1.88395830000000E+03   3.93820000000000E+01
 1.88404170000000E+03   4.27946000000000E+01
 1.88412500000000E+03   3.54373000000000E+01
 1.88420830000000E+03   1.26953000000000E+01
 1.88429170000000E+03   2.22611000000000E+01
 1.88437500000000E+03   2.41340000000000E+01
 1.88445830000000E+03   2.13914000000000E+01
 1.88454170000000E+03  -9.04340000000000E+00
 1.88462500000000E+03  -4.17864000000000E+01
 1.88470830000000E+03  -5.76066000000000E+01
 1.88479170000000E+03  -5.26573000000000E+01
 1.88487500000000E+03  -3.46317000000000E+01
 1.88495830000000E+03  -2.50679000000000E+01
 1.88504170000000E+03  -2.70423000000000E+01
 1.88512500000000E+03  -2.67096000000000E+01
 1.88520830000000E+03  -1.40694000000000E+01
 1.88529170000000E+03   5.49410000000000E+00
 1.88537500000000E+03  -1.03276000000000E+01
 1.88545830000000E+03   3.08120000000000E+00
 1.88554170000000E+03   7.25950000000000E+00
 1.88562500000000E+03  -1.16397000000000E+01
 1.88570830000000E+03  -3.36161000000000E+01
 1.88579170000000E+03  -5.17461000000000E+01
 1.88587500000000E+03  -4.91075000000000E+01
 1.88595830000000E+03  -4.41613000000000E+01
 1.88604170000000E+03  -3.53688000000000E+01
 1.88612500000000E+03  -2.11923000000000E+01
 1.88620830000000E+03  -1.62468000000000E+01
 1.88629170000000E+03  -3.28395000000000E+01
 1.88637500000000E+03  -5.32790000000000E+01
 1.88645830000000E+03  -2.98725000000000E+01
 1.88654170000000E+03  -6.26196000000000E+01
 1.88662500000000E+03  -7.45981000000000E+01
 1.88670830000000E+03  -4.73461000000000E+01
 1.88679170000000E+03  -2.24015000000000E+01
 1.88687500000000E+03  -1.28421000000000E+01
 1.88695830000000E+03   3.64010000000000E+00
 1.88704170000000E+03   1.85841000000000E+01
 1.88712500000000E+03   1.96814000000000E+01
 1.88720830000000E+03   1.30861000000000E+01
 1.88729170000000E+03   1.95680000000000E+01
 1.88737500000000E+03   2.98954000000000E+01
 1.88745830000000E+03   6.09918000000000E+01
 1.88754170000000E+03   4.28577000000000E+01
 1.88762500000000E+03   3.93384000000000E+01
 1.88770830000000E+03   7.35740000000000E+00
 1.88779170000000E+03  -1.53927000000000E+01
 1.88787500000000E+03  -1.04511000000000E+01
 1.88795830000000E+03  -1.08943000000000E+01
 1.88804170000000E+03  -1.36449000000000E+01
 1.88812500000000E+03  -1.48577000000000E+01
 1.88820830000000E+03  -2.99169000000000E+01
 1.88829170000000E+03  -1.80528000000000E+01
 1.88837500000000E+03  -2.15738000000000E+01
 1.88845830000000E+03  -7.40280000000000E+00
 1.88854170000000E+03  -2.55393000000000E+01
 1.88862500000000E+03  -1.75225000000000E+01
 1.88870830000000E+03  -1.87366000000000E+01
 1.88879170000000E+03  -2.25830000000000E+00
 1.88887500000000E+03  -4.24210000000000E+00
 1.88895830000000E+03  -1.31491000000000E+01
 1.88904170000000E+03  -3.59450000000000E+00
 1.88912500000000E+03   1.44212000000000E+01
 1.88920830000000E+03   1.47443000000000E+01
 1.88929170000000E+03   9.68300000000000E+00
 1.88937500000000E+03  -8.45580000000000E+00
 1.88945830000000E+03  -1.58256000000000E+01
 1.88954170000000E+03  -2.16567000000000E+01
 1.88962500000000E+03  -2.44115000000000E+01
 1.88970830000000E+03  -3.94742000000000E+01
 1.88979170000000E+03  -3.99212000000000E+01
 1.88987500000000E+03  -4.19074000000000E+01
 1.88995830000000E+03  -1.23552000000000E+01
 1.89004170000000E+03   9.50480000000000E+00
 1.89012500000000E+03   1.59796000000000E+01
 1.89020830000000E+03   3.99270000000000E+00
 1.89029170000000E+03   2.20059000000000E+01
 1.89037500000000E+03   2.84802000000000E+01
 1.89045830000000E+03   1.34158000000000E+01
 1.89054170000000E+03  -4.72540000000000E+00
 1.89062500000000E+03  -1.82518000000000E+01
 1.89070830000000E+03  -1.87014000000000E+01
 1.89079170000000E+03  -3.99201000000000E+01
 1.89087500000000E+03  -4.03701000000000E+01
 1.89095830000000E+03  -4.00511000000000E+01
 1.89104170000000E+03  -5.12703000000000E+01
 1.89112500000000E+03  -5.55671000000000E+01
 1.89120830000000E+03  -5.14025000000000E+01
 1.89129170000000E+03  -5.72377000000000E+01
 1.89137500000000E+03  -9.15351000000000E+01
 1.89145830000000E+03  -8.66018000000000E+01
 1.89154170000000E+03  -6.70530000000000E+01
 1.89162500000000E+03  -5.28894000000000E+01
 1.89170830000000E+03  -7.71876000000000E+01
 1.89179170000000E+03  -8.68701000000000E+01
 1.89187500000000E+03  -6.57840000000000E+01
 1.89195830000000E+03  -5.16212000000000E+01
 1.89204170000000E+03  -2.36120000000000E+01
 1.89212500000000E+03  -9.44960000000000E+00
 1.89220830000000E+03  -4.51810000000000E+00
 1.89229170000000E+03  -1.80480000000000E+01
 1.89237500000000E+03  -2.61939000000000E+01
 1.89245830000000E+03  -1.43399000000000E+01
 1.89254170000000E+03  -3.78704000000000E+01
 1.89262500000000E+03  -5.60168000000000E+01
 1.89270830000000E+03  -4.72404000000000E+01
 1.89279170000000E+03  -2.00022000000000E+01
 1.89287500000000E+03  -2.66108000000000E+01
 1.89295830000000E+03  -2.55272000000000E+01
 1.89304170000000E+03  -3.13665000000000E+01
 1.89312500000000E+03  -3.79757000000000E+01
 1.89320830000000E+03  -2.07389000000000E+01
 1.89329170000000E+03  -8.88650000000000E+00
 1.89337500000000E+03   1.60422000000000E+01
 1.89345830000000E+03   3.94323000000000E+01
 1.89354170000000E+03   3.89764000000000E+01
 1.89362500000000E+03   9.15969000000000E+01
 1.89370830000000E+03   1.10371000000000E+02
 1.89379170000000E+03   7.76068000000000E+01
 1.89387500000000E+03   6.02267000000000E+01
 1.89395830000000E+03   7.13079000000000E+01
 1.89404170000000E+03   7.54662000000000E+01
 1.89412500000000E+03   8.96239000000000E+01
 1.89420830000000E+03   8.91661000000000E+01
 1.89429170000000E+03   5.56315000000000E+01
 1.89437500000000E+03   3.90194000000000E+01
 1.89445830000000E+03   2.62533000000000E+01
 1.89454170000000E+03   3.48740000000000E+00
 1.89462500000000E+03  -2.77407000000000E+01
 1.89470830000000E+03  -7.43535000000000E+01
 1.89479170000000E+03  -8.01970000000000E+01
 1.89487500000000E+03  -7.29641000000000E+01
 1.89495830000000E+03  -6.65006000000000E+01
 1.89504170000000E+03  -5.23447000000000E+01
 1.89512500000000E+03  -4.58816000000000E+01
 1.89520830000000E+03  -3.86494000000000E+01
 1.89529170000000E+03  -2.83402000000000E+01
 1.89537500000000E+03  -2.64700000000000E+00
 1.89545830000000E+03  -7.72310000000000E+00
 1.89554170000000E+03  -1.66452000000000E+01
 1.89562500000000E+03  -1.83300000000000E-01
 1.89570830000000E+03   2.01245000000000E+01
 1.89579170000000E+03   2.19710000000000E+01
 1.89587500000000E+03   1.99708000000000E+01
 1.89595830000000E+03   3.64320000000000E+01
 1.89604170000000E+03   5.44317000000000E+01
 1.89612500000000E+03   4.93540000000000E+01
 1.89620830000000E+03   3.81223000000000E+01
 1.89629170000000E+03   2.22753000000000E+01
 1.89637500000000E+03   8.73540000000000E+00
 1.89645830000000E+03  -2.32661000000000E+01
 1.89654170000000E+03  -4.91137000000000E+01
 1.89662500000000E+03  -5.26541000000000E+01
 1.89670830000000E+03  -7.54255000000000E+01
 1.89679170000000E+03  -7.66583000000000E+01
 1.89687500000000E+03  -7.48147000000000E+01
 1.89695830000000E+03  -7.68175000000000E+01
 1.89704170000000E+03  -6.80508000000000E+01
 1.89712500000000E+03  -7.46693000000000E+01
 1.89720830000000E+03  -5.97496000000000E+01
 1.89729170000000E+03  -4.79066000000000E+01
 1.89737500000000E+03  -4.29873000000000E+01
 1.89745830000000E+03  -3.57604000000000E+01
 1.89754170000000E+03  -3.14880000000000E+00
 1.89762500000000E+03   4.02315000000000E+01
 1.89770830000000E+03   3.66885000000000E+01
 1.89779170000000E+03   3.54534000000000E+01
 1.89787500000000E+03   3.26793000000000E+01
 1.89795830000000E+03   3.68280000000000E+01
 1.89804170000000E+03   6.09769000000000E+01
 1.89812500000000E+03   6.58945000000000E+01
 1.89820830000000E+03   7.92734000000000E+01
 1.89829170000000E+03   5.26525000000000E+01
 1.89837500000000E+03   4.91080000000000E+01
 1.89845830000000E+03   7.55633000000000E+01
 1.89854170000000E+03   8.89418000000000E+01
 1.89862500000000E+03   7.92428000000000E+01
 1.89870830000000E+03   6.64667000000000E+01
 1.89879170000000E+03   7.98446000000000E+01
 1.89887500000000E+03   8.78374000000000E+01
 1.89895830000000E+03   1.02753000000000E+02
 1.89904170000000E+03   1.03822700000000E+02
 1.89912500000000E+03   9.48918000000000E+01
 1.89920830000000E+03   1.00576000000000E+02
 1.89929170000000E+03   1.09337400000000E+02
 1.89937500000000E+03   1.54252000000000E+02
 1.89945830000000E+03   1.62243400000000E+02
 1.89954170000000E+03   1.11773400000000E+02
 1.89962500000000E+03   6.74567000000000E+01
 1.89970830000000E+03   4.46783000000000E+01
 1.89979170000000E+03   2.57462000000000E+01
 1.89987500000000E+03   1.75827000000000E+01
 1.89995830000000E+03   1.94191000000000E+01
 1.90004170000000E+03   2.27941000000000E+01
 1.90012500000000E+03   2.77070000000000E+01
 1.90020830000000E+03   2.64658000000000E+01
 1.90029170000000E+03   3.06095000000000E+01
 1.90037500000000E+03   3.98330000000000E+00
 1.90045830000000E+03  -1.72584000000000E+01
 1.90054170000000E+03  -2.46539000000000E+01
 1.90062500000000E+03  -2.04980000000000E+00
 1.90070830000000E+03   2.86170000000000E+00
 1.90079170000000E+03   9.31180000000000E+00
 1.90087500000000E+03   2.68450000000000E+00
 1.90095830000000E+03   6.72400000000000E-01
 1.90104170000000E+03  -1.33960000000000E+00
 1.90112500000000E+03  -9.50600000000000E+00
 1.90120830000000E+03  -2.30572000000000E+01
 1.90129170000000E+03  -3.50697000000000E+01
 1.90137500000000E+03  -4.24675000000000E+01
 1.90145830000000E+03  -3.14038000000000E+01
 1.90154170000000E+03  -2.26478000000000E+01
 1.90162500000000E+03  -2.31230000000000E+01
 1.90170830000000E+03  -3.74446000000000E+01
 1.90179170000000E+03  -4.17660000000000E+01
 1.90187500000000E+03  -4.45495000000000E+01
 1.90195830000000E+03  -3.11794000000000E+01
 1.90204170000000E+03  -1.47322000000000E+01
 1.90212500000000E+03   9.40680000000000E+00
 1.90220830000000E+03   2.73917000000000E+01
 1.90229170000000E+03   3.92229000000000E+01
 1.90237500000000E+03   4.64382000000000E+01
 1.90245830000000E+03   2.44226000000000E+01
 1.90254170000000E+03   2.77917000000000E+01
 1.90262500000000E+03   4.42372000000000E+01
 1.90270830000000E+03   5.68363000000000E+01
 1.90279170000000E+03   8.17433000000000E+01
 1.90287500000000E+03   1.04342100000000E+02
 1.90295830000000E+03   1.11556000000000E+02
 1.90304170000000E+03   1.28770100000000E+02
 1.90312500000000E+03   1.42906700000000E+02
 1.90320830000000E+03   1.46273900000000E+02
 1.90329170000000E+03   1.36564300000000E+02
 1.90337500000000E+03   1.54546500000000E+02
 1.90345830000000E+03   1.50220800000000E+02
 1.90354170000000E+03   1.50356800000000E+02
 1.90362500000000E+03   1.27184600000000E+02
 1.90370830000000E+03   5.70122000000000E+01
 1.90379170000000E+03   2.28399000000000E+01
 1.90387500000000E+03   4.82090000000000E+00
 1.90395830000000E+03   3.41710000000000E+00
 1.90404170000000E+03   2.08596000000000E+01
 1.90412500000000E+03   2.30708000000000E+01
 1.90420830000000E+03  -1.20259000000000E+01
 1.90429170000000E+03  -3.55070000000000E+01
 1.90437500000000E+03  -2.66810000000000E+01
 1.90445830000000E+03  -2.55475000000000E+01
 1.90454170000000E+03  -5.41390000000000E+00
 1.90462500000000E+03   2.67961000000000E+01
 1.90470830000000E+03   2.21598000000000E+01
 1.90479170000000E+03   3.95236000000000E+01
 1.90487500000000E+03   4.87331000000000E+01
 1.90495830000000E+03   3.91731000000000E+01
 1.90504170000000E+03   4.58440000000000E+01
 1.90512500000000E+03   4.04375000000000E+01
 1.90520830000000E+03   3.68769000000000E+01
 1.90529170000000E+03   5.25473000000000E+01
 1.90537500000000E+03   4.62940000000000E+01
 1.90545830000000E+03   5.12713000000000E+01
 1.90554170000000E+03   4.41718000000000E+01
 1.90562500000000E+03   3.23795000000000E+01
 1.90570830000000E+03   2.61255000000000E+01
 1.90579170000000E+03   3.80254000000000E+01
 1.90587500000000E+03   3.33864000000000E+01
 1.90595830000000E+03   4.13625000000000E+01
 1.90604170000000E+03   6.00311000000000E+01
 1.90612500000000E+03   6.32376000000000E+01
 1.90620830000000E+03   5.24439000000000E+01
 1.90629170000000E+03   3.18042000000000E+01
 1.90637500000000E+03   1.24717000000000E+01
 1.90645830000000E+03   3.88312000000000E+01
 1.90654170000000E+03   2.52679000000000E+01
 1.90662500000000E+03   9.47320000000000E+00
 1.90670830000000E+03   8.21680000000000E+00
 1.90679170000000E+03  -2.17318000000000E+01
 1.90687500000000E+03  -1.88347000000000E+01
 1.90695830000000E+03  -9.93780000000000E+00
 1.90704170000000E+03  -5.34850000000000E+00
 1.90712500000000E+03   1.17018000000000E+01
 1.90720830000000E+03   1.95981000000000E+01
 1.90729170000000E+03   1.28791000000000E+01
 1.90737500000000E+03   5.31340000000000E+00
 1.90745830000000E+03  -4.56010000000000E+00
 1.90754170000000E+03  -1.87412000000000E+01
 1.90762500000000E+03  -4.76900000000000E+00
 1.90770830000000E+03  -2.90277000000000E+01
 1.90779170000000E+03  -6.18248000000000E+01
 1.90787500000000E+03  -6.10839000000000E+01
 1.90795830000000E+03  -6.99586000000000E+01
 1.90804170000000E+03  -7.16794000000000E+01
 1.90812500000000E+03  -7.23237000000000E+01
 1.90820830000000E+03  -8.59682000000000E+01
 1.90829170000000E+03  -1.13381900000000E+02
 1.90837500000000E+03  -1.12411400000000E+02
 1.90845830000000E+03  -9.05950000000000E+01
 1.90854170000000E+03  -6.71630000000000E+01
 1.90862500000000E+03  -7.15778000000000E+01
 1.90870830000000E+03  -1.16146600000000E+02
 1.90879170000000E+03  -1.05715200000000E+02
 1.90887500000000E+03  -8.81305000000000E+01
 1.90895830000000E+03  -8.00076000000000E+01
 1.90904170000000E+03  -6.19614000000000E+01
 1.90912500000000E+03  -3.44543000000000E+01
 1.90920830000000E+03  -3.57165000000000E+01
 1.90929170000000E+03  -4.40556000000000E+01
 1.90937500000000E+03  -2.64721000000000E+01
 1.90945830000000E+03  -1.45042000000000E+01
 1.90954170000000E+03   5.61770000000000E+00
 1.90962500000000E+03   7.89290000000000E+00
 1.90970830000000E+03   7.62950000000000E+00
 1.90979170000000E+03   2.27508000000000E+01
 1.90987500000000E+03   3.15639000000000E+01
 1.90995830000000E+03   2.92230000000000E+01
 1.91004170000000E+03   3.69591000000000E+01
 1.91012500000000E+03   2.48485000000000E+01
 1.91020830000000E+03  -7.23800000000000E-01
 1.91029170000000E+03  -5.68060000000000E+00
 1.91037500000000E+03  -1.42533000000000E+01
 1.91045830000000E+03  -3.02108000000000E+01
 1.91054170000000E+03  -1.95528000000000E+01
 1.91062500000000E+03  -3.33568000000000E+01
 1.91070830000000E+03  -3.70072000000000E+01
 1.91079170000000E+03  -4.18113000000000E+01
 1.91087500000000E+03  -4.11544000000000E+01
 1.91095830000000E+03  -4.37285000000000E+01
 1.91104170000000E+03  -2.72255000000000E+01
 1.91112500000000E+03  -3.30307000000000E+01
 1.91120830000000E+03  -1.29131000000000E+01
 1.91129170000000E+03  -1.33370000000000E+00
 1.91137500000000E+03   1.95528000000000E+01
 1.91145830000000E+03   1.85929000000000E+01
 1.91154170000000E+03   2.23255000000000E+01
 1.91162500000000E+03  -2.55780000000000E+00
 1.91170830000000E+03  -2.11336000000000E+01
 1.91179170000000E+03  -2.07093000000000E+01
 1.91187500000000E+03  -1.51317000000000E+01
 1.91195830000000E+03  -1.32350000000000E+00
 1.91204170000000E+03  -1.13050000000000E+00
 1.91212500000000E+03  -3.16890000000000E+00
 1.91220830000000E+03   1.10234000000000E+01
 1.91229170000000E+03  -8.01500000000000E+00
 1.91237500000000E+03  -1.28470000000000E+00
 1.91245830000000E+03   8.13770000000000E+00
 1.91254170000000E+03   2.24833000000000E+01
 1.91262500000000E+03   3.07515000000000E+01
 1.91270830000000E+03   6.68656000000000E+01
 1.91279170000000E+03   7.25184000000000E+01
 1.91287500000000E+03   5.60936000000000E+01
 1.91295830000000E+03   6.18226000000000E+01
 1.91304170000000E+03   6.49363000000000E+01
 1.91312500000000E+03   8.18186000000000E+01
 1.91320830000000E+03   6.38547000000000E+01
 1.91329170000000E+03   4.00447000000000E+01
 1.91337500000000E+03   6.30804000000000E+01
 1.91345830000000E+03   9.74235000000000E+01
 1.91354170000000E+03   8.85360000000000E+01
 1.91362500000000E+03   1.01494200000000E+02
 1.91370830000000E+03   9.50675000000000E+01
 1.91379170000000E+03   6.41794000000000E+01
 1.91387500000000E+03   6.98293000000000E+01
 1.91395830000000E+03   7.71712000000000E+01
 1.91404170000000E+03   6.68980000000000E+01
 1.91412500000000E+03   6.14703000000000E+01
 1.91420830000000E+03   5.61963000000000E+01
 1.91429170000000E+03   6.75378000000000E+01
 1.91437500000000E+03   6.04942000000000E+01
 1.91445830000000E+03   4.99119000000000E+01
 1.91454170000000E+03  -4.05480000000000E+00
 1.91462500000000E+03  -3.64837000000000E+01
 1.91470830000000E+03  -6.53742000000000E+01
 1.91479170000000E+03  -6.33416000000000E+01
 1.91487500000000E+03  -6.27710000000000E+01
 1.91495830000000E+03  -6.51236000000000E+01
 1.91504170000000E+03  -5.63993000000000E+01
 1.91512500000000E+03  -4.32139000000000E+01
 1.91520830000000E+03  -3.77979000000000E+01
 1.91529170000000E+03  -6.09203000000000E+01
 1.91537500000000E+03  -6.82740000000000E+01
 1.91545830000000E+03  -5.10124000000000E+01
 1.91554170000000E+03  -3.97508000000000E+01
 1.91562500000000E+03  -2.29512000000000E+01
 1.91570830000000E+03  -3.77671000000000E+01
 1.91579170000000E+03  -4.17368000000000E+01
 1.91587500000000E+03  -5.17071000000000E+01
 1.91595830000000E+03  -5.23698000000000E+01
 1.91604170000000E+03  -5.01862000000000E+01
 1.91612500000000E+03  -4.57724000000000E+01
 1.91620830000000E+03  -4.98203000000000E+01
 1.91629170000000E+03  -4.90989000000000E+01
 1.91637500000000E+03  -3.13010000000000E+01
 1.91645830000000E+03  -2.99649000000000E+01
 1.91654170000000E+03  -4.16287000000000E+01
 1.91662500000000E+03  -7.33699000000000E+01
 1.91670830000000E+03  -8.63421000000000E+01
 1.91679170000000E+03  -6.61603000000000E+01
 1.91687500000000E+03  -6.45944000000000E+01
 1.91695830000000E+03  -6.08748000000000E+01
 1.91704170000000E+03  -6.64629000000000E+01
 1.91712500000000E+03  -5.45129000000000E+01
 1.91729170000000E+03  -4.22287000000000E+01
 1.91737500000000E+03  -2.68178000000000E+01
 1.91745830000000E+03  -2.63790000000000E+00
 1.91754170000000E+03   1.50806000000000E+01
 1.91762500000000E+03   2.87986000000000E+01
 1.91770830000000E+03   2.75933000000000E+01
 1.91779170000000E+03   1.33112000000000E+01
 1.91787500000000E+03  -1.11253000000000E+01
 1.91795830000000E+03   1.59190000000000E+00
 1.91804170000000E+03   2.04631000000000E+01
 1.91812500000000E+03   3.43338000000000E+01
 1.91820830000000E+03   6.62042000000000E+01
 1.91829170000000E+03   6.23056000000000E+01
 1.91837500000000E+03   4.49449000000000E+01
 1.91845830000000E+03   2.48917000000000E+01
 1.91854170000000E+03  -1.66999000000000E+01
 1.91862500000000E+03  -4.75996000000000E+01
 1.91870830000000E+03  -7.07303000000000E+01
 1.91879170000000E+03  -6.23994000000000E+01
 1.91887500000000E+03  -5.65305000000000E+01
 1.91895830000000E+03  -2.60464000000000E+01
 1.91904170000000E+03  -2.69468000000000E+01
 1.91912500000000E+03  -1.01554000000000E+01
 1.91920830000000E+03  -2.51810000000000E+00
 1.91929170000000E+03  -1.11883000000000E+01
 1.91937500000000E+03  -4.16283000000000E+01
 1.91945830000000E+03  -4.24530000000000E+01
 1.91954170000000E+03  -3.21238000000000E+01
 1.91962500000000E+03  -1.17182000000000E+01
 1.91970830000000E+03   1.23795000000000E+01
 1.91979170000000E+03   1.80158000000000E+01
 1.91987500000000E+03   2.24977000000000E+01
 1.91995830000000E+03   4.21333000000000E+01
 1.92004170000000E+03   4.43844000000000E+01
 1.92012500000000E+03   4.77119000000000E+01
 1.92020830000000E+03   2.44238000000000E+01
 1.92029170000000E+03  -1.03257000000000E+01
 1.92037500000000E+03  -3.01526000000000E+01
 1.92045830000000E+03  -3.34413000000000E+01
 1.92054170000000E+03  -1.51914000000000E+01
 1.92062500000000E+03  -2.12497000000000E+01
 1.92070830000000E+03  -2.32312000000000E+01
 1.92079170000000E+03  -2.91357000000000E+01
 1.92087500000000E+03  -2.86561000000000E+01
 1.92095830000000E+03  -2.47921000000000E+01
 1.92104170000000E+03  -8.31260000000000E+00
 1.92112500000000E+03   1.39710000000000E+00
 1.92120830000000E+03   1.11836000000000E+01
 1.92129170000000E+03   2.92779000000000E+01
 1.92137500000000E+03   5.49871000000000E+01
 1.92145830000000E+03   7.39269000000000E+01
 1.92154170000000E+03   1.09866800000000E+02
 1.92162500000000E+03   7.39600000000000E+01
 1.92170830000000E+03   7.51299000000000E+01
 1.92179170000000E+03   5.06077000000000E+01
 1.92187500000000E+03   4.87772000000000E+01
 1.92195830000000E+03   6.93312000000000E+01
 1.92204170000000E+03   7.27314000000000E+01
 1.92212500000000E+03   6.75927000000000E+01
 1.92220830000000E+03   5.74538000000000E+01
 1.92229170000000E+03   3.47765000000000E+01
 1.92237500000000E+03   2.72526000000000E+01
 1.92245830000000E+03   3.78054000000000E+01
 1.92254170000000E+03   4.12044000000000E+01
 1.92262500000000E+03   2.53722000000000E+01
 1.92270830000000E+03   1.09245000000000E+01
 1.92279170000000E+03  -2.34463000000000E+01
 1.92287500000000E+03  -1.37406000000000E+01
 1.92295830000000E+03   1.11870000000000E+00
 1.92304170000000E+03   2.97810000000000E+00
 1.92312500000000E+03   1.69909000000000E+01
 1.92320830000000E+03   2.37727000000000E+01
 1.92329170000000E+03   4.64777000000000E+01
 1.92337500000000E+03   8.27206000000000E+01
 1.92345830000000E+03   8.20403000000000E+01
 1.92354170000000E+03   5.27447000000000E+01
 1.92362500000000E+03   3.69871000000000E+01
 1.92370830000000E+03   3.15370000000000E+01
 1.92379170000000E+03   5.89331000000000E+01
 1.92387500000000E+03   7.91749000000000E+01
 1.92395830000000E+03   8.18780000000000E+01
 1.92404170000000E+03   7.91197000000000E+01
 1.92412500000000E+03   6.80532000000000E+01
 1.92420830000000E+03   5.49865000000000E+01
 1.92429170000000E+03   4.08430000000000E+01
 1.92437500000000E+03   2.28528000000000E+01
 1.92445830000000E+03  -1.13750000000000E+00
 1.92454170000000E+03   2.19491000000000E+01
 1.92462500000000E+03   5.41122000000000E+01
 1.92470830000000E+03   4.89675000000000E+01
 1.92479170000000E+03   4.91305000000000E+01
 1.92487500000000E+03   3.74468000000000E+01
 1.92495830000000E+03   5.17630000000000E+01
 1.92504170000000E+03   5.18485000000000E+01
 1.92512500000000E+03   4.59335000000000E+01
 1.92520830000000E+03   6.29414000000000E+01
 1.92529170000000E+03   7.28724000000000E+01
 1.92537500000000E+03   7.64184000000000E+01
 1.92545830000000E+03   7.73488000000000E+01
 1.92554170000000E+03   6.49715000000000E+01
 1.92562500000000E+03   9.82460000000000E+00
 1.92570830000000E+03  -2.09180000000000E+00
 1.92579170000000E+03  -7.00800000000000E+00
 1.92587500000000E+03  -1.44632000000000E+01
 1.92595830000000E+03  -6.53400000000000E+00
 1.92604170000000E+03  -1.66817000000000E+01
 1.92612500000000E+03  -4.13750000000000E+00
 1.92620830000000E+03   4.25270000000000E+00
 1.92629170000000E+03  -5.28010000000000E+00
 1.92637500000000E+03  -2.35827000000000E+01
 1.92645830000000E+03  -2.43470000000000E+01
 1.92654170000000E+03  -2.31881000000000E+01
 1.92662500000000E+03  -2.01066000000000E+01
 1.92670830000000E+03  -1.01791000000000E+01
 1.92679170000000E+03  -1.24054000000000E+01
 1.92687500000000E+03   5.52160000000000E+00
 1.92695830000000E+03   3.18331000000000E+01
 1.92704170000000E+03   4.32216000000000E+01
 1.92712500000000E+03   5.34557000000000E+01
 1.92720830000000E+03   5.13051000000000E+01
 1.92729170000000E+03   5.66930000000000E+01
 1.92737500000000E+03   5.96958000000000E+01
 1.92745830000000E+03   4.44676000000000E+01
 1.92754170000000E+03   3.66242000000000E+01
 1.92762500000000E+03   3.20110000000000E+01
 1.92770830000000E+03   6.24380000000000E+00
 1.92779170000000E+03  -2.44640000000000E+00
 1.92787500000000E+03  -2.30602000000000E+01
 1.92795830000000E+03  -2.19049000000000E+01
 1.92804170000000E+03  -9.28800000000000E+00
 1.92812500000000E+03   7.09770000000000E+00
 1.92820830000000E+03   1.23293000000000E+01
 1.92829170000000E+03   1.14072000000000E+01
 1.92837500000000E+03  -4.38500000000000E-01
 1.92845830000000E+03   8.69400000000000E-01
 1.92854170000000E+03   7.02360000000000E+00
 1.92862500000000E+03  -2.45150000000000E+01
 1.92870830000000E+03  -3.95153000000000E+01
 1.92879170000000E+03  -1.53617000000000E+01
 1.92887500000000E+03  -9.77800000000000E-01
 1.92895830000000E+03   1.88674000000000E+01
 1.92904170000000E+03   2.24051000000000E+01
 1.92912500000000E+03   7.01920000000000E+00
 1.92920830000000E+03  -1.21310000000000E+00
 1.92929170000000E+03   8.47780000000000E+00
 1.92937500000000E+03   1.22451000000000E+01
 1.92945830000000E+03   1.68584000000000E+01
 1.92954170000000E+03   2.11641000000000E+01
 1.92962500000000E+03   2.03155000000000E+01
 1.92970830000000E+03   4.67744000000000E+01
 1.92979170000000E+03   3.37718000000000E+01
 1.92987500000000E+03   2.25379000000000E+01
 1.92995830000000E+03   1.96885000000000E+01
 1.93004170000000E+03   1.94546000000000E+01
 1.93012500000000E+03   2.02971000000000E+01
 1.93020830000000E+03   1.29320000000000E+00
 1.93029170000000E+03  -8.40280000000000E+00
 1.93037500000000E+03   5.36220000000000E+00
 1.93045830000000E+03  -6.95000000000000E+00
 1.93054170000000E+03  -1.79543000000000E+01
 1.93062500000000E+03  -5.06514000000000E+01
 1.93070830000000E+03  -5.09641000000000E+01
 1.93079170000000E+03  -5.71999000000000E+01
 1.93087500000000E+03  -4.99745000000000E+01
 1.93095830000000E+03  -3.31339000000000E+01
 1.93104170000000E+03  -1.61395000000000E+01
 1.93112500000000E+03  -1.52993000000000E+01
 1.93120830000000E+03  -2.07670000000000E+01
 1.93129170000000E+03   8.84220000000000E+00
 1.93137500000000E+03   6.75870000000000E+00
 1.93145830000000E+03  -1.64788000000000E+01
 1.93154170000000E+03   1.59760000000000E+01
 1.93162500000000E+03   2.27381000000000E+01
 1.93170830000000E+03   2.90384000000000E+01
 1.93179170000000E+03   3.57234000000000E+01
 1.93187500000000E+03   3.87926000000000E+01
 1.93195830000000E+03   5.22462000000000E+01
 1.93204170000000E+03   5.17768000000000E+01
 1.93212500000000E+03   5.06146000000000E+01
 1.93220830000000E+03   6.14522000000000E+01
 1.93229170000000E+03   6.93668000000000E+01
 1.93237500000000E+03   5.57425000000000E+01
 1.93245830000000E+03   6.67334000000000E+01
 1.93254170000000E+03   4.87243000000000E+01
 1.93262500000000E+03   1.98687000000000E+01
 1.93270830000000E+03  -2.75640000000000E+00
 1.93279170000000E+03   1.37724000000000E+01
 1.93287500000000E+03   7.37770000000000E+00
 1.93295830000000E+03   2.52120000000000E+00
 1.93304170000000E+03   9.58790000000000E+00
 1.93312500000000E+03   2.49619000000000E+01
 1.93320830000000E+03   1.26433000000000E+01
 1.93329170000000E+03  -1.10598000000000E+01
 1.93337500000000E+03  -3.56865000000000E+01
 1.93345830000000E+03  -5.30056000000000E+01
 1.93354170000000E+03  -6.25555000000000E+01
 1.93362500000000E+03  -3.73366000000000E+01
 1.93370830000000E+03  -4.40410000000000E+01
 1.93379170000000E+03  -5.91299000000000E+01
 1.93387500000000E+03  -7.04500000000000E+01
 1.93395830000000E+03  -5.90780000000000E+01
 1.93404170000000E+03  -4.21675000000000E+01
 1.93412500000000E+03  -4.07959000000000E+01
 1.93420830000000E+03  -6.01169000000000E+01
 1.93429170000000E+03  -3.28993000000000E+01
 1.93437500000000E+03  -1.02975000000000E+01
 1.93445830000000E+03  -7.23440000000000E+00
 1.93454170000000E+03  -3.47890000000000E+00
 1.93462500000000E+03   9.43000000000000E+00
 1.93470830000000E+03  -1.19690000000000E+01
 1.93479170000000E+03  -9.21420000000000E+00
 1.93487500000000E+03   6.30950000000000E+00
 1.93495830000000E+03   6.90990000000000E+00
 1.93504170000000E+03   1.90488000000000E+01
 1.93512500000000E+03   2.53412000000000E+01
 1.93520830000000E+03   2.66333000000000E+01
 1.93529170000000E+03   5.40024000000000E+01
 1.93537500000000E+03   3.37556000000000E+01
 1.93545830000000E+03   2.32010000000000E+01
 1.93554170000000E+03   3.35695000000000E+01
 1.93562500000000E+03   3.12453000000000E+01
 1.93570830000000E+03  -5.00220000000000E+00
 1.93579170000000E+03  -1.06343000000000E+01
 1.93587500000000E+03  -2.83437000000000E+01
 1.93595830000000E+03  -2.29765000000000E+01
 1.93604170000000E+03  -1.95322000000000E+01
 1.93612500000000E+03  -2.72422000000000E+01
 1.93620830000000E+03  -3.46448000000000E+01
 1.93629170000000E+03  -3.82780000000000E+01
 1.93637500000000E+03  -5.37579000000000E+01
 1.93645830000000E+03  -3.33148000000000E+01
 1.93654170000000E+03  -4.00256000000000E+01
 1.93662500000000E+03  -6.56599000000000E+01
 1.93670830000000E+03  -7.33713000000000E+01
 1.93679170000000E+03  -7.34672000000000E+01
 1.93687500000000E+03  -7.82559000000000E+01
 1.93695830000000E+03  -6.57372000000000E+01
 1.93704170000000E+03  -5.23722000000000E+01
 1.93712500000000E+03  -5.43153000000000E+01
 1.93720830000000E+03  -5.01048000000000E+01
 1.93729170000000E+03  -5.59712000000000E+01
 1.93737500000000E+03  -5.96841000000000E+01
 1.93745830000000E+03  -8.47050000000000E+01
 1.93754170000000E+03  -1.07418100000000E+02
 1.93762500000000E+03  -8.84393000000000E+01
 1.93770830000000E+03  -4.41531000000000E+01
 1.93779170000000E+03  -1.86680000000000E+00
 1.93787500000000E+03   1.86499000000000E+01
 1.93795830000000E+03   4.07817000000000E+01
 1.93804170000000E+03   5.38366000000000E+01
 1.93812500000000E+03   4.17373000000000E+01
 1.93820830000000E+03   4.62531000000000E+01
 1.93829170000000E+03   4.72306000000000E+01
 1.93837500000000E+03   7.36691000000000E+01
 1.93845830000000E+03   6.09536000000000E+01
 1.93854170000000E+03   6.56228000000000E+01
 1.93862500000000E+03   7.92915000000000E+01
 1.93870830000000E+03   5.16523000000000E+01
 1.93879170000000E+03   2.16286000000000E+01
 1.93887500000000E+03  -1.93187000000000E+01
 1.93895830000000E+03  -2.11892000000000E+01
 1.93904170000000E+03  -2.66751000000000E+01
 1.93912500000000E+03  -4.03152000000000E+01
 1.93920830000000E+03  -5.01863000000000E+01
 1.93929170000000E+03  -7.64420000000000E+01
 1.93937500000000E+03  -9.93135000000000E+01
 1.93945830000000E+03  -1.17185200000000E+02
 1.93954170000000E+03  -1.10133800000000E+02
 1.93962500000000E+03  -1.25621200000000E+02
 1.93970830000000E+03  -1.48878100000000E+02
 1.93979170000000E+03  -1.51442700000000E+02
 1.93987500000000E+03  -1.67238400000000E+02
 1.93995830000000E+03  -1.60188200000000E+02
 1.94004170000000E+03  -1.58984100000000E+02
 1.94012500000000E+03  -1.47395900000000E+02
 1.94020830000000E+03  -1.15653900000000E+02
 1.94029170000000E+03  -9.96043000000000E+01
 1.94037500000000E+03  -7.12474000000000E+01
 1.94045830000000E+03  -4.85060000000000E+01
 1.94054170000000E+03  -7.19954000000000E+01
 1.94062500000000E+03  -9.29468000000000E+01
 1.94070830000000E+03  -8.08214000000000E+01
 1.94079170000000E+03  -9.26190000000000E+01
 1.94087500000000E+03  -9.81864000000000E+01
 1.94095830000000E+03  -8.69078000000000E+01
 1.94104170000000E+03  -8.08598000000000E+01
 1.94112500000000E+03  -7.27355000000000E+01
 1.94120830000000E+03  -7.69190000000000E+01
 1.94129170000000E+03  -1.06333200000000E+02
 1.94137500000000E+03  -1.24055500000000E+02
 1.94145830000000E+03  -1.23085800000000E+02
 1.94154170000000E+03  -1.46039000000000E+02
 1.94162500000000E+03  -1.54069700000000E+02
 1.94170830000000E+03  -1.50638900000000E+02
 1.94179170000000E+03  -1.54208200000000E+02
 1.94187500000000E+03  -1.45854800000000E+02
 1.94195830000000E+03  -1.26809300000000E+02
 1.94204170000000E+03  -1.08609900000000E+02
 1.94212500000000E+03  -1.07103200000000E+02
 1.94220830000000E+03  -1.09212100000000E+02
 1.94229170000000E+03  -9.76287000000000E+01
 1.94237500000000E+03  -7.75842000000000E+01
 1.94245830000000E+03  -3.94629000000000E+01
 1.94254170000000E+03  -4.75724000000000E+01
 1.94262500000000E+03  -9.52840000000000E+00
 1.94270830000000E+03   3.02076000000000E+01
 1.94279170000000E+03   7.24053000000000E+01
 1.94287500000000E+03   9.58332000000000E+01
 1.94295830000000E+03   1.10568700000000E+02
 1.94304170000000E+03   1.20458100000000E+02
 1.94312500000000E+03   1.28577800000000E+02
 1.94320830000000E+03   1.37235700000000E+02
 1.94329170000000E+03   1.45509100000000E+02
 1.94337500000000E+03   1.25628200000000E+02
 1.94345830000000E+03   1.19670200000000E+02
 1.94354170000000E+03   1.31866100000000E+02
 1.94362500000000E+03   1.52600000000000E+02
 1.94370830000000E+03   1.29795300000000E+02
 1.94379170000000E+03   1.11682900000000E+02
 1.94387500000000E+03   9.71854000000000E+01
 1.94395830000000E+03   9.26109000000000E+01
 1.94404170000000E+03   9.08056000000000E+01
 1.94412500000000E+03   7.66152000000000E+01
 1.94420830000000E+03   6.81170000000000E+01
 1.94429170000000E+03   6.04650000000000E+01
 1.94437500000000E+03   4.43510000000000E+01
 1.94445830000000E+03   4.43137000000000E+01
 1.94454170000000E+03   3.80457000000000E+01
 1.94462500000000E+03   2.08490000000000E+00
 1.94470830000000E+03  -4.02990000000000E+00
 1.94479170000000E+03   3.70150000000000E+00
 1.94487500000000E+03   9.27870000000000E+00
 1.94495830000000E+03   1.33941000000000E+01
 1.94504170000000E+03   2.00480000000000E+01
 1.94512500000000E+03   2.66245000000000E+01
 1.94520830000000E+03   2.85855000000000E+01
 1.94529170000000E+03   2.96234000000000E+01
 1.94537500000000E+03   2.57378000000000E+01
 1.94545830000000E+03   3.16213000000000E+01
 1.94554170000000E+03   3.42740000000000E+01
 1.94562500000000E+03   4.19263000000000E+01
 1.94570830000000E+03   3.55015000000000E+01
 1.94579170000000E+03   3.60767000000000E+01
 1.94587500000000E+03   1.61899000000000E+01
 1.94595830000000E+03   1.86106000000000E+01
 1.94604170000000E+03   1.23391000000000E+01
 1.94612500000000E+03   1.40672000000000E+01
 1.94620830000000E+03   1.94873000000000E+01
 1.94629170000000E+03   1.85229000000000E+01
 1.94637500000000E+03   2.86570000000000E+00
 1.94645830000000E+03  -6.63780000000000E+00
 1.94654170000000E+03  -3.76028000000000E+01
 1.94662500000000E+03  -8.14913000000000E+01
 1.94670830000000E+03  -1.12456900000000E+02
 1.94679170000000E+03  -9.64225000000000E+01
 1.94687500000000E+03  -1.21311600000000E+02
 1.94695830000000E+03  -1.19816300000000E+02
 1.94704170000000E+03  -1.22090200000000E+02
 1.94712500000000E+03  -1.32056800000000E+02
 1.94720830000000E+03  -1.44254400000000E+02
 1.94729170000000E+03  -1.43144200000000E+02
 1.94737500000000E+03  -1.35573000000000E+02
 1.94745830000000E+03  -1.21309600000000E+02
 1.94754170000000E+03  -1.02277000000000E+02
 1.94762500000000E+03  -7.80140000000000E+01
 1.94770830000000E+03  -4.03666000000000E+01
 1.94779170000000E+03  -2.56422000000000E+01
 1.94787500000000E+03  -4.35337000000000E+01
 1.94795830000000E+03  -3.11945000000000E+01
 1.94804170000000E+03  -1.85477000000000E+01
 1.94812500000000E+03  -1.17474000000000E+01
 1.94820830000000E+03   1.16680000000000E+01
 1.94829170000000E+03   4.53912000000000E+01
 1.94837500000000E+03   5.41140000000000E+01
 1.94845830000000E+03   6.82212000000000E+01
 1.94854170000000E+03   8.87899000000000E+01
 1.94862500000000E+03   1.10973600000000E+02
 1.94870830000000E+03   1.20003300000000E+02
 1.94879170000000E+03   1.26571500000000E+02
 1.94887500000000E+03   1.32677700000000E+02
 1.94895830000000E+03   1.52552900000000E+02
 1.94904170000000E+03   1.55428200000000E+02
 1.94912500000000E+03   1.66610700000000E+02
 1.94920830000000E+03   1.52023800000000E+02
 1.94929170000000E+03   1.43821600000000E+02
 1.94937500000000E+03   1.11542000000000E+02
 1.94945830000000E+03   1.12108400000000E+02
 1.94954170000000E+03   9.49056000000000E+01
 1.94962500000000E+03   6.46254000000000E+01
 1.94970830000000E+03   4.38066000000000E+01
 1.94979170000000E+03   4.18339000000000E+01
 1.94987500000000E+03   2.73224000000000E+01
 1.94995830000000E+03   3.11184000000000E+01
 1.95004170000000E+03   3.08374000000000E+01
 1.95012500000000E+03   2.40946000000000E+01
 1.95020830000000E+03   2.45823000000000E+01
 1.95029170000000E+03   5.37623000000000E+01
 1.95037500000000E+03   4.53265000000000E+01
 1.95045830000000E+03   5.45828000000000E+01
 1.95054170000000E+03   2.59161000000000E+01
 1.95062500000000E+03  -6.05870000000000E+00
 1.95070830000000E+03  -2.41106000000000E+01
 1.95079170000000E+03  -3.19318000000000E+01
 1.95087500000000E+03  -5.02149000000000E+01
 1.95095830000000E+03  -5.39597000000000E+01
 1.95104170000000E+03  -5.10122000000000E+01
 1.95112500000000E+03  -6.19882000000000E+01
 1.95120830000000E+03  -5.73490000000000E+01
 1.95129170000000E+03  -8.80175000000000E+01
 1.95137500000000E+03  -1.25686400000000E+02
 1.95145830000000E+03  -8.75863000000000E+01
 1.95154170000000E+03  -7.00246000000000E+01
 1.95162500000000E+03  -5.35402000000000E+01
 1.95170830000000E+03  -3.48252000000000E+01
 1.95179170000000E+03  -2.60334000000000E+01
 1.95187500000000E+03  -3.86265000000000E+01
 1.95195830000000E+03  -1.19121000000000E+01
 1.95204170000000E+03   1.04176000000000E+01
 1.95212500000000E+03   6.51620000000000E+00
 1.95220830000000E+03   2.56915000000000E+01
 1.95229170000000E+03   3.17899000000000E+01
 1.95237500000000E+03   4.66571000000000E+01
 1.95245830000000E+03   6.65242000000000E+01
 1.95254170000000E+03   2.72374000000000E+01
 1.95262500000000E+03   4.41170000000000E+00
 1.95270830000000E+03  -2.33730000000000E+00
 1.95279170000000E+03   8.83690000000000E+00
 1.95287500000000E+03   1.15491000000000E+01
 1.95295830000000E+03   1.82611000000000E+01
 1.95304170000000E+03   1.09731000000000E+01
 1.95312500000000E+03   2.07617000000000E+01
 1.95320830000000E+03   3.54731000000000E+01
 1.95329170000000E+03   2.65692000000000E+01
 1.95337500000000E+03   2.62802000000000E+01
 1.95345830000000E+03   3.26064000000000E+01
 1.95354170000000E+03   3.74711000000000E+01
 1.95362500000000E+03   8.18160000000000E+00
 1.95370830000000E+03  -2.04159000000000E+01
 1.95379170000000E+03  -3.51672000000000E+01
 1.95387500000000E+03  -5.42265000000000E+01
 1.95395830000000E+03  -5.68246000000000E+01
 1.95404170000000E+03  -3.97303000000000E+01
 1.95412500000000E+03  -3.30979000000000E+01
 1.95420830000000E+03  -3.16965000000000E+01
 1.95429170000000E+03  -2.37567000000000E+01
 1.95437500000000E+03  -1.38941000000000E+01
 1.95445830000000E+03  -6.26260000000000E+00
 1.95454170000000E+03   1.98440000000000E+00
 1.95462500000000E+03  -5.69210000000000E+00
 1.95470830000000E+03   1.71696000000000E+01
 1.95479170000000E+03   3.61852000000000E+01
 1.95487500000000E+03   5.58158000000000E+01
 1.95495830000000E+03   7.37539000000000E+01
 1.95504170000000E+03   8.35382000000000E+01
 1.95512500000000E+03   6.72451000000000E+01
 1.95520830000000E+03   6.24903000000000E+01
 1.95529170000000E+03   6.11201000000000E+01
 1.95537500000000E+03   4.98264000000000E+01
 1.95545830000000E+03   5.89941000000000E+01
 1.95554170000000E+03   7.10849000000000E+01
 1.95562500000000E+03   3.89445000000000E+01
 1.95570830000000E+03   2.34962000000000E+01
 1.95579170000000E+03   1.80479000000000E+01
 1.95587500000000E+03   2.55223000000000E+01
 1.95595830000000E+03   1.49965000000000E+01
 1.95604170000000E+03   2.22400000000000E+01
 1.95612500000000E+03   4.05599000000000E+01
 1.95620830000000E+03   5.18797000000000E+01
 1.95629170000000E+03   6.49687000000000E+01
 1.95637500000000E+03   4.82112000000000E+01
 1.95645830000000E+03   5.06842000000000E+01
 1.95654170000000E+03   3.45418000000000E+01
 1.95662500000000E+03   1.99375000000000E+01
 1.95670830000000E+03   2.34869000000000E+01
 1.95679170000000E+03   2.58055000000000E+01
 1.95687500000000E+03   3.13545000000000E+01
 1.95695830000000E+03   2.99033000000000E+01
 1.95704170000000E+03   3.44520000000000E+01
 1.95712500000000E+03   3.73851000000000E+01
 1.95720830000000E+03   3.82409000000000E+01
 1.95729170000000E+03   6.24045000000000E+01
 1.95737500000000E+03   5.66446000000000E+01
 1.95745830000000E+03   7.58845000000000E+01
 1.95754170000000E+03   6.86629000000000E+01
 1.95762500000000E+03   6.76717000000000E+01
 1.95770830000000E+03   4.67572000000000E+01
 1.95779170000000E+03   3.73042000000000E+01
 1.95787500000000E+03   5.34662000000000E+01
 1.95795830000000E+03   5.49357000000000E+01
 1.95804170000000E+03   6.01744000000000E+01
 1.95812500000000E+03   6.51051000000000E+01
 1.95820830000000E+03   4.88817000000000E+01
 1.95829170000000E+03   3.68122000000000E+01
 1.95837500000000E+03   9.89610000000000E+00
 1.95845830000000E+03   4.41300000000000E-01
 1.95854170000000E+03  -3.24420000000000E+00
 1.95862500000000E+03  -7.46850000000000E+00
 1.95870830000000E+03  -2.07700000000000E+01
 1.95879170000000E+03  -1.83792000000000E+01
 1.95887500000000E+03  -1.21426000000000E+01
 1.95895830000000E+03  -1.59062000000000E+01
 1.95904170000000E+03  -1.05160000000000E+01
 1.95912500000000E+03  -1.78184000000000E+01
 1.95920830000000E+03  -1.89672000000000E+01
 1.95929170000000E+03  -1.38853000000000E+01
 1.95937500000000E+03  -3.04960000000000E+01
 1.95945830000000E+03  -6.64146000000000E+01
 1.95954170000000E+03  -7.84871000000000E+01
 1.95962500000000E+03  -1.13483000000000E+02
 1.95970830000000E+03  -1.53940700000000E+02
 1.95979170000000E+03  -1.74629200000000E+02
 1.95987500000000E+03  -1.79164100000000E+02
 1.95995830000000E+03  -1.64007000000000E+02
 1.96004170000000E+03  -1.59388400000000E+02
 1.96012500000000E+03  -1.52770100000000E+02
 1.96020830000000E+03  -1.38767400000000E+02
 1.96029170000000E+03  -1.64918600000000E+02
 1.96037500000000E+03  -1.76070100000000E+02
 1.96045830000000E+03  -1.55606500000000E+02
 1.96054170000000E+03  -1.29065900000000E+02
 1.96062500000000E+03  -1.16756500000000E+02
 1.96070830000000E+03  -7.69088000000000E+01
 1.96079170000000E+03  -3.44458000000000E+01
 1.96087500000000E+03  -1.15985000000000E+01
 1.96095830000000E+03   9.24860000000000E+00
 1.96104170000000E+03   2.80957000000000E+01
 1.96112500000000E+03   4.75578000000000E+01
 1.96120830000000E+03   5.26350000000000E+01
 1.96129170000000E+03   3.47123000000000E+01
 1.96137500000000E+03   6.30199000000000E+01
 1.96145830000000E+03   9.12505000000000E+01
 1.96154170000000E+03   1.08096400000000E+02
 1.96162500000000E+03   1.37095700000000E+02
 1.96170830000000E+03   1.21094900000000E+02
 1.96179170000000E+03   8.80171000000000E+01
 1.96187500000000E+03   7.36313000000000E+01
 1.96195830000000E+03   8.00914000000000E+01
 1.96204170000000E+03   8.22439000000000E+01
 1.96212500000000E+03   7.82421000000000E+01
 1.96220830000000E+03   7.77785000000000E+01
 1.96229170000000E+03   7.53150000000000E+01
 1.96237500000000E+03   7.57741000000000E+01
 1.96245830000000E+03   7.68485000000000E+01
 1.96254170000000E+03   5.21535000000000E+01
 1.96262500000000E+03   1.03044000000000E+01
 1.96270830000000E+03  -2.96988000000000E+01
 1.96279170000000E+03  -4.30866000000000E+01
 1.96287500000000E+03  -4.97824000000000E+01
 1.96295830000000E+03  -5.50939000000000E+01
 1.96304170000000E+03  -5.75592000000000E+01
 1.96312500000000E+03  -6.97941000000000E+01
 1.96320830000000E+03  -8.42600000000000E+01
 1.96329170000000E+03  -8.38797000000000E+01
 1.96337500000000E+03  -8.16537000000000E+01
 1.96345830000000E+03  -6.66586000000000E+01
 1.96354170000000E+03  -6.15097000000000E+01
 1.96362500000000E+03  -4.34381000000000E+01
 1.96370830000000E+03  -5.54437000000000E+01
 1.96379170000000E+03  -5.90646000000000E+01
 1.96387500000000E+03  -3.49936000000000E+01
 1.96395830000000E+03  -2.11535000000000E+01
 1.96404170000000E+03   1.48000000000000E-01
 1.96412500000000E+03   7.68000000000000E+00
 1.96420830000000E+03   2.49041000000000E+01
 1.96429170000000E+03   3.05128000000000E+01
 1.96437500000000E+03   1.91211000000000E+01
 1.96445830000000E+03   2.94984000000000E+01
 1.96454170000000E+03   2.91834000000000E+01
 1.96462500000000E+03   1.84834000000000E+01
 1.96470830000000E+03   2.32170000000000E+00
 1.96479170000000E+03   1.55446000000000E+01
 1.96487500000000E+03   2.23056000000000E+01
 1.96495830000000E+03   1.58356000000000E+01
 1.96504170000000E+03   3.20579000000000E+01
 1.96512500000000E+03   3.05106000000000E+01
 1.96520830000000E+03   2.66554000000000E+01
 1.96529170000000E+03   1.48002000000000E+01
 1.96537500000000E+03   1.42523000000000E+01
 1.96545830000000E+03   7.31960000000000E+00
 1.96554170000000E+03  -3.20747000000000E+01
 1.96562500000000E+03  -5.96232000000000E+01
 1.96570830000000E+03  -5.59411000000000E+01
 1.96579170000000E+03  -5.95667000000000E+01
 1.96587500000000E+03  -5.60388000000000E+01
 1.96595830000000E+03  -4.58958000000000E+01
 1.96604170000000E+03  -2.96758000000000E+01
 1.96612500000000E+03  -3.81486000000000E+01
 1.96620830000000E+03  -2.63138000000000E+01
 1.96629170000000E+03  -2.98637000000000E+01
 1.96637500000000E+03  -4.28754000000000E+01
 1.96645830000000E+03  -4.75797000000000E+01
 1.96654170000000E+03  -4.92071000000000E+01
 1.96662500000000E+03  -3.44502000000000E+01
 1.96670830000000E+03   1.09988000000000E+01
 1.96679170000000E+03   1.25246000000000E+01
 1.96687500000000E+03   1.98963000000000E+01
 1.96695830000000E+03   3.23447000000000E+01
 1.96704170000000E+03   4.24854000000000E+01
 1.96712500000000E+03   4.52411000000000E+01
 1.96720830000000E+03   4.36120000000000E+01
 1.96729170000000E+03   5.10597000000000E+01
 1.96737500000000E+03   6.78148000000000E+01
 1.96745830000000E+03   1.01262100000000E+02
 1.96754170000000E+03   1.08170800000000E+02
 1.96762500000000E+03   1.13309900000000E+02
 1.96770830000000E+03   1.28602700000000E+02
 1.96779170000000E+03   1.07510900000000E+02
 1.96787500000000E+03   9.27263000000000E+01
 1.96795830000000E+03   8.67878000000000E+01
 1.96804170000000E+03   8.83107000000000E+01
 1.96812500000000E+03   7.60641000000000E+01
 1.96820830000000E+03   5.10480000000000E+01
 1.96829170000000E+03   5.38011000000000E+01
 1.96837500000000E+03   1.77846000000000E+01
 1.96845830000000E+03  -6.46280000000000E+00
 1.96854170000000E+03  -5.27872000000000E+01
 1.96862500000000E+03  -7.79581000000000E+01
 1.96870830000000E+03  -1.17975300000000E+02
 1.96879170000000E+03  -1.39761800000000E+02
 1.96887500000000E+03  -1.58856400000000E+02
 1.96895830000000E+03  -1.62797300000000E+02
 1.96904170000000E+03  -1.46276700000000E+02
 1.96912500000000E+03  -1.61371900000000E+02
 1.96920830000000E+03  -1.48698000000000E+02
 1.96929170000000E+03  -1.18408800000000E+02
 1.96937500000000E+03  -8.57353000000000E+01
 1.96945830000000E+03  -7.92158000000000E+01
 1.96954170000000E+03  -9.48502000000000E+01
 1.96962500000000E+03  -8.63312000000000E+01
 1.96970830000000E+03  -8.25815000000000E+01
 1.96979170000000E+03  -5.19858000000000E+01
 1.96987500000000E+03  -5.08519000000000E+01
 1.96995830000000E+03  -4.31798000000000E+01
 1.97004170000000E+03  -2.35846000000000E+01
 1.97012500000000E+03  -2.92206000000000E+01
 1.97020830000000E+03  -8.54910000000000E+00
 1.97029170000000E+03  -7.18530000000000E+00
 1.97037500000000E+03  -5.66800000000000E+00
 1.97045830000000E+03  -3.08432000000000E+01
 1.97054170000000E+03  -2.36338000000000E+01
 1.97062500000000E+03  -1.19400000000000E+00
 1.97070830000000E+03   2.01480000000000E+00
 1.97079170000000E+03   1.53130000000000E+00
 1.97087500000000E+03  -1.40295000000000E+01
 1.97095830000000E+03  -1.58982000000000E+01
 1.97104170000000E+03  -2.53610000000000E+00
 1.97112500000000E+03  -1.14821000000000E+01
 1.97120830000000E+03  -9.65910000000000E+00
 1.97129170000000E+03  -3.74500000000000E-01
 1.97137500000000E+03   1.95250000000000E+01
 1.97145830000000E+03   2.48860000000000E+01
 1.97154170000000E+03  -9.21470000000000E+00
 1.97162500000000E+03  -4.45465000000000E+01
 1.97170830000000E+03  -7.47246000000000E+01
 1.97179170000000E+03  -6.61336000000000E+01
 1.97187500000000E+03  -6.96198000000000E+01
 1.97195830000000E+03  -5.81062000000000E+01
 1.97204170000000E+03  -5.10542000000000E+01
 1.97212500000000E+03  -6.20795000000000E+01
 1.97220830000000E+03  -6.66434000000000E+01
 1.97229170000000E+03  -6.81304000000000E+01
 1.97237500000000E+03  -5.83101000000000E+01
 1.97245830000000E+03  -6.02593000000000E+01
 1.97254170000000E+03  -8.71315000000000E+01
 1.97262500000000E+03  -5.46195000000000E+01
 1.97270830000000E+03  -1.91846000000000E+01
 1.97279170000000E+03   1.86349000000000E+01
 1.97287500000000E+03   1.42233000000000E+01
 1.97295830000000E+03   3.02730000000000E+01
 1.97304170000000E+03   3.48611000000000E+01
 1.97312500000000E+03   4.32181000000000E+01
 1.97320830000000E+03   5.07287000000000E+01
 1.97329170000000E+03   5.53932000000000E+01
 1.97337500000000E+03   8.03650000000000E+01
 1.97345830000000E+03   8.25674000000000E+01
 1.97354170000000E+03   6.29235000000000E+01
 1.97362500000000E+03   6.90486000000000E+01
 1.97370830000000E+03   2.75581000000000E+01
 1.97379170000000E+03   3.75200000000000E-01
 1.97387500000000E+03  -3.39619000000000E+01
 1.97395830000000E+03  -2.85299000000000E+01
 1.97404170000000E+03  -6.02100000000000E+00
 1.97412500000000E+03   5.25670000000000E+00
 1.97420830000000E+03   3.61120000000000E+00
 1.97429170000000E+03   3.96560000000000E+00
 1.97437500000000E+03   1.03196000000000E+01
 1.97445830000000E+03   1.99812000000000E+01
 1.97454170000000E+03   3.24120000000000E+01
 1.97462500000000E+03   3.66116000000000E+01
 1.97470830000000E+03   2.38880000000000E+01
 1.97479170000000E+03   4.52412000000000E+01
 1.97487500000000E+03   5.71326000000000E+01
 1.97495830000000E+03   8.03314000000000E+01
 1.97504170000000E+03   7.73764000000000E+01
 1.97512500000000E+03   5.71902000000000E+01
 1.97520830000000E+03   5.16193000000000E+01
 1.97529170000000E+03   5.35867000000000E+01
 1.97537500000000E+03   4.57846000000000E+01
 1.97545830000000E+03   6.49053000000000E+01
 1.97554170000000E+03   6.74876000000000E+01
 1.97562500000000E+03   1.93772000000000E+01
 1.97570830000000E+03  -5.81030000000000E+00
 1.97579170000000E+03   2.46360000000000E+00
 1.97587500000000E+03  -1.10890000000000E+00
 1.97595830000000E+03   8.70300000000000E+00
 1.97604170000000E+03   7.74560000000000E+00
 1.97612500000000E+03   8.78790000000000E+00
 1.97620830000000E+03   2.14600000000000E-01
 1.97629170000000E+03  -4.06665000000000E+01
 1.97637500000000E+03  -5.97017000000000E+01
 1.97645830000000E+03  -5.08141000000000E+01
 1.97654170000000E+03  -8.77726000000000E+01
 1.97662500000000E+03  -1.40423800000000E+02
 1.97670830000000E+03  -1.41690600000000E+02
 1.97679170000000E+03  -1.27342100000000E+02
 1.97687500000000E+03  -1.33840000000000E+02
 1.97695830000000E+03  -1.30953600000000E+02
 1.97704170000000E+03  -1.23759500000000E+02
 1.97712500000000E+03  -1.29565700000000E+02
 1.97720830000000E+03  -1.20295200000000E+02
 1.97729170000000E+03  -1.06870900000000E+02
 1.97737500000000E+03  -4.41393000000000E+01
 1.97745830000000E+03  -3.07924000000000E+01
 1.97754170000000E+03  -2.62918000000000E+01
 1.97762500000000E+03  -4.18684000000000E+01
 1.97770830000000E+03  -3.62145000000000E+01
 1.97779170000000E+03  -4.48683000000000E+01
 1.97787500000000E+03  -7.33686000000000E+01
 1.97795830000000E+03  -7.32537000000000E+01
 1.97804170000000E+03  -6.09081000000000E+01
 1.97812500000000E+03  -6.80244000000000E+01
 1.97820830000000E+03  -3.09101000000000E+01
 1.97829170000000E+03  -2.16420000000000E+01
 1.97837500000000E+03   6.77960000000000E+00
 1.97845830000000E+03  -3.03374000000000E+01
 1.97854170000000E+03  -4.80699000000000E+01
 1.97862500000000E+03  -6.81873000000000E+01
 1.97870830000000E+03  -5.31511000000000E+01
 1.97879170000000E+03  -6.58073000000000E+01
 1.97887500000000E+03  -5.80022000000000E+01
 1.97895830000000E+03  -3.76589000000000E+01
 1.97904170000000E+03  -1.17003000000000E+01
 1.97912500000000E+03  -8.89580000000000E+00
 1.97920830000000E+03   1.18315000000000E+01
 1.97929170000000E+03  -1.25181000000000E+01
 1.97937500000000E+03  -2.70219000000000E+01
 1.97945830000000E+03  -4.55259000000000E+01
 1.97954170000000E+03  -4.54146000000000E+01
 1.97962500000000E+03  -4.60729000000000E+01
 1.97970830000000E+03  -6.75005000000000E+01
 1.97979170000000E+03  -6.86975000000000E+01
 1.97987500000000E+03  -6.22025000000000E+01
 1.97995830000000E+03  -6.27846000000000E+01
 1.98004170000000E+03  -5.53668000000000E+01
 1.98012500000000E+03  -7.30262000000000E+01
 1.98020830000000E+03  -7.41473000000000E+01
 1.98029170000000E+03  -8.07301000000000E+01
 1.98037500000000E+03  -7.13132000000000E+01
 1.98045830000000E+03  -4.06657000000000E+01
 1.98054170000000E+03  -2.37106000000000E+01
 1.98062500000000E+03   2.32110000000000E+00
 1.98070830000000E+03   9.50650000000000E+00
 1.98079170000000E+03   3.05379000000000E+01
 1.98087500000000E+03   2.68768000000000E+01
 1.98095830000000E+03   4.38308000000000E+01
 1.98104170000000E+03   5.90155000000000E+01
 1.98112500000000E+03   7.23537000000000E+01
 1.98120830000000E+03   6.97687000000000E+01
 1.98129170000000E+03   7.87990000000000E+01
 1.98137500000000E+03   9.69058000000000E+01
 1.98145830000000E+03   1.07320200000000E+02
 1.98154170000000E+03   7.32730000000000E+01
 1.98162500000000E+03   3.60716000000000E+01
 1.98170830000000E+03   1.50238000000000E+01
 1.98179170000000E+03   3.25145000000000E+01
 1.98187500000000E+03   4.58509000000000E+01
 1.98195830000000E+03   5.20334000000000E+01
 1.98204170000000E+03   4.52927000000000E+01
 1.98212500000000E+03   4.10132000000000E+01
 1.98220830000000E+03   4.58104000000000E+01
 1.98229170000000E+03   3.64537000000000E+01
 1.98237500000000E+03   4.00967000000000E+01
 1.98245830000000E+03   3.38164000000000E+01
 1.98254170000000E+03   6.02284000000000E+01
 1.98262500000000E+03   7.88708000000000E+01
 1.98270830000000E+03   8.60514000000000E+01
 1.98279170000000E+03   8.32320000000000E+01
 1.98287500000000E+03   6.32585000000000E+01
 1.98295830000000E+03   5.72078000000000E+01
 1.98304170000000E+03   7.03109000000000E+01
 1.98312500000000E+03   7.76444000000000E+01
 1.98320830000000E+03   8.59778000000000E+01
 1.98329170000000E+03   1.07926400000000E+02
 1.98337500000000E+03   1.52797800000000E+02
 1.98345830000000E+03   1.56669100000000E+02
 1.98354170000000E+03   1.65232500000000E+02
 1.98362500000000E+03   1.04949500000000E+02
 1.98370830000000E+03   6.47432000000000E+01
 1.98379170000000E+03   4.66138000000000E+01
 1.98387500000000E+03   3.72532000000000E+01
 1.98395830000000E+03   4.59694000000000E+01
 1.98404170000000E+03   6.07625000000000E+01
 1.98412500000000E+03   5.60937000000000E+01
 1.98420830000000E+03   5.99631000000000E+01
 1.98429170000000E+03   6.92171000000000E+01
 1.98437500000000E+03   2.63939000000000E+01
 1.98445830000000E+03  -7.42950000000000E+00
 1.98454170000000E+03  -4.50992000000000E+01
 1.98462500000000E+03  -9.16153000000000E+01
 1.98470830000000E+03  -1.03054700000000E+02
 1.98479170000000E+03  -9.01096000000000E+01
 1.98487500000000E+03  -8.90879000000000E+01
 1.98495830000000E+03  -7.67586000000000E+01
 1.98504170000000E+03  -6.75064000000000E+01
 1.98512500000000E+03  -7.22545000000000E+01
 1.98520830000000E+03  -5.07720000000000E+01
 1.98529170000000E+03  -4.19818000000000E+01
 1.98537500000000E+03  -5.01151000000000E+01
 1.98545830000000E+03  -3.50178000000000E+01
 1.98554170000000E+03  -2.73052000000000E+01
 1.98562500000000E+03  -3.72083000000000E+01
 1.98570830000000E+03  -4.64193000000000E+01
 1.98579170000000E+03  -4.33227000000000E+01
 1.98587500000000E+03  -4.55340000000000E+01
 1.98595830000000E+03  -3.88995000000000E+01
 1.98604170000000E+03  -2.87265000000000E+01
 1.98612500000000E+03  -3.14000000000000E+01
 1.98620830000000E+03  -1.56121000000000E+01
 1.98629170000000E+03  -1.85936000000000E+01
 1.98637500000000E+03  -8.11390000000000E+00
 1.98645830000000E+03   1.36570000000000E+00
 1.98654170000000E+03  -1.96163000000000E+01
 1.98662500000000E+03  -2.25218000000000E+01
 1.98670830000000E+03  -2.21966000000000E+01
 1.98679170000000E+03  -1.77947000000000E+01
 1.98687500000000E+03  -5.46990000000000E+00
 1.98695830000000E+03   1.77770000000000E+00
 1.98704170000000E+03   1.20252000000000E+01
 1.98712500000000E+03   1.32725000000000E+01
 1.98720830000000E+03   2.95195000000000E+01
 1.98729170000000E+03   5.68950000000000E+00
 1.98737500000000E+03  -1.26023000000000E+01
 1.98745830000000E+03  -2.71251000000000E+01
 1.98754170000000E+03  -3.32633000000000E+01
 1.98762500000000E+03  -2.53250000000000E+01
 1.98770830000000E+03  -3.20791000000000E+01
 1.98779170000000E+03  -1.25256000000000E+01
 1.98787500000000E+03  -1.20494000000000E+01
 1.98795830000000E+03  -1.28810000000000E+01
 1.98804170000000E+03  -1.40974000000000E+01
 1.98812500000000E+03  -1.46790000000000E+00
 1.98820830000000E+03   6.54610000000000E+00
 1.98829170000000E+03   8.67600000000000E-01
 1.98837500000000E+03   1.41888000000000E+01
 1.98845830000000E+03   3.90483000000000E+01
 1.98854170000000E+03   6.99077000000000E+01
 1.98862500000000E+03   9.60745000000000E+01
 1.98870830000000E+03   1.17856500000000E+02
 1.98879170000000E+03   1.13253700000000E+02
 1.98887500000000E+03   1.20958400000000E+02
 1.98895830000000E+03   1.33432100000000E+02
 1.98904170000000E+03   1.42828800000000E+02
 1.98912500000000E+03   1.63917500000000E+02
 1.98920830000000E+03   1.52621400000000E+02
 1.98929170000000E+03   1.50632900000000E+02
 1.98937500000000E+03   1.47413300000000E+02
 1.98945830000000E+03   1.51270400000000E+02
 1.98954170000000E+03   1.52512100000000E+02
 1.98962500000000E+03   1.44291900000000E+02
 1.98970830000000E+03   1.52686900000000E+02
 1.98979170000000E+03   1.42235700000000E+02
 1.98987500000000E+03   1.44707200000000E+02
 1.98995830000000E+03   1.39024800000000E+02
 1.99004170000000E+03   1.52957600000000E+02
 1.99012500000000E+03   1.57197700000000E+02
 1.99020830000000E+03   1.47207000000000E+02
 1.99029170000000E+03   1.53754600000000E+02
 1.99037500000000E+03   1.43301900000000E+02
 1.99045830000000E+03   1.38849000000000E+02
 1.99054170000000E+03   1.41165200000000E+02
 1.99062500000000E+03   9.74812000000000E+01
 1.99070830000000E+03   4.27969000000000E+01
 1.99079170000000E+03  -1.95028000000000E+01
 1.99087500000000E+03  -3.70336000000000E+01
 1.99095830000000E+03  -3.09492000000000E+01
 1.99104170000000E+03  -2.27111000000000E+01
 1.99112500000000E+03  -2.57040000000000E+01
 1.99120830000000E+03  -2.24664000000000E+01
 1.99129170000000E+03  -2.05365000000000E+01
 1.99137500000000E+03  -2.14531000000000E+01
 1.99145830000000E+03  -8.83140000000000E+00
 1.99154170000000E+03   2.24825000000000E+01
 1.99162500000000E+03   2.04884000000000E+01
 1.99170830000000E+03   4.95710000000000E+01
 1.99179170000000E+03   6.78074000000000E+01
 1.99187500000000E+03   7.92743000000000E+01
 1.99195830000000E+03   7.12025000000000E+01
 1.99204170000000E+03   6.73613000000000E+01
 1.99212500000000E+03   7.41353000000000E+01
 1.99220830000000E+03   7.49860000000000E+01
 1.99229170000000E+03   5.66058000000000E+01
 1.99237500000000E+03   6.09177000000000E+01
 1.99245830000000E+03   6.85370000000000E+01
 1.99254170000000E+03   8.34639000000000E+01
 1.99262500000000E+03   7.27752000000000E+01
 1.99270830000000E+03   6.04708000000000E+01
 1.99279170000000E+03   3.46280000000000E+01
 1.99287500000000E+03   1.70925000000000E+01
 1.99295830000000E+03   2.03260000000000E+01
 1.99304170000000E+03   5.05595000000000E+01
 1.99312500000000E+03   6.54080000000000E+01
 1.99320830000000E+03   4.49486000000000E+01
 1.99329170000000E+03   1.98738000000000E+01
 1.99337500000000E+03   5.67900000000000E-01
 1.99345830000000E+03  -1.28920000000000E+01
 1.99354170000000E+03  -2.05059000000000E+01
 1.99362500000000E+03  -6.36585000000000E+01
 1.99370830000000E+03  -8.75037000000000E+01
 1.99379170000000E+03  -9.63489000000000E+01
 1.99387500000000E+03  -9.81944000000000E+01
 1.99395830000000E+03  -6.65786000000000E+01
 1.99404170000000E+03  -7.24245000000000E+01
 1.99412500000000E+03  -9.34244000000000E+01
 1.99420830000000E+03  -1.06732300000000E+02
 1.99429170000000E+03  -8.73479000000000E+01
 1.99437500000000E+03  -6.48869000000000E+01
 1.99445830000000E+03  -1.53492000000000E+01
 1.99454170000000E+03   4.41920000000000E+00
 1.99462500000000E+03   2.90334000000000E+01
 1.99470830000000E+03   5.64936000000000E+01
 1.99479170000000E+03   6.97230000000000E+01
 1.99487500000000E+03   6.99520000000000E+01
 1.99495830000000E+03   8.41040000000000E+01
 1.99504170000000E+03   7.28712000000000E+01
 1.99512500000000E+03   7.14073000000000E+01
 1.99520830000000E+03   9.07894000000000E+01
 1.99529170000000E+03   1.01633000000000E+02
 1.99537500000000E+03   7.78609000000000E+01
 1.99545830000000E+03   4.56270000000000E+01
 1.99554170000000E+03  -9.14540000000000E+00
 1.99562500000000E+03  -6.08412000000000E+01
 1.99579170000000E+03  -1.17002500000000E+02
 1.99587500000000E+03  -1.45622000000000E+02
 1.99595830000000E+03  -1.62164700000000E+02
 1.99604170000000E+03  -1.48169100000000E+02
 1.99612500000000E+03  -1.59173700000000E+02
 1.99620830000000E+03  -1.82486300000000E+02
 1.99629170000000E+03  -1.83029700000000E+02
 1.99637500000000E+03  -1.76727200000000E+02
 1.99645830000000E+03  -1.84886500000000E+02
 1.99654170000000E+03  -1.71507400000000E+02
 1.99662500000000E+03  -1.28282500000000E+02
 1.99670830000000E+03  -8.16731000000000E+01
 1.99679170000000E+03  -3.51408000000000E+01
 1.99687500000000E+03  -1.72241000000000E+01
 1.99695830000000E+03  -1.29231000000000E+01
 1.99704170000000E+03  -2.36990000000000E+01
 1.99712500000000E+03  -4.81675000000000E+01
 1.99720830000000E+03  -1.92517000000000E+01
 1.99729170000000E+03   2.41256000000000E+01
 1.99737500000000E+03   2.32719000000000E+01
 1.99745830000000E+03  -7.96660000000000E+00
 1.99754170000000E+03  -4.51300000000000E+00
 1.99762500000000E+03   1.54019000000000E+01
 1.99770830000000E+03   1.21628000000000E+01
 1.99779170000000E+03  -2.69226000000000E+01
 1.99787500000000E+03  -5.00083000000000E+01
 1.99795830000000E+03  -4.73250000000000E+01
 1.99804170000000E+03  -2.34110000000000E+01
 1.99812500000000E+03   7.57970000000000E+00
 1.99820830000000E+03   2.43394000000000E+01
 1.99829170000000E+03   1.01759000000000E+01
 1.99837500000000E+03   1.16600000000000E+00
 1.99845830000000E+03   1.63097000000000E+01
 1.99854170000000E+03   4.11456000000000E+01
 1.99862500000000E+03   5.11351000000000E+01
 1.99870830000000E+03   2.48936000000000E+01
 1.99879170000000E+03   8.72890000000000E+00
 1.99887500000000E+03   2.18716000000000E+01
 1.99895830000000E+03   2.29373000000000E+01
 1.99904170000000E+03   2.26951000000000E+01
 1.99912500000000E+03   4.06800000000000E+00
 1.99920830000000E+03  -2.57900000000000E+01
 1.99929170000000E+03  -1.91097000000000E+01
 1.99937500000000E+03  -1.56605000000000E+01
 1.99945830000000E+03   5.55780000000000E+00
 1.99954170000000E+03   2.17760000000000E+01
 1.99962500000000E+03   4.15324000000000E+01
 1.99970830000000E+03   4.79808000000000E+01
 1.99979170000000E+03   4.31215000000000E+01
 1.99987500000000E+03   3.23388000000000E+01
 1.99995830000000E+03   5.04790000000000E+01
 2.00004170000000E+03   7.19268000000000E+01
 2.00012500000000E+03   8.14512000000000E+01
 2.00020830000000E+03   7.38216000000000E+01
 2.00029170000000E+03   7.05765000000000E+01
 2.00037500000000E+03   5.49465000000000E+01
 2.00045830000000E+03   5.77778000000000E+01
 2.00054170000000E+03   2.23013000000000E+01
 2.00062500000000E+03  -8.71390000000000E+00
 2.00070830000000E+03  -5.03447000000000E+01
 2.00079170000000E+03  -8.61294000000000E+01
 2.00087500000000E+03  -8.26068000000000E+01
 2.00095830000000E+03  -6.45459000000000E+01
 2.00104170000000E+03  -7.39466000000000E+01
 2.00112500000000E+03  -8.15014000000000E+01
 2.00120830000000E+03  -8.09026000000000E+01
 2.00129170000000E+03  -6.59193000000000E+01
 2.00137500000000E+03  -2.20901000000000E+01
 2.00145830000000E+03  -1.37996000000000E+01
 2.00154170000000E+03  -1.74000000000000E+00
 2.00162500000000E+03   3.99348000000000E+01
 2.00170830000000E+03   7.55324000000000E+01
 2.00179170000000E+03   7.34376000000000E+01
 2.00187500000000E+03   7.35733000000000E+01
 2.00195830000000E+03   7.71703000000000E+01
 2.00204170000000E+03   7.88442000000000E+01
 2.00212500000000E+03   7.09793000000000E+01
 2.00220830000000E+03   5.71911000000000E+01
 2.00229170000000E+03   3.32490000000000E+01
 2.00237500000000E+03   1.87682000000000E+01
 2.00245830000000E+03  -4.29437000000000E+01
 2.00254170000000E+03  -4.24248000000000E+01
 2.00262500000000E+03  -7.19832000000000E+01
 2.00270830000000E+03  -1.31772500000000E+02
 2.00279170000000E+03  -1.77485100000000E+02
 2.00287500000000E+03  -1.73582500000000E+02
 2.00295830000000E+03  -1.57449300000000E+02
 2.00304170000000E+03  -1.52008600000000E+02
 2.00312500000000E+03  -1.54414300000000E+02
 2.00320830000000E+03  -1.40743300000000E+02
 2.00329170000000E+03  -1.23149300000000E+02
 2.00337500000000E+03  -1.12555600000000E+02
 2.00345830000000E+03  -8.80390000000000E+01
 2.00354170000000E+03  -5.64456000000000E+01
 2.00362500000000E+03  -5.00832000000000E+01
 2.00370830000000E+03  -4.72595000000000E+01
 2.00379170000000E+03  -4.24359000000000E+01
 2.00387500000000E+03  -3.35357000000000E+01
 2.00395830000000E+03  -2.00202000000000E+01
 2.00404170000000E+03  -9.65880000000000E+00
 2.00412500000000E+03  -1.43745000000000E+01
 2.00420830000000E+03  -2.70580000000000E+00
 2.00429170000000E+03   2.11660000000000E+00
 2.00437500000000E+03   5.70800000000000E+00
 2.00445830000000E+03   3.84530000000000E+01
 2.00454170000000E+03   6.78133000000000E+01
 2.00462500000000E+03   7.20964000000000E+01
 2.00470830000000E+03   4.73023000000000E+01
 2.00479170000000E+03   3.65851000000000E+01
 2.00487500000000E+03   4.26368000000000E+01
 2.00495830000000E+03   5.29192000000000E+01
 2.00504170000000E+03   5.05859000000000E+01
 2.00512500000000E+03   5.18679000000000E+01
 2.00520830000000E+03   6.07650000000000E+01
 2.00529170000000E+03   4.19697000000000E+01
 2.00537500000000E+03   4.61741000000000E+01
 2.00545830000000E+03   3.51475000000000E+01
 2.00554170000000E+03  -4.95610000000000E+00
 2.00562500000000E+03  -6.30600000000000E+01
 2.00570830000000E+03  -9.03948000000000E+01
 2.00579170000000E+03  -7.91144000000000E+01
 2.00587500000000E+03  -7.36804000000000E+01
 2.00595830000000E+03  -6.54773000000000E+01
 2.00604170000000E+03  -7.61206000000000E+01
 2.00612500000000E+03  -8.43795000000000E+01
 2.00620830000000E+03  -9.17924000000000E+01
 2.00629170000000E+03  -8.89747000000000E+01
 2.00637500000000E+03  -6.06188000000000E+01
 2.00645830000000E+03  -3.72630000000000E+01
 2.00654170000000E+03   8.93870000000000E+00
 2.00662500000000E+03   2.98325000000000E+01
 2.00670830000000E+03   4.74184000000000E+01
 2.00679170000000E+03   7.48503000000000E+01
 2.00687500000000E+03   8.11281000000000E+01
 2.00695830000000E+03   8.79442000000000E+01
 2.00704170000000E+03   1.02760100000000E+02
 2.00712500000000E+03   1.19345100000000E+02
 2.00720830000000E+03   1.46083600000000E+02
 2.00729170000000E+03   1.43052800000000E+02
 2.00737500000000E+03   1.49483300000000E+02
 2.00745830000000E+03   1.41298200000000E+02
 2.00754170000000E+03   1.17113000000000E+02
 2.00762500000000E+03   9.53891000000000E+01
 2.00770830000000E+03   1.11895700000000E+02
 2.00779170000000E+03   1.00556000000000E+02
 2.00787500000000E+03   8.18315000000000E+01
 2.00795830000000E+03   7.51068000000000E+01
 2.00804170000000E+03   8.62281000000000E+01
 2.00812500000000E+03   7.85029000000000E+01
 2.00820830000000E+03   5.75469000000000E+01
 2.00829170000000E+03   5.86676000000000E+01
 2.00837500000000E+03   7.91726000000000E+01
 2.00845830000000E+03   7.52929000000000E+01
 2.00854170000000E+03   6.04899000000000E+01
 2.00862500000000E+03   3.59175000000000E+01
 2.00870830000000E+03   1.34480000000000E+00
 2.00879170000000E+03  -4.03049000000000E+01
 2.00887500000000E+03  -4.21087000000000E+01
 2.00895830000000E+03  -2.69896000000000E+01
 2.00904170000000E+03  -1.93322000000000E+01
 2.00912500000000E+03  -2.14443000000000E+01
 2.00920830000000E+03  -1.55565000000000E+01
 2.00929170000000E+03   9.71570000000000E+00
 2.00937500000000E+03  -2.48585000000000E+01
 2.00945830000000E+03  -5.49714000000000E+01
 2.00954170000000E+03  -9.37767000000000E+01
 2.00962500000000E+03  -1.22813000000000E+02
 2.00970830000000E+03  -1.11541900000000E+02
 2.00979170000000E+03  -1.10424700000000E+02
 2.00987500000000E+03  -9.73847000000000E+01
 2.00995830000000E+03  -8.79603000000000E+01
 2.01004170000000E+03  -9.13821000000000E+01
 2.01012500000000E+03  -9.11889000000000E+01
 2.01020830000000E+03  -9.54573000000000E+01
 2.01029170000000E+03  -1.13879800000000E+02
 2.01037500000000E+03  -1.21071700000000E+02
 2.01045830000000E+03  -1.20340800000000E+02
 2.01054170000000E+03  -1.13379200000000E+02
 2.01062500000000E+03  -8.91871000000000E+01
 2.01070830000000E+03  -7.23029000000000E+01
 2.01079170000000E+03  -6.89573000000000E+01
 2.01087500000000E+03  -7.27658000000000E+01
 2.01095830000000E+03  -6.64206000000000E+01
 2.01104170000000E+03  -6.72295000000000E+01
 2.01112500000000E+03  -6.32693000000000E+01
 2.01120830000000E+03  -4.97709000000000E+01
 2.01129170000000E+03  -2.89649000000000E+01
 2.01137500000000E+03  -2.17746000000000E+01
 2.01145830000000E+03   1.31848000000000E+01
 2.01154170000000E+03   5.46824000000000E+01
 2.01162500000000E+03   4.61799000000000E+01
 2.01170830000000E+03   5.46771000000000E+01
 2.01179170000000E+03   6.50973000000000E+01
 2.01187500000000E+03   5.60557000000000E+01
 2.01195830000000E+03   6.81677000000000E+01
 2.01204170000000E+03   6.91258000000000E+01
 2.01212500000000E+03   7.16990000000000E+01
 2.01220830000000E+03   9.17335000000000E+01
 2.01229170000000E+03   9.54602000000000E+01
 2.01237500000000E+03   8.78020000000000E+01
 2.01245830000000E+03   7.92975000000000E+01
 2.01254170000000E+03   3.37159000000000E+01
 2.01262500000000E+03  -5.32740000000000E+00
 2.01270830000000E+03  -3.00633000000000E+01
 2.01279170000000E+03  -5.37224000000000E+01
 2.01287500000000E+03  -6.76894000000000E+01
 2.01295830000000E+03  -6.83490000000000E+01
 2.01304170000000E+03  -7.00856000000000E+01
 2.01312500000000E+03  -7.32070000000000E+01
 2.01320830000000E+03  -7.59441000000000E+01
 2.01329170000000E+03  -1.04527400000000E+02
 2.01337500000000E+03  -1.01188000000000E+02
 2.01345830000000E+03  -8.22333000000000E+01
 2.01354170000000E+03  -7.75864000000000E+01
 2.01362500000000E+03  -9.15552000000000E+01
 2.01370830000000E+03  -8.42935000000000E+01
 2.01379170000000E+03  -6.06472000000000E+01
 2.01387500000000E+03  -5.40012000000000E+01
 2.01395830000000E+03  -4.83554000000000E+01
 2.01404170000000E+03  -4.95559000000000E+01
 2.01412500000000E+03  -4.73720000000000E+01
 2.01420830000000E+03  -5.51114000000000E+01
 2.01429170000000E+03  -6.23894000000000E+01
 2.01437500000000E+03  -6.80523000000000E+01
 2.01445830000000E+03  -8.31769000000000E+01
 2.01454170000000E+03  -8.10708000000000E+01
 2.01462500000000E+03  -6.55804000000000E+01
 2.01470830000000E+03  -5.13210000000000E+01
 2.01479170000000E+03  -4.31386000000000E+01
 2.01487500000000E+03  -2.92642000000000E+01
 2.01495830000000E+03  -7.08230000000000E+00
 2.01504170000000E+03   1.20995000000000E+01
 2.01512500000000E+03   1.60503000000000E+01
 2.01520830000000E+03   8.69310000000000E+00
 2.01529170000000E+03   2.48970000000000E+00
 2.01537500000000E+03   2.95937000000000E+01
 2.01545830000000E+03   8.62360000000000E+01
 2.01554170000000E+03   7.61089000000000E+01
 2.01562500000000E+03   6.35201000000000E+01
 2.01570830000000E+03   4.17002000000000E+01
 2.01579170000000E+03   4.17264000000000E+01
 2.01587500000000E+03   2.59831000000000E+01
 2.01595830000000E+03   6.54730000000000E+00
 2.01604170000000E+03   2.11130000000000E+00
 2.01612500000000E+03   3.98280000000000E+00
 2.01620830000000E+03   1.29310000000000E+01
 2.01629170000000E+03  -5.19780000000000E+00
 2.01637500000000E+03   5.19200000000000E-01
 2.01645830000000E+03   2.92840000000000E+00
 2.01654170000000E+03  -2.15087000000000E+01
 2.01662500000000E+03  -3.06384000000000E+01
 2.01670830000000E+03  -5.06913000000000E+01
 2.01679170000000E+03  -3.38214000000000E+01
 2.01687500000000E+03  -3.97209000000000E+01
 2.01695830000000E+03  -2.36206000000000E+01
 2.01704170000000E+03  -2.21270000000000E+00
 2.01712500000000E+03  -1.88200000000000E+00
 2.01720830000000E+03  -1.47054000000000E+01
 2.01729170000000E+03  -7.37510000000000E+00
 2.01737500000000E+03   4.41089000000000E+01
 2.01745830000000E+03   8.47465000000000E+01
 2.01754170000000E+03   7.39993000000000E+01
 2.01762500000000E+03   4.72519000000000E+01
 2.01770830000000E+03   3.16582000000000E+01
 2.01779170000000E+03   1.12950000000000E+01
 2.01787500000000E+03  -1.22222000000000E+01
 2.01795830000000E+03  -1.19704000000000E+01
 2.01804170000000E+03  -2.37957000000000E+01
 2.01812500000000E+03  -3.06212000000000E+01
 2.01820830000000E+03  -2.55238000000000E+01
 2.01829170000000E+03  -7.34970000000000E+00
 2.01837500000000E+03  -2.48681000000000E+01
 2.01845830000000E+03  -5.84636000000000E+01
 2.01854170000000E+03  -8.02900000000000E+01
 2.01862500000000E+03  -8.68860000000000E+01
 2.01870830000000E+03  -6.43282000000000E+01
 2.01879170000000E+03  -5.30783000000000E+01
 2.01887500000000E+03  -3.94441000000000E+01
 2.01895830000000E+03  -3.06561000000000E+01
 2.01904170000000E+03  -1.38684000000000E+01
 2.01912500000000E+03  -1.29270000000000E+01
 2.01920830000000E+03  -1.06270000000000E+00
 2.01929170000000E+03  -2.75600000000000E-01
 2.01937500000000E+03  -3.05655000000000E+01
 2.01945830000000E+03  -8.70180000000000E+00
 2.01954170000000E+03   3.28540000000000E+01
 2.01962500000000E+03   6.32557000000000E+01
 2.01970830000000E+03   7.90419000000000E+01
 2.01979170000000E+03   7.33663000000000E+01
 2.01987500000000E+03   9.57675000000000E+01
 2.01995830000000E+03   9.40915000000000E+01
 2.02004170000000E+03   1.14107700000000E+02
 2.02012500000000E+03   1.09046800000000E+02
 2.02020830000000E+03   1.22293300000000E+02
 2.02029170000000E+03   1.05385800000000E+02
 2.02037500000000E+03   1.12939600000000E+02
 2.02045830000000E+03   1.23724000000000E+02
 2.02054170000000E+03   1.04739000000000E+02
 2.02062500000000E+03   5.56769000000000E+01
 2.02070830000000E+03   1.54607000000000E+01
 2.02079170000000E+03   4.70590000000000E+00
 2.02087500000000E+03  -7.51070000000000E+00
 2.02095830000000E+03  -2.05736000000000E+01
 2.02104170000000E+03  -2.07905000000000E+01
 2.02112500000000E+03  -2.65461000000000E+01
 2.02120830000000E+03  -3.65327000000000E+01
 2.02129170000000E+03  -3.61349000000000E+01
 2.02137500000000E+03  -1.28141000000000E+01
 2.02145830000000E+03  -3.04936000000000E+01
 2.02154170000000E+03  -1.05579000000000E+01
 2.02162500000000E+03   3.19930000000000E+01
 2.02170830000000E+03   4.43899000000000E+01
 2.02179170000000E+03   3.91712000000000E+01
 2.02187500000000E+03   2.69522000000000E+01
 2.02195830000000E+03   3.65024000000000E+01
 2.02204170000000E+03   5.44369000000000E+01
 2.02212500000000E+03   6.10636000000000E+01
 2.02220830000000E+03   4.17670000000000E+01
 2.02229170000000E+03   5.86240000000000E+01
 2.02237500000000E+03   4.87116000000000E+01
 2.02245830000000E+03   2.27990000000000E+01
 2.02254170000000E+03   3.25785000000000E+01
 2.02262500000000E+03   3.01271000000000E+01
 2.02270830000000E+03   1.21390000000000E+00
 2.02279170000000E+03  -1.50841000000000E+01
 2.02287500000000E+03  -2.44592000000000E+01
 2.02295830000000E+03  -3.19114000000000E+01
 2.02304170000000E+03  -2.64407000000000E+01
 2.02312500000000E+03  -2.38164000000000E+01
 2.02320830000000E+03  -1.78846000000000E+01
 2.02329170000000E+03   1.34316000000000E+01
 2.02337500000000E+03   1.00553000000000E+01
 2.02345830000000E+03   1.63712000000000E+01
 2.02354170000000E+03   3.30714000000000E+01
 2.02362500000000E+03   3.89253000000000E+01
 2.02370830000000E+03   7.00980000000000E+00
 2.02379170000000E+03  -3.36740000000000E+00
 2.02387500000000E+03  -7.28340000000000E+00
 2.02395830000000E+03   3.87740000000000E+00
 2.02404170000000E+03   2.11150000000000E+01
 2.02412500000000E+03   1.91216000000000E+01
 2.02420830000000E+03   2.43560000000000E+00
 2.02429170000000E+03  -1.40430000000000E+00
 2.02437500000000E+03  -3.98300000000000E-01
 2.02445830000000E+03   9.68440000000000E+00
 2.02454170000000E+03   6.35670000000000E+00
 2.02462500000000E+03  -1.57730000000000E+00
 2.02470830000000E+03  -2.13994000000000E+01
 2.02479170000000E+03   1.70560000000000E+00
 2.02487500000000E+03   7.71040000000000E+00
 2.02495830000000E+03   5.40008000000000E+01
