 1.92395830000000E+03  -5.63217000000000E+01
 1.92404170000000E+03  -3.05076000000000E+01
 1.92412500000000E+03  -2.63449000000000E+01
 1.92420830000000E+03  -1.74379000000000E+01
 1.92429170000000E+03  -1.40801000000000E+01
 1.92437500000000E+03  -8.21840000000000E+00
 1.92445830000000E+03  -4.66100000000000E+00
 1.92454170000000E+03   1.65698000000000E+01
 1.92462500000000E+03   4.38769000000000E+01
 1.92470830000000E+03   3.67223000000000E+01
 1.92479170000000E+03   3.57219000000000E+01
 1.92487500000000E+03   2.48747000000000E+01
 1.92495830000000E+03   3.82581000000000E+01
 1.92504170000000E+03   3.92573000000000E+01
 1.92512500000000E+03   3.34865000000000E+01
 1.92520830000000E+03   5.01772000000000E+01
 1.92529170000000E+03   6.08682000000000E+01
 1.92537500000000E+03   6.44816000000000E+01
 1.92545830000000E+03   6.87873000000000E+01
 1.92554170000000E+03   6.40932000000000E+01
 1.92562500000000E+03   1.92446000000000E+01
 1.92570830000000E+03   6.24210000000000E+00
 1.92579170000000E+03   4.54760000000000E+00
 1.92587500000000E+03   1.60200000000000E-01
 1.92595830000000E+03   8.61870000000000E+00
 1.92604170000000E+03   1.69300000000000E+00
 1.92612500000000E+03   1.29974000000000E+01
 1.92620830000000E+03   2.29171000000000E+01
 1.92629170000000E+03   1.26832000000000E+01
 1.92637500000000E+03  -1.70510000000000E+00
 1.92645830000000E+03  -2.01670000000000E+00
 1.92654170000000E+03   8.25900000000000E-01
 1.92662500000000E+03   1.20630000000000E+00
 1.92670830000000E+03   7.58660000000000E+00
 1.92679170000000E+03   6.04420000000000E+00
 1.92687500000000E+03   2.25780000000000E+01
 1.92695830000000E+03   4.75733000000000E+01
 1.92704170000000E+03   5.75688000000000E+01
 1.92712500000000E+03   6.47945000000000E+01
 1.92720830000000E+03   6.30201000000000E+01
 1.92729170000000E+03   6.36306000000000E+01
 1.92737500000000E+03   6.63943000000000E+01
 1.92745830000000E+03   4.86964000000000E+01
 1.92754170000000E+03   4.04602000000000E+01
 1.92762500000000E+03   3.34543000000000E+01
 1.92770830000000E+03   5.75590000000000E+00
 1.92779170000000E+03  -4.63450000000000E+00
 1.92787500000000E+03  -2.48717000000000E+01
 1.92795830000000E+03  -2.46474000000000E+01
 1.92804170000000E+03  -1.41921000000000E+01
 1.92812500000000E+03   8.01000000000000E-01
 1.92820830000000E+03   5.64020000000000E+00
 1.92829170000000E+03   4.86430000000000E+00
 1.92837500000000E+03  -3.52760000000000E+00
 1.92845830000000E+03  -3.61200000000000E+00
 1.92854170000000E+03   3.99630000000000E+00
 1.92862500000000E+03  -2.41653000000000E+01
 1.92870830000000E+03  -4.40194000000000E+01
 1.92879170000000E+03  -2.15654000000000E+01
 1.92887500000000E+03  -8.65050000000000E+00
 1.92895830000000E+03   1.18796000000000E+01
 1.92904170000000E+03   1.57178000000000E+01
 1.92912500000000E+03   1.17070000000000E+00
 1.92920830000000E+03  -6.91500000000000E+00
 1.92929170000000E+03   3.15340000000000E+00
 1.92937500000000E+03   7.37510000000000E+00
 1.92945830000000E+03   1.13659000000000E+01
 1.92954170000000E+03   1.53570000000000E+01
 1.92962500000000E+03   1.31167000000000E+01
 1.92970830000000E+03   3.53378000000000E+01
 1.92979170000000E+03   2.90977000000000E+01
 1.92987500000000E+03   1.84723000000000E+01
 1.92995830000000E+03   1.57699000000000E+01
 1.93004170000000E+03   1.59139000000000E+01
 1.93012500000000E+03   1.69035000000000E+01
 1.93020830000000E+03  -5.68600000000000E-01
 1.93029170000000E+03  -8.50190000000000E+00
 1.93037500000000E+03   3.56420000000000E+00
 1.93045830000000E+03  -5.36990000000000E+00
 1.93054170000000E+03  -1.40729000000000E+01
 1.93062500000000E+03  -4.16227000000000E+01
 1.93070830000000E+03  -4.22495000000000E+01
 1.93079170000000E+03  -4.63376000000000E+01
 1.93087500000000E+03  -4.00416000000000E+01
 1.93095830000000E+03  -2.32074000000000E+01
 1.93104170000000E+03  -3.29590000000000E+00
 1.93112500000000E+03  -2.15430000000000E+00
 1.93120830000000E+03  -8.93580000000000E+00
 1.93129170000000E+03   1.75906000000000E+01
 1.93137500000000E+03   2.05779000000000E+01
 1.93145830000000E+03  -4.28100000000000E+00
 1.93154170000000E+03   1.83988000000000E+01
 1.93162500000000E+03   2.29242000000000E+01
 1.93170830000000E+03   2.54494000000000E+01
 1.93179170000000E+03   3.27442000000000E+01
 1.93187500000000E+03   3.44999000000000E+01
 1.93195830000000E+03   4.64093000000000E+01
 1.93204170000000E+03   4.80113000000000E+01
 1.93212500000000E+03   4.38434000000000E+01
 1.93220830000000E+03   5.13678000000000E+01
 1.93229170000000E+03   6.16616000000000E+01
 1.93237500000000E+03   4.78011000000000E+01
 1.93245830000000E+03   5.04788000000000E+01
 1.93254170000000E+03   3.85414000000000E+01
 1.93262500000000E+03   1.56804000000000E+01
 1.93270830000000E+03  -7.48850000000000E+00
 1.93279170000000E+03   6.80450000000000E+00
 1.93287500000000E+03   3.27700000000000E-01
 1.93295830000000E+03  -3.22630000000000E+00
 1.93304170000000E+03   4.52780000000000E+00
 1.93312500000000E+03   1.87428000000000E+01
 1.93320830000000E+03   7.80380000000000E+00
 1.93329170000000E+03  -1.13657000000000E+01
 1.93337500000000E+03  -3.41511000000000E+01
 1.93345830000000E+03  -5.07828000000000E+01
 1.93354170000000E+03  -5.79528000000000E+01
 1.93362500000000E+03  -3.77386000000000E+01
 1.93370830000000E+03  -3.96016000000000E+01
 1.93379170000000E+03  -5.35412000000000E+01
 1.93387500000000E+03  -6.31737000000000E+01
 1.93395830000000E+03  -5.17294000000000E+01
 1.93404170000000E+03  -3.59771000000000E+01
 1.93412500000000E+03  -3.18408000000000E+01
 1.93420830000000E+03  -4.86277000000000E+01
 1.93429170000000E+03  -2.41067000000000E+01
 1.93437500000000E+03  -5.35550000000000E+00
 1.93445830000000E+03  -1.06590000000000E+00
 1.93454170000000E+03   3.83930000000000E+00
 1.93462500000000E+03   1.64363000000000E+01
 1.93470830000000E+03  -3.73620000000000E+00
 1.93479170000000E+03  -4.90830000000000E+00
 1.93487500000000E+03   8.14970000000000E+00
 1.93495830000000E+03   9.51530000000000E+00
 1.93504170000000E+03   2.02658000000000E+01
 1.93512500000000E+03   2.75541000000000E+01
 1.93520830000000E+03   2.61501000000000E+01
 1.93529170000000E+03   5.10539000000000E+01
 1.93537500000000E+03   3.70342000000000E+01
 1.93545830000000E+03   3.13219000000000E+01
 1.93554170000000E+03   4.01484000000000E+01
 1.93562500000000E+03   4.09744000000000E+01
 1.93570830000000E+03   6.87710000000000E+00
 1.93579170000000E+03   3.78010000000000E+00
 1.93587500000000E+03  -1.53175000000000E+01
 1.93595830000000E+03  -8.41530000000000E+00
 1.93604170000000E+03  -4.12810000000000E+00
 1.93612500000000E+03  -1.00723000000000E+01
 1.93620830000000E+03  -1.95551000000000E+01
 1.93629170000000E+03  -2.34222000000000E+01
 1.93637500000000E+03  -3.68284000000000E+01
 1.93645830000000E+03  -2.28501000000000E+01
 1.93654170000000E+03  -2.78716000000000E+01
 1.93662500000000E+03  -5.35090000000000E+01
 1.93670830000000E+03  -6.08388000000000E+01
 1.93679170000000E+03  -5.93991000000000E+01
 1.93687500000000E+03  -6.50370000000000E+01
 1.93695830000000E+03  -5.14442000000000E+01
 1.93704170000000E+03  -3.73127000000000E+01
 1.93712500000000E+03  -3.77971000000000E+01
 1.93720830000000E+03  -3.26663000000000E+01
 1.93729170000000E+03  -3.49968000000000E+01
 1.93737500000000E+03  -3.80971000000000E+01
 1.93745830000000E+03  -6.00436000000000E+01
 1.93754170000000E+03  -7.86822000000000E+01
 1.93762500000000E+03  -6.60906000000000E+01
 1.93770830000000E+03  -2.78838000000000E+01
 1.93779170000000E+03   1.04002000000000E+01
 1.93787500000000E+03   2.79914000000000E+01
 1.93795830000000E+03   4.85824000000000E+01
 1.93804170000000E+03   6.26352000000000E+01
 1.93812500000000E+03   5.19182000000000E+01
 1.93820830000000E+03   5.35857000000000E+01
 1.93829170000000E+03   5.37149000000000E+01
 1.93837500000000E+03   7.79206000000000E+01
 1.93845830000000E+03   7.16645000000000E+01
 1.93854170000000E+03   7.40242000000000E+01
 1.93862500000000E+03   8.41524000000000E+01
 1.93870830000000E+03   6.08190000000000E+01
 1.93879170000000E+03   3.43320000000000E+01
 1.93887500000000E+03  -6.54020000000000E+00
 1.93895830000000E+03  -8.02790000000000E+00
 1.93904170000000E+03  -1.04384000000000E+01
 1.93912500000000E+03  -2.30802000000000E+01
 1.93920830000000E+03  -3.45684000000000E+01
 1.93929170000000E+03  -5.86717000000000E+01
 1.93937500000000E+03  -8.17755000000000E+01
 1.93945830000000E+03  -1.00571800000000E+02
 1.93954170000000E+03  -9.87524000000000E+01
 1.93962500000000E+03  -1.14933600000000E+02
 1.93970830000000E+03  -1.34807300000000E+02
 1.93979170000000E+03  -1.39526900000000E+02
 1.93987500000000E+03  -1.52939300000000E+02
 1.93995830000000E+03  -1.46582600000000E+02
 1.94004170000000E+03  -1.44148800000000E+02
 1.94012500000000E+03  -1.32253900000000E+02
 1.94020830000000E+03  -1.04282300000000E+02
 1.94029170000000E+03  -8.77720000000000E+01
 1.94037500000000E+03  -6.38007000000000E+01
 1.94045830000000E+03  -4.29834000000000E+01
 1.94054170000000E+03  -6.56274000000000E+01
 1.94062500000000E+03  -8.54258000000000E+01
 1.94070830000000E+03  -7.42243000000000E+01
 1.94079170000000E+03  -8.81764000000000E+01
 1.94087500000000E+03  -9.51290000000000E+01
 1.94095830000000E+03  -8.62357000000000E+01
 1.94104170000000E+03  -7.71883000000000E+01
 1.94112500000000E+03  -6.93721000000000E+01
 1.94120830000000E+03  -7.62485000000000E+01
 1.94129170000000E+03  -1.03201500000000E+02
 1.94137500000000E+03  -1.19462700000000E+02
 1.94145830000000E+03  -1.14570300000000E+02
 1.94154170000000E+03  -1.31523700000000E+02
 1.94162500000000E+03  -1.36247000000000E+02
 1.94170830000000E+03  -1.37201100000000E+02
 1.94179170000000E+03  -1.41924200000000E+02
 1.94187500000000E+03  -1.33801800000000E+02
 1.94195830000000E+03  -1.13141000000000E+02
 1.94204170000000E+03  -9.42492000000000E+01
 1.94212500000000E+03  -9.35887000000000E+01
 1.94220830000000E+03  -9.65437000000000E+01
 1.94229170000000E+03  -8.72678000000000E+01
 1.94237500000000E+03  -7.25308000000000E+01
 1.94245830000000E+03  -3.80248000000000E+01
 1.94254170000000E+03  -4.48261000000000E+01
 1.94262500000000E+03  -1.51665000000000E+01
 1.94270830000000E+03   2.08775000000000E+01
 1.94279170000000E+03   6.16911000000000E+01
 1.94287500000000E+03   8.49656000000000E+01
 1.94295830000000E+03   9.90092000000000E+01
 1.94304170000000E+03   1.06822300000000E+02
 1.94312500000000E+03   1.14788700000000E+02
 1.94320830000000E+03   1.22139600000000E+02
 1.94329170000000E+03   1.27875300000000E+02
 1.94337500000000E+03   1.09533600000000E+02
 1.94345830000000E+03   1.03268600000000E+02
 1.94354170000000E+03   1.13465400000000E+02
 1.94362500000000E+03   1.31123200000000E+02
 1.94370830000000E+03   1.12319400000000E+02
 1.94379170000000E+03   9.40542000000000E+01
 1.94387500000000E+03   8.06346000000000E+01
 1.94395830000000E+03   7.56765000000000E+01
 1.94404170000000E+03   7.47955000000000E+01
 1.94412500000000E+03   6.17601000000000E+01
 1.94420830000000E+03   5.26476000000000E+01
 1.94429170000000E+03   4.65354000000000E+01
 1.94437500000000E+03   3.60380000000000E+01
 1.94445830000000E+03   3.90790000000000E+01
 1.94454170000000E+03   3.88894000000000E+01
 1.94462500000000E+03   6.00700000000000E+00
 1.94470830000000E+03  -2.56790000000000E+00
 1.94479170000000E+03   3.62670000000000E+00
 1.94487500000000E+03   9.66690000000000E+00
 1.94495830000000E+03   1.47069000000000E+01
 1.94504170000000E+03   2.25934000000000E+01
 1.94512500000000E+03   2.95562000000000E+01
 1.94520830000000E+03   3.27496000000000E+01
 1.94529170000000E+03   3.39433000000000E+01
 1.94537500000000E+03   3.06749000000000E+01
 1.94545830000000E+03   3.65602000000000E+01
 1.94554170000000E+03   3.60612000000000E+01
 1.94562500000000E+03   4.35616000000000E+01
 1.94570830000000E+03   3.89849000000000E+01
 1.94579170000000E+03   4.07162000000000E+01
 1.94587500000000E+03   2.16777000000000E+01
 1.94595830000000E+03   2.54082000000000E+01
 1.94604170000000E+03   1.89083000000000E+01
 1.94612500000000E+03   2.00232000000000E+01
 1.94620830000000E+03   2.45994000000000E+01
 1.94629170000000E+03   2.38683000000000E+01
 1.94637500000000E+03   8.05960000000000E+00
 1.94645830000000E+03  -9.79900000000000E-01
 1.94654170000000E+03  -3.31731000000000E+01
 1.94662500000000E+03  -7.46745000000000E+01
 1.94670830000000E+03  -1.06252900000000E+02
 1.94679170000000E+03  -9.47542000000000E+01
 1.94687500000000E+03  -1.18948300000000E+02
 1.94695830000000E+03  -1.16527300000000E+02
 1.94704170000000E+03  -1.19798200000000E+02
 1.94712500000000E+03  -1.29915900000000E+02
 1.94720830000000E+03  -1.44033700000000E+02
 1.94729170000000E+03  -1.45459000000000E+02
 1.94737500000000E+03  -1.39346300000000E+02
 1.94745830000000E+03  -1.25849200000000E+02
 1.94754170000000E+03  -1.05813300000000E+02
 1.94762500000000E+03  -8.38550000000000E+01
 1.94770830000000E+03  -4.77429000000000E+01
 1.94779170000000E+03  -3.35537000000000E+01
 1.94787500000000E+03  -4.72881000000000E+01
 1.94795830000000E+03  -3.45611000000000E+01
 1.94804170000000E+03  -2.16031000000000E+01
 1.94812500000000E+03  -1.41841000000000E+01
 1.94820830000000E+03   7.38860000000000E+00
 1.94829170000000E+03   3.84231000000000E+01
 1.94837500000000E+03   4.66879000000000E+01
 1.94845830000000E+03   5.78755000000000E+01
 1.94854170000000E+03   7.62942000000000E+01
 1.94862500000000E+03   9.06354000000000E+01
 1.94870830000000E+03   9.98995000000000E+01
 1.94879170000000E+03   1.05471500000000E+02
 1.94887500000000E+03   1.10427700000000E+02
 1.94895830000000E+03   1.26614400000000E+02
 1.94904170000000E+03   1.29263000000000E+02
 1.94912500000000E+03   1.41372500000000E+02
 1.94920830000000E+03   1.27866500000000E+02
 1.94929170000000E+03   1.19514600000000E+02
 1.94937500000000E+03   9.55467000000000E+01
 1.94945830000000E+03   9.85018000000000E+01
 1.94954170000000E+03   8.65341000000000E+01
 1.94962500000000E+03   6.04120000000000E+01
 1.94970830000000E+03   4.30589000000000E+01
 1.94979170000000E+03   4.25523000000000E+01
 1.94987500000000E+03   2.94297000000000E+01
 1.94995830000000E+03   3.29223000000000E+01
 1.95004170000000E+03   3.47999000000000E+01
 1.95012500000000E+03   3.02153000000000E+01
 1.95020830000000E+03   2.61691000000000E+01
 1.95029170000000E+03   5.61231000000000E+01
 1.95037500000000E+03   5.33842000000000E+01
 1.95045830000000E+03   5.94914000000000E+01
 1.95054170000000E+03   3.35218000000000E+01
 1.95062500000000E+03   5.70560000000000E+00
 1.95070830000000E+03  -1.04954000000000E+01
 1.95079170000000E+03  -1.57730000000000E+01
 1.95087500000000E+03  -3.59743000000000E+01
 1.95095830000000E+03  -3.81758000000000E+01
 1.95104170000000E+03  -3.54539000000000E+01
 1.95112500000000E+03  -4.34248000000000E+01
 1.95120830000000E+03  -3.97036000000000E+01
 1.95129170000000E+03  -6.68283000000000E+01
 1.95137500000000E+03  -1.03569000000000E+02
 1.95145830000000E+03  -7.16175000000000E+01
 1.95154170000000E+03  -5.38965000000000E+01
 1.95162500000000E+03  -3.71760000000000E+01
 1.95170830000000E+03  -2.40711000000000E+01
 1.95179170000000E+03  -1.72736000000000E+01
 1.95187500000000E+03  -2.92459000000000E+01
 1.95195830000000E+03  -6.03000000000000E-01
 1.95204170000000E+03   2.15787000000000E+01
 1.95212500000000E+03   1.89905000000000E+01
 1.95220830000000E+03   3.55561000000000E+01
 1.95229170000000E+03   4.43527000000000E+01
 1.95237500000000E+03   6.03026000000000E+01
 1.95245830000000E+03   7.73292000000000E+01
 1.95254170000000E+03   3.77407000000000E+01
 1.95262500000000E+03   1.61517000000000E+01
 1.95270830000000E+03   2.56250000000000E+00
 1.95279170000000E+03   1.48198000000000E+01
 1.95287500000000E+03   1.68457000000000E+01
 1.95295830000000E+03   2.18714000000000E+01
 1.95304170000000E+03   1.14359000000000E+01
 1.95312500000000E+03   1.79229000000000E+01
 1.95320830000000E+03   3.04867000000000E+01
 1.95329170000000E+03   2.05892000000000E+01
 1.95337500000000E+03   1.47680000000000E+01
 1.95345830000000E+03   1.94083000000000E+01
 1.95354170000000E+03   2.49719000000000E+01
 1.95362500000000E+03   9.96500000000000E-01
 1.95370830000000E+03  -2.87483000000000E+01
 1.95379170000000E+03  -4.00314000000000E+01
 1.95387500000000E+03  -6.03919000000000E+01
 1.95395830000000E+03  -6.29063000000000E+01
 1.95404170000000E+03  -4.55744000000000E+01
 1.95412500000000E+03  -3.89353000000000E+01
 1.95420830000000E+03  -3.92964000000000E+01
 1.95429170000000E+03  -3.38111000000000E+01
 1.95437500000000E+03  -2.30186000000000E+01
 1.95445830000000E+03  -1.33033000000000E+01
 1.95454170000000E+03  -9.74150000000000E+00
 1.95462500000000E+03  -1.97187000000000E+01
 1.95470830000000E+03  -2.61910000000000E+00
 1.95479170000000E+03   1.42499000000000E+01
 1.95487500000000E+03   3.41954000000000E+01
 1.95495830000000E+03   5.12945000000000E+01
 1.95504170000000E+03   6.07015000000000E+01
 1.95512500000000E+03   4.44157000000000E+01
 1.95520830000000E+03   4.04375000000000E+01
 1.95529170000000E+03   3.91518000000000E+01
 1.95537500000000E+03   2.84809000000000E+01
 1.95545830000000E+03   3.89638000000000E+01
 1.95554170000000E+03   4.94468000000000E+01
 1.95562500000000E+03   2.60832000000000E+01
 1.95570830000000E+03   1.26426000000000E+01
 1.95579170000000E+03   1.17406000000000E+01
 1.95587500000000E+03   1.91458000000000E+01
 1.95595830000000E+03   1.13200000000000E+01
 1.95604170000000E+03   1.79560000000000E+01
 1.95612500000000E+03   3.65146000000000E+01
 1.95620830000000E+03   4.54577000000000E+01
 1.95629170000000E+03   5.67856000000000E+01
 1.95637500000000E+03   4.16514000000000E+01
 1.95645830000000E+03   4.52094000000000E+01
 1.95654170000000E+03   2.31522000000000E+01
 1.95662500000000E+03   1.04022000000000E+01
 1.95670830000000E+03   1.11905000000000E+01
 1.95679170000000E+03   1.14406000000000E+01
 1.95687500000000E+03   1.58440000000000E+01
 1.95695830000000E+03   1.46318000000000E+01
 1.95704170000000E+03   1.77276000000000E+01
 1.95712500000000E+03   2.09767000000000E+01
 1.95720830000000E+03   2.24564000000000E+01
 1.95729170000000E+03   4.37056000000000E+01
 1.95737500000000E+03   3.94927000000000E+01
 1.95745830000000E+03   5.38181000000000E+01
 1.95754170000000E+03   5.10669000000000E+01
 1.95762500000000E+03   5.35459000000000E+01
 1.95770830000000E+03   3.46401000000000E+01
 1.95779170000000E+03   2.72730000000000E+01
 1.95787500000000E+03   4.48284000000000E+01
 1.95795830000000E+03   4.69991000000000E+01
 1.95804170000000E+03   5.31700000000000E+01
 1.95812500000000E+03   5.91866000000000E+01
 1.95820830000000E+03   4.43568000000000E+01
 1.95829170000000E+03   3.12965000000000E+01
 1.95837500000000E+03   8.85110000000000E+00
 1.95845830000000E+03   2.51600000000000E-01
 1.95854170000000E+03   2.65240000000000E+00
 1.95862500000000E+03  -8.79340000000000E+00
 1.95870830000000E+03  -2.03164000000000E+01
 1.95879170000000E+03  -1.91468000000000E+01
 1.95887500000000E+03  -1.74393000000000E+01
 1.95895830000000E+03  -2.13473000000000E+01
 1.95904170000000E+03  -1.49474000000000E+01
 1.95912500000000E+03  -2.17788000000000E+01
 1.95920830000000E+03  -2.53796000000000E+01
 1.95929170000000E+03  -1.93647000000000E+01
 1.95937500000000E+03  -2.81966000000000E+01
 1.95945830000000E+03  -5.66440000000000E+01
 1.95954170000000E+03  -6.69373000000000E+01
 1.95962500000000E+03  -9.90772000000000E+01
 1.95970830000000E+03  -1.31986600000000E+02
 1.95979170000000E+03  -1.51049600000000E+02
 1.95987500000000E+03  -1.55497700000000E+02
 1.95995830000000E+03  -1.39176700000000E+02
 1.96004170000000E+03  -1.32624800000000E+02
 1.96012500000000E+03  -1.24842500000000E+02
 1.96020830000000E+03  -1.16368200000000E+02
 1.96029170000000E+03  -1.37739700000000E+02
 1.96037500000000E+03  -1.46881100000000E+02
 1.96045830000000E+03  -1.31945600000000E+02
 1.96054170000000E+03  -1.12625300000000E+02
 1.96062500000000E+03  -1.01382500000000E+02
 1.96070830000000E+03  -6.67551000000000E+01
 1.96079170000000E+03  -2.60507000000000E+01
 1.96087500000000E+03  -5.34670000000000E+00
 1.96095830000000E+03   1.53571000000000E+01
 1.96104170000000E+03   3.56765000000000E+01
 1.96112500000000E+03   5.13031000000000E+01
 1.96120830000000E+03   5.53141000000000E+01
 1.96129170000000E+03   4.54792000000000E+01
 1.96137500000000E+03   7.07207000000000E+01
 1.96145830000000E+03   9.46544000000000E+01
 1.96154170000000E+03   1.06588300000000E+02
 1.96162500000000E+03   1.35367800000000E+02
 1.96170830000000E+03   1.19224100000000E+02
 1.96179170000000E+03   9.03114000000000E+01
 1.96187500000000E+03   7.47059000000000E+01
 1.96195830000000E+03   7.98694000000000E+01
 1.96204170000000E+03   7.96486000000000E+01
 1.96212500000000E+03   7.25811000000000E+01
 1.96220830000000E+03   7.23596000000000E+01
 1.96229170000000E+03   6.48306000000000E+01
 1.96237500000000E+03   6.39934000000000E+01
 1.96245830000000E+03   6.56176000000000E+01
 1.96254170000000E+03   3.70882000000000E+01
 1.96262500000000E+03  -3.90330000000000E+00
 1.96270830000000E+03  -4.96642000000000E+01
 1.96279170000000E+03  -5.40402000000000E+01
 1.96287500000000E+03  -5.67244000000000E+01
 1.96295830000000E+03  -4.81011000000000E+01
 1.96312500000000E+03  -5.00085000000000E+01
 1.96320830000000E+03  -5.95395000000000E+01
 1.96329170000000E+03  -5.10702000000000E+01
 1.96337500000000E+03  -6.17553000000000E+01
 1.96345830000000E+03  -6.01329000000000E+01
 1.96354170000000E+03  -4.78180000000000E+01
 1.96362500000000E+03  -4.93497000000000E+01
 1.96370830000000E+03  -6.32662000000000E+01
 1.96379170000000E+03  -6.72594000000000E+01
 1.96387500000000E+03  -4.49455000000000E+01
 1.96395830000000E+03  -3.16316000000000E+01
 1.96404170000000E+03  -9.39450000000000E+00
 1.96412500000000E+03  -3.85020000000000E+00
 1.96420830000000E+03   8.38630000000000E+00
 1.96429170000000E+03   1.30845000000000E+01
 1.96437500000000E+03   2.47450000000000E+00
 1.96445830000000E+03   1.07105000000000E+01
 1.96454170000000E+03   1.29467000000000E+01
 1.96462500000000E+03   4.95170000000000E+00
 1.96470830000000E+03  -1.38128000000000E+01
 1.96479170000000E+03   2.57690000000000E+00
 1.96487500000000E+03   9.81210000000000E+00
 1.96495830000000E+03   4.50880000000000E+00
 1.96504170000000E+03   2.13595000000000E+01
 1.96512500000000E+03   1.95943000000000E+01
 1.96520830000000E+03   1.59828000000000E+01
 1.96529170000000E+03   3.29470000000000E+00
 1.96537500000000E+03   8.68290000000000E+00
 1.96545830000000E+03   3.37860000000000E+00
 1.96554170000000E+03  -2.90792000000000E+01
 1.96562500000000E+03  -3.06145000000000E+01
 1.96570830000000E+03  -4.09192000000000E+01
 1.96579170000000E+03  -4.23006000000000E+01
 1.96587500000000E+03  -3.46825000000000E+01
 1.96595830000000E+03  -1.10646000000000E+01
 1.96604170000000E+03   1.24590000000000E+00
 1.96620830000000E+03   2.40410000000000E+00
 1.96629170000000E+03  -4.36270000000000E+00
 1.96637500000000E+03  -1.64378000000000E+01
 1.96645830000000E+03  -1.15131000000000E+01
 1.96654170000000E+03  -1.63574000000000E+01
 1.96662500000000E+03  -2.30483000000000E+01
 1.96670830000000E+03   1.64914000000000E+01
 1.96679170000000E+03   1.92621000000000E+01
 1.96687500000000E+03   2.83399000000000E+01
 1.96695830000000E+03   3.95715000000000E+01
 1.96704170000000E+03   4.94955000000000E+01
 1.96712500000000E+03   4.98037000000000E+01
 1.96720830000000E+03   4.87271000000000E+01
 1.96729170000000E+03   5.78046000000000E+01
 1.96737500000000E+03   7.38046000000000E+01
 1.96745830000000E+03   1.05112200000000E+02
 1.96754170000000E+03   1.08496900000000E+02
 1.96762500000000E+03   1.11573400000000E+02
 1.96770830000000E+03   1.21803600000000E+02
 1.96779170000000E+03   1.00264800000000E+02
 1.96787500000000E+03   8.53409000000000E+01
 1.96795830000000E+03   7.58784000000000E+01
 1.96804170000000E+03   7.72622000000000E+01
 1.96812500000000E+03   6.50301000000000E+01
 1.96820830000000E+03   4.27210000000000E+01
 1.96829170000000E+03   4.34890000000000E+01
 1.96837500000000E+03   1.23334000000000E+01
 1.96845830000000E+03   1.94680000000000E+00
 1.96854170000000E+03  -2.22087000000000E+01
 1.96862500000000E+03  -2.89801000000000E+01
 1.96870830000000E+03  -2.39055000000000E+01
 1.96879170000000E+03  -8.83070000000000E+00
 1.96887500000000E+03   8.16660000000000E+00
 1.97154170000000E+03   7.69980000000000E+00
 1.97162500000000E+03  -9.07700000000000E+00
 1.97170830000000E+03  -1.27770000000000E+01
 1.97179170000000E+03  -2.40152000000000E+01
 1.97187500000000E+03  -1.30232000000000E+01
 1.97195830000000E+03  -2.14929000000000E+01
 1.97204170000000E+03  -1.87316000000000E+01
 1.97212500000000E+03  -2.89708000000000E+01
 1.97229170000000E+03  -1.83400000000000E+00
 1.97237500000000E+03   1.80802000000000E+01
 1.97245830000000E+03   6.09600000000000E-01
 1.97262500000000E+03  -1.02547000000000E+01
 1.97270830000000E+03  -2.88026000000000E+01
 1.97279170000000E+03  -5.96570000000000E+00
 1.97287500000000E+03   1.54091000000000E+01
 1.97295830000000E+03   1.43992000000000E+01
 1.97304170000000E+03   3.39279000000000E+01
 1.97312500000000E+03   4.14561000000000E+01
 1.97320830000000E+03   4.75996000000000E+01
 1.97329170000000E+03   4.98971000000000E+01
 1.97337500000000E+03   7.38095000000000E+01
 1.97345830000000E+03   7.53372000000000E+01
 1.97354170000000E+03   5.58650000000000E+01
 1.97362500000000E+03   3.07000000000000E+01
 1.97370830000000E+03  -6.69580000000000E+00
 1.97379170000000E+03  -3.68607000000000E+01
 1.97387500000000E+03  -4.50262000000000E+01
 1.97395830000000E+03  -1.90379000000000E+01
 1.97412500000000E+03  -5.36910000000000E+00
 1.97420830000000E+03  -4.68890000000000E+00
 1.97429170000000E+03  -3.08550000000000E+00
 1.97437500000000E+03   2.13280000000000E+00
 1.97445830000000E+03   3.65048000000000E+01
 1.97454170000000E+03   5.47232000000000E+01
 1.97462500000000E+03   3.19410000000000E+01
 1.97470830000000E+03   1.81587000000000E+01
 1.97479170000000E+03   3.66074000000000E+01
 1.97487500000000E+03   4.99018000000000E+01
 1.97495830000000E+03   7.21190000000000E+01
 1.97504170000000E+03   6.78750000000000E+01
 1.97512500000000E+03   4.75535000000000E+01
 1.97520830000000E+03   4.26165000000000E+01
 1.97529170000000E+03   4.44489000000000E+01
 1.97537500000000E+03   3.28962000000000E+01
 1.97545830000000E+03   4.41125000000000E+01
 1.97554170000000E+03   4.80984000000000E+01
 1.97562500000000E+03   1.23750000000000E+00
 1.97570830000000E+03  -2.01619000000000E+01
 1.97579170000000E+03  -1.36381000000000E+01
 1.97587500000000E+03  -1.58840000000000E+01
 1.97595830000000E+03  -7.82240000000000E+00
 1.97604170000000E+03  -7.99130000000000E+00
 1.97612500000000E+03  -5.85300000000000E+00
 1.97620830000000E+03  -1.30995000000000E+01
 1.97629170000000E+03  -4.64997000000000E+01
 1.97637500000000E+03  -6.38234000000000E+01
 1.97645830000000E+03  -5.06857000000000E+01
 1.97654170000000E+03  -7.81633000000000E+01
 1.97662500000000E+03  -1.30564300000000E+02
 1.97670830000000E+03  -1.31811700000000E+02
 1.97679170000000E+03  -1.16212800000000E+02
 1.97687500000000E+03  -1.21614300000000E+02
 1.97695830000000E+03  -1.18631400000000E+02
 1.97704170000000E+03  -1.08802100000000E+02
 1.97712500000000E+03  -1.14896400000000E+02
 1.97720830000000E+03  -1.07760100000000E+02
 1.97729170000000E+03  -9.63928000000000E+01
 1.97737500000000E+03  -4.11029000000000E+01
 1.97745830000000E+03  -2.78132000000000E+01
 1.97754170000000E+03  -2.56001000000000E+01
 1.97762500000000E+03  -4.16184000000000E+01
 1.97770830000000E+03  -3.17137000000000E+01
 1.97779170000000E+03  -4.09627000000000E+01
 1.97787500000000E+03  -1.39045000000000E+01
 1.97795830000000E+03   9.23050000000000E+00
 1.97804170000000E+03   4.76734000000000E+01
 1.97812500000000E+03   3.24235000000000E+01
 1.97820830000000E+03   2.57888000000000E+01
 1.97829170000000E+03   1.09235000000000E+01
 1.97870830000000E+03   1.13210000000000E+00
 1.97879170000000E+03  -4.38110000000000E+01
 1.97887500000000E+03  -5.16776000000000E+01
 1.97895830000000E+03  -7.16214000000000E+01
 1.97904170000000E+03  -2.97187000000000E+01
 1.97912500000000E+03  -1.51243000000000E+01
 1.97920830000000E+03   2.04700000000000E+01
 1.97929170000000E+03  -5.85860000000000E+00
 1.97937500000000E+03  -1.91107000000000E+01
 1.97945830000000E+03  -3.59784000000000E+01
 1.97954170000000E+03  -3.77690000000000E+01
 1.97962500000000E+03  -4.13293000000000E+01
 1.97970830000000E+03  -6.20435000000000E+01
 1.97979170000000E+03  -6.96038000000000E+01
 1.97987500000000E+03  -5.36261000000000E+01
 1.97995830000000E+03  -4.67254000000000E+01
 1.98004170000000E+03  -3.19015000000000E+01
 1.98012500000000E+03  -3.56934000000000E+01
 1.98020830000000E+03  -1.77932000000000E+01
 1.98029170000000E+03  -8.66210000000000E+00
 1.98054170000000E+03   9.96060000000000E+00
 1.98062500000000E+03  -2.37070000000000E+00
 1.98070830000000E+03  -3.05483000000000E+01
 1.98079170000000E+03  -3.74180000000000E+01
 1.98095830000000E+03  -1.48509000000000E+01
 1.98104170000000E+03   2.45866000000000E+01
 1.98112500000000E+03   3.63314000000000E+01
 1.98120830000000E+03   4.69990000000000E+01
 1.98129170000000E+03   7.52822000000000E+01
 1.98137500000000E+03   9.31034000000000E+01
 1.98145830000000E+03   7.62322000000000E+01
 1.98162500000000E+03   4.39511000000000E+01
 1.98170830000000E+03   1.31563000000000E+01
 1.98179170000000E+03  -1.79210000000000E+00
 1.98187500000000E+03   1.07205000000000E+01
 1.98195830000000E+03   1.64638000000000E+01
 1.98204170000000E+03   2.82841000000000E+01
 1.98212500000000E+03   1.45655000000000E+01
 1.98220830000000E+03   5.30830000000000E+00
 1.98229170000000E+03   3.21282000000000E+01
 1.98237500000000E+03   6.75630000000000E+01
 1.98245830000000E+03   5.76900000000000E+01
 1.98254170000000E+03   3.42787000000000E+01
 1.98279170000000E+03   3.23508000000000E+01
 1.98287500000000E+03   2.17848000000000E+01
 1.98295830000000E+03   2.76031000000000E+01
 1.98304170000000E+03   2.54986000000000E+01
 1.98312500000000E+03   3.47013000000000E+01
 1.98320830000000E+03   7.55192000000000E+01
 1.98329170000000E+03   9.62604000000000E+01
 1.98337500000000E+03   1.40155000000000E+02
 1.98354170000000E+03   1.32790100000000E+02
 1.98362500000000E+03   8.21458000000000E+01
 1.98370830000000E+03   1.91936000000000E+01
 1.98379170000000E+03  -1.49123000000000E+01
 1.98395830000000E+03  -2.07405000000000E+01
 1.98404170000000E+03  -5.69290000000000E+00
 1.98412500000000E+03   7.27720000000000E+00
 1.98420830000000E+03   1.17087000000000E+01
 1.98429170000000E+03   2.80635000000000E+01
 1.98437500000000E+03   1.38025000000000E+01
 1.98445830000000E+03  -1.78434000000000E+01
 1.98454170000000E+03  -4.43352000000000E+01
 1.98462500000000E+03  -9.68275000000000E+01
 1.98470830000000E+03  -9.97045000000000E+01
 1.98479170000000E+03  -8.76583000000000E+01
 1.98487500000000E+03  -7.36126000000000E+01
 1.98495830000000E+03  -5.41055000000000E+01
 1.98512500000000E+03  -4.13221000000000E+01
 1.98520830000000E+03  -3.29693000000000E+01
 1.98529170000000E+03  -1.86932000000000E+01
 1.98537500000000E+03  -1.35715000000000E+01
 1.98545830000000E+03  -2.31422000000000E+01
 1.98554170000000E+03  -1.11742000000000E+01
 1.98562500000000E+03  -3.59760000000000E+01
 1.98570830000000E+03  -4.53933000000000E+01
 1.98579170000000E+03  -4.35027000000000E+01
 1.98587500000000E+03  -4.51511000000000E+01
 1.98595830000000E+03  -3.94150000000000E+01
 1.98604170000000E+03  -2.99864000000000E+01
 1.98612500000000E+03  -3.25583000000000E+01
 1.98620830000000E+03  -2.23611000000000E+01
 1.98629170000000E+03  -2.46253000000000E+01
 1.98637500000000E+03  -1.26592000000000E+01
 1.98645830000000E+03  -1.30860000000000E+00
 1.98654170000000E+03  -2.01886000000000E+01
 1.98662500000000E+03  -2.77614000000000E+01
 1.98670830000000E+03  -2.63343000000000E+01
 1.98679170000000E+03  -2.46763000000000E+01
 1.98687500000000E+03  -1.29418000000000E+01
 1.98695830000000E+03  -5.13060000000000E+00
 1.98704170000000E+03   5.52700000000000E+00
 1.98712500000000E+03   9.95330000000000E+00
 1.98720830000000E+03   2.35333000000000E+01
 1.98729170000000E+03   7.80590000000000E+00
 1.98737500000000E+03  -7.53750000000000E+00
 1.98745830000000E+03  -2.40348000000000E+01
 1.98754170000000E+03  -2.90705000000000E+01
 1.98762500000000E+03  -1.65681000000000E+01
 1.98770830000000E+03  -1.81428000000000E+01
 1.98779170000000E+03  -1.40970000000000E+00
 1.98787500000000E+03   1.53000000000000E-02
 1.98795830000000E+03  -2.02140000000000E+00
 1.98804170000000E+03  -3.90410000000000E+00
 1.98812500000000E+03   6.75120000000000E+00
 1.98820830000000E+03   9.86790000000000E+00
 1.98829170000000E+03   4.67710000000000E+00
 1.98837500000000E+03   1.27935000000000E+01
 1.98845830000000E+03   3.28328000000000E+01
 1.98854170000000E+03   6.08723000000000E+01
 1.98862500000000E+03   8.10652000000000E+01
 1.98870830000000E+03   9.74118000000000E+01
 1.98879170000000E+03   9.25278000000000E+01
 1.98887500000000E+03   1.01027900000000E+02
 1.98895830000000E+03   1.14374000000000E+02
 1.98904170000000E+03   1.24797300000000E+02
 1.98912500000000E+03   1.45912300000000E+02
 1.98920830000000E+03   1.35796500000000E+02
 1.98929170000000E+03   1.35142300000000E+02
 1.98937500000000E+03   1.33641600000000E+02
 1.98945830000000E+03   1.37140600000000E+02
 1.98954170000000E+03   1.39024500000000E+02
 1.98962500000000E+03   1.35292500000000E+02
 1.98970830000000E+03   1.40637300000000E+02
 1.98979170000000E+03   1.29828400000000E+02
 1.98987500000000E+03   1.28788300000000E+02
 1.98995830000000E+03   1.22286500000000E+02
 1.99004170000000E+03   1.34784900000000E+02
 1.99012500000000E+03   1.38052000000000E+02
 1.99020830000000E+03   1.29395900000000E+02
 1.99029170000000E+03   1.37201500000000E+02
 1.99037500000000E+03   1.28468200000000E+02
 1.99045830000000E+03   1.22734700000000E+02
 1.99054170000000E+03   1.24232200000000E+02
 1.99062500000000E+03   8.56523000000000E+01
 1.99070830000000E+03   3.29183000000000E+01
 1.99079170000000E+03  -2.48154000000000E+01
 1.99087500000000E+03  -4.33189000000000E+01
 1.99095830000000E+03  -3.38224000000000E+01
 1.99104170000000E+03  -2.49413000000000E+01
 1.99112500000000E+03  -2.87528000000000E+01
 1.99120830000000E+03  -2.78723000000000E+01
 1.99129170000000E+03  -2.87608000000000E+01
 1.99137500000000E+03  -3.35728000000000E+01
 1.99145830000000E+03  -2.54619000000000E+01
 1.99154170000000E+03   1.87600000000000E-01
 1.99162500000000E+03  -1.85560000000000E+00
 1.99170830000000E+03   2.28702000000000E+01
 1.99179170000000E+03   3.92116000000000E+01
 1.99187500000000E+03   4.94756000000000E+01
 1.99195830000000E+03   4.19702000000000E+01
 1.99204170000000E+03   3.57727000000000E+01
 1.99212500000000E+03   4.22671000000000E+01
 1.99220830000000E+03   4.30689000000000E+01
 1.99229170000000E+03   2.72556000000000E+01
 1.99237500000000E+03   3.15187000000000E+01
 1.99245830000000E+03   3.83201000000000E+01
 1.99254170000000E+03   5.01986000000000E+01
 1.99262500000000E+03   4.25382000000000E+01
 1.99270830000000E+03   3.02623000000000E+01
 1.99279170000000E+03   5.75570000000000E+00
 1.99287500000000E+03  -1.05205000000000E+01
 1.99295830000000E+03  -7.33540000000000E+00
 1.99304170000000E+03   2.45422000000000E+01
 1.99312500000000E+03   3.96501000000000E+01
 1.99320830000000E+03   2.22195000000000E+01
 1.99329170000000E+03  -2.51880000000000E+00
 1.99337500000000E+03  -1.57190000000000E+01
 1.99345830000000E+03  -2.59193000000000E+01
 1.99354170000000E+03  -2.98888000000000E+01
 1.99362500000000E+03  -6.33971000000000E+01
 1.99370830000000E+03  -8.39056000000000E+01
 1.99379170000000E+03  -8.85678000000000E+01
 1.99387500000000E+03  -9.03843000000000E+01
 1.99395830000000E+03  -5.89702000000000E+01
 1.99404170000000E+03  -6.34020000000000E+01
 1.99412500000000E+03  -8.32959000000000E+01
 1.99420830000000E+03  -9.44207000000000E+01
 1.99429170000000E+03  -7.95453000000000E+01
 1.99437500000000E+03  -5.69781000000000E+01
 1.99445830000000E+03  -1.31802000000000E+01
 1.99454170000000E+03   6.07940000000000E+00
 1.99462500000000E+03   2.77231000000000E+01
 1.99470830000000E+03   5.29051000000000E+01
 1.99479170000000E+03   6.75488000000000E+01
 1.99487500000000E+03   6.74228000000000E+01
 1.99495830000000E+03   8.07583000000000E+01
 1.99504170000000E+03   7.07092000000000E+01
 1.99512500000000E+03   6.88136000000000E+01
 1.99520830000000E+03   6.45332000000000E+01
 1.99529170000000E+03   7.34837000000000E+01
 1.99537500000000E+03   7.50491000000000E+01
 1.99545830000000E+03   5.61529000000000E+01
 1.99554170000000E+03   9.94910000000000E+00
 1.99562500000000E+03  -4.13320000000000E+01
 1.99570830000000E+03  -1.03536400000000E+02
 1.99579170000000E+03  -1.40740600000000E+02
 1.99587500000000E+03  -1.67791500000000E+02
 1.99595830000000E+03  -1.65534700000000E+02
 1.99604170000000E+03  -1.52970200000000E+02
 1.99612500000000E+03  -1.64790700000000E+02
 1.99620830000000E+03  -1.79072900000000E+02
 1.99629170000000E+03  -1.73970300000000E+02
 1.99637500000000E+03  -1.66175900000000E+02
 1.99645830000000E+03  -1.75612400000000E+02
 1.99654170000000E+03  -1.66817900000000E+02
 1.99662500000000E+03  -1.28254700000000E+02
 1.99670830000000E+03  -8.52301000000000E+01
 1.99679170000000E+03  -4.38207000000000E+01
 1.99687500000000E+03  -2.73349000000000E+01
 1.99695830000000E+03  -2.43107000000000E+01
 1.99704170000000E+03  -3.52864000000000E+01
 1.99712500000000E+03  -5.64933000000000E+01
 1.99720830000000E+03  -3.16234000000000E+01
 1.99729170000000E+03   8.63120000000000E+00
 1.99737500000000E+03   1.01162000000000E+01
 1.99745830000000E+03  -1.92452000000000E+01
 1.99754170000000E+03  -1.46064000000000E+01
 1.99762500000000E+03   8.26270000000000E+00
 1.99770830000000E+03   9.13170000000000E+00
 1.99779170000000E+03  -2.33838000000000E+01
 1.99787500000000E+03  -4.45920000000000E+01
 1.99795830000000E+03  -4.13389000000000E+01
 1.99804170000000E+03  -1.75471000000000E+01
 1.99812500000000E+03   1.23980000000000E+01
 1.99820830000000E+03   2.78046000000000E+01
 1.99829170000000E+03   1.34421000000000E+01
 1.99837500000000E+03   6.84830000000000E+00
 1.99845830000000E+03   1.64852000000000E+01
 1.99854170000000E+03   4.07376000000000E+01
 1.99862500000000E+03   5.13741000000000E+01
 1.99870830000000E+03   3.15490000000000E+01
 1.99879170000000E+03   1.45702000000000E+01
 1.99887500000000E+03   2.37448000000000E+01
 1.99895830000000E+03   2.73039000000000E+01
 1.99904170000000E+03   2.68631000000000E+01
 1.99912500000000E+03   8.96030000000000E+00
 1.99920830000000E+03  -1.74042000000000E+01
 1.99929170000000E+03  -1.33070000000000E+01
 1.99937500000000E+03  -9.67170000000000E+00
 1.99945830000000E+03   7.27100000000000E+00
 1.99954170000000E+03   2.23678000000000E+01
 1.99962500000000E+03   3.93872000000000E+01
 1.99970830000000E+03   4.33295000000000E+01
 1.99979170000000E+03   3.57335000000000E+01
 1.99987500000000E+03   2.32140000000000E+01
 1.99995830000000E+03   4.05405000000000E+01
 2.00004170000000E+03   6.06364000000000E+01
 2.00012500000000E+03   6.90395000000000E+01
 2.00020830000000E+03   6.20579000000000E+01
 2.00029170000000E+03   6.00764000000000E+01
 2.00037500000000E+03   5.02483000000000E+01
 2.00045830000000E+03   5.46508000000000E+01
 2.00054170000000E+03   2.19766000000000E+01
 2.00062500000000E+03  -6.62120000000000E+00
 2.00070830000000E+03  -4.70652000000000E+01
 2.00079170000000E+03  -7.99707000000000E+01
 2.00087500000000E+03  -7.94920000000000E+01
 2.00095830000000E+03  -5.99365000000000E+01
 2.00104170000000E+03  -6.79193000000000E+01
 2.00112500000000E+03  -7.39795000000000E+01
 2.00120830000000E+03  -6.93476000000000E+01
 2.00129170000000E+03  -5.69462000000000E+01
 2.00137500000000E+03  -2.01607000000000E+01
 2.00145830000000E+03  -1.39138000000000E+01
 2.00154170000000E+03  -5.35910000000000E+00
 2.00162500000000E+03   3.43490000000000E+01
 2.00170830000000E+03   7.00570000000000E+01
 2.00179170000000E+03   6.94575000000000E+01
 2.00187500000000E+03   6.97805000000000E+01
 2.00195830000000E+03   7.51804000000000E+01
 2.00204170000000E+03   7.80419000000000E+01
 2.00212500000000E+03   7.12107000000000E+01
 2.00220830000000E+03   5.63024000000000E+01
 2.00229170000000E+03   3.32404000000000E+01
 2.00237500000000E+03   2.34857000000000E+01
 2.00245830000000E+03  -3.27307000000000E+01
 2.00254170000000E+03  -3.54085000000000E+01
 2.00262500000000E+03  -5.93176000000000E+01
 2.00270830000000E+03  -1.17072900000000E+02
 2.00279170000000E+03  -1.58981900000000E+02
 2.00287500000000E+03  -1.54429900000000E+02
 2.00295830000000E+03  -1.38416400000000E+02
 2.00304170000000E+03  -1.31018200000000E+02
 2.00312500000000E+03  -1.34466600000000E+02
 2.00320830000000E+03  -1.21530500000000E+02
 2.00329170000000E+03  -1.04825100000000E+02
 2.00337500000000E+03  -9.62739000000000E+01
 2.00345830000000E+03  -7.84921000000000E+01
 2.00354170000000E+03  -4.59409000000000E+01
 2.00362500000000E+03  -3.94671000000000E+01
 2.00370830000000E+03  -3.96858000000000E+01
 2.00379170000000E+03  -3.39043000000000E+01
 2.00387500000000E+03  -2.85079000000000E+01
 2.00395830000000E+03  -1.61885000000000E+01
 2.00404170000000E+03  -5.33060000000000E+00
 2.00412500000000E+03  -1.12423000000000E+01
 2.00420830000000E+03  -2.46180000000000E+00
 2.00429170000000E+03   2.93420000000000E+00
 2.00437500000000E+03   4.71430000000000E+00
 2.00445830000000E+03   3.14174000000000E+01
 2.00454170000000E+03   6.05822000000000E+01
 2.00462500000000E+03   6.32080000000000E+01
 2.00470830000000E+03   3.79107000000000E+01
 2.00479170000000E+03   2.69211000000000E+01
 2.00487500000000E+03   3.17773000000000E+01
 2.00495830000000E+03   4.22487000000000E+01
 2.00504170000000E+03   4.06434000000000E+01
 2.00512500000000E+03   4.04991000000000E+01
 2.00520830000000E+03   4.72778000000000E+01
 2.00529170000000E+03   3.04412000000000E+01
 2.00537500000000E+03   3.09888000000000E+01
 2.00545830000000E+03   2.33824000000000E+01
 2.00554170000000E+03  -1.37623000000000E+01
 2.00562500000000E+03  -6.58305000000000E+01
 2.00570830000000E+03  -9.34374000000000E+01
 2.00579170000000E+03  -7.94287000000000E+01
 2.00587500000000E+03  -7.26512000000000E+01
 2.00595830000000E+03  -6.41816000000000E+01
 2.00604170000000E+03  -7.30964000000000E+01
 2.00612500000000E+03  -7.91656000000000E+01
 2.00620830000000E+03  -8.54656000000000E+01
 2.00629170000000E+03  -8.15347000000000E+01
 2.00637500000000E+03  -5.24505000000000E+01
 2.00645830000000E+03  -2.96740000000000E+01
 2.00654170000000E+03   1.31795000000000E+01
 2.00662500000000E+03   3.81095000000000E+01
 2.00670830000000E+03   5.39624000000000E+01
 2.00679170000000E+03   7.69693000000000E+01
 2.00687500000000E+03   8.25911000000000E+01
 2.00695830000000E+03   8.98282000000000E+01
 2.00704170000000E+03   1.04603900000000E+02
 2.00712500000000E+03   1.20609900000000E+02
 2.00720830000000E+03   1.43692700000000E+02
 2.00729170000000E+03   1.39006400000000E+02
 2.00737500000000E+03   1.44858100000000E+02
 2.00745830000000E+03   1.34171200000000E+02
 2.00754170000000E+03   1.13561400000000E+02
 2.00762500000000E+03   9.00280000000000E+01
 2.00770830000000E+03   1.03417600000000E+02
 2.00779170000000E+03   9.11150000000000E+01
 2.00787500000000E+03   7.50428000000000E+01
 2.00795830000000E+03   6.65858000000000E+01
 2.00804170000000E+03   7.66674000000000E+01
 2.00812500000000E+03   7.02870000000000E+01
 2.00820830000000E+03   5.10603000000000E+01
 2.00829170000000E+03   5.00645000000000E+01
 2.00837500000000E+03   6.88375000000000E+01
 2.00845830000000E+03   6.54565000000000E+01
 2.00854170000000E+03   5.13834000000000E+01
 2.00862500000000E+03   2.68483000000000E+01
 2.00870830000000E+03  -3.45620000000000E+00
 2.00879170000000E+03  -4.49914000000000E+01
 2.00887500000000E+03  -4.66039000000000E+01
 2.00895830000000E+03  -3.12934000000000E+01
 2.00904170000000E+03  -2.10598000000000E+01
 2.00912500000000E+03  -2.29804000000000E+01
 2.00920830000000E+03  -2.11320000000000E+01
 2.00929170000000E+03   2.17820000000000E+00
 2.00937500000000E+03  -2.69737000000000E+01
 2.00945830000000E+03  -5.06642000000000E+01
 2.00954170000000E+03  -8.63545000000000E+01
 2.00962500000000E+03  -1.08352900000000E+02
 2.00970830000000E+03  -9.98131000000000E+01
 2.00979170000000E+03  -9.93500000000000E+01
 2.00987500000000E+03  -8.57335000000000E+01
 2.00995830000000E+03  -7.59633000000000E+01
 2.01004170000000E+03  -7.73468000000000E+01
 2.01012500000000E+03  -7.77308000000000E+01
 2.01020830000000E+03  -7.98841000000000E+01
 2.01029170000000E+03  -9.57296000000000E+01
 2.01037500000000E+03  -9.83448000000000E+01
 2.01045830000000E+03  -9.64986000000000E+01
 2.01054170000000E+03  -9.41138000000000E+01
 2.01062500000000E+03  -6.98832000000000E+01
 2.01070830000000E+03  -6.10375000000000E+01
 2.01079170000000E+03  -5.56531000000000E+01
 2.01087500000000E+03  -5.76538000000000E+01
 2.01095830000000E+03  -5.04238000000000E+01
 2.01104170000000E+03  -4.99630000000000E+01
 2.01112500000000E+03  -4.56564000000000E+01
 2.01120830000000E+03  -3.49654000000000E+01
 2.01129170000000E+03  -1.84281000000000E+01
 2.01137500000000E+03  -1.39681000000000E+01
 2.01145830000000E+03   1.44148000000000E+01
 2.01154170000000E+03   5.28747000000000E+01
 2.01162500000000E+03   4.46419000000000E+01
 2.01170830000000E+03   4.81782000000000E+01
 2.01179170000000E+03   6.17916000000000E+01
 2.01187500000000E+03   5.26353000000000E+01
 2.01195830000000E+03   6.38634000000000E+01
 2.01204170000000E+03   6.42456000000000E+01
 2.01212500000000E+03   6.63196000000000E+01
 2.01220830000000E+03   8.27781000000000E+01
 2.01229170000000E+03   8.63136000000000E+01
 2.01237500000000E+03   8.16949000000000E+01
 2.01245830000000E+03   7.85375000000000E+01
 2.01254170000000E+03   3.44572000000000E+01
 2.01262500000000E+03  -3.62350000000000E+00
 2.01270830000000E+03  -2.68582000000000E+01
 2.01279170000000E+03  -4.85544000000000E+01
 2.01287500000000E+03  -6.08663000000000E+01
 2.01295830000000E+03  -6.08707000000000E+01
 2.01304170000000E+03  -6.37211000000000E+01
 2.01312500000000E+03  -6.71104000000000E+01
 2.01320830000000E+03  -6.95768000000000E+01
 2.01329170000000E+03  -9.71969000000000E+01
 2.01337500000000E+03  -9.45867000000000E+01
 2.01345830000000E+03  -7.88227000000000E+01
 2.01354170000000E+03  -7.11356000000000E+01
 2.01362500000000E+03  -8.23720000000000E+01
 2.01370830000000E+03  -7.66085000000000E+01
 2.01379170000000E+03  -5.29987000000000E+01
 2.01387500000000E+03  -4.55432000000000E+01
 2.01395830000000E+03  -4.35494000000000E+01
 2.01404170000000E+03  -4.35554000000000E+01
 2.01412500000000E+03  -3.99465000000000E+01
 2.01420830000000E+03  -4.84147000000000E+01
 2.01429170000000E+03  -5.32673000000000E+01
 2.01437500000000E+03  -5.42743000000000E+01
 2.01445830000000E+03  -6.88967000000000E+01
 2.01454170000000E+03  -6.53652000000000E+01
 2.01462500000000E+03  -5.68341000000000E+01
 2.01470830000000E+03  -4.35339000000000E+01
 2.01479170000000E+03  -3.80798000000000E+01
 2.01487500000000E+03  -2.46261000000000E+01
 2.01495830000000E+03  -2.86480000000000E+00
 2.01504170000000E+03   1.68966000000000E+01
 2.01512500000000E+03   1.96575000000000E+01
 2.01520830000000E+03   1.27260000000000E+01
 2.01529170000000E+03   6.79470000000000E+00
 2.01537500000000E+03   2.71706000000000E+01
 2.01545830000000E+03   7.47771000000000E+01
 2.01554170000000E+03   6.63838000000000E+01
 2.01562500000000E+03   5.36823000000000E+01
 2.01570830000000E+03   3.38268000000000E+01
 2.01579170000000E+03   3.20484000000000E+01
 2.01587500000000E+03   1.92696000000000E+01
 2.01595830000000E+03  -6.63200000000000E-01
 2.01604170000000E+03  -5.44210000000000E+00
 2.01612500000000E+03  -3.99060000000000E+00
 2.01620830000000E+03   2.53770000000000E+00
 2.01629170000000E+03  -1.27032000000000E+01
 2.01637500000000E+03  -5.32910000000000E+00
 2.01645830000000E+03  -4.87820000000000E+00
 2.01654170000000E+03  -2.44272000000000E+01
 2.01662500000000E+03  -3.34381000000000E+01
 2.01670830000000E+03  -5.20646000000000E+01
 2.01679170000000E+03  -3.73832000000000E+01
 2.01687500000000E+03  -4.38562000000000E+01
 2.01695830000000E+03  -2.84831000000000E+01
 2.01704170000000E+03  -6.41760000000000E+00
 2.01712500000000E+03  -6.04480000000000E+00
 2.01720830000000E+03  -1.29799000000000E+01
 2.01729170000000E+03  -4.53020000000000E+00
 2.01737500000000E+03   4.11498000000000E+01
 2.01745830000000E+03   7.79066000000000E+01
 2.01754170000000E+03   7.22020000000000E+01
 2.01762500000000E+03   4.81124000000000E+01
 2.01770830000000E+03   3.30226000000000E+01
 2.01779170000000E+03   1.22406000000000E+01
 2.01787500000000E+03  -9.00330000000000E+00
 2.01795830000000E+03  -9.17050000000000E+00
 2.01804170000000E+03  -2.03376000000000E+01
 2.01812500000000E+03  -2.59666000000000E+01
 2.01820830000000E+03  -2.42111000000000E+01
 2.01829170000000E+03  -9.91710000000000E+00
 2.01837500000000E+03  -2.68542000000000E+01
 2.01845830000000E+03  -5.76376000000000E+01
 2.01854170000000E+03  -7.97287000000000E+01
 2.01862500000000E+03  -8.95124000000000E+01
 2.01870830000000E+03  -7.12194000000000E+01
 2.01879170000000E+03  -6.02339000000000E+01
 2.01887500000000E+03  -4.63258000000000E+01
 2.01895830000000E+03  -3.70332000000000E+01
 2.01904170000000E+03  -1.95867000000000E+01
 2.01912500000000E+03  -1.83713000000000E+01
 2.01920830000000E+03  -9.30990000000000E+00
 2.01929170000000E+03  -6.71000000000000E+00
 2.01937500000000E+03  -3.48797000000000E+01
 2.01945830000000E+03  -1.55880000000000E+01
 2.01954170000000E+03   2.00115000000000E+01
 2.01962500000000E+03   5.09183000000000E+01
 2.01970830000000E+03   6.84403000000000E+01
 2.01979170000000E+03   6.06548000000000E+01
 2.01987500000000E+03   8.16380000000000E+01
 2.01995830000000E+03   8.06980000000000E+01
 2.02004170000000E+03   9.91428000000000E+01
 2.02012500000000E+03   9.52025000000000E+01
 2.02020830000000E+03   1.06031400000000E+02
 2.02029170000000E+03   9.08603000000000E+01
 2.02037500000000E+03   9.81503000000000E+01
 2.02045830000000E+03   1.08978700000000E+02
 2.02054170000000E+03   9.32687000000000E+01
 2.02062500000000E+03   4.80199000000000E+01
 2.02070830000000E+03   8.38630000000000E+00
 2.02079170000000E+03  -2.55490000000000E+00
 2.02087500000000E+03  -9.80420000000000E+00
 2.02095830000000E+03  -2.08229000000000E+01
 2.02104170000000E+03  -2.06107000000000E+01
 2.02112500000000E+03  -2.56297000000000E+01
 2.02120830000000E+03  -3.39565000000000E+01
 2.02129170000000E+03  -3.20524000000000E+01
 2.02137500000000E+03  -9.61030000000000E+00
 2.02145830000000E+03  -2.47068000000000E+01
 2.02154170000000E+03  -1.17262000000000E+01
 2.02162500000000E+03   2.73308000000000E+01
 2.02170830000000E+03   3.84647000000000E+01
 2.02179170000000E+03   3.25217000000000E+01
 2.02187500000000E+03   2.11168000000000E+01
 2.02195830000000E+03   3.00194000000000E+01
 2.02204170000000E+03   4.66913000000000E+01
 2.02212500000000E+03   5.36706000000000E+01
 2.02220830000000E+03   3.54189000000000E+01
 2.02229170000000E+03   4.98596000000000E+01
 2.02237500000000E+03   4.41461000000000E+01
 2.02245830000000E+03   1.78171000000000E+01
 2.02254170000000E+03   2.84881000000000E+01
 2.02262500000000E+03   2.76203000000000E+01
 2.02270830000000E+03   2.13900000000000E-01
 2.02279170000000E+03  -1.28078000000000E+01
 2.02287500000000E+03  -2.02914000000000E+01
 2.02295830000000E+03  -2.62367000000000E+01
 2.02304170000000E+03  -2.16435000000000E+01
 2.02312500000000E+03  -1.59737000000000E+01
 2.02320830000000E+03  -1.13041000000000E+01
 2.02329170000000E+03   1.72887000000000E+01
 2.02337500000000E+03   1.48042000000000E+01
 2.02345830000000E+03   1.66272000000000E+01
 2.02354170000000E+03   3.59888000000000E+01
 2.02362500000000E+03   4.35807000000000E+01
 2.02370830000000E+03   1.72495000000000E+01
 2.02379170000000E+03   8.30290000000000E+00
 2.02387500000000E+03   4.43290000000000E+00
 2.02395830000000E+03   1.67935000000000E+01
 2.02404170000000E+03   3.38465000000000E+01
 2.02412500000000E+03   3.16683000000000E+01
 2.02420830000000E+03   1.34130000000000E+01
 2.02429170000000E+03   9.23480000000000E+00
 2.02437500000000E+03   6.59470000000000E+00
 2.02445830000000E+03   1.29544000000000E+01
 2.02454170000000E+03   1.07757000000000E+01
 2.02462500000000E+03   7.99400000000000E-01
 2.02470830000000E+03  -2.28134000000000E+01
 2.02479170000000E+03  -4.49670000000000E+00
 2.02487500000000E+03   5.97300000000000E-01
 2.02495830000000E+03   4.35165000000000E+01
