 1.85529170000000E+03   1.37042000000000E+01
 1.85537500000000E+03   6.67090000000000E+00
 1.85545830000000E+03  -1.44300000000000E-01
 1.85554170000000E+03   2.39320000000000E+00
 1.85562500000000E+03   7.46010000000000E+00
 1.85570830000000E+03   4.34040000000000E+00
 1.85579170000000E+03   6.15800000000000E-01
 1.85587500000000E+03   4.79500000000000E+00
 1.85595830000000E+03   7.51270000000000E+00
 1.85604170000000E+03   2.28456000000000E+01
 1.85612500000000E+03   3.00246000000000E+01
 1.85620830000000E+03   2.82805000000000E+01
 1.85629170000000E+03   2.28440000000000E+01
 1.85637500000000E+03   2.14845000000000E+01
 1.85645830000000E+03   2.74325000000000E+01
 1.85654170000000E+03   3.73805000000000E+01
 1.85662500000000E+03   2.18669000000000E+01
 1.85670830000000E+03   1.95071000000000E+01
 1.85679170000000E+03   1.11472000000000E+01
 1.85687500000000E+03   4.32570000000000E+00
 1.85695830000000E+03  -4.88040000000000E+00
 1.85704170000000E+03  -1.70210000000000E+00
 1.85712500000000E+03  -5.44680000000000E+00
 1.85720830000000E+03  -1.32684000000000E+01
 1.85729170000000E+03  -1.99364000000000E+01
 1.85737500000000E+03  -3.07582000000000E+01
 1.85745830000000E+03  -3.78877000000000E+01
 1.85754170000000E+03  -4.01712000000000E+01
 1.85762500000000E+03  -4.79163000000000E+01
 1.85770830000000E+03  -4.46614000000000E+01
 1.85779170000000E+03  -4.31758000000000E+01
 1.85787500000000E+03  -3.41518000000000E+01
 1.85795830000000E+03  -2.72817000000000E+01
 1.85804170000000E+03  -1.75655000000000E+01
 1.85812500000000E+03  -2.11570000000000E+01
 1.85820830000000E+03  -2.91332000000000E+01
 1.85829170000000E+03  -2.74173000000000E+01
 1.85837500000000E+03  -2.65474000000000E+01
 1.85845830000000E+03  -2.57546000000000E+01
 1.85854170000000E+03  -3.27311000000000E+01
 1.85862500000000E+03  -3.54768000000000E+01
 1.85870830000000E+03  -2.64533000000000E+01
 1.85879170000000E+03  -6.04540000000000E+00
 1.85887500000000E+03  -1.23297000000000E+01
 1.85895830000000E+03  -1.34603000000000E+01
 1.85904170000000E+03  -2.82170000000000E+00
 1.85912500000000E+03   1.12450000000000E+00
 1.85920830000000E+03  -2.37000000000000E-01
 1.85929170000000E+03  -1.37100000000000E-01
 1.85937500000000E+03  -7.42170000000000E+00
 1.85945830000000E+03  -1.91680000000000E+01
 1.85954170000000E+03  -1.75298000000000E+01
 1.85962500000000E+03  -7.35310000000000E+00
 1.85970830000000E+03  -1.22534000000000E+01
 1.85979170000000E+03  -2.63846000000000E+01
 1.85987500000000E+03  -4.21312000000000E+01
 1.85995830000000E+03  -4.11855000000000E+01
 1.86004170000000E+03  -3.06246000000000E+01
 1.86012500000000E+03  -3.86790000000000E+01
 1.86020830000000E+03  -3.84258000000000E+01
 1.86029170000000E+03  -4.14804000000000E+01
 1.86037500000000E+03  -4.07657000000000E+01
 1.86045830000000E+03  -3.82819000000000E+01
 1.86054170000000E+03  -3.73367000000000E+01
 1.86062500000000E+03  -3.08530000000000E+01
 1.86070830000000E+03  -2.86001000000000E+01
 1.86079170000000E+03  -2.44243000000000E+01
 1.86087500000000E+03  -7.71000000000000E+00
 1.86095830000000E+03  -2.38040000000000E+00
 1.86104170000000E+03   1.33370000000000E+00
 1.86112500000000E+03   4.43250000000000E+00
 1.86120830000000E+03   1.85311000000000E+01
 1.86129170000000E+03   8.55280000000000E+00
 1.86137500000000E+03  -7.33300000000000E-01
 1.86145830000000E+03   3.28830000000000E+00
 1.86154170000000E+03   1.02329000000000E+01
 1.86162500000000E+03   1.97159000000000E+01
 1.86170830000000E+03   1.52758000000000E+01
 1.86179170000000E+03   5.75860000000000E+00
 1.86187500000000E+03   5.47220000000000E+00
 1.86195830000000E+03   6.47300000000000E-01
 1.86204170000000E+03   9.97610000000000E+00
 1.86212500000000E+03   1.54588000000000E+01
 1.86220830000000E+03   3.32610000000000E+00
 1.86229170000000E+03  -2.09607000000000E+01
 1.86237500000000E+03  -2.36320000000000E+01
 1.86245830000000E+03  -3.28419000000000E+01
 1.86254170000000E+03  -4.68211000000000E+01
 1.86262500000000E+03  -4.28772000000000E+01
 1.86270830000000E+03  -4.00103000000000E+01
 1.86279170000000E+03  -3.56051000000000E+01
 1.86287500000000E+03  -2.86614000000000E+01
 1.86295830000000E+03  -2.56408000000000E+01
 1.86304170000000E+03  -2.43896000000000E+01
 1.86312500000000E+03  -2.48307000000000E+01
 1.86320830000000E+03  -3.11949000000000E+01
 1.86329170000000E+03  -3.14054000000000E+01
 1.86337500000000E+03  -2.58466000000000E+01
 1.86345830000000E+03  -1.49802000000000E+01
 1.86354170000000E+03  -1.65240000000000E+00
 1.86362500000000E+03   1.18292000000000E+01
 1.86370830000000E+03  -6.99680000000000E+00
 1.86379170000000E+03  -8.20770000000000E+00
 1.86387500000000E+03  -1.49570000000000E+01
 1.86395830000000E+03  -1.33986000000000E+01
 1.86404170000000E+03  -6.91730000000000E+00
 1.86412500000000E+03   7.10250000000000E+00
 1.86420830000000E+03   5.04530000000000E+00
 1.86429170000000E+03   1.42187000000000E+01
 1.86437500000000E+03   1.20076000000000E+01
 1.86445830000000E+03  -7.42100000000000E-01
 1.86454170000000E+03  -4.56880000000000E+00
 1.86462500000000E+03  -7.08780000000000E+00
 1.86470830000000E+03  -1.15300000000000E+01
 1.86479170000000E+03  -1.15107000000000E+01
 1.86487500000000E+03  -1.67991000000000E+01
 1.86495830000000E+03  -3.16450000000000E+00
 1.86504170000000E+03  -1.06850000000000E+00
 1.86512500000000E+03  -5.28020000000000E+00
 1.86520830000000E+03  -2.28765000000000E+01
 1.86529170000000E+03  -3.90884000000000E+01
 1.86537500000000E+03  -6.07618000000000E+01
 1.86545830000000E+03  -6.29737000000000E+01
 1.86554170000000E+03  -5.35703000000000E+01
 1.86562500000000E+03  -4.53208000000000E+01
 1.86570830000000E+03  -4.07636000000000E+01
 1.86579170000000E+03  -4.37450000000000E+01
 1.86587500000000E+03  -3.31110000000000E+01
 1.86595830000000E+03  -2.87848000000000E+01
 1.86604170000000E+03  -2.29202000000000E+01
 1.86612500000000E+03  -1.91326000000000E+01
 1.86620830000000E+03  -1.73450000000000E+01
 1.86629170000000E+03  -2.84037000000000E+01
 1.86637500000000E+03  -1.39239000000000E+01
 1.86645830000000E+03   4.09430000000000E+00
 1.86654170000000E+03   1.61124000000000E+01
 1.86662500000000E+03   2.21305000000000E+01
 1.86670830000000E+03   9.91780000000000E+00
 1.86679170000000E+03   2.19357000000000E+01
 1.86687500000000E+03   2.75690000000000E+01
 1.86695830000000E+03   3.03561000000000E+01
 1.86704170000000E+03   4.17584000000000E+01
 1.86712500000000E+03   3.97761000000000E+01
 1.86720830000000E+03   3.44092000000000E+01
 1.86729170000000E+03   3.24268000000000E+01
 1.86737500000000E+03   6.06751000000000E+01
 1.86745830000000E+03   7.42311000000000E+01
 1.86754170000000E+03   6.67100000000000E+01
 1.86762500000000E+03   7.06505000000000E+01
 1.86770830000000E+03   8.32833000000000E+01
 1.86779170000000E+03   9.34543000000000E+01
 1.86787500000000E+03   9.25485000000000E+01
 1.86795830000000E+03   1.02027200000000E+02
 1.86804170000000E+03   1.08275000000000E+02
 1.86812500000000E+03   9.72921000000000E+01
 1.86820830000000E+03   9.70014000000000E+01
 1.86829170000000E+03   9.65568000000000E+01
 1.86837500000000E+03   1.04573700000000E+02
 1.86845830000000E+03   8.23597000000000E+01
 1.86854170000000E+03   5.53765000000000E+01
 1.86862500000000E+03   5.60086000000000E+01
 1.86870830000000E+03   4.94099000000000E+01
 1.86879170000000E+03   2.82725000000000E+01
 1.86887500000000E+03   1.68276000000000E+01
 1.86895830000000E+03   1.46902000000000E+01
 1.86904170000000E+03   1.28604000000000E+01
 1.86912500000000E+03   1.27999000000000E+01
 1.86920830000000E+03   1.82009000000000E+01
 1.86929170000000E+03   1.46786000000000E+01
 1.86937500000000E+03   3.05410000000000E+01
 1.86945830000000E+03   2.60187000000000E+01
 1.86954170000000E+03   2.71886000000000E+01
 1.86962500000000E+03   1.44354000000000E+01
 1.86970830000000E+03   7.75910000000000E+00
 1.86979170000000E+03  -6.22510000000000E+00
 1.86987500000000E+03   4.56000000000000E+00
 1.86995830000000E+03   1.06528000000000E+01
 1.87004170000000E+03   1.41300000000000E+01
 1.87012500000000E+03   1.33765000000000E+01
 1.87020830000000E+03   8.77680000000000E+00
 1.87029170000000E+03   9.48460000000000E+00
 1.87037500000000E+03   7.30900000000000E-01
 1.87045830000000E+03  -1.37921000000000E+01
 1.87054170000000E+03  -3.00075000000000E+01
 1.87062500000000E+03  -4.85306000000000E+01
 1.87070830000000E+03  -3.12845000000000E+01
 1.87079170000000E+03  -2.07308000000000E+01
 1.87087500000000E+03  -1.17926000000000E+01
 1.87095830000000E+03  -5.39280000000000E+00
 1.87104170000000E+03  -8.45470000000000E+00
 1.87112500000000E+03  -9.43970000000000E+00
 1.87120830000000E+03  -9.73240000000000E+00
 1.87129170000000E+03  -1.84098000000000E+01
 1.87137500000000E+03  -2.83181000000000E+01
 1.87145830000000E+03  -2.97648000000000E+01
 1.87154170000000E+03  -3.79040000000000E+01
 1.87162500000000E+03  -4.60431000000000E+01
 1.87170830000000E+03  -3.44900000000000E+01
 1.87179170000000E+03  -3.26294000000000E+01
 1.87187500000000E+03  -3.94610000000000E+01
 1.87195830000000E+03  -3.91388000000000E+01
 1.87204170000000E+03  -4.39706000000000E+01
 1.87212500000000E+03  -3.90332000000000E+01
 1.87220830000000E+03  -4.86343000000000E+01
 1.87229170000000E+03  -5.23894000000000E+01
 1.87237500000000E+03  -4.36829000000000E+01
 1.87245830000000E+03  -4.37457000000000E+01
 1.87254170000000E+03  -3.90394000000000E+01
 1.87262500000000E+03  -4.27946000000000E+01
 1.87270830000000E+03  -3.28575000000000E+01
 1.87279170000000E+03  -3.62283000000000E+01
 1.87287500000000E+03  -3.25991000000000E+01
 1.87295830000000E+03  -2.64315000000000E+01
 1.87304170000000E+03  -1.83409000000000E+01
 1.87312500000000E+03  -1.36349000000000E+01
 1.87320830000000E+03  -1.90828000000000E+01
 1.87329170000000E+03  -1.46847000000000E+01
 1.87337500000000E+03  -1.41328000000000E+01
 1.87345830000000E+03  -6.96550000000000E+00
 1.87354170000000E+03   2.97090000000000E+00
 1.87362500000000E+03   1.88304000000000E+01
 1.87370830000000E+03   2.20745000000000E+01
 1.87379170000000E+03   3.63953000000000E+01
 1.87387500000000E+03   4.55623000000000E+01
 1.87395830000000E+03   4.74985000000000E+01
 1.87404170000000E+03   4.84346000000000E+01
 1.87412500000000E+03   4.80630000000000E+01
 1.87420830000000E+03   4.71528000000000E+01
 1.87429170000000E+03   4.70118000000000E+01
 1.87437500000000E+03   5.33323000000000E+01
 1.87445830000000E+03   5.22681000000000E+01
 1.87454170000000E+03   3.06654000000000E+01
 1.87462500000000E+03   2.22934000000000E+01
 1.87470830000000E+03  -8.84780000000000E+00
 1.87479170000000E+03  -6.60460000000000E+00
 1.87487500000000E+03  -1.30536000000000E+01
 1.87495830000000E+03  -7.50270000000000E+00
 1.87504170000000E+03  -1.07212000000000E+01
 1.87512500000000E+03  -1.40935000000000E+01
 1.87520830000000E+03  -1.90043000000000E+01
 1.87529170000000E+03  -1.79922000000000E+01
 1.87537500000000E+03  -2.09031000000000E+01
 1.87545830000000E+03  -3.72756000000000E+01
 1.87554170000000E+03  -4.53406000000000E+01
 1.87562500000000E+03  -3.77132000000000E+01
 1.87570830000000E+03  -3.33167000000000E+01
 1.87579170000000E+03  -2.14587000000000E+01
 1.87587500000000E+03  -2.31392000000000E+01
 1.87595830000000E+03  -1.84352000000000E+01
 1.87604170000000E+03  -1.55005000000000E+01
 1.87612500000000E+03  -1.24888000000000E+01
 1.87620830000000E+03  -7.86190000000000E+00
 1.87629170000000E+03  -8.61970000000000E+00
 1.87637500000000E+03  -1.36082000000000E+01
 1.87645830000000E+03  -1.33660000000000E+01
 1.87654170000000E+03  -1.68163000000000E+01
 1.87662500000000E+03  -9.18960000000000E+00
 1.87670830000000E+03  -5.40910000000000E+00
 1.87679170000000E+03  -5.78260000000000E+00
 1.87687500000000E+03  -5.00220000000000E+00
 1.87695830000000E+03   4.70400000000000E-01
 1.87704170000000E+03   4.17360000000000E+00
 1.87712500000000E+03   8.26150000000000E+00
 1.87720830000000E+03   1.62724000000000E+01
 1.87729170000000E+03   1.28216000000000E+01
 1.87737500000000E+03   1.80632000000000E+01
 1.87745830000000E+03   1.37662000000000E+01
 1.87754170000000E+03   2.49307000000000E+01
 1.87762500000000E+03   3.96336000000000E+01
 1.87770830000000E+03   5.24134000000000E+01
 1.87779170000000E+03   5.25008000000000E+01
 1.87787500000000E+03   4.60497000000000E+01
 1.87795830000000E+03   6.05985000000000E+01
 1.87804170000000E+03   7.60703000000000E+01
 1.87812500000000E+03   7.38499000000000E+01
 1.87820830000000E+03   6.90909000000000E+01
 1.87829170000000E+03   6.29471000000000E+01
 1.87837500000000E+03   6.18803000000000E+01
 1.87845830000000E+03   5.78134000000000E+01
 1.87854170000000E+03   6.53618000000000E+01
 1.87862500000000E+03   6.48333000000000E+01
 1.87870830000000E+03   6.29201000000000E+01
 1.87879170000000E+03   4.73145000000000E+01
 1.87887500000000E+03   4.21704000000000E+01
 1.87895830000000E+03   4.85647000000000E+01
 1.87904170000000E+03   4.71897000000000E+01
 1.87912500000000E+03   3.72762000000000E+01
 1.87920830000000E+03   3.91319000000000E+01
 1.87929170000000E+03   3.98336000000000E+01
 1.87937500000000E+03   5.35354000000000E+01
 1.87945830000000E+03   4.68525000000000E+01
 1.87954170000000E+03   5.11694000000000E+01
 1.87962500000000E+03   3.74863000000000E+01
 1.87970830000000E+03   3.18802000000000E+01
 1.87979170000000E+03   2.31969000000000E+01
 1.87987500000000E+03   2.07445000000000E+01
 1.87995830000000E+03   2.75228000000000E+01
 1.88004170000000E+03   2.89163000000000E+01
 1.88012500000000E+03   2.52329000000000E+01
 1.88020830000000E+03   1.75495000000000E+01
 1.88029170000000E+03   2.05582000000000E+01
 1.88037500000000E+03   2.10285000000000E+01
 1.88045830000000E+03   1.93449000000000E+01
 1.88054170000000E+03   3.54304000000000E+01
 1.88062500000000E+03   3.30543000000000E+01
 1.88070830000000E+03   3.69859000000000E+01
 1.88079170000000E+03   3.58405000000000E+01
 1.88087500000000E+03   4.10797000000000E+01
 1.88095830000000E+03   5.02419000000000E+01
 1.88104170000000E+03   5.29424000000000E+01
 1.88112500000000E+03   6.57199000000000E+01
 1.88120830000000E+03   7.01896000000000E+01
 1.88129170000000E+03   7.15823000000000E+01
 1.88137500000000E+03   5.05135000000000E+01
 1.88145830000000E+03   3.60599000000000E+01
 1.88154170000000E+03   1.71447000000000E+01
 1.88162500000000E+03   5.69110000000000E+00
 1.88170830000000E+03   7.69900000000000E+00
 1.88179170000000E+03   6.70670000000000E+00
 1.88187500000000E+03   5.86830000000000E+00
 1.88195830000000E+03   1.16452000000000E+01
 1.88204170000000E+03   8.72960000000000E+00
 1.88212500000000E+03   9.73720000000000E+00
 1.88220830000000E+03   8.21700000000000E-01
 1.88229170000000E+03  -2.77864000000000E+01
 1.88237500000000E+03  -3.46251000000000E+01
 1.88245830000000E+03  -3.86947000000000E+01
 1.88254170000000E+03  -4.69952000000000E+01
 1.88262500000000E+03  -6.51418000000000E+01
 1.88270830000000E+03  -7.00577000000000E+01
 1.88279170000000E+03  -8.38968000000000E+01
 1.88287500000000E+03  -8.22744000000000E+01
 1.88295830000000E+03  -7.86520000000000E+01
 1.88304170000000E+03  -7.89528000000000E+01
 1.88312500000000E+03  -7.67921000000000E+01
 1.88320830000000E+03  -7.73237000000000E+01
 1.88329170000000E+03  -8.40093000000000E+01
 1.88337500000000E+03  -6.46180000000000E+01
 1.88345830000000E+03  -4.15344000000000E+01
 1.88354170000000E+03  -2.49125000000000E+01
 1.88362500000000E+03   2.55560000000000E+00
 1.88370830000000E+03   1.34852000000000E+01
 1.88379170000000E+03   8.33770000000000E+00
 1.88387500000000E+03   1.01902000000000E+01
 1.88395830000000E+03   1.96581000000000E+01
 1.88404170000000E+03   2.02027000000000E+01
 1.88412500000000E+03   2.09782000000000E+01
 1.88420830000000E+03   8.29200000000000E+00
 1.88429170000000E+03   6.05700000000000E-01
 1.88437500000000E+03   8.99640000000000E+00
 1.88445830000000E+03   1.06178000000000E+01
 1.88454170000000E+03  -1.69149000000000E+01
 1.88462500000000E+03  -3.12936000000000E+01
 1.88470830000000E+03  -4.59032000000000E+01
 1.88479170000000E+03  -4.29744000000000E+01
 1.88487500000000E+03  -3.88918000000000E+01
 1.88495830000000E+03  -3.02707000000000E+01
 1.88504170000000E+03  -3.04960000000000E+01
 1.88512500000000E+03  -2.84136000000000E+01
 1.88520830000000E+03  -2.75619000000000E+01
 1.88529170000000E+03  -1.60181000000000E+01
 1.88537500000000E+03  -1.87820000000000E+01
 1.88545830000000E+03  -3.06998000000000E+01
 1.88554170000000E+03  -3.12331000000000E+01
 1.88562500000000E+03  -3.67663000000000E+01
 1.88570830000000E+03  -4.58381000000000E+01
 1.88579170000000E+03  -5.32946000000000E+01
 1.88587500000000E+03  -5.59819000000000E+01
 1.88595830000000E+03  -5.12847000000000E+01
 1.88604170000000E+03  -4.48183000000000E+01
 1.88612500000000E+03  -4.25057000000000E+01
 1.88620830000000E+03  -4.27317000000000E+01
 1.88629170000000E+03  -5.01886000000000E+01
 1.88637500000000E+03  -6.73378000000000E+01
 1.88645830000000E+03  -6.74870000000000E+01
 1.88654170000000E+03  -8.12517000000000E+01
 1.88662500000000E+03  -9.62472000000000E+01
 1.88670830000000E+03  -7.88581000000000E+01
 1.88679170000000E+03  -6.07769000000000E+01
 1.88687500000000E+03  -5.35418000000000E+01
 1.88695830000000E+03  -4.19221000000000E+01
 1.88704170000000E+03  -3.44564000000000E+01
 1.88712500000000E+03  -3.52215000000000E+01
 1.88720830000000E+03  -3.53712000000000E+01
 1.88729170000000E+03  -3.68287000000000E+01
 1.88737500000000E+03  -3.00555000000000E+01
 1.88745830000000E+03  -9.59000000000000E+00
 1.88754170000000E+03  -6.66310000000000E+00
 1.88762500000000E+03   1.36484000000000E+01
 1.88770830000000E+03   2.02676000000000E+01
 1.88779170000000E+03   1.03481000000000E+01
 1.88787500000000E+03   1.11210000000000E+01
 1.88795830000000E+03   1.04323000000000E+01
 1.88804170000000E+03   1.12820000000000E+01
 1.88812500000000E+03   1.01316000000000E+01
 1.88820830000000E+03  -1.71110000000000E+00
 1.88829170000000E+03  -6.32320000000000E+00
 1.88837500000000E+03  -1.77814000000000E+01
 1.88845830000000E+03  -1.41627000000000E+01
 1.88854170000000E+03  -2.86212000000000E+01
 1.88862500000000E+03  -1.35411000000000E+01
 1.88870830000000E+03  -1.69995000000000E+01
 1.88879170000000E+03  -1.12273000000000E+01
 1.88887500000000E+03  -9.37820000000000E+00
 1.88895830000000E+03  -7.75990000000000E+00
 1.88904170000000E+03   3.96800000000000E-01
 1.88912500000000E+03   2.86110000000000E+00
 1.88920830000000E+03   5.63310000000000E+00
 1.88929170000000E+03   1.66358000000000E+01
 1.88937500000000E+03   8.17690000000000E+00
 1.88945830000000E+03   6.56410000000000E+00
 1.88954170000000E+03  -2.35660000000000E+00
 1.88962500000000E+03   1.84400000000000E-01
 1.88970830000000E+03  -2.22747000000000E+01
 1.88979170000000E+03  -2.14263000000000E+01
 1.88987500000000E+03  -2.54240000000000E+01
 1.88995830000000E+03  -1.10371000000000E+01
 1.89004170000000E+03  -3.57350000000000E+00
 1.89012500000000E+03  -5.34050000000000E+00
 1.89020830000000E+03  -9.72310000000000E+00
 1.89029170000000E+03  -5.25960000000000E+00
 1.89037500000000E+03   2.03900000000000E-01
 1.89045830000000E+03   1.89810000000000E+00
 1.89054170000000E+03   9.28450000000000E+00
 1.89062500000000E+03   1.36320000000000E+00
 1.89070830000000E+03   5.98040000000000E+00
 1.89079170000000E+03   1.00589000000000E+01
 1.89087500000000E+03   5.67590000000000E+00
 1.89095830000000E+03   7.67750000000000E+00
 1.89104170000000E+03   4.14050000000000E+00
 1.89112500000000E+03   1.14190000000000E+00
 1.89120830000000E+03   1.75870000000000E+00
 1.89129170000000E+03   1.99070000000000E+00
 1.89137500000000E+03  -1.28541000000000E+01
 1.89145830000000E+03  -3.03144000000000E+01
 1.89154170000000E+03  -2.76210000000000E+01
 1.89162500000000E+03  -1.84660000000000E+01
 1.89170830000000E+03  -1.91573000000000E+01
 1.89179170000000E+03  -2.46948000000000E+01
 1.89187500000000E+03  -1.89246000000000E+01
 1.89195830000000E+03  -1.19237000000000E+01
 1.89204170000000E+03  -1.15380000000000E+00
 1.89212500000000E+03   1.84700000000000E+00
 1.89220830000000E+03   2.15540000000000E+00
 1.89229170000000E+03  -5.15170000000000E+00
 1.89237500000000E+03  -2.04587000000000E+01
 1.89245830000000E+03  -1.45351000000000E+01
 1.89254170000000E+03  -1.06885000000000E+01
 1.89262500000000E+03  -1.43804000000000E+01
 1.89270830000000E+03  -1.99185000000000E+01
 1.89279170000000E+03  -1.16105000000000E+01
 1.89287500000000E+03  -7.07180000000000E+00
 1.89295830000000E+03  -5.45620000000000E+00
 1.89304170000000E+03  -6.45610000000000E+00
 1.89312500000000E+03  -8.14830000000000E+00
 1.89320830000000E+03  -3.76370000000000E+00
 1.89329170000000E+03   3.46700000000000E+00
 1.89337500000000E+03   1.80823000000000E+01
 1.89345830000000E+03   2.81591000000000E+01
 1.89354170000000E+03   1.51589000000000E+01
 1.89362500000000E+03   2.01586000000000E+01
 1.89370830000000E+03   2.72353000000000E+01
 1.89379170000000E+03   1.92348000000000E+01
 1.89387500000000E+03   1.62344000000000E+01
 1.89395830000000E+03   1.78494000000000E+01
 1.89404170000000E+03   1.53872000000000E+01
 1.89412500000000E+03   1.73097000000000E+01
 1.89420830000000E+03   1.96937000000000E+01
 1.89429170000000E+03   1.14622000000000E+01
 1.89437500000000E+03  -4.00010000000000E+00
 1.89445830000000E+03  -1.65394000000000E+01
 1.89454170000000E+03  -4.23260000000000E+00
 1.89462500000000E+03   4.76640000000000E+00
 1.89470830000000E+03  -6.15760000000000E+00
 1.89479170000000E+03  -1.01587000000000E+01
 1.89487500000000E+03  -1.02367000000000E+01
 1.89495830000000E+03  -9.08400000000000E+00
 1.89504170000000E+03  -6.93140000000000E+00
 1.89512500000000E+03  -4.85580000000000E+00
 1.89520830000000E+03   2.68140000000000E+00
 1.89529170000000E+03  -1.08930000000000E+00
 1.89537500000000E+03   1.21700000000000E+00
 1.89545830000000E+03   8.67700000000000E+00
 1.89554170000000E+03   3.06000000000000E+00
 1.89562500000000E+03  -1.94160000000000E+00
 1.89570830000000E+03  -1.25090000000000E+00
 1.89579170000000E+03   1.43960000000000E+00
 1.89587500000000E+03   6.59170000000000E+00
 1.89595830000000E+03   1.56668000000000E+01
 1.89604170000000E+03   2.88187000000000E+01
 1.89612500000000E+03   3.09706000000000E+01
 1.89620830000000E+03   2.63532000000000E+01
 1.89629170000000E+03   1.04280000000000E+01
 1.89637500000000E+03   4.65670000000000E+00
 1.89645830000000E+03  -8.57620000000000E+00
 1.89654170000000E+03  -1.63478000000000E+01
 1.89662500000000E+03  -2.16577000000000E+01
 1.89670830000000E+03  -3.23524000000000E+01
 1.89679170000000E+03  -3.32779000000000E+01
 1.89687500000000E+03  -2.83573000000000E+01
 1.89695830000000E+03  -3.32829000000000E+01
 1.89704170000000E+03  -2.69778000000000E+01
 1.89712500000000E+03  -3.62881000000000E+01
 1.89720830000000E+03  -4.01369000000000E+01
 1.89729170000000E+03  -3.50628000000000E+01
 1.89737500000000E+03  -4.19118000000000E+01
 1.89745830000000E+03  -4.70684000000000E+01
 1.89754170000000E+03  -3.76868000000000E+01
 1.89762500000000E+03  -1.74590000000000E+01
 1.89770830000000E+03   4.15340000000000E+00
 1.89779170000000E+03   1.00733000000000E+01
 1.89787500000000E+03   8.83940000000000E+00
 1.89795830000000E+03   6.45170000000000E+00
 1.89804170000000E+03   2.11406000000000E+01
 1.89812500000000E+03   1.72912000000000E+01
 1.89820830000000E+03   2.69032000000000E+01
 1.89829170000000E+03   2.63613000000000E+01
 1.89837500000000E+03   1.80501000000000E+01
 1.89845830000000E+03   2.98928000000000E+01
 1.89854170000000E+03   4.65814000000000E+01
 1.89862500000000E+03   5.35009000000000E+01
 1.89870830000000E+03   4.23433000000000E+01
 1.89879170000000E+03   3.78780000000000E+01
 1.89887500000000E+03   4.11819000000000E+01
 1.89895830000000E+03   5.19473000000000E+01
 1.89904170000000E+03   5.57894000000000E+01
 1.89912500000000E+03   5.40931000000000E+01
 1.89920830000000E+03   5.77814000000000E+01
 1.89929170000000E+03   5.53157000000000E+01
 1.89937500000000E+03   6.89270000000000E+01
 1.89945830000000E+03   8.89997000000000E+01
 1.89954170000000E+03   8.26107000000000E+01
 1.89962500000000E+03   6.48372000000000E+01
 1.89970830000000E+03   5.56790000000000E+01
 1.89979170000000E+03   4.15206000000000E+01
 1.89987500000000E+03   3.92085000000000E+01
 1.89995830000000E+03   3.52809000000000E+01
 1.90004170000000E+03   3.19685000000000E+01
 1.90012500000000E+03   3.35023000000000E+01
 1.90020830000000E+03   2.54976000000000E+01
 1.90029170000000E+03   2.44928000000000E+01
 1.90037500000000E+03   1.79495000000000E+01
 1.90045830000000E+03   1.75400000000000E-01
 1.90054170000000E+03  -2.28296000000000E+01
 1.90062500000000E+03  -1.76039000000000E+01
 1.90070830000000E+03  -1.96089000000000E+01
 1.90079170000000E+03  -2.53064000000000E+01
 1.90087500000000E+03  -2.69269000000000E+01
 1.90095830000000E+03  -3.23937000000000E+01
 1.90104170000000E+03  -3.37837000000000E+01
 1.90112500000000E+03  -3.78659000000000E+01
 1.90120830000000E+03  -4.22559000000000E+01
 1.90129170000000E+03  -5.05691000000000E+01
 1.90137500000000E+03  -5.74977000000000E+01
 1.90145830000000E+03  -5.01186000000000E+01
 1.90154170000000E+03  -4.08166000000000E+01
 1.90162500000000E+03  -3.43607000000000E+01
 1.90170830000000E+03  -3.75203000000000E+01
 1.90179170000000E+03  -3.80646000000000E+01
 1.90187500000000E+03  -3.39935000000000E+01
 1.90195830000000E+03  -2.29225000000000E+01
 1.90204170000000E+03  -1.26209000000000E+01
 1.90212500000000E+03  -7.03800000000000E-01
 1.90220830000000E+03   4.75170000000000E+00
 1.90229170000000E+03   2.13010000000000E+00
 1.90237500000000E+03   5.04700000000000E+00
 1.90245830000000E+03  -4.72840000000000E+00
 1.90254170000000E+03  -1.69656000000000E+01
 1.90262500000000E+03  -1.55873000000000E+01
 1.90270830000000E+03  -9.67060000000000E+00
 1.90279170000000E+03   1.09382000000000E+01
 1.90287500000000E+03   2.11625000000000E+01
 1.90295830000000E+03   2.70020000000000E+01
 1.90304170000000E+03   3.33799000000000E+01
 1.90312500000000E+03   3.79117000000000E+01
 1.90320830000000E+03   4.23665000000000E+01
 1.90329170000000E+03   4.09750000000000E+01
 1.90337500000000E+03   5.32759000000000E+01
 1.90345830000000E+03   5.35767000000000E+01
 1.90354170000000E+03   4.69542000000000E+01
 1.90362500000000E+03   4.86395000000000E+01
 1.90370830000000E+03   2.99401000000000E+01
 1.90379170000000E+03   1.23944000000000E+01
 1.90387500000000E+03  -7.22810000000000E+00
 1.90395830000000E+03  -9.23540000000000E+00
 1.90404170000000E+03   3.72600000000000E-01
 1.90412500000000E+03   1.21140000000000E+00
 1.90420830000000E+03  -9.33450000000000E+00
 1.90429170000000E+03  -2.31113000000000E+01
 1.90437500000000E+03  -2.48880000000000E+01
 1.90445830000000E+03  -2.26649000000000E+01
 1.90454170000000E+03  -1.65957000000000E+01
 1.90462500000000E+03   5.62740000000000E+00
 1.90470830000000E+03  -5.84190000000000E+00
 1.90479170000000E+03   3.68870000000000E+00
 1.90487500000000E+03   1.46808000000000E+01
 1.90495830000000E+03   1.68267000000000E+01
 1.90504170000000E+03   2.65110000000000E+01
 1.90512500000000E+03   2.64260000000000E+01
 1.90520830000000E+03   3.12641000000000E+01
 1.90529170000000E+03   4.03327000000000E+01
 1.90537500000000E+03   3.90168000000000E+01
 1.90545830000000E+03   4.36240000000000E+01
 1.90554170000000E+03   3.22309000000000E+01
 1.90562500000000E+03   2.95302000000000E+01
 1.90570830000000E+03   2.99064000000000E+01
 1.90579170000000E+03   4.08209000000000E+01
 1.90587500000000E+03   3.65816000000000E+01
 1.90595830000000E+03   4.38807000000000E+01
 1.90604170000000E+03   5.28719000000000E+01
 1.90612500000000E+03   5.45555000000000E+01
 1.90620830000000E+03   5.43929000000000E+01
 1.90629170000000E+03   3.63071000000000E+01
 1.90637500000000E+03   1.76828000000000E+01
 1.90645830000000E+03   2.59046000000000E+01
 1.90654170000000E+03   1.66648000000000E+01
 1.90662500000000E+03   7.11720000000000E+00
 1.90670830000000E+03   7.33890000000000E+00
 1.90679170000000E+03  -2.05500000000000E+00
 1.90687500000000E+03   1.62810000000000E+00
 1.90695830000000E+03   3.69580000000000E+00
 1.90704170000000E+03   7.76320000000000E+00
 1.90712500000000E+03   1.18308000000000E+01
 1.90720830000000E+03   1.49752000000000E+01
 1.90729170000000E+03   5.88860000000000E+00
 1.90737500000000E+03  -1.50550000000000E+00
 1.90745830000000E+03   2.33100000000000E+00
 1.90754170000000E+03  -1.46788000000000E+01
 1.90762500000000E+03  -3.84240000000000E+00
 1.90770830000000E+03  -6.69830000000000E+00
 1.90779170000000E+03  -1.97852000000000E+01
 1.90787500000000E+03  -2.24105000000000E+01
 1.90795830000000E+03  -2.47281000000000E+01
 1.90804170000000E+03  -2.01228000000000E+01
 1.90812500000000E+03  -2.37483000000000E+01
 1.90820830000000E+03  -3.22969000000000E+01
 1.90829170000000E+03  -4.88456000000000E+01
 1.90837500000000E+03  -6.37020000000000E+01
 1.90845830000000E+03  -4.84815000000000E+01
 1.90854170000000E+03  -5.47997000000000E+01
 1.90862500000000E+03  -4.28870000000000E+01
 1.90870830000000E+03  -6.25129000000000E+01
 1.90879170000000E+03  -5.79850000000000E+01
 1.90887500000000E+03  -5.33802000000000E+01
 1.90895830000000E+03  -4.61601000000000E+01
 1.90904170000000E+03  -3.82478000000000E+01
 1.90912500000000E+03  -2.64893000000000E+01
 1.90920830000000E+03  -2.58078000000000E+01
 1.90929170000000E+03  -3.25111000000000E+01
 1.90937500000000E+03  -1.77528000000000E+01
 1.90945830000000E+03  -9.30220000000000E+00
 1.90954170000000E+03  -4.31340000000000E+00
 1.90962500000000E+03   5.59860000000000E+00
 1.90970830000000E+03  -1.33560000000000E+00
 1.90979170000000E+03   4.57620000000000E+00
 1.90987500000000E+03   1.40264000000000E+01
 1.90995830000000E+03   2.09382000000000E+01
 1.91004170000000E+03   2.66960000000000E+01
 1.91012500000000E+03   2.44538000000000E+01
 1.91020830000000E+03   1.42115000000000E+01
 1.91029170000000E+03   1.06614000000000E+01
 1.91037500000000E+03   8.72670000000000E+00
 1.91045830000000E+03  -1.37465000000000E+01
 1.91054170000000E+03  -8.83520000000000E+00
 1.91062500000000E+03  -1.30008000000000E+01
 1.91070830000000E+03  -5.93570000000000E+00
 1.91079170000000E+03  -2.64000000000000E+00
 1.91087500000000E+03   4.34810000000000E+00
 1.91095830000000E+03  -1.20240000000000E+00
 1.91104170000000E+03   6.32390000000000E+00
 1.91112500000000E+03   3.77330000000000E+00
 1.91120830000000E+03   1.21458000000000E+01
 1.91129170000000E+03   8.74890000000000E+00
 1.91137500000000E+03   5.12120000000000E+00
 1.91145830000000E+03   3.95500000000000E+00
 1.91154170000000E+03   7.63480000000000E+00
 1.91162500000000E+03   5.23780000000000E+00
 1.91170830000000E+03  -3.62090000000000E+00
 1.91179170000000E+03  -8.01820000000000E+00
 1.91187500000000E+03  -5.26150000000000E+00
 1.91195830000000E+03  -2.12040000000000E+00
 1.91204170000000E+03   2.06000000000000E-02
 1.91212500000000E+03  -1.91520000000000E+00
 1.91220830000000E+03   7.30270000000000E+00
 1.91229170000000E+03  -6.09490000000000E+00
 1.91237500000000E+03  -5.33860000000000E+00
 1.91245830000000E+03   1.10990000000000E+00
 1.91254170000000E+03   1.19429000000000E+01
 1.91262500000000E+03   1.50067000000000E+01
 1.91270830000000E+03   1.79935000000000E+01
 1.91279170000000E+03   2.97494000000000E+01
 1.91287500000000E+03   2.42746000000000E+01
 1.91295830000000E+03   2.54151000000000E+01
 1.91304170000000E+03   3.13246000000000E+01
 1.91312500000000E+03   4.49265000000000E+01
 1.91320830000000E+03   4.09899000000000E+01
 1.91329170000000E+03   2.22070000000000E+01
 1.91337500000000E+03   2.66549000000000E+01
 1.91345830000000E+03   5.44874000000000E+01
 1.91354170000000E+03   5.83197000000000E+01
 1.91362500000000E+03   6.13828000000000E+01
 1.91370830000000E+03   6.77536000000000E+01
 1.91379170000000E+03   6.33549000000000E+01
 1.91387500000000E+03   6.47256000000000E+01
 1.91395830000000E+03   7.24039000000000E+01
 1.91404170000000E+03   7.40051000000000E+01
 1.91412500000000E+03   6.86063000000000E+01
 1.91420830000000E+03   6.10536000000000E+01
 1.91429170000000E+03   7.08085000000000E+01
 1.91437500000000E+03   6.02557000000000E+01
 1.91445830000000E+03   5.40106000000000E+01
 1.91454170000000E+03   2.60730000000000E+01
 1.91462500000000E+03   8.52010000000000E+00
 1.91470830000000E+03  -1.18680000000000E+00
 1.91479170000000E+03  -8.12460000000000E+00
 1.91487500000000E+03  -7.98540000000000E+00
 1.91495830000000E+03  -1.02308000000000E+01
 1.91504170000000E+03  -1.25534000000000E+01
 1.91512500000000E+03  -6.26050000000000E+00
 1.91520830000000E+03  -2.81390000000000E+00
 1.91529170000000E+03  -8.05970000000000E+00
 1.91537500000000E+03  -2.60747000000000E+01
 1.91545830000000E+03  -9.93590000000000E+00
 1.91554170000000E+03  -4.48950000000000E+00
 1.91562500000000E+03   1.80300000000000E+00
 1.91570830000000E+03   3.24930000000000E+00
 1.91579170000000E+03   1.23390000000000E+00
 1.91587500000000E+03   2.44940000000000E+00
 1.91595830000000E+03   5.51090000000000E+00
 1.91604170000000E+03   6.26460000000000E+00
 1.91612500000000E+03   1.64799000000000E+01
 1.91620830000000E+03   1.26181000000000E+01
 1.91629170000000E+03   3.75630000000000E+00
 1.91637500000000E+03  -3.36300000000000E-01
 1.91645830000000E+03   4.49410000000000E+00
 1.91654170000000E+03   6.63210000000000E+00
 1.91662500000000E+03  -9.38380000000000E+00
 1.91670830000000E+03  -2.30920000000000E+01
 1.91679170000000E+03  -2.09542000000000E+01
 1.91687500000000E+03  -2.02779000000000E+01
 1.91695830000000E+03  -2.29863000000000E+01
 1.91704170000000E+03  -2.00794000000000E+01
 1.91712500000000E+03  -2.94802000000000E+01
 1.91720830000000E+03  -4.07272000000000E+01
 1.91729170000000E+03  -4.66667000000000E+01
 1.91737500000000E+03  -4.59907000000000E+01
 1.91745830000000E+03  -2.48533000000000E+01
 1.91754170000000E+03  -2.07929000000000E+01
 1.91762500000000E+03  -2.77325000000000E+01
 1.91770830000000E+03  -2.15183000000000E+01
 1.91779170000000E+03  -1.95351000000000E+01
 1.91787500000000E+03  -2.93979000000000E+01
 1.91795830000000E+03  -2.29531000000000E+01
 1.91804170000000E+03  -1.09700000000000E+01
 1.91812500000000E+03  -6.98690000000000E+00
 1.91820830000000E+03  -1.77300000000000E+00
 1.91829170000000E+03   5.74840000000000E+00
 1.91837500000000E+03   5.00600000000000E-01
 1.91845830000000E+03  -5.51650000000000E+00
 1.91854170000000E+03  -3.02261000000000E+01
 1.91862500000000E+03  -3.90894000000000E+01
 1.91870830000000E+03  -4.89528000000000E+01
 1.91879170000000E+03  -4.94318000000000E+01
 1.91887500000000E+03  -5.25260000000000E+01
 1.91895830000000E+03  -3.47742000000000E+01
 1.91904170000000E+03  -3.08687000000000E+01
 1.91912500000000E+03  -2.46555000000000E+01
 1.91920830000000E+03  -2.80577000000000E+01
 1.91929170000000E+03  -1.65370000000000E+01
 1.91937500000000E+03  -3.31701000000000E+01
 1.91945830000000E+03  -2.95725000000000E+01
 1.91954170000000E+03  -2.95135000000000E+01
 1.91962500000000E+03  -2.52237000000000E+01
 1.91970830000000E+03  -1.80877000000000E+01
 1.91979170000000E+03  -1.07982000000000E+01
 1.91987500000000E+03  -2.73930000000000E+00
 1.91995830000000E+03   9.70420000000000E+00
 1.92004170000000E+03   7.91670000000000E+00
 1.92012500000000E+03   1.31292000000000E+01
 1.92020830000000E+03   3.57250000000000E+00
 1.92029170000000E+03  -9.75360000000000E+00
 1.92037500000000E+03  -4.12336000000000E+01
 1.92045830000000E+03  -4.80212000000000E+01
 1.92054170000000E+03  -4.90398000000000E+01
 1.92062500000000E+03  -4.13661000000000E+01
 1.92070830000000E+03  -4.51539000000000E+01
 1.92079170000000E+03  -4.23265000000000E+01
 1.92087500000000E+03  -4.42683000000000E+01
 1.92095830000000E+03  -4.13640000000000E+01
 1.92104170000000E+03  -3.66137000000000E+01
 1.92112500000000E+03  -3.27096000000000E+01
 1.92120830000000E+03  -3.72670000000000E+01
 1.92129170000000E+03  -3.21322000000000E+01
 1.92137500000000E+03  -1.40744000000000E+01
 1.92145830000000E+03  -4.01660000000000E+00
 1.92154170000000E+03   2.49641000000000E+01
 1.92162500000000E+03   1.50218000000000E+01
 1.92170830000000E+03   1.57718000000000E+01
 1.92179170000000E+03   1.72908000000000E+01
 1.92187500000000E+03   1.01945000000000E+01
 1.92195830000000E+03   2.39442000000000E+01
 1.92204170000000E+03   2.95400000000000E+01
 1.92212500000000E+03   2.95204000000000E+01
 1.92220830000000E+03   2.88085000000000E+01
 1.92229170000000E+03   2.53272000000000E+01
 1.92237500000000E+03   1.83074000000000E+01
 1.92245830000000E+03   1.81338000000000E+01
 1.92254170000000E+03   2.71138000000000E+01
 1.92262500000000E+03   1.96324000000000E+01
 1.92270830000000E+03   1.69970000000000E+01
 1.92279170000000E+03  -1.77000000000000E-01
 1.92287500000000E+03  -1.19700000000000E+00
 1.92295830000000E+03   1.03982000000000E+01
 1.92304170000000E+03   1.09164000000000E+01
 1.92312500000000E+03   1.26654000000000E+01
 1.92320830000000E+03   1.29527000000000E+01
 1.92329170000000E+03   1.73938000000000E+01
 1.92337500000000E+03   2.25272000000000E+01
 1.92345830000000E+03   3.00452000000000E+01
 1.92354170000000E+03   1.74092000000000E+01
 1.92362500000000E+03   2.03886000000000E+01
 1.92370830000000E+03   8.82950000000000E+00
 1.92379170000000E+03   2.33471000000000E+01
 1.92387500000000E+03   3.14033000000000E+01
 1.92395830000000E+03   3.88440000000000E+01
 1.92404170000000E+03   4.16692000000000E+01
 1.92412500000000E+03   3.90329000000000E+01
 1.92420830000000E+03   2.62427000000000E+01
 1.92429170000000E+03   1.79138000000000E+01
 1.92437500000000E+03   7.66200000000000E+00
 1.92445830000000E+03  -1.02053000000000E+01
 1.92454170000000E+03  -1.59190000000000E+01
 1.92462500000000E+03  -5.70950000000000E+00
 1.92470830000000E+03  -1.15769000000000E+01
 1.92479170000000E+03  -1.02907000000000E+01
 1.92487500000000E+03  -1.73122000000000E+01
 1.92495830000000E+03  -5.71830000000000E+00
 1.92504170000000E+03  -6.04760000000000E+00
 1.92512500000000E+03  -6.76150000000000E+00
 1.92520830000000E+03  -6.29400000000000E-01
 1.92529170000000E+03   1.31950000000000E+01
 1.92537500000000E+03   2.13270000000000E+01
 1.92545830000000E+03   2.59206000000000E+01
 1.92554170000000E+03   3.52063000000000E+01
 1.92562500000000E+03   2.71074000000000E+01
 1.92570830000000E+03   2.10085000000000E+01
 1.92579170000000E+03   2.41402000000000E+01
 1.92587500000000E+03   2.47334000000000E+01
 1.92595830000000E+03   3.50190000000000E+01
 1.92604170000000E+03   3.36889000000000E+01
 1.92612500000000E+03   4.00513000000000E+01
 1.92620830000000E+03   4.19520000000000E+01
 1.92629170000000E+03   3.70833000000000E+01
 1.92637500000000E+03   2.52916000000000E+01
 1.92645830000000E+03   2.11922000000000E+01
 1.92654170000000E+03   1.71695000000000E+01
 1.92662500000000E+03   1.33008000000000E+01
 1.92670830000000E+03   1.34319000000000E+01
 1.92679170000000E+03   1.23321000000000E+01
 1.92687500000000E+03   2.14632000000000E+01
 1.92695830000000E+03   3.32865000000000E+01
 1.92704170000000E+03   3.88789000000000E+01
 1.92712500000000E+03   4.25482000000000E+01
 1.92720830000000E+03   4.09098000000000E+01
 1.92729170000000E+03   3.48097000000000E+01
 1.92737500000000E+03   4.20943000000000E+01
 1.92745830000000E+03   4.13018000000000E+01
 1.92754170000000E+03   2.42785000000000E+01
 1.92762500000000E+03   1.91013000000000E+01
 1.92770830000000E+03   4.53950000000000E+00
 1.92779170000000E+03   4.43910000000000E+00
 1.92787500000000E+03   1.87710000000000E+00
 1.92795830000000E+03  -2.60790000000000E+00
 1.92804170000000E+03   2.21450000000000E+00
 1.92812500000000E+03   9.42160000000000E+00
 1.92820830000000E+03   1.28595000000000E+01
 1.92829170000000E+03   1.64510000000000E+01
 1.92837500000000E+03   1.58887000000000E+01
 1.92845830000000E+03   1.26341000000000E+01
 1.92854170000000E+03   1.20716000000000E+01
 1.92862500000000E+03   1.11245000000000E+01
 1.92870830000000E+03   7.33130000000000E+00
 1.92879170000000E+03   2.42301000000000E+01
 1.92887500000000E+03   2.72829000000000E+01
 1.92895830000000E+03   3.44126000000000E+01
 1.92904170000000E+03   3.86959000000000E+01
 1.92912500000000E+03   3.03639000000000E+01
 1.92920830000000E+03   2.50318000000000E+01
 1.92929170000000E+03   2.42380000000000E+01
 1.92937500000000E+03   1.85212000000000E+01
 1.92945830000000E+03   9.65050000000000E+00
 1.92954170000000E+03  -5.28100000000000E-01
 1.92962500000000E+03  -4.09120000000000E+00
 1.92970830000000E+03  -1.15900000000000E-01
 1.92979170000000E+03   5.78230000000000E+00
 1.92987500000000E+03  -8.57900000000000E-01
 1.92995830000000E+03  -3.72890000000000E+00
 1.93004170000000E+03   1.69100000000000E-01
 1.93012500000000E+03   3.74800000000000E-01
 1.93020830000000E+03  -1.80410000000000E+00
 1.93029170000000E+03  -1.16754000000000E+01
 1.93037500000000E+03  -9.39290000000000E+00
 1.93045830000000E+03  -1.34951000000000E+01
 1.93054170000000E+03  -7.82820000000000E+00
 1.93062500000000E+03  -1.81612000000000E+01
 1.93070830000000E+03  -1.51866000000000E+01
 1.93079170000000E+03  -9.44290000000000E+00
 1.93087500000000E+03  -8.00690000000000E+00
 1.93095830000000E+03   4.29100000000000E-01
 1.93104170000000E+03   1.30957000000000E+01
 1.93112500000000E+03   1.43008000000000E+01
 1.93120830000000E+03   1.95827000000000E+01
 1.93129170000000E+03   2.78645000000000E+01
 1.93137500000000E+03   2.95310000000000E+01
 1.93145830000000E+03   1.58897000000000E+01
 1.93154170000000E+03   2.09405000000000E+01
 1.93162500000000E+03   3.42222000000000E+01
 1.93170830000000E+03   4.10423000000000E+01
 1.93179170000000E+03   4.26314000000000E+01
 1.93187500000000E+03   4.60668000000000E+01
 1.93195830000000E+03   5.19636000000000E+01
 1.93204170000000E+03   5.82449000000000E+01
 1.93212500000000E+03   6.03724000000000E+01
 1.93220830000000E+03   5.71921000000000E+01
 1.93229170000000E+03   5.60117000000000E+01
 1.93237500000000E+03   4.29082000000000E+01
 1.93245830000000E+03   3.97278000000000E+01
 1.93254170000000E+03   3.65472000000000E+01
 1.93262500000000E+03   3.65974000000000E+01
 1.93270830000000E+03   9.26300000000000E+00
 1.93279170000000E+03   2.03899000000000E+01
 1.93287500000000E+03   1.96707000000000E+01
 1.93295830000000E+03   1.85669000000000E+01
 1.93304170000000E+03   1.87706000000000E+01
 1.93312500000000E+03   2.54359000000000E+01
 1.93320830000000E+03   2.42549000000000E+01
 1.93329170000000E+03   1.35353000000000E+01
 1.93337500000000E+03   3.96970000000000E+00
 1.93345830000000E+03   1.71170000000000E+00
 1.93354170000000E+03  -1.01619000000000E+01
 1.93362500000000E+03  -4.65080000000000E+00
 1.93370830000000E+03  -7.98600000000000E+00
 1.93379170000000E+03  -1.16290000000000E+01
 1.93387500000000E+03  -2.28103000000000E+01
 1.93395830000000E+03  -1.94533000000000E+01
 1.93404170000000E+03  -1.18657000000000E+01
 1.93412500000000E+03  -6.89340000000000E+00
 1.93420830000000E+03  -2.08443000000000E+01
 1.93429170000000E+03  -2.71030000000000E+01
 1.93437500000000E+03  -1.39770000000000E+01
 1.93445830000000E+03  -1.98511000000000E+01
 1.93454170000000E+03  -2.54177000000000E+01
 1.93462500000000E+03  -1.15227000000000E+01
 1.93470830000000E+03  -1.44738000000000E+01
 1.93479170000000E+03  -1.26560000000000E+01
 1.93487500000000E+03  -2.45340000000000E+00
 1.93495830000000E+03   5.68000000000000E-02
 1.93504170000000E+03   6.87450000000000E+00
 1.93512500000000E+03   1.15384000000000E+01
 1.93520830000000E+03   2.43300000000000E+00
 1.93529170000000E+03   8.40440000000000E+00
 1.93537500000000E+03   7.37580000000000E+00
 1.93545830000000E+03   1.73180000000000E+00
 1.93554170000000E+03   3.01070000000000E+00
 1.93562500000000E+03   2.10589000000000E+01
 1.93570830000000E+03   1.22609000000000E+01
 1.93579170000000E+03   1.37704000000000E+01
 1.93587500000000E+03   9.35690000000000E+00
 1.93595830000000E+03   1.35587000000000E+01
 1.93604170000000E+03   1.52219000000000E+01
 1.93612500000000E+03   1.01928000000000E+01
 1.93620830000000E+03   5.08680000000000E+00
 1.93629170000000E+03   1.01344000000000E+01
 1.93637500000000E+03   6.87440000000000E+00
 1.93645830000000E+03   2.53740000000000E+00
 1.93654170000000E+03   1.43100000000000E+00
 1.93662500000000E+03  -1.14446000000000E+01
 1.93670830000000E+03  -2.49356000000000E+01
 1.93679170000000E+03  -2.17345000000000E+01
 1.93687500000000E+03  -3.03025000000000E+01
 1.93695830000000E+03  -3.07937000000000E+01
 1.93704170000000E+03  -2.14389000000000E+01
 1.93712500000000E+03  -1.51609000000000E+01
 1.93720830000000E+03  -1.50369000000000E+01
 1.93729170000000E+03  -1.98361000000000E+01
 1.93737500000000E+03  -2.08660000000000E+01
 1.93745830000000E+03  -2.06652000000000E+01
 1.93754170000000E+03  -2.10031000000000E+01
 1.93762500000000E+03  -1.64947000000000E+01
 1.93770830000000E+03   2.16750000000000E+00
 1.93779170000000E+03   2.65987000000000E+01
 1.93787500000000E+03   3.34146000000000E+01
 1.93795830000000E+03   4.29997000000000E+01
 1.93804170000000E+03   5.33538000000000E+01
 1.93812500000000E+03   4.74003000000000E+01
 1.93820830000000E+03   4.50621000000000E+01
 1.93829170000000E+03   3.82622000000000E+01
 1.93837500000000E+03   3.70778000000000E+01
 1.93845830000000E+03   3.02779000000000E+01
 1.93854170000000E+03   2.04009000000000E+01
 1.93862500000000E+03   2.19086000000000E+01
 1.93870830000000E+03   2.10316000000000E+01
 1.93879170000000E+03   9.15450000000000E+00
 1.93887500000000E+03  -1.34918000000000E+01
 1.93895830000000E+03  -1.49844000000000E+01
 1.93904170000000E+03  -1.41694000000000E+01
 1.93912500000000E+03  -1.98159000000000E+01
 1.93920830000000E+03  -2.35393000000000E+01
 1.93929170000000E+03  -2.88784000000000E+01
 1.93937500000000E+03  -4.79866000000000E+01
 1.93945830000000E+03  -5.40179000000000E+01
 1.93954170000000E+03  -5.12033000000000E+01
 1.93962500000000E+03  -5.70039000000000E+01
 1.93970830000000E+03  -6.23431000000000E+01
 1.93979170000000E+03  -7.57594000000000E+01
 1.93987500000000E+03  -7.50987000000000E+01
 1.93995830000000E+03  -7.35150000000000E+01
 1.94004170000000E+03  -7.35469000000000E+01
 1.94012500000000E+03  -6.75017000000000E+01
 1.94020830000000E+03  -5.66874000000000E+01
 1.94029170000000E+03  -5.21810000000000E+01
 1.94037500000000E+03  -5.92898000000000E+01
 1.94045830000000E+03  -3.53988000000000E+01
 1.94054170000000E+03  -3.01233000000000E+01
 1.94062500000000E+03  -3.54631000000000E+01
 1.94070830000000E+03  -2.67260000000000E+01
 1.94079170000000E+03  -2.86815000000000E+01
 1.94087500000000E+03  -2.51753000000000E+01
 1.94095830000000E+03  -2.28230000000000E+01
 1.94104170000000E+03  -1.55479000000000E+01
 1.94112500000000E+03  -1.68880000000000E+01
 1.94120830000000E+03  -1.50744000000000E+01
 1.94129170000000E+03  -2.22609000000000E+01
 1.94137500000000E+03  -3.19859000000000E+01
 1.94145830000000E+03  -2.02493000000000E+01
 1.94154170000000E+03  -2.26668000000000E+01
 1.94162500000000E+03  -3.52381000000000E+01
 1.94170830000000E+03  -4.39632000000000E+01
 1.94179170000000E+03  -5.20732000000000E+01
 1.94187500000000E+03  -4.96446000000000E+01
 1.94195830000000E+03  -4.29853000000000E+01
 1.94204170000000E+03  -3.27878000000000E+01
 1.94212500000000E+03  -3.62824000000000E+01
 1.94220830000000E+03  -3.41618000000000E+01
 1.94229170000000E+03  -3.67336000000000E+01
 1.94237500000000E+03  -3.61516000000000E+01
 1.94245830000000E+03  -2.68772000000000E+01
 1.94254170000000E+03  -2.80646000000000E+01
 1.94262500000000E+03  -3.06366000000000E+01
 1.94270830000000E+03  -8.43930000000000E+00
 1.94279170000000E+03   7.91160000000000E+00
 1.94287500000000E+03   2.21856000000000E+01
 1.94295830000000E+03   3.19211000000000E+01
 1.94304170000000E+03   3.90411000000000E+01
 1.94312500000000E+03   4.15457000000000E+01
 1.94320830000000E+03   4.51273000000000E+01
 1.94329170000000E+03   4.70163000000000E+01
 1.94337500000000E+03   3.19823000000000E+01
 1.94345830000000E+03   1.92559000000000E+01
 1.94354170000000E+03   1.66832000000000E+01
 1.94362500000000E+03   2.44183000000000E+01
 1.94370830000000E+03   3.52303000000000E+01
 1.94379170000000E+03   2.51959000000000E+01
 1.94387500000000E+03   2.64692000000000E+01
 1.94395830000000E+03   2.87425000000000E+01
 1.94404170000000E+03   2.73233000000000E+01
 1.94412500000000E+03   2.09812000000000E+01
 1.94420830000000E+03   9.56200000000000E+00
 1.94429170000000E+03   1.19119000000000E+01
 1.94437500000000E+03   1.28772000000000E+01
 1.94445830000000E+03   2.03040000000000E+01
 1.94454170000000E+03   2.24230000000000E+01
 1.94462500000000E+03   1.00035000000000E+01
 1.94470830000000E+03  -6.46800000000000E-01
 1.94479170000000E+03  -3.22030000000000E+00
 1.94487500000000E+03   4.37000000000000E-01
 1.94495830000000E+03   2.78660000000000E+00
 1.94504170000000E+03   8.59750000000000E+00
 1.94512500000000E+03   1.61777000000000E+01
 1.94520830000000E+03   1.86809000000000E+01
 1.94529170000000E+03   2.54147000000000E+01
 1.94537500000000E+03   2.43794000000000E+01
 1.94545830000000E+03   2.58824000000000E+01
 1.94554170000000E+03   2.99238000000000E+01
 1.94562500000000E+03   4.28113000000000E+01
 1.94570830000000E+03   4.53911000000000E+01
 1.94579170000000E+03   4.89708000000000E+01
 1.94587500000000E+03   4.36274000000000E+01
 1.94595830000000E+03   4.43609000000000E+01
 1.94604170000000E+03   4.23250000000000E+01
 1.94612500000000E+03   3.99814000000000E+01
 1.94620830000000E+03   3.24071000000000E+01
 1.94629170000000E+03   3.42940000000000E+01
 1.94637500000000E+03   1.51042000000000E+01
 1.94645830000000E+03  -8.47040000000000E+00
 1.94654170000000E+03  -3.55836000000000E+01
 1.94662500000000E+03  -5.71582000000000E+01
 1.94670830000000E+03  -8.01175000000000E+01
 1.94679170000000E+03  -8.00771000000000E+01
 1.94687500000000E+03  -9.07288000000000E+01
 1.94695830000000E+03  -9.53806000000000E+01
 1.94704170000000E+03  -9.93403000000000E+01
 1.94712500000000E+03  -1.00530700000000E+02
 1.94720830000000E+03  -1.12874900000000E+02
 1.94729170000000E+03  -1.13604000000000E+02
 1.94737500000000E+03  -1.20102300000000E+02
 1.94745830000000E+03  -9.76775000000000E+01
 1.94754170000000E+03  -7.64067000000000E+01
 1.94762500000000E+03  -5.72128000000000E+01
 1.94770830000000E+03  -4.84805000000000E+01
 1.94779170000000E+03  -3.97484000000000E+01
 1.94787500000000E+03  -3.17085000000000E+01
 1.94795830000000E+03  -1.84379000000000E+01
 1.94804170000000E+03  -5.78290000000000E+00
 1.94812500000000E+03   4.25680000000000E+00
 1.94820830000000E+03   1.13734000000000E+01
 1.94829170000000E+03   2.81821000000000E+01
 1.94837500000000E+03   3.17601000000000E+01
 1.94845830000000E+03   3.07996000000000E+01
 1.94854170000000E+03   2.21466000000000E+01
 1.94862500000000E+03   2.54936000000000E+01
 1.94870830000000E+03   3.44560000000000E+01
 1.94879170000000E+03   4.57259000000000E+01
 1.94887500000000E+03   5.61497000000000E+01
 1.94895830000000E+03   6.82658000000000E+01
 1.94904170000000E+03   6.29971000000000E+01
 1.94912500000000E+03   6.65746000000000E+01
 1.94920830000000E+03   5.76136000000000E+01
 1.94929170000000E+03   4.21139000000000E+01
 1.94937500000000E+03   3.54604000000000E+01
 1.94945830000000E+03   3.47300000000000E+01
 1.94954170000000E+03   4.24609000000000E+01
 1.94962500000000E+03   4.41919000000000E+01
 1.94970830000000E+03   3.69229000000000E+01
 1.94979170000000E+03   3.11921000000000E+01
 1.94987500000000E+03   2.63845000000000E+01
 1.94995830000000E+03   2.54230000000000E+01
 1.95004170000000E+03   2.36151000000000E+01
 1.95012500000000E+03   2.81919000000000E+01
 1.95020830000000E+03   1.83840000000000E+01
 1.95029170000000E+03   3.32683000000000E+01
 1.95037500000000E+03   4.37680000000000E+01
 1.95045830000000E+03   3.97292000000000E+01
 1.95054170000000E+03   3.35364000000000E+01
 1.95062500000000E+03   1.08052000000000E+01
 1.95070830000000E+03   8.43200000000000E-01
 1.95079170000000E+03  -4.88830000000000E+00
 1.95087500000000E+03  -7.15810000000000E+00
 1.95095830000000E+03  -8.58190000000000E+00
 1.95104170000000E+03  -4.85200000000000E+00
 1.95112500000000E+03  -1.36605000000000E+01
 1.95120830000000E+03  -1.50075000000000E+01
 1.95129170000000E+03  -2.60470000000000E+01
 1.95137500000000E+03  -5.13171000000000E+01
 1.95145830000000E+03  -5.28951000000000E+01
 1.95154170000000E+03  -4.38578000000000E+01
 1.95162500000000E+03  -3.78205000000000E+01
 1.95170830000000E+03  -2.38601000000000E+01
 1.95179170000000E+03  -2.12076000000000E+01
 1.95187500000000E+03  -1.51705000000000E+01
 1.95195830000000E+03  -3.28720000000000E+00
 1.95204170000000E+03   5.21130000000000E+00
 1.95212500000000E+03   7.09800000000000E-01
 1.95220830000000E+03   8.66980000000000E+00
 1.95229170000000E+03   1.61681000000000E+01
 1.95237500000000E+03   3.36665000000000E+01
 1.95245830000000E+03   4.28571000000000E+01
 1.95254170000000E+03   3.63552000000000E+01
 1.95262500000000E+03   3.38534000000000E+01
 1.95270830000000E+03   2.28900000000000E+01
 1.95279170000000E+03   2.43880000000000E+01
 1.95287500000000E+03   3.12706000000000E+01
 1.95295830000000E+03   3.17686000000000E+01
 1.95304170000000E+03   1.96510000000000E+01
 1.95312500000000E+03   2.37642000000000E+01
 1.95320830000000E+03   3.20313000000000E+01
 1.95329170000000E+03   2.97596000000000E+01
 1.95337500000000E+03   8.56500000000000E+00
 1.95345830000000E+03   3.70400000000000E-01
 1.95354170000000E+03   7.71390000000000E+00
 1.95362500000000E+03  -1.03270000000000E+01
 1.95370830000000E+03  -3.79834000000000E+01
 1.95379170000000E+03  -4.04092000000000E+01
 1.95387500000000E+03  -5.08349000000000E+01
 1.95395830000000E+03  -6.11068000000000E+01
 1.95404170000000E+03  -5.66097000000000E+01
 1.95412500000000E+03  -4.89587000000000E+01
 1.95420830000000E+03  -5.65385000000000E+01
 1.95429170000000E+03  -6.91954000000000E+01
 1.95437500000000E+03  -6.93907000000000E+01
 1.95445830000000E+03  -5.85861000000000E+01
 1.95454170000000E+03  -6.20124000000000E+01
 1.95462500000000E+03  -6.34386000000000E+01
 1.95470830000000E+03  -4.81726000000000E+01
 1.95479170000000E+03  -2.79837000000000E+01
 1.95487500000000E+03  -1.74870000000000E+01
 1.95495830000000E+03  -3.22120000000000E+00
 1.95504170000000E+03   1.37368000000000E+01
 1.95512500000000E+03   1.20794000000000E+01
 1.95520830000000E+03   7.42200000000000E+00
 1.95529170000000E+03   1.23029000000000E+01
 1.95537500000000E+03   1.93377000000000E+01
 1.95545830000000E+03   2.95263000000000E+01
 1.95554170000000E+03   3.85608000000000E+01
 1.95562500000000E+03   4.48262000000000E+01
 1.95570830000000E+03   3.58608000000000E+01
 1.95579170000000E+03   3.93567000000000E+01
 1.95587500000000E+03   3.71604000000000E+01
 1.95595830000000E+03   3.72717000000000E+01
 1.95604170000000E+03   3.84597000000000E+01
 1.95612500000000E+03   4.00325000000000E+01
 1.95620830000000E+03   3.86052000000000E+01
 1.95629170000000E+03   4.98700000000000E+01
 1.95637500000000E+03   4.31349000000000E+01
 1.95645830000000E+03   4.51689000000000E+01
 1.95654170000000E+03   2.54336000000000E+01
 1.95662500000000E+03   2.16983000000000E+01
 1.95670830000000E+03   1.25014000000000E+01
 1.95679170000000E+03   1.71505000000000E+01
 1.95687500000000E+03   1.69535000000000E+01
 1.95695830000000E+03   1.57564000000000E+01
 1.95704170000000E+03   1.90977000000000E+01
 1.95712500000000E+03   1.90543000000000E+01
 1.95720830000000E+03   2.07033000000000E+01
 1.95729170000000E+03   2.70443000000000E+01
 1.95737500000000E+03   2.46162000000000E+01
 1.95745830000000E+03   3.21112000000000E+01
 1.95754170000000E+03   2.70674000000000E+01
 1.95762500000000E+03   4.17930000000000E+01
 1.95770830000000E+03   4.40570000000000E+01
 1.95779170000000E+03   4.10131000000000E+01
 1.95787500000000E+03   4.40462000000000E+01
 1.95795830000000E+03   4.80023000000000E+01
 1.95804170000000E+03   5.46505000000000E+01
 1.95812500000000E+03   5.77604000000000E+01
 1.95820830000000E+03   5.38702000000000E+01
 1.95829170000000E+03   4.95182000000000E+01
 1.95837500000000E+03   3.88587000000000E+01
 1.95845830000000E+03   3.21991000000000E+01
 1.95854170000000E+03   2.76931000000000E+01
 1.95862500000000E+03   1.98795000000000E+01
 1.95870830000000E+03   6.45050000000000E+00
 1.95879170000000E+03  -2.44020000000000E+00
 1.95887500000000E+03  -2.40780000000000E+00
 1.95895830000000E+03  -3.06770000000000E+00
 1.95904170000000E+03   1.11830000000000E+00
 1.95912500000000E+03   1.99670000000000E+00
 1.95920830000000E+03   1.64430000000000E+00
 1.95929170000000E+03  -3.78530000000000E+00
 1.95937500000000E+03  -1.87532000000000E+01
 1.95945830000000E+03  -3.41827000000000E+01
 1.95954170000000E+03  -3.73816000000000E+01
 1.95962500000000E+03  -5.63497000000000E+01
 1.95970830000000E+03  -6.42410000000000E+01
 1.95979170000000E+03  -7.49016000000000E+01
 1.95987500000000E+03  -7.85622000000000E+01
 1.95995830000000E+03  -7.26843000000000E+01
 1.96004170000000E+03  -6.98836000000000E+01
 1.96012500000000E+03  -6.35444000000000E+01
 1.96020830000000E+03  -5.58975000000000E+01
 1.96029170000000E+03  -5.98661000000000E+01
 1.96037500000000E+03  -6.31424000000000E+01
 1.96045830000000E+03  -4.96495000000000E+01
 1.96054170000000E+03  -4.60030000000000E+01
 1.96062500000000E+03  -5.17410000000000E+01
 1.96070830000000E+03  -3.03252000000000E+01
 1.96079170000000E+03  -9.44810000000000E+00
 1.96087500000000E+03   1.15830000000000E+01
 1.96095830000000E+03   2.48448000000000E+01
 1.96104170000000E+03   4.17986000000000E+01
 1.96112500000000E+03   5.19065000000000E+01
 1.96120830000000E+03   5.21681000000000E+01
 1.96129170000000E+03   3.50449000000000E+01
 1.96137500000000E+03   3.37679000000000E+01
 1.96145830000000E+03   4.47216000000000E+01
 1.96154170000000E+03   4.42906000000000E+01
 1.96162500000000E+03   6.95519000000000E+01
 1.96170830000000E+03   7.18132000000000E+01
 1.96179170000000E+03   6.16896000000000E+01
 1.96187500000000E+03   5.02585000000000E+01
 1.96195830000000E+03   4.46734000000000E+01
 1.96204170000000E+03   4.59343000000000E+01
 1.96212500000000E+03   3.47337000000000E+01
 1.96220830000000E+03   3.47639000000000E+01
 1.96229170000000E+03   2.51015000000000E+01
 1.96237500000000E+03   2.98239000000000E+01
 1.96245830000000E+03   2.92385000000000E+01
 1.96254170000000E+03   2.80375000000000E+01
 1.96262500000000E+03   2.30674000000000E+01
 1.96270830000000E+03   1.17410000000000E+00
 1.96279170000000E+03  -1.07193000000000E+01
 1.96287500000000E+03  -1.56896000000000E+01
 1.96295830000000E+03  -1.98907000000000E+01
 1.96304170000000E+03  -2.10151000000000E+01
 1.96312500000000E+03  -2.97548000000000E+01
 1.96320830000000E+03  -3.62638000000000E+01
 1.96329170000000E+03  -5.03884000000000E+01
 1.96337500000000E+03  -4.83590000000000E+01
 1.96345830000000E+03  -4.67912000000000E+01
 1.96354170000000E+03  -4.96852000000000E+01
 1.96362500000000E+03  -3.88098000000000E+01
 1.96370830000000E+03  -4.72422000000000E+01
 1.96379170000000E+03  -5.04441000000000E+01
 1.96387500000000E+03  -3.78766000000000E+01
 1.96395830000000E+03  -2.88476000000000E+01
 1.96404170000000E+03  -1.65111000000000E+01
 1.96412500000000E+03  -1.15592000000000E+01
 1.96420830000000E+03  -6.60730000000000E+00
 1.96429170000000E+03  -9.63300000000000E-01
 1.96437500000000E+03  -1.16000000000000E-02
 1.96445830000000E+03   9.40000000000000E-02
 1.96454170000000E+03  -1.72380000000000E+00
 1.96462500000000E+03   9.99710000000000E+00
 1.96470830000000E+03  -4.66680000000000E+00
 1.96479170000000E+03   2.13070000000000E+00
 1.96487500000000E+03   9.46680000000000E+00
 1.96495830000000E+03   7.72580000000000E+00
 1.96504170000000E+03   1.63693000000000E+01
 1.96512500000000E+03   1.50129000000000E+01
 1.96520830000000E+03   1.19641000000000E+01
 1.96529170000000E+03   4.14580000000000E+00
 1.96537500000000E+03   7.78920000000000E+00
 1.96545830000000E+03   1.66330000000000E+00
 1.96554170000000E+03  -3.15510000000000E+00
 1.96562500000000E+03  -8.20410000000000E+00
 1.96570830000000E+03  -1.88687000000000E+01
 1.96579170000000E+03  -1.15334000000000E+01
 1.96587500000000E+03  -1.52750000000000E+01
 1.96595830000000E+03  -6.55500000000000E+00
 1.96604170000000E+03   5.93390000000000E+00
 1.96612500000000E+03   4.65370000000000E+00
 1.96620830000000E+03   8.29660000000000E+00
 1.96629170000000E+03   1.20930000000000E+01
 1.96637500000000E+03   8.58190000000000E+00
 1.96645830000000E+03  -2.39080000000000E+00
 1.96654170000000E+03   4.86700000000000E+00
 1.96662500000000E+03  -1.87510000000000E+00
 1.96670830000000E+03   1.01521000000000E+01
 1.96679170000000E+03   1.55636000000000E+01
 1.96687500000000E+03   1.26675000000000E+01
 1.96695830000000E+03   2.06944000000000E+01
 1.96704170000000E+03   2.44904000000000E+01
 1.96712500000000E+03   2.19018000000000E+01
 1.96720830000000E+03   2.18517000000000E+01
 1.96729170000000E+03   1.38013000000000E+01
 1.96737500000000E+03   1.19049000000000E+01
 1.96745830000000E+03   3.09315000000000E+01
 1.96754170000000E+03   4.68040000000000E+01
 1.96762500000000E+03   5.07536000000000E+01
 1.96770830000000E+03   6.00877000000000E+01
 1.96779170000000E+03   5.54985000000000E+01
 1.96787500000000E+03   5.03710000000000E+01
 1.96795830000000E+03   4.31665000000000E+01
 1.96804170000000E+03   4.77310000000000E+01
 1.96812500000000E+03   4.09110000000000E+01
 1.96820830000000E+03   3.23986000000000E+01
 1.96829170000000E+03   2.58860000000000E+01
 1.96837500000000E+03   3.36813000000000E+01
 1.96845830000000E+03   2.23995000000000E+01
 1.96854170000000E+03  -6.80560000000000E+00
 1.96862500000000E+03  -2.00105000000000E+01
 1.96870830000000E+03  -4.18309000000000E+01
 1.96879170000000E+03  -5.09592000000000E+01
 1.96887500000000E+03  -5.61644000000000E+01
 1.96895830000000E+03  -5.59080000000000E+01
 1.96904170000000E+03  -4.56519000000000E+01
 1.96912500000000E+03  -5.23957000000000E+01
 1.96920830000000E+03  -5.01395000000000E+01
 1.96929170000000E+03  -4.48835000000000E+01
 1.96937500000000E+03  -3.27044000000000E+01
 1.96945830000000E+03  -3.86791000000000E+01
 1.96954170000000E+03  -4.39618000000000E+01
 1.96962500000000E+03  -3.70136000000000E+01
 1.96970830000000E+03  -4.81423000000000E+01
 1.96979170000000E+03  -3.25021000000000E+01
 1.96987500000000E+03  -2.26310000000000E+01
 1.96995830000000E+03  -1.78369000000000E+01
 1.97004170000000E+03  -1.30429000000000E+01
 1.97012500000000E+03  -1.30181000000000E+01
 1.97020830000000E+03  -6.91650000000000E+00
 1.97029170000000E+03  -6.58430000000000E+00
 1.97037500000000E+03   2.74800000000000E+00
 1.97045830000000E+03   1.84950000000000E+00
 1.97054170000000E+03  -3.12610000000000E+00
 1.97062500000000E+03   1.63599000000000E+01
 1.97070830000000E+03   2.52304000000000E+01
 1.97079170000000E+03   3.57161000000000E+01
 1.97087500000000E+03   3.14327000000000E+01
 1.97095830000000E+03   2.85339000000000E+01
 1.97104170000000E+03   3.37117000000000E+01
 1.97112500000000E+03   2.80435000000000E+01
 1.97120830000000E+03   2.80676000000000E+01
 1.97129170000000E+03   2.33991000000000E+01
 1.97137500000000E+03   2.97308000000000E+01
 1.97145830000000E+03   3.00623000000000E+01
 1.97154170000000E+03   1.12398000000000E+01
 1.97162500000000E+03  -2.81330000000000E+00
 1.97170830000000E+03  -3.10973000000000E+01
 1.97179170000000E+03  -3.35353000000000E+01
 1.97187500000000E+03  -3.65117000000000E+01
 1.97195830000000E+03  -3.31805000000000E+01
 1.97204170000000E+03  -3.35418000000000E+01
 1.97212500000000E+03  -3.66722000000000E+01
 1.97220830000000E+03  -2.98026000000000E+01
 1.97229170000000E+03  -3.27026000000000E+01
 1.97237500000000E+03  -2.81408000000000E+01
 1.97245830000000E+03  -3.91946000000000E+01
 1.97254170000000E+03  -6.14793000000000E+01
 1.97262500000000E+03  -5.31485000000000E+01
 1.97270830000000E+03  -3.53562000000000E+01
 1.97279170000000E+03  -1.14103000000000E+01
 1.97287500000000E+03  -1.20028000000000E+01
 1.97295830000000E+03  -6.59530000000000E+00
 1.97304170000000E+03  -3.41900000000000E-01
 1.97312500000000E+03   3.45010000000000E+00
 1.97320830000000E+03   4.54980000000000E+00
 1.97329170000000E+03  -2.58160000000000E+00
 1.97337500000000E+03   1.05640000000000E+00
 1.97345830000000E+03   6.23270000000000E+00
 1.97354170000000E+03   7.02430000000000E+00
 1.97362500000000E+03   1.75852000000000E+01
 1.97370830000000E+03   2.53060000000000E+00
 1.97379170000000E+03  -6.13960000000000E+00
 1.97387500000000E+03  -1.75019000000000E+01
 1.97395830000000E+03  -1.00182000000000E+01
 1.97404170000000E+03   4.84990000000000E+00
 1.97412500000000E+03   8.17970000000000E+00
 1.97420830000000E+03   1.66320000000000E+00
 1.97429170000000E+03   9.99270000000000E+00
 1.97437500000000E+03   1.25531000000000E+01
 1.97445830000000E+03   2.08057000000000E+01
 1.97454170000000E+03   2.52120000000000E+01
 1.97462500000000E+03   2.96952000000000E+01
 1.97470830000000E+03   3.19477000000000E+01
 1.97479170000000E+03   3.99692000000000E+01
 1.97487500000000E+03   4.44523000000000E+01
 1.97495830000000E+03   5.48584000000000E+01
 1.97504170000000E+03   5.21874000000000E+01
 1.97512500000000E+03   3.99780000000000E+01
 1.97520830000000E+03   2.65378000000000E+01
 1.97529170000000E+03   3.69435000000000E+01
 1.97537500000000E+03   1.57340000000000E+01
 1.97545830000000E+03   1.02936000000000E+01
 1.97554170000000E+03   1.64684000000000E+01
 1.97562500000000E+03  -9.04900000000000E+00
 1.97570830000000E+03  -2.10280000000000E+01
 1.97579170000000E+03  -2.75456000000000E+01
 1.97587500000000E+03  -2.68324000000000E+01
 1.97595830000000E+03  -2.38885000000000E+01
 1.97604170000000E+03  -2.50987000000000E+01
 1.97612500000000E+03  -2.41549000000000E+01
 1.97620830000000E+03  -2.95189000000000E+01
 1.97629170000000E+03  -4.07292000000000E+01
 1.97637500000000E+03  -6.01702000000000E+01
 1.97645830000000E+03  -4.58420000000000E+01
 1.97654170000000E+03  -5.16679000000000E+01
 1.97662500000000E+03  -7.94167000000000E+01
 1.97670830000000E+03  -7.52425000000000E+01
 1.97679170000000E+03  -6.97609000000000E+01
 1.97687500000000E+03  -7.02791000000000E+01
 1.97695830000000E+03  -6.67205000000000E+01
 1.97704170000000E+03  -5.87775000000000E+01
 1.97712500000000E+03  -5.96036000000000E+01
 1.97720830000000E+03  -6.28144000000000E+01
 1.97729170000000E+03  -6.10254000000000E+01
 1.97737500000000E+03  -4.24671000000000E+01
 1.97745830000000E+03  -3.29088000000000E+01
 1.97754170000000E+03  -4.02738000000000E+01
 1.97762500000000E+03  -4.33311000000000E+01
 1.97770830000000E+03  -4.25422000000000E+01
 1.97779170000000E+03  -4.23689000000000E+01
 1.97787500000000E+03  -5.08109000000000E+01
 1.97795830000000E+03  -5.36376000000000E+01
 1.97804170000000E+03  -5.02337000000000E+01
 1.97812500000000E+03  -5.47528000000000E+01
 1.97820830000000E+03  -3.78104000000000E+01
 1.97829170000000E+03  -2.89452000000000E+01
 1.97837500000000E+03  -2.05414000000000E+01
 1.97845830000000E+03  -1.28299000000000E+01
 1.97854170000000E+03  -1.55033000000000E+01
 1.97862500000000E+03  -1.33305000000000E+01
 1.97870830000000E+03  -8.61920000000000E+00
 1.97879170000000E+03  -1.33697000000000E+01
 1.97887500000000E+03  -1.43508000000000E+01
 1.97895830000000E+03  -6.63970000000000E+00
 1.97904170000000E+03   1.12250000000000E+01
 1.97912500000000E+03   1.71668000000000E+01
 1.97920830000000E+03   2.31854000000000E+01
 1.97929170000000E+03   8.74230000000000E+00
 1.97937500000000E+03  -1.20854000000000E+01
 1.97945830000000E+03  -1.28361000000000E+01
 1.97954170000000E+03  -3.13564000000000E+01
 1.97962500000000E+03  -3.82611000000000E+01
 1.97970830000000E+03  -5.23967000000000E+01
 1.97979170000000E+03  -4.99940000000000E+01
 1.97987500000000E+03  -4.62066000000000E+01
 1.97995830000000E+03  -3.98038000000000E+01
 1.98004170000000E+03  -3.16321000000000E+01
 1.98012500000000E+03  -4.38449000000000E+01
 1.98020830000000E+03  -4.79808000000000E+01
 1.98029170000000E+03  -4.71169000000000E+01
 1.98037500000000E+03  -4.39452000000000E+01
 1.98045830000000E+03  -2.71582000000000E+01
 1.98054170000000E+03  -2.16022000000000E+01
 1.98062500000000E+03   1.18470000000000E+00
 1.98070830000000E+03   8.97160000000000E+00
 1.98079170000000E+03   1.46813000000000E+01
 1.98087500000000E+03   1.63911000000000E+01
 1.98095830000000E+03   2.84085000000000E+01
 1.98104170000000E+03   3.56565000000000E+01
 1.98112500000000E+03   4.35969000000000E+01
 1.98120830000000E+03   4.75373000000000E+01
 1.98129170000000E+03   4.30158000000000E+01
 1.98137500000000E+03   4.51868000000000E+01
 1.98145830000000E+03   6.32039000000000E+01
 1.98154170000000E+03   5.99131000000000E+01
 1.98162500000000E+03   4.54686000000000E+01
 1.98170830000000E+03   2.19470000000000E+01
 1.98179170000000E+03   2.79638000000000E+01
 1.98187500000000E+03   3.58267000000000E+01
 1.98195830000000E+03   3.89973000000000E+01
 1.98204170000000E+03   3.47062000000000E+01
 1.98212500000000E+03   2.67998000000000E+01
 1.98220830000000E+03   2.18163000000000E+01
 1.98229170000000E+03   1.33712000000000E+01
 1.98237500000000E+03   4.77230000000000E+00
 1.98245830000000E+03  -7.36520000000000E+00
 1.98254170000000E+03  -2.08105000000000E+01
 1.98262500000000E+03  -6.17880000000000E+00
 1.98270830000000E+03  -9.77790000000000E+00
 1.98279170000000E+03  -1.91570000000000E+00
 1.98287500000000E+03  -6.59190000000000E+00
 1.98295830000000E+03  -8.72970000000000E+00
 1.98304170000000E+03  -3.32920000000000E+00
 1.98312500000000E+03   2.30220000000000E+00
 1.98320830000000E+03   6.01040000000000E+00
 1.98329170000000E+03   3.17990000000000E+00
 1.98337500000000E+03   2.78111000000000E+01
 1.98345830000000E+03   3.65961000000000E+01
 1.98354170000000E+03   4.48424000000000E+01
 1.98362500000000E+03   2.57811000000000E+01
 1.98370830000000E+03  -6.35720000000000E+00
 1.98379170000000E+03  -8.88030000000000E+00
 1.98387500000000E+03  -1.20956000000000E+01
 1.98395830000000E+03  -1.13879000000000E+01
 1.98404170000000E+03  -3.98810000000000E+00
 1.98412500000000E+03  -8.66510000000000E+00
 1.98420830000000E+03  -7.03450000000000E+00
 1.98429170000000E+03  -9.78870000000000E+00
 1.98437500000000E+03  -1.83890000000000E+01
 1.98445830000000E+03  -4.60662000000000E+01
 1.98454170000000E+03  -4.71283000000000E+01
 1.98462500000000E+03  -5.38826000000000E+01
 1.98470830000000E+03  -5.87139000000000E+01
 1.98479170000000E+03  -4.73146000000000E+01
 1.98487500000000E+03  -3.94536000000000E+01
 1.98495830000000E+03  -3.39004000000000E+01
 1.98504170000000E+03  -2.70398000000000E+01
 1.98512500000000E+03  -3.07175000000000E+01
 1.98520830000000E+03  -2.28568000000000E+01
 1.98529170000000E+03  -2.46886000000000E+01
 1.98537500000000E+03  -2.27511000000000E+01
 1.98545830000000E+03  -1.62752000000000E+01
 1.98554170000000E+03   1.27750000000000E+00
 1.98562500000000E+03   9.84100000000000E-01
 1.98570830000000E+03  -2.13863000000000E+01
 1.98579170000000E+03  -1.41416000000000E+01
 1.98587500000000E+03  -2.02044000000000E+01
 1.98595830000000E+03  -2.18057000000000E+01
 1.98604170000000E+03  -1.85612000000000E+01
 1.98612500000000E+03  -2.22395000000000E+01
 1.98620830000000E+03  -1.69180000000000E+01
 1.98629170000000E+03  -1.87505000000000E+01
 1.98637500000000E+03  -1.78905000000000E+01
 1.98645830000000E+03  -6.18450000000000E+00
 1.98654170000000E+03   8.29000000000000E-01
 1.98662500000000E+03  -7.69590000000000E+00
 1.98670830000000E+03  -2.06054000000000E+01
 1.98679170000000E+03  -8.20750000000000E+00
 1.98687500000000E+03  -2.04020000000000E+00
 1.98695830000000E+03   5.20390000000000E+00
 1.98704170000000E+03   1.33709000000000E+01
 1.98712500000000E+03   1.64611000000000E+01
 1.98720830000000E+03   2.45512000000000E+01
 1.98729170000000E+03   1.52565000000000E+01
 1.98737500000000E+03   1.35772000000000E+01
 1.98745830000000E+03   1.06672000000000E+01
 1.98754170000000E+03   2.68000000000000E+00
 1.98762500000000E+03  -7.69170000000000E+00
 1.98770830000000E+03  -4.29420000000000E+00
 1.98779170000000E+03   7.48760000000000E+00
 1.98787500000000E+03   1.00389000000000E+01
 1.98795830000000E+03   1.04362000000000E+01
 1.98804170000000E+03   9.91020000000000E+00
 1.98812500000000E+03   1.36150000000000E+01
 1.98820830000000E+03   7.93530000000000E+00
 1.98829170000000E+03   1.94760000000000E+00
 1.98837500000000E+03   1.04215000000000E+01
 1.98845830000000E+03   1.76646000000000E+01
 1.98854170000000E+03   2.23691000000000E+01
 1.98862500000000E+03   2.87659000000000E+01
 1.98870830000000E+03   3.60858000000000E+01
 1.98879170000000E+03   3.77900000000000E+01
 1.98887500000000E+03   4.34175000000000E+01
 1.98895830000000E+03   5.11218000000000E+01
 1.98904170000000E+03   5.47490000000000E+01
 1.98912500000000E+03   7.32224000000000E+01
 1.98920830000000E+03   7.10804000000000E+01
 1.98929170000000E+03   7.48613000000000E+01
 1.98937500000000E+03   8.06422000000000E+01
 1.98945830000000E+03   8.18847000000000E+01
 1.98954170000000E+03   6.65884000000000E+01
 1.98962500000000E+03   6.33692000000000E+01
 1.98970830000000E+03   7.13807000000000E+01
 1.98979170000000E+03   7.31612000000000E+01
 1.98987500000000E+03   6.37111000000000E+01
 1.98995830000000E+03   6.30301000000000E+01
 1.99004170000000E+03   6.88104000000000E+01
 1.99012500000000E+03   6.96678000000000E+01
 1.99020830000000E+03   6.13713000000000E+01
 1.99029170000000E+03   5.80745000000000E+01
 1.99037500000000E+03   5.73933000000000E+01
 1.99045830000000E+03   4.01735000000000E+01
 1.99054170000000E+03   2.51843000000000E+01
 1.99062500000000E+03   2.18874000000000E+01
 1.99070830000000E+03   9.75200000000000E-01
 1.99079170000000E+03  -2.49373000000000E+01
 1.99087500000000E+03  -3.60035000000000E+01
 1.99095830000000E+03  -3.17621000000000E+01
 1.99104170000000E+03  -2.96747000000000E+01
 1.99112500000000E+03  -3.25873000000000E+01
 1.99120830000000E+03  -3.24999000000000E+01
 1.99129170000000E+03  -3.66434000000000E+01
 1.99137500000000E+03  -5.10946000000000E+01
 1.99145830000000E+03  -6.09304000000000E+01
 1.99154170000000E+03  -4.78434000000000E+01
 1.99162500000000E+03  -3.75255000000000E+01
 1.99170830000000E+03  -3.08231000000000E+01
 1.99179170000000E+03  -1.75055000000000E+01
 1.99187500000000E+03  -1.46493000000000E+01
 1.99195830000000E+03  -1.67162000000000E+01
 1.99204170000000E+03  -1.76296000000000E+01
 1.99212500000000E+03  -1.84659000000000E+01
 1.99220830000000E+03  -1.77637000000000E+01
 1.99229170000000E+03  -2.89080000000000E+01
 1.99237500000000E+03  -3.70522000000000E+01
 1.99245830000000E+03  -4.11964000000000E+01
 1.99254170000000E+03  -4.73408000000000E+01
 1.99262500000000E+03  -4.26390000000000E+01
 1.99270830000000E+03  -4.97834000000000E+01
 1.99279170000000E+03  -5.81587000000000E+01
 1.99287500000000E+03  -6.61494000000000E+01
 1.99295830000000E+03  -6.04478000000000E+01
 1.99304170000000E+03  -4.63618000000000E+01
 1.99312500000000E+03  -3.78141000000000E+01
 1.99320830000000E+03  -3.24204000000000E+01
 1.99329170000000E+03  -4.44884000000000E+01
 1.99337500000000E+03  -4.84025000000000E+01
 1.99345830000000E+03  -5.48551000000000E+01
 1.99354170000000E+03  -4.51540000000000E+01
 1.99362500000000E+03  -3.66836000000000E+01
 1.99370830000000E+03  -5.44441000000000E+01
 1.99379170000000E+03  -5.19740000000000E+01
 1.99387500000000E+03  -5.01961000000000E+01
 1.99395830000000E+03  -3.48798000000000E+01
 1.99404170000000E+03  -3.60252000000000E+01
 1.99412500000000E+03  -4.55552000000000E+01
 1.99420830000000E+03  -5.67775000000000E+01
 1.99429170000000E+03  -6.46154000000000E+01
 1.99437500000000E+03  -5.96071000000000E+01
 1.99445830000000E+03  -5.03680000000000E+01
 1.99454170000000E+03  -3.38215000000000E+01
 1.99462500000000E+03  -2.54288000000000E+01
 1.99470830000000E+03  -2.29591000000000E+01
 1.99479170000000E+03  -1.82000000000000E-01
 1.99487500000000E+03   3.59520000000000E+00
 1.99495830000000E+03   8.37240000000000E+00
 1.99504170000000E+03   7.53400000000000E+00
 1.99512500000000E+03   8.54180000000000E+00
 1.99520830000000E+03   6.78030000000000E+00
 1.99529170000000E+03   9.86480000000000E+00
 1.99537500000000E+03   2.21032000000000E+01
 1.99545830000000E+03   1.92647000000000E+01
 1.99554170000000E+03   6.81050000000000E+00
 1.99562500000000E+03  -1.31820000000000E+01
 1.99570830000000E+03  -3.35592000000000E+01
 1.99579170000000E+03  -4.51674000000000E+01
 1.99587500000000E+03  -6.16985000000000E+01
 1.99595830000000E+03  -6.63066000000000E+01
 1.99604170000000E+03  -5.76073000000000E+01
 1.99612500000000E+03  -6.15232000000000E+01
 1.99620830000000E+03  -6.58238000000000E+01
 1.99629170000000E+03  -6.95093000000000E+01
 1.99637500000000E+03  -6.91946000000000E+01
 1.99645830000000E+03  -8.34185000000000E+01
 1.99654170000000E+03  -8.62579000000000E+01
 1.99662500000000E+03  -7.90203000000000E+01
 1.99670830000000E+03  -6.31674000000000E+01
 1.99679170000000E+03  -3.73917000000000E+01
 1.99687500000000E+03  -2.60004000000000E+01
 1.99695830000000E+03  -2.46092000000000E+01
 1.99704170000000E+03  -2.48336000000000E+01
 1.99712500000000E+03  -3.57502000000000E+01
 1.99720830000000E+03  -3.02054000000000E+01
 1.99729170000000E+03  -1.03530000000000E+01
 1.99737500000000E+03  -4.34670000000000E+00
 1.99745830000000E+03  -1.01097000000000E+01
 1.99754170000000E+03  -5.48830000000000E+00
 1.99762500000000E+03   2.44090000000000E+00
 1.99770830000000E+03   1.63700000000000E+01
 1.99779170000000E+03   1.20682000000000E+01
 1.99787500000000E+03   1.53570000000000E+00
 1.99795830000000E+03  -1.38150000000000E+00
 1.99804170000000E+03   9.85500000000000E+00
 1.99812500000000E+03   2.57838000000000E+01
 1.99820830000000E+03   3.75588000000000E+01
 1.99829170000000E+03   2.11028000000000E+01
 1.99837500000000E+03   1.69545000000000E+01
 1.99845830000000E+03   1.64216000000000E+01
 1.99854170000000E+03   2.68885000000000E+01
 1.99862500000000E+03   3.23555000000000E+01
 1.99870830000000E+03   3.35147000000000E+01
 1.99879170000000E+03   2.35968000000000E+01
 1.99887500000000E+03   2.48329000000000E+01
 1.99895830000000E+03   2.34535000000000E+01
 1.99904170000000E+03   2.60739000000000E+01
 1.99912500000000E+03   1.80790000000000E+01
 1.99920830000000E+03   1.93020000000000E+00
 1.99929170000000E+03  -5.52650000000000E+00
 1.99937500000000E+03   4.09380000000000E+00
 1.99945830000000E+03  -1.21321000000000E+01
 1.99954170000000E+03  -6.74280000000000E+00
 1.99962500000000E+03  -2.43030000000000E+00
 1.99970830000000E+03   7.28200000000000E-01
 1.99979170000000E+03  -3.65190000000000E+00
 1.99987500000000E+03  -1.14165000000000E+01
 1.99995830000000E+03  -4.56580000000000E+00
 2.00004170000000E+03   9.97700000000000E+00
 2.00012500000000E+03   1.49045000000000E+01
 2.00020830000000E+03   1.32165000000000E+01
 2.00029170000000E+03   1.37450000000000E+00
 2.00037500000000E+03  -1.10827000000000E+01
 2.00045830000000E+03  -1.10785000000000E+01
 2.00054170000000E+03  -1.43053000000000E+01
 2.00062500000000E+03  -2.22243000000000E+01
 2.00070830000000E+03  -3.39126000000000E+01
 2.00079170000000E+03  -5.26780000000000E+01
 2.00087500000000E+03  -5.37510000000000E+01
 2.00095830000000E+03  -3.82087000000000E+01
 2.00104170000000E+03  -4.17435000000000E+01
 2.00112500000000E+03  -4.82782000000000E+01
 2.00120830000000E+03  -3.90437000000000E+01
 2.00129170000000E+03  -4.10403000000000E+01
 2.00137500000000E+03  -1.04982000000000E+01
 2.00145830000000E+03   6.04380000000000E+00
 2.00154170000000E+03   1.00471000000000E+01
 2.00162500000000E+03   3.05889000000000E+01
 2.00170830000000E+03   5.32846000000000E+01
 2.00179170000000E+03   5.48262000000000E+01
 2.00187500000000E+03   6.14448000000000E+01
 2.00195830000000E+03   6.64480000000000E+01
 2.00204170000000E+03   6.80664000000000E+01
 2.00212500000000E+03   7.13002000000000E+01
 2.00220830000000E+03   7.13802000000000E+01
 2.00229170000000E+03   5.69983000000000E+01
 2.00237500000000E+03   6.00012000000000E+01
 2.00245830000000E+03   2.93887000000000E+01
 2.00254170000000E+03   2.26221000000000E+01
 2.00262500000000E+03   1.09325000000000E+01
 2.00270830000000E+03  -1.83725000000000E+01
 2.00279170000000E+03  -3.67547000000000E+01
 2.00287500000000E+03  -4.19059000000000E+01
 2.00295830000000E+03  -3.72880000000000E+01
 2.00304170000000E+03  -2.99781000000000E+01
 2.00312500000000E+03  -3.07449000000000E+01
 2.00320830000000E+03  -2.87426000000000E+01
 2.00329170000000E+03  -2.35097000000000E+01
 2.00337500000000E+03  -2.77382000000000E+01
 2.00345830000000E+03  -2.75053000000000E+01
 2.00354170000000E+03  -1.22726000000000E+01
 2.00362500000000E+03  -5.57820000000000E+00
 2.00370830000000E+03   1.16100000000000E-01
 2.00379170000000E+03   1.13486000000000E+01
 2.00387500000000E+03   1.15813000000000E+01
 2.00395830000000E+03   2.12755000000000E+01
 2.00404170000000E+03   2.81232000000000E+01
 2.00412500000000E+03   2.25095000000000E+01
 2.00420830000000E+03   1.79727000000000E+01
 2.00429170000000E+03   1.79742000000000E+01
 2.00437500000000E+03   1.25142000000000E+01
 2.00445830000000E+03   1.88234000000000E+01
 2.00454170000000E+03   3.08246000000000E+01
 2.00462500000000E+03   4.05952000000000E+01
 2.00470830000000E+03   2.85196000000000E+01
 2.00479170000000E+03   2.05977000000000E+01
 2.00487500000000E+03   1.76758000000000E+01
 2.00495830000000E+03   2.12154000000000E+01
 2.00504170000000E+03   2.36779000000000E+01
 2.00512500000000E+03   2.31404000000000E+01
 2.00520830000000E+03   2.56799000000000E+01
 2.00529170000000E+03   1.83730000000000E+01
 2.00537500000000E+03   1.02969000000000E+01
 2.00545830000000E+03   1.11439000000000E+01
 2.00554170000000E+03  -5.54790000000000E+00
 2.00562500000000E+03  -2.55472000000000E+01
 2.00570830000000E+03  -4.83927000000000E+01
 2.00579170000000E+03  -4.53153000000000E+01
 2.00587500000000E+03  -4.16994000000000E+01
 2.00595830000000E+03  -3.51605000000000E+01
 2.00604170000000E+03  -4.10064000000000E+01
 2.00612500000000E+03  -4.18522000000000E+01
 2.00620830000000E+03  -4.55442000000000E+01
 2.00629170000000E+03  -4.90056000000000E+01
 2.00637500000000E+03  -2.80054000000000E+01
 2.00645830000000E+03  -2.19284000000000E+01
 2.00654170000000E+03  -1.13131000000000E+01
 2.00662500000000E+03   1.60715000000000E+01
 2.00670830000000E+03   2.66100000000000E+01
 2.00679170000000E+03   3.90712000000000E+01
 2.00687500000000E+03   4.78403000000000E+01
 2.00695830000000E+03   5.69940000000000E+01
 2.00704170000000E+03   6.86858000000000E+01
 2.00712500000000E+03   8.03778000000000E+01
 2.00720830000000E+03   9.29159000000000E+01
 2.00729170000000E+03   9.23768000000000E+01
 2.00737500000000E+03   1.03145600000000E+02
 2.00745830000000E+03   8.93758000000000E+01
 2.00754170000000E+03   8.24520000000000E+01
 2.00762500000000E+03   6.83744000000000E+01
 2.00770830000000E+03   7.32198000000000E+01
 2.00779170000000E+03   6.90650000000000E+01
 2.00787500000000E+03   6.39104000000000E+01
 2.00795830000000E+03   5.41403000000000E+01
 2.00804170000000E+03   5.86007000000000E+01
 2.00812500000000E+03   4.93689000000000E+01
 2.00820830000000E+03   3.80602000000000E+01
 2.00829170000000E+03   1.99820000000000E+01
 2.00837500000000E+03   2.41346000000000E+01
 2.00845830000000E+03   1.97488000000000E+01
 2.00854170000000E+03   1.37474000000000E+01
 2.00862500000000E+03   1.53614000000000E+01
 2.00870830000000E+03   1.25139000000000E+01
 2.00879170000000E+03  -1.32570000000000E+01
 2.00887500000000E+03  -1.84123000000000E+01
 2.00895830000000E+03  -6.56770000000000E+00
 2.00904170000000E+03   2.35350000000000E+00
 2.00912500000000E+03  -1.09700000000000E-01
 2.00920830000000E+03   5.04000000000000E-01
 2.00929170000000E+03   1.55789000000000E+01
 2.00937500000000E+03   3.80790000000000E+00
 2.00945830000000E+03  -3.19400000000000E+00
 2.00954170000000E+03  -1.81962000000000E+01
 2.00962500000000E+03  -2.45059000000000E+01
 2.00970830000000E+03  -2.47387000000000E+01
 2.00979170000000E+03  -2.85872000000000E+01
 2.00987500000000E+03  -1.47432000000000E+01
 2.00995830000000E+03  -4.66850000000000E+00
 2.01004170000000E+03  -6.90180000000000E+00
 2.01012500000000E+03  -3.13490000000000E+00
 2.01020830000000E+03  -1.36810000000000E+00
 2.01029170000000E+03  -9.90920000000000E+00
 2.01037500000000E+03  -4.29630000000000E+00
 2.01045830000000E+03   1.53165000000000E+01
 2.01054170000000E+03   9.39060000000000E+00
 2.01062500000000E+03   1.70802000000000E+01
 2.01070830000000E+03   1.60006000000000E+01
 2.01079170000000E+03   2.15360000000000E+01
 2.01087500000000E+03   2.03024000000000E+01
 2.01095830000000E+03   2.00687000000000E+01
 2.01104170000000E+03   2.27579000000000E+01
 2.01112500000000E+03   2.05241000000000E+01
 2.01120830000000E+03   1.63672000000000E+01
 2.01129170000000E+03   1.70561000000000E+01
 2.01137500000000E+03   1.30529000000000E+01
 2.01145830000000E+03  -3.10420000000000E+00
 2.01154170000000E+03   8.43080000000000E+00
 2.01162500000000E+03   1.27360000000000E+00
 2.01170830000000E+03   1.11630000000000E+00
 2.01179170000000E+03   1.74973000000000E+01
 2.01187500000000E+03   1.11091000000000E+01
 2.01195830000000E+03   1.77978000000000E+01
 2.01204170000000E+03   1.37940000000000E+01
 2.01212500000000E+03   8.86720000000000E+00
 2.01220830000000E+03   1.50173000000000E+01
 2.01229170000000E+03   2.08594000000000E+01
 2.01237500000000E+03   1.92402000000000E+01
 2.01245830000000E+03   2.48516000000000E+01
 2.01254170000000E+03   2.10013000000000E+01
 2.01262500000000E+03   2.99730000000000E+00
 2.01270830000000E+03   5.60850000000000E+00
 2.01279170000000E+03  -6.78040000000000E+00
 2.01287500000000E+03  -1.42462000000000E+01
 2.01295830000000E+03  -1.58658000000000E+01
 2.01304170000000E+03  -1.27165000000000E+01
 2.01312500000000E+03  -1.25670000000000E+01
 2.01320830000000E+03  -1.14176000000000E+01
 2.01329170000000E+03  -3.07300000000000E+01
 2.01337500000000E+03  -3.15038000000000E+01
 2.01345830000000E+03  -3.14315000000000E+01
 2.01354170000000E+03  -2.48979000000000E+01
 2.01362500000000E+03  -4.29026000000000E+01
 2.01370830000000E+03  -4.83689000000000E+01
 2.01379170000000E+03  -4.22970000000000E+01
 2.01387500000000E+03  -3.26096000000000E+01
 2.01395830000000E+03  -3.14607000000000E+01
 2.01404170000000E+03  -2.45428000000000E+01
 2.01412500000000E+03  -3.13941000000000E+01
 2.01420830000000E+03  -3.14761000000000E+01
 2.01429170000000E+03  -4.10199000000000E+01
 2.01437500000000E+03  -3.47944000000000E+01
 2.01445830000000E+03  -5.57997000000000E+01
 2.01454170000000E+03  -5.58052000000000E+01
 2.01462500000000E+03  -5.74260000000000E+01
 2.01470830000000E+03  -4.27391000000000E+01
 2.01479170000000E+03  -3.75141000000000E+01
 2.01487500000000E+03  -3.49043000000000E+01
 2.01495830000000E+03  -2.65253000000000E+01
 2.01504170000000E+03  -1.89158000000000E+01
 2.01512500000000E+03  -1.68446000000000E+01
 2.01520830000000E+03  -1.59273000000000E+01
 2.01529170000000E+03  -2.23180000000000E+01
 2.01537500000000E+03  -1.92470000000000E+01
 2.01545830000000E+03  -7.94520000000000E+00
 2.01554170000000E+03  -1.87450000000000E+00
 2.01562500000000E+03  -1.57290000000000E+00
 2.01570830000000E+03  -1.15021000000000E+01
 2.01579170000000E+03  -1.24316000000000E+01
 2.01587500000000E+03  -1.30532000000000E+01
 2.01595830000000E+03  -2.06749000000000E+01
 2.01604170000000E+03  -2.23738000000000E+01
 2.01612500000000E+03  -2.32264000000000E+01
 2.01620830000000E+03  -2.50021000000000E+01
 2.01629170000000E+03  -2.16242000000000E+01
 2.01637500000000E+03  -2.27846000000000E+01
 2.01645830000000E+03  -1.90220000000000E+01
 2.01654170000000E+03  -2.01058000000000E+01
 2.01662500000000E+03  -2.41895000000000E+01
 2.01670830000000E+03  -3.15040000000000E+01
 2.01679170000000E+03  -1.91265000000000E+01
 2.01687500000000E+03  -1.45949000000000E+01
 2.01695830000000E+03  -7.60190000000000E+00
 2.01704170000000E+03   8.54470000000000E+00
 2.01712500000000E+03   9.38370000000000E+00
 2.01720830000000E+03   9.76120000000000E+00
 2.01729170000000E+03   1.46769000000000E+01
 2.01737500000000E+03   2.39773000000000E+01
 2.01745830000000E+03   3.84315000000000E+01
 2.01754170000000E+03   3.98855000000000E+01
 2.01762500000000E+03   3.34934000000000E+01
 2.01770830000000E+03   3.83321000000000E+01
 2.01779170000000E+03   3.33243000000000E+01
 2.01787500000000E+03   2.40860000000000E+01
 2.01795830000000E+03   1.89245000000000E+01
 2.01804170000000E+03   1.21473000000000E+01
 2.01812500000000E+03   3.37030000000000E+00
 2.01820830000000E+03  -2.25290000000000E+00
 2.01829170000000E+03   5.50820000000000E+00
 2.01837500000000E+03  -8.65360000000000E+00
 2.01845830000000E+03  -2.53539000000000E+01
 2.01854170000000E+03  -2.55160000000000E+01
 2.01862500000000E+03  -3.56010000000000E+01
 2.01870830000000E+03  -3.46861000000000E+01
 2.01879170000000E+03  -2.94638000000000E+01
 2.01887500000000E+03  -2.14720000000000E+01
 2.01895830000000E+03  -1.52496000000000E+01
 2.01904170000000E+03  -1.71970000000000E+00
 2.01912500000000E+03  -4.03590000000000E+00
 2.01920830000000E+03  -1.98200000000000E-01
 2.01929170000000E+03   5.48530000000000E+00
 2.01937500000000E+03  -1.16002000000000E+01
 2.01945830000000E+03  -9.30120000000000E+00
 2.01954170000000E+03   1.92060000000000E+00
 2.01962500000000E+03   1.21950000000000E+00
 2.01970830000000E+03   1.63645000000000E+01
 2.01979170000000E+03   1.69708000000000E+01
 2.01987500000000E+03   2.38080000000000E+01
 2.01995830000000E+03   2.54143000000000E+01
 2.02004170000000E+03   3.07128000000000E+01
 2.02012500000000E+03   2.83190000000000E+01
 2.02020830000000E+03   3.59252000000000E+01
 2.02029170000000E+03   2.91465000000000E+01
 2.02037500000000E+03   2.28295000000000E+01
 2.02045830000000E+03   1.95125000000000E+01
 2.02054170000000E+03   2.43490000000000E+01
 2.02062500000000E+03   1.71857000000000E+01
 2.02070830000000E+03   4.25310000000000E+00
 2.02079170000000E+03   2.01250000000000E+00
 2.02087500000000E+03  -6.89400000000000E-01
 2.02095830000000E+03  -7.00680000000000E+00
 2.02104170000000E+03  -8.70910000000000E+00
 2.02112500000000E+03  -7.10350000000000E+00
 2.02120830000000E+03  -1.35749000000000E+01
 2.02129170000000E+03  -2.03542000000000E+01
 2.02137500000000E+03  -7.21040000000000E+00
 2.02145830000000E+03  -9.12700000000000E-01
 2.02154170000000E+03   1.32308000000000E+01
 2.02162500000000E+03   2.58361000000000E+01
 2.02170830000000E+03   2.37489000000000E+01
 2.02179170000000E+03   2.42769000000000E+01
 2.02187500000000E+03   1.60359000000000E+01
 2.02195830000000E+03   2.49486000000000E+01
 2.02204170000000E+03   3.37072000000000E+01
 2.02212500000000E+03   3.96967000000000E+01
 2.02220830000000E+03   2.89169000000000E+01
 2.02229170000000E+03   3.04445000000000E+01
 2.02237500000000E+03   3.30493000000000E+01
 2.02245830000000E+03   1.33462000000000E+01
 2.02254170000000E+03   7.87370000000000E+00
 2.02262500000000E+03   5.17060000000000E+00
 2.02270830000000E+03  -3.91720000000000E+00
 2.02279170000000E+03  -3.62070000000000E+00
 2.02287500000000E+03  -4.63170000000000E+00
 2.02295830000000E+03  -2.18120000000000E+00
 2.02304170000000E+03  -5.73090000000000E+00
 2.02312500000000E+03  -3.43440000000000E+00
 2.02320830000000E+03  -5.98410000000000E+00
 2.02329170000000E+03   1.20813000000000E+01
 2.02337500000000E+03   2.03777000000000E+01
 2.02345830000000E+03   2.18278000000000E+01
 2.02354170000000E+03   3.92008000000000E+01
 2.02362500000000E+03   5.61124000000000E+01
 2.02370830000000E+03   5.14085000000000E+01
 2.02379170000000E+03   5.26210000000000E+01
 2.02387500000000E+03   6.29025000000000E+01
 2.02395830000000E+03   7.70733000000000E+01
 2.02404170000000E+03   8.77630000000000E+01
 2.02412500000000E+03   9.50417000000000E+01
 2.02420830000000E+03   9.05903000000000E+01
