 1.88904170000000E+03  -1.19043900000000E+02
 1.88912500000000E+03  -8.39141000000000E+01
 1.88920830000000E+03  -6.94908000000000E+01
 1.88929170000000E+03  -7.02619000000000E+01
 1.88937500000000E+03  -5.70837000000000E+01
 1.88945830000000E+03  -5.04433000000000E+01
 1.88954170000000E+03  -2.25246000000000E+01
 1.88962500000000E+03  -4.51122000000000E+01
 1.88970830000000E+03  -3.65461000000000E+01
 1.88979170000000E+03  -3.63648000000000E+01
 1.88987500000000E+03  -3.01834000000000E+01
 1.88995830000000E+03  -1.80791000000000E+01
 1.89004170000000E+03   3.02520000000000E+00
 1.89012500000000E+03   1.20524000000000E+01
 1.89020830000000E+03  -1.30500000000000E+00
 1.89029170000000E+03   1.74913000000000E+01
 1.89037500000000E+03   2.06723000000000E+01
 1.89045830000000E+03  -1.13777000000000E+01
 1.89054170000000E+03  -2.06585000000000E+01
 1.89062500000000E+03  -5.77086000000000E+01
 1.89070830000000E+03  -2.40664000000000E+01
 1.89079170000000E+03  -5.33475000000000E+01
 1.89087500000000E+03  -5.32439000000000E+01
 1.89095830000000E+03  -5.95251000000000E+01
 1.89104170000000E+03  -5.38063000000000E+01
 1.89112500000000E+03  -4.31646000000000E+01
 1.89120830000000E+03  -3.37536000000000E+01
 1.89129170000000E+03  -2.27274000000000E+01
 1.89137500000000E+03  -4.80089000000000E+01
 1.89145830000000E+03  -2.50597000000000E+01
 1.89154170000000E+03   4.81240000000000E+00
 1.89162500000000E+03   8.91530000000000E+00
 1.89170830000000E+03  -5.88000000000000E-02
 1.89179170000000E+03  -1.39561000000000E+01
 1.89187500000000E+03   2.53120000000000E+00
 1.89195830000000E+03   5.09530000000000E+00
 1.89204170000000E+03   1.78132000000000E+01
 1.89212500000000E+03   1.82233000000000E+01
 1.89220830000000E+03   6.32570000000000E+00
 1.89229170000000E+03  -5.34130000000000E+00
 1.89237500000000E+03  -2.09313000000000E+01
 1.89245830000000E+03  -1.50599000000000E+01
 1.89254170000000E+03  -4.77271000000000E+01
 1.89262500000000E+03  -4.87790000000000E+01
 1.89270830000000E+03  -3.84463000000000E+01
 1.89279170000000E+03  -2.98829000000000E+01
 1.89287500000000E+03  -3.23965000000000E+01
 1.89295830000000E+03  -3.04486000000000E+01
 1.89304170000000E+03  -2.71932000000000E+01
 1.89312500000000E+03  -2.33993000000000E+01
 1.89320830000000E+03  -9.37470000000000E+00
 1.89329170000000E+03   7.26510000000000E+00
 1.89337500000000E+03   5.36650000000000E+00
 1.89345830000000E+03   2.74678000000000E+01
 1.89354170000000E+03   2.84920000000000E+01
 1.89362500000000E+03   6.13624000000000E+01
 1.89370830000000E+03   6.20788000000000E+01
 1.89379170000000E+03   4.09490000000000E+01
 1.89387500000000E+03   4.18192000000000E+01
 1.89395830000000E+03   4.59200000000000E+01
 1.89404170000000E+03   5.46361000000000E+01
 1.89412500000000E+03   6.51214000000000E+01
 1.89420830000000E+03   5.86067000000000E+01
 1.89429170000000E+03   3.28610000000000E+01
 1.89437500000000E+03   2.37308000000000E+01
 1.89445830000000E+03   4.21389000000000E+01
 1.89454170000000E+03   3.08530000000000E+00
 1.89462500000000E+03  -2.25837000000000E+01
 1.89470830000000E+03  -4.38681000000000E+01
 1.89479170000000E+03  -5.26142000000000E+01
 1.89487500000000E+03  -5.25911000000000E+01
 1.89495830000000E+03  -4.92603000000000E+01
 1.89504170000000E+03  -3.23912000000000E+01
 1.89512500000000E+03  -2.62145000000000E+01
 1.89520830000000E+03  -3.29609000000000E+01
 1.89529170000000E+03  -9.93820000000000E+00
 1.89537500000000E+03   4.69100000000000E-01
 1.89545830000000E+03  -1.28160000000000E+01
 1.89554170000000E+03  -3.20242000000000E+01
 1.89562500000000E+03  -2.23095000000000E+01
 1.89570830000000E+03   6.78990000000000E+00
 1.89579170000000E+03   2.73520000000000E+00
 1.89587500000000E+03  -4.78100000000000E+00
 1.89595830000000E+03   6.24120000000000E+00
 1.89604170000000E+03   1.43401000000000E+01
 1.89612500000000E+03   7.20830000000000E+00
 1.89620830000000E+03   1.38457000000000E+01
 1.89629170000000E+03   2.23290000000000E+01
 1.89637500000000E+03  -1.80300000000000E+00
 1.89645830000000E+03  -1.23967000000000E+01
 1.89654170000000E+03  -3.40674000000000E+01
 1.89662500000000E+03  -4.05073000000000E+01
 1.89670830000000E+03  -2.82550000000000E+01
 1.89679170000000E+03  -4.97721000000000E+01
 1.89687500000000E+03  -4.96738000000000E+01
 1.89695830000000E+03  -4.11140000000000E+01
 1.89704170000000E+03  -3.54006000000000E+01
 1.89712500000000E+03  -2.84563000000000E+01
 1.89720830000000E+03  -1.60506000000000E+01
 1.89729170000000E+03  -3.19527000000000E+01
 1.89737500000000E+03  -4.02395000000000E+01
 1.89745830000000E+03  -2.29109000000000E+01
 1.89754170000000E+03  -5.82500000000000E-01
 1.89762500000000E+03   3.61305000000000E+01
 1.89770830000000E+03   2.05358000000000E+01
 1.89779170000000E+03   4.40240000000000E+00
 1.89787500000000E+03   1.57306000000000E+01
 1.89795830000000E+03   1.74434000000000E+01
 1.89804170000000E+03   2.26175000000000E+01
 1.89812500000000E+03   2.37916000000000E+01
 1.89820830000000E+03   1.88888000000000E+01
 1.89829170000000E+03  -6.70660000000000E+00
 1.89837500000000E+03  -9.17300000000000E-01
 1.89845830000000E+03   3.66412000000000E+01
 1.89854170000000E+03   4.33534000000000E+01
 1.89862500000000E+03   2.95270000000000E+01
 1.89870830000000E+03   1.35468000000000E+01
 1.89879170000000E+03   3.32588000000000E+01
 1.89887500000000E+03   3.75861000000000E+01
 1.89895830000000E+03   2.89133000000000E+01
 1.89904170000000E+03   2.73174000000000E+01
 1.89912500000000E+03   2.05675000000000E+01
 1.89920830000000E+03   3.95099000000000E+01
 1.89929170000000E+03   6.22984000000000E+01
 1.89937500000000E+03   9.58560000000000E+01
 1.89945830000000E+03   7.77982000000000E+01
 1.89954170000000E+03   3.45095000000000E+01
 1.89962500000000E+03   7.99000000000000E+00
 1.89970830000000E+03  -1.10680000000000E+01
 1.89979170000000E+03  -2.17416000000000E+01
 1.89987500000000E+03  -3.24920000000000E+01
 1.89995830000000E+03  -2.74734000000000E+01
 1.90004170000000E+03  -1.93779000000000E+01
 1.90012500000000E+03  -1.49748000000000E+01
 1.90020830000000E+03  -3.64860000000000E+00
 1.90029170000000E+03  -5.09180000000000E+00
 1.90037500000000E+03  -3.70735000000000E+01
 1.90045830000000E+03  -3.54399000000000E+01
 1.90054170000000E+03  -2.08833000000000E+01
 1.90062500000000E+03  -2.84037000000000E+01
 1.90070830000000E+03  -3.83857000000000E+01
 1.90079170000000E+03  -2.62139000000000E+01
 1.90087500000000E+03  -3.78114000000000E+01
 1.90095830000000E+03  -3.33321000000000E+01
 1.90104170000000E+03  -3.96221000000000E+01
 1.90112500000000E+03  -3.39891000000000E+01
 1.90120830000000E+03  -4.15100000000000E+01
 1.90129170000000E+03  -3.98002000000000E+01
 1.90137500000000E+03  -5.20905000000000E+01
 1.90145830000000E+03  -2.99962000000000E+01
 1.90154170000000E+03  -2.95174000000000E+01
 1.90162500000000E+03  -5.22694000000000E+01
 1.90170830000000E+03  -4.10215000000000E+01
 1.90179170000000E+03  -4.24660000000000E+01
 1.90187500000000E+03  -3.96798000000000E+01
 1.90195830000000E+03  -2.70475000000000E+01
 1.90204170000000E+03  -1.81076000000000E+01
 1.90212500000000E+03  -3.70620000000000E+00
 1.90220830000000E+03  -1.10741000000000E+01
 1.90229170000000E+03  -3.05760000000000E+00
 1.90237500000000E+03  -2.54256000000000E+01
 1.90245830000000E+03  -3.64861000000000E+01
 1.90254170000000E+03  -3.97774000000000E+01
 1.90262500000000E+03  -3.12995000000000E+01
 1.90270830000000E+03   4.63980000000000E+00
 1.90279170000000E+03   8.27130000000000E+00
 1.90287500000000E+03   2.16721000000000E+01
 1.90295830000000E+03   9.99580000000000E+00
 1.90304170000000E+03   2.06271000000000E+01
 1.90312500000000E+03   3.47969000000000E+01
 1.90320830000000E+03   3.21204000000000E+01
 1.90329170000000E+03   5.58284000000000E+01
 1.90337500000000E+03   6.96133000000000E+01
 1.90345830000000E+03   7.56290000000000E+01
 1.90354170000000E+03   8.30290000000000E+01
 1.90362500000000E+03   7.11214000000000E+01
 1.90370830000000E+03   1.31368000000000E+01
 1.90379170000000E+03   3.30590000000000E+00
 1.90387500000000E+03  -3.67880000000000E+00
 1.90395830000000E+03  -2.12520000000000E+00
 1.90404170000000E+03   7.81290000000000E+00
 1.90412500000000E+03   1.10587000000000E+01
 1.90420830000000E+03  -1.72340000000000E+01
 1.90429170000000E+03  -9.98840000000000E+00
 1.90437500000000E+03  -1.46659000000000E+01
 1.90445830000000E+03  -1.74204000000000E+01
 1.90454170000000E+03  -3.28900000000000E-01
 1.90462500000000E+03  -1.60400000000000E-01
 1.90470830000000E+03  -5.99210000000000E+00
 1.90479170000000E+03   9.79150000000000E+00
 1.90487500000000E+03  -9.57870000000000E+00
 1.90495830000000E+03  -1.55644000000000E+01
 1.90504170000000E+03  -1.28579000000000E+01
 1.90512500000000E+03  -3.30530000000000E+00
 1.90520830000000E+03  -5.44510000000000E+00
 1.90529170000000E+03   1.71843000000000E+01
 1.90537500000000E+03   6.04440000000000E+00
 1.90545830000000E+03  -4.01870000000000E+00
 1.90554170000000E+03   1.37960000000000E+00
 1.90562500000000E+03  -5.29700000000000E-01
 1.90570830000000E+03   2.79160000000000E+00
 1.90579170000000E+03  -8.65640000000000E+00
 1.90587500000000E+03  -1.14891000000000E+01
 1.90595830000000E+03  -6.16790000000000E+00
 1.90604170000000E+03   7.61000000000000E-02
 1.90612500000000E+03   7.55090000000000E+00
 1.90620830000000E+03  -3.89740000000000E+00
 1.90629170000000E+03   3.46400000000000E-01
 1.90637500000000E+03  -2.02510000000000E+00
 1.90645830000000E+03   1.49110000000000E+01
 1.90654170000000E+03   1.37700000000000E+01
 1.90662500000000E+03   2.24430000000000E+00
 1.90670830000000E+03  -4.12750000000000E+00
 1.90679170000000E+03  -2.65764000000000E+01
 1.90687500000000E+03  -1.46407000000000E+01
 1.90695830000000E+03   1.67950000000000E+00
 1.90704170000000E+03   8.69190000000000E+00
 1.90712500000000E+03   2.44736000000000E+01
 1.90720830000000E+03   1.63321000000000E+01
 1.90729170000000E+03   2.64981000000000E+01
 1.90737500000000E+03   1.66641000000000E+01
 1.90745830000000E+03   7.44550000000000E+00
 1.90754170000000E+03   3.38050000000000E+00
 1.90762500000000E+03   1.37002000000000E+01
 1.90770830000000E+03  -1.32110000000000E+01
 1.90779170000000E+03  -3.15838000000000E+01
 1.90787500000000E+03  -2.71875000000000E+01
 1.90795830000000E+03  -3.08681000000000E+01
 1.90804170000000E+03  -4.08566000000000E+01
 1.90812500000000E+03  -3.30758000000000E+01
 1.90820830000000E+03  -4.10644000000000E+01
 1.90829170000000E+03  -5.49761000000000E+01
 1.90837500000000E+03  -4.49648000000000E+01
 1.90845830000000E+03  -4.43382000000000E+01
 1.90854170000000E+03  -3.16348000000000E+01
 1.90862500000000E+03  -5.00852000000000E+01
 1.90870830000000E+03  -7.89973000000000E+01
 1.90879170000000E+03  -6.54479000000000E+01
 1.90887500000000E+03  -6.05909000000000E+01
 1.90895830000000E+03  -6.16570000000000E+01
 1.90904170000000E+03  -4.21848000000000E+01
 1.90912500000000E+03  -3.31742000000000E+01
 1.90920830000000E+03  -4.10867000000000E+01
 1.90929170000000E+03  -2.62301000000000E+01
 1.90937500000000E+03  -1.14270000000000E+00
 1.90945830000000E+03   7.79070000000000E+00
 1.90954170000000E+03   2.94163000000000E+01
 1.90962500000000E+03   2.69650000000000E+01
 1.90970830000000E+03   2.68213000000000E+01
 1.90979170000000E+03   3.80621000000000E+01
 1.90987500000000E+03   3.64567000000000E+01
 1.90995830000000E+03   4.63897000000000E+01
 1.91004170000000E+03   6.07841000000000E+01
 1.91012500000000E+03   5.51016000000000E+01
 1.91020830000000E+03   4.60344000000000E+01
 1.91029170000000E+03   3.78132000000000E+01
 1.91037500000000E+03   3.57458000000000E+01
 1.91045830000000E+03   3.61399000000000E+01
 1.91054170000000E+03   1.54569000000000E+01
 1.91062500000000E+03   1.60048000000000E+01
 1.91070830000000E+03  -1.06014000000000E+01
 1.91079170000000E+03  -2.20760000000000E+00
 1.91087500000000E+03  -7.42930000000000E+00
 1.91095830000000E+03  -7.27900000000000E-01
 1.91104170000000E+03  -2.48820000000000E+00
 1.91112500000000E+03  -7.63320000000000E+00
 1.91120830000000E+03  -4.54740000000000E+00
 1.91129170000000E+03   3.38440000000000E+00
 1.91137500000000E+03   3.37777000000000E+01
 1.91145830000000E+03   2.15555000000000E+01
 1.91154170000000E+03  -4.66680000000000E+00
 1.91162500000000E+03  -3.96600000000000E+00
 1.91170830000000E+03  -1.41115000000000E+01
 1.91179170000000E+03  -3.02630000000000E+00
 1.91187500000000E+03  -4.09500000000000E+00
 1.91195830000000E+03   4.83630000000000E+00
 1.91204170000000E+03   2.61360000000000E+00
 1.91212500000000E+03   1.98524000000000E+01
 1.91220830000000E+03   1.90142000000000E+01
 1.91229170000000E+03   1.70989000000000E+01
 1.91237500000000E+03   3.44913000000000E+01
 1.91245830000000E+03   5.18837000000000E+01
 1.91254170000000E+03   3.14297000000000E+01
 1.91262500000000E+03   5.16681000000000E+01
 1.91270830000000E+03   7.11372000000000E+01
 1.91279170000000E+03   5.07599000000000E+01
 1.91287500000000E+03   4.11519000000000E+01
 1.91295830000000E+03   4.56977000000000E+01
 1.91304170000000E+03   4.25510000000000E+01
 1.91312500000000E+03   4.40966000000000E+01
 1.91320830000000E+03   2.19498000000000E+01
 1.91329170000000E+03   2.51875000000000E+01
 1.91337500000000E+03   5.66560000000000E+01
 1.91345830000000E+03   6.48937000000000E+01
 1.91354170000000E+03   3.24388000000000E+01
 1.91362500000000E+03   6.32917000000000E+01
 1.91370830000000E+03   6.76830000000000E+01
 1.91379170000000E+03   4.28433000000000E+01
 1.91387500000000E+03   4.55421000000000E+01
 1.91395830000000E+03   4.99332000000000E+01
 1.91404170000000E+03   4.94010000000000E+01
 1.91412500000000E+03   5.04073000000000E+01
 1.91420830000000E+03   6.97212000000000E+01
 1.91429170000000E+03   6.65734000000000E+01
 1.91437500000000E+03   7.75025000000000E+01
 1.91445830000000E+03   6.08162000000000E+01
 1.91454170000000E+03   3.88990000000000E+01
 1.91462500000000E+03   2.75971000000000E+01
 1.91470830000000E+03   2.75680000000000E+00
 1.91479170000000E+03  -1.08530000000000E+01
 1.91487500000000E+03  -2.30012000000000E+01
 1.91495830000000E+03  -2.67649000000000E+01
 1.91504170000000E+03  -9.83640000000000E+00
 1.91512500000000E+03  -8.60030000000000E+00
 1.91520830000000E+03  -1.00565000000000E+01
 1.91529170000000E+03  -4.71282000000000E+01
 1.91537500000000E+03  -2.80461000000000E+01
 1.91545830000000E+03  -3.50410000000000E+01
 1.91554170000000E+03  -1.65745000000000E+01
 1.91562500000000E+03  -1.87233000000000E+01
 1.91570830000000E+03  -2.89492000000000E+01
 1.91579170000000E+03  -2.45599000000000E+01
 1.91587500000000E+03  -2.37859000000000E+01
 1.91595830000000E+03  -3.24270000000000E+00
 1.91604170000000E+03   6.14640000000000E+00
 1.91612500000000E+03   1.92020000000000E+00
 1.91620830000000E+03  -9.21500000000000E-01
 1.91629170000000E+03   2.21597000000000E+01
 1.91637500000000E+03   5.30871000000000E+01
 1.91645830000000E+03   5.50144000000000E+01
 1.91654170000000E+03   2.65570000000000E+01
 1.91662500000000E+03  -2.23620000000000E+01
 1.91670830000000E+03  -4.32811000000000E+01
 1.91679170000000E+03  -2.95849000000000E+01
 1.91687500000000E+03  -4.63502000000000E+01
 1.91695830000000E+03  -4.91926000000000E+01
 1.91704170000000E+03  -5.96505000000000E+01
 1.91712500000000E+03  -4.94160000000000E+01
 1.91720830000000E+03  -3.56432000000000E+01
 1.91729170000000E+03  -5.71670000000000E+00
 1.91737500000000E+03  -8.67100000000000E-01
 1.91745830000000E+03  -9.70990000000000E+00
 1.91754170000000E+03  -6.32210000000000E+00
 1.91762500000000E+03   2.26042000000000E+01
 1.91770830000000E+03   7.37660000000000E+00
 1.91779170000000E+03   5.61030000000000E+00
 1.91787500000000E+03  -1.00020000000000E+01
 1.91795830000000E+03   1.20778000000000E+01
 1.91804170000000E+03   2.25421000000000E+01
 1.91812500000000E+03   3.06218000000000E+01
 1.91820830000000E+03   5.06245000000000E+01
 1.91829170000000E+03   3.93194000000000E+01
 1.91837500000000E+03   8.16810000000000E+00
 1.91845830000000E+03   3.24500000000000E-01
 1.91854170000000E+03  -6.44240000000000E+00
 1.91862500000000E+03  -2.81324000000000E+01
 1.91870830000000E+03  -3.97455000000000E+01
 1.91879170000000E+03  -2.02818000000000E+01
 1.91887500000000E+03  -2.15105000000000E+01
 1.91895830000000E+03   1.18390000000000E+00
 1.91904170000000E+03  -1.98800000000000E-01
 1.91912500000000E+03   9.34150000000000E+00
 1.91920830000000E+03   2.08818000000000E+01
 1.91929170000000E+03  -1.09627000000000E+01
 1.91937500000000E+03  -2.48071000000000E+01
 1.91945830000000E+03  -1.49593000000000E+01
 1.91954170000000E+03  -1.19579000000000E+01
 1.91962500000000E+03   9.35130000000000E+00
 1.91970830000000E+03   2.40450000000000E+01
 1.91979170000000E+03   3.23539000000000E+01
 1.91987500000000E+03   3.63552000000000E+01
 1.91995830000000E+03   5.02794000000000E+01
 1.92004170000000E+03   5.52035000000000E+01
 1.92012500000000E+03   5.79738000000000E+01
 1.92020830000000E+03   4.20517000000000E+01
 1.92029170000000E+03   1.08986000000000E+01
 1.92037500000000E+03   9.97640000000000E+00
 1.92045830000000E+03   6.82330000000000E+00
 1.92054170000000E+03   3.13623000000000E+01
 1.92062500000000E+03  -1.02170000000000E+00
 1.92070830000000E+03  -6.09810000000000E+00
 1.92079170000000E+03  -2.47131000000000E+01
 1.92087500000000E+03  -3.77127000000000E+01
 1.92095830000000E+03  -4.49432000000000E+01
 1.92104170000000E+03  -4.44815000000000E+01
 1.92112500000000E+03  -5.07121000000000E+01
 1.92120830000000E+03  -5.53274000000000E+01
 1.92129170000000E+03  -4.48660000000000E+01
 1.92137500000000E+03  -3.77891000000000E+01
 1.92145830000000E+03  -7.25080000000000E+00
 1.92154170000000E+03  -1.27126000000000E+01
 1.92162500000000E+03  -5.45590000000000E+01
 1.92170830000000E+03  -5.04825000000000E+01
 1.92179170000000E+03  -7.14061000000000E+01
 1.92187500000000E+03  -5.98681000000000E+01
 1.92195830000000E+03  -5.16379000000000E+01
 1.92204170000000E+03  -3.54848000000000E+01
 1.92212500000000E+03  -2.47163000000000E+01
 1.92220830000000E+03  -2.76401000000000E+01
 1.92229170000000E+03  -3.97949000000000E+01
 1.92237500000000E+03  -2.97189000000000E+01
 1.92245830000000E+03   3.58780000000000E+00
 1.92254170000000E+03  -5.49030000000000E+00
 1.92262500000000E+03  -7.49150000000000E+00
 1.92270830000000E+03  -2.08004000000000E+01
 1.92279170000000E+03  -3.26480000000000E+01
 1.92287500000000E+03  -2.28801000000000E+01
 1.92295830000000E+03  -1.86508000000000E+01
 1.92304170000000E+03  -1.46524000000000E+01
 1.92312500000000E+03  -6.50010000000000E+00
 1.92320830000000E+03  -1.27100000000000E+00
 1.92329170000000E+03   3.03425000000000E+01
 1.92337500000000E+03   6.70330000000000E+01
 1.92345830000000E+03   5.27235000000000E+01
 1.92354170000000E+03   2.01060000000000E+01
 1.92362500000000E+03  -5.12680000000000E+00
 1.92370830000000E+03   8.48650000000000E+00
 1.92379170000000E+03   2.43304000000000E+01
 1.92387500000000E+03   4.27897000000000E+01
 1.92395830000000E+03   4.38643000000000E+01
 1.92404170000000E+03   4.76311000000000E+01
 1.92412500000000E+03   5.33978000000000E+01
 1.92420830000000E+03   5.67799000000000E+01
 1.92429170000000E+03   5.19310000000000E+01
 1.92437500000000E+03   2.46207000000000E+01
 1.92445830000000E+03   2.13102000000000E+01
 1.92454170000000E+03   4.46919000000000E+01
 1.92462500000000E+03   7.01506000000000E+01
 1.92470830000000E+03   6.87630000000000E+01
 1.92479170000000E+03   6.49906000000000E+01
 1.92487500000000E+03   6.56029000000000E+01
 1.92495830000000E+03   6.59843000000000E+01
 1.92504170000000E+03   6.12117000000000E+01
 1.92512500000000E+03   6.00545000000000E+01
 1.92520830000000E+03   6.68203000000000E+01
 1.92529170000000E+03   5.88167000000000E+01
 1.92537500000000E+03   5.23516000000000E+01
 1.92545830000000E+03   6.96557000000000E+01
 1.92554170000000E+03   4.98057000000000E+01
 1.92562500000000E+03   1.46481000000000E+01
 1.92570830000000E+03   6.18270000000000E+00
 1.92579170000000E+03   7.94800000000000E+00
 1.92587500000000E+03   1.09440000000000E+01
 1.92595830000000E+03   1.80168000000000E+01
 1.92604170000000E+03   2.21664000000000E+01
 1.92612500000000E+03   3.43930000000000E+01
 1.92620830000000E+03   3.92348000000000E+01
 1.92629170000000E+03   3.86919000000000E+01
 1.92637500000000E+03   4.31490000000000E+01
 1.92645830000000E+03   4.74522000000000E+01
 1.92654170000000E+03   4.56014000000000E+01
 1.92662500000000E+03   4.45967000000000E+01
 1.92670830000000E+03   5.51305000000000E+01
 1.92679170000000E+03   5.50487000000000E+01
 1.92687500000000E+03   5.78130000000000E+01
 1.92695830000000E+03   6.83465000000000E+01
 1.92704170000000E+03   6.64953000000000E+01
 1.92712500000000E+03   7.51825000000000E+01
 1.92720830000000E+03   8.53312000000000E+01
 1.92729170000000E+03   9.15566000000000E+01
 1.92737500000000E+03   8.17052000000000E+01
 1.92745830000000E+03   4.30844000000000E+01
 1.92754170000000E+03   5.85404000000000E+01
 1.92762500000000E+03   4.95348000000000E+01
 1.92770830000000E+03   2.85292000000000E+01
 1.92779170000000E+03   1.47542000000000E+01
 1.92787500000000E+03  -5.86690000000000E+00
 1.92795830000000E+03   4.05040000000000E+00
 1.92804170000000E+03   7.58280000000000E+00
 1.92812500000000E+03   1.54230000000000E+01
 1.92820830000000E+03   4.72470000000000E+00
 1.92829170000000E+03  -1.12770000000000E+00
 1.92837500000000E+03   1.45585000000000E+01
 1.92845830000000E+03   1.45522000000000E+01
 1.92854170000000E+03   2.33150000000000E+01
 1.92862500000000E+03  -1.52299000000000E+01
 1.92870830000000E+03  -3.29286000000000E+01
 1.92879170000000E+03  -2.20891000000000E+01
 1.92887500000000E+03  -2.03265000000000E+01
 1.92895830000000E+03  -5.41010000000000E+00
 1.92904170000000E+03  -1.15708000000000E+01
 1.92912500000000E+03  -1.45008000000000E+01
 1.92920830000000E+03  -1.61231000000000E+01
 1.92929170000000E+03   8.10060000000000E+00
 1.92937500000000E+03   1.20166000000000E+01
 1.92945830000000E+03   1.04711000000000E+01
 1.92954170000000E+03   2.53099000000000E+01
 1.92962500000000E+03   1.34565000000000E+01
 1.92970830000000E+03   2.76030000000000E+01
 1.92979170000000E+03   1.42108000000000E+01
 1.92987500000000E+03   1.87418000000000E+01
 1.92995830000000E+03   2.38112000000000E+01
 1.93004170000000E+03   2.91111000000000E+01
 1.93012500000000E+03   3.94111000000000E+01
 1.93020830000000E+03   3.31725000000000E+01
 1.93029170000000E+03   4.87030000000000E+01
 1.93037500000000E+03   5.09259000000000E+01
 1.93045830000000E+03   3.24563000000000E+01
 1.93054170000000E+03   1.16020000000000E+01
 1.93062500000000E+03  -1.37138000000000E+01
 1.93070830000000E+03  -2.87590000000000E+00
 1.93079170000000E+03  -6.49970000000000E+00
 1.93087500000000E+03   9.03040000000000E+00
 1.93095830000000E+03   1.74835000000000E+01
 1.93104170000000E+03   3.82441000000000E+01
 1.93112500000000E+03   3.46971000000000E+01
 1.93120830000000E+03   2.49961000000000E+01
 1.93129170000000E+03   4.01411000000000E+01
 1.93137500000000E+03   2.22861000000000E+01
 1.93145830000000E+03   1.44311000000000E+01
 1.93154170000000E+03   3.91913000000000E+01
 1.93162500000000E+03   1.17207000000000E+01
 1.93170830000000E+03   5.48080000000000E+00
 1.93179170000000E+03   2.42408000000000E+01
 1.93187500000000E+03   3.00008000000000E+01
 1.93195830000000E+03   2.82222000000000E+01
 1.93204170000000E+03   3.21358000000000E+01
 1.93212500000000E+03   1.56648000000000E+01
 1.93220830000000E+03   2.71168000000000E+01
 1.93229170000000E+03   4.55687000000000E+01
 1.93237500000000E+03   4.10974000000000E+01
 1.93245830000000E+03   4.46261000000000E+01
 1.93254170000000E+03   1.76162000000000E+01
 1.93262500000000E+03  -4.54750000000000E+00
 1.93270830000000E+03   8.44250000000000E+00
 1.93279170000000E+03   1.30477000000000E+01
 1.93287500000000E+03  -1.11620000000000E+00
 1.93295830000000E+03  -2.12640000000000E+00
 1.93304170000000E+03   7.09400000000000E+00
 1.93312500000000E+03   6.77590000000000E+00
 1.93320830000000E+03   1.22710000000000E+00
 1.93329170000000E+03  -5.09120000000000E+00
 1.93337500000000E+03  -3.37172000000000E+01
 1.93345830000000E+03  -6.54201000000000E+01
 1.93354170000000E+03  -6.11232000000000E+01
 1.93362500000000E+03  -5.25186000000000E+01
 1.93370830000000E+03  -5.95295000000000E+01
 1.93379170000000E+03  -7.07712000000000E+01
 1.93387500000000E+03  -6.72438000000000E+01
 1.93395830000000E+03  -6.35625000000000E+01
 1.93404170000000E+03  -6.31122000000000E+01
 1.93412500000000E+03  -5.96619000000000E+01
 1.93420830000000E+03  -5.88271000000000E+01
 1.93429170000000E+03  -2.36847000000000E+01
 1.93437500000000E+03  -3.30038000000000E+01
 1.93445830000000E+03  -2.55538000000000E+01
 1.93454170000000E+03  -8.41160000000000E+00
 1.93462500000000E+03   3.65370000000000E+00
 1.93470830000000E+03  -1.80504000000000E+01
 1.93479170000000E+03  -1.38315000000000E+01
 1.93487500000000E+03  -1.88434000000000E+01
 1.93495830000000E+03  -1.62399000000000E+01
 1.93504170000000E+03  -2.71360000000000E+00
 1.93512500000000E+03  -2.95640000000000E+00
 1.93520830000000E+03   1.33391000000000E+01
 1.93529170000000E+03   3.59421000000000E+01
 1.93537500000000E+03   1.30837000000000E+01
 1.93545830000000E+03   1.72252000000000E+01
 1.93554170000000E+03   3.75972000000000E+01
 1.93562500000000E+03   3.22770000000000E+01
 1.93570830000000E+03  -7.35100000000000E+00
 1.93579170000000E+03   9.48240000000000E+00
 1.93587500000000E+03  -1.07611000000000E+01
 1.93595830000000E+03   6.45680000000000E+00
 1.93604170000000E+03   1.96746000000000E+01
 1.93612500000000E+03   1.54309000000000E+01
 1.93620830000000E+03   1.29563000000000E+01
 1.93629170000000E+03   1.27892000000000E+01
 1.93637500000000E+03  -6.76240000000000E+00
 1.93645830000000E+03   1.78397000000000E+01
 1.93654170000000E+03  -6.86600000000000E+00
 1.93662500000000E+03  -9.49480000000000E+00
 1.93670830000000E+03  -7.50830000000000E+00
 1.93679170000000E+03   9.34000000000000E-02
 1.93687500000000E+03  -2.07400000000000E+00
 1.93695830000000E+03   2.70661000000000E+01
 1.93704170000000E+03   4.09753000000000E+01
 1.93712500000000E+03   2.55769000000000E+01
 1.93720830000000E+03   3.29476000000000E+01
 1.93729170000000E+03   2.98566000000000E+01
 1.93737500000000E+03   1.09964000000000E+01
 1.93745830000000E+03  -9.17160000000000E+00
 1.93754170000000E+03  -1.51859000000000E+01
 1.93762500000000E+03   1.07500000000000E-01
 1.93770830000000E+03  -9.06800000000000E-01
 1.93779170000000E+03   2.30940000000000E+00
 1.93787500000000E+03   1.29490000000000E+00
 1.93795830000000E+03   1.58188000000000E+01
 1.93804170000000E+03   9.03480000000000E+00
 1.93812500000000E+03   5.58600000000000E-01
 1.93820830000000E+03   3.92840000000000E+00
 1.93829170000000E+03   2.35288000000000E+01
 1.93837500000000E+03   6.69754000000000E+01
 1.93845830000000E+03   4.93450000000000E+01
 1.93854170000000E+03   6.19452000000000E+01
 1.93862500000000E+03   4.79301000000000E+01
 1.93870830000000E+03   3.98379000000000E+01
 1.93879170000000E+03   2.26687000000000E+01
 1.93887500000000E+03   1.09610000000000E+01
 1.93895830000000E+03   1.41763000000000E+01
 1.93904170000000E+03   1.04684000000000E+01
 1.93912500000000E+03   7.83740000000000E+00
 1.93920830000000E+03   3.05250000000000E+00
 1.93929170000000E+03  -2.27325000000000E+01
 1.93937500000000E+03  -3.28253000000000E+01
 1.93945830000000E+03  -6.88411000000000E+01
 1.93954170000000E+03  -7.43957000000000E+01
 1.93962500000000E+03  -1.02411700000000E+02
 1.93970830000000E+03  -1.09658600000000E+02
 1.93979170000000E+03  -1.03674800000000E+02
 1.93987500000000E+03  -1.10691100000000E+02
 1.93995830000000E+03  -1.02015100000000E+02
 1.94004170000000E+03  -9.25701000000000E+01
 1.94012500000000E+03  -8.92019000000000E+01
 1.94020830000000E+03  -6.46031000000000E+01
 1.94029170000000E+03  -6.54659000000000E+01
 1.94037500000000E+03  -1.00980000000000E+01
 1.94045830000000E+03  -2.71917000000000E+01
 1.94054170000000E+03  -6.12855000000000E+01
 1.94062500000000E+03  -5.44563000000000E+01
 1.94070830000000E+03  -4.11656000000000E+01
 1.94079170000000E+03  -6.44904000000000E+01
 1.94087500000000E+03  -6.69691000000000E+01
 1.94095830000000E+03  -6.32940000000000E+01
 1.94104170000000E+03  -5.21575000000000E+01
 1.94112500000000E+03  -3.64825000000000E+01
 1.94120830000000E+03  -5.26538000000000E+01
 1.94129170000000E+03  -6.85944000000000E+01
 1.94137500000000E+03  -8.63043000000000E+01
 1.94145830000000E+03  -9.87835000000000E+01
 1.94154170000000E+03  -1.30493600000000E+02
 1.94162500000000E+03  -1.19742100000000E+02
 1.94170830000000E+03  -1.37375400000000E+02
 1.94179170000000E+03  -1.39470300000000E+02
 1.94187500000000E+03  -1.18642200000000E+02
 1.94195830000000E+03  -1.13660200000000E+02
 1.94204170000000E+03  -1.05678500000000E+02
 1.94212500000000E+03  -1.06389000000000E+02
 1.94220830000000E+03  -1.11407300000000E+02
 1.94229170000000E+03  -7.69642000000000E+01
 1.94237500000000E+03  -7.45211000000000E+01
 1.94245830000000E+03  -3.00781000000000E+01
 1.94254170000000E+03  -4.63275000000000E+01
 1.94262500000000E+03   7.88460000000000E+00
 1.94270830000000E+03   2.70197000000000E+01
 1.94279170000000E+03   7.03085000000000E+01
 1.94287500000000E+03   7.99819000000000E+01
 1.94295830000000E+03   7.93476000000000E+01
 1.94304170000000E+03   8.69439000000000E+01
 1.94312500000000E+03   9.73094000000000E+01
 1.94320830000000E+03   1.00136400000000E+02
 1.94329170000000E+03   9.34247000000000E+01
 1.94337500000000E+03   8.23285000000000E+01
 1.94345830000000E+03   7.44630000000000E+01
 1.94354170000000E+03   8.38280000000000E+01
 1.94362500000000E+03   7.48085000000000E+01
 1.94370830000000E+03   5.20197000000000E+01
 1.94379170000000E+03   4.76153000000000E+01
 1.94387500000000E+03   2.86724000000000E+01
 1.94395830000000E+03   3.97295000000000E+01
 1.94404170000000E+03   4.51711000000000E+01
 1.94412500000000E+03   4.29204000000000E+01
 1.94420830000000E+03   4.64388000000000E+01
 1.94429170000000E+03   4.21109000000000E+01
 1.94437500000000E+03   5.13215000000000E+01
 1.94445830000000E+03   4.36858000000000E+01
 1.94454170000000E+03   4.56654000000000E+01
 1.94462500000000E+03   2.64142000000000E+01
 1.94470830000000E+03   3.62399000000000E+01
 1.94479170000000E+03   3.35269000000000E+01
 1.94487500000000E+03   4.08140000000000E+01
 1.94495830000000E+03   5.11010000000000E+01
 1.94504170000000E+03   4.82340000000000E+01
 1.94512500000000E+03   4.70593000000000E+01
 1.94520830000000E+03   4.49614000000000E+01
 1.94529170000000E+03   4.14788000000000E+01
 1.94537500000000E+03   3.50731000000000E+01
 1.94545830000000E+03   2.90520000000000E+01
 1.94554170000000E+03   2.72615000000000E+01
 1.94562500000000E+03   4.70863000000000E+01
 1.94570830000000E+03   1.79111000000000E+01
 1.94579170000000E+03   1.53511000000000E+01
 1.94587500000000E+03   3.71430000000000E+00
 1.94595830000000E+03   1.80773000000000E+01
 1.94604170000000E+03   2.06709000000000E+01
 1.94612500000000E+03   2.88800000000000E+01
 1.94620830000000E+03   4.53198000000000E+01
 1.94629170000000E+03   3.89132000000000E+01
 1.94637500000000E+03   3.55066000000000E+01
 1.94645830000000E+03   3.65615000000000E+01
 1.94654170000000E+03  -2.99910000000000E+00
 1.94662500000000E+03  -6.50213000000000E+01
 1.94670830000000E+03  -9.58127000000000E+01
 1.94679170000000E+03  -7.05274000000000E+01
 1.94687500000000E+03  -9.30883000000000E+01
 1.94695830000000E+03  -7.98799000000000E+01
 1.94704170000000E+03  -8.86718000000000E+01
 1.94712500000000E+03  -1.09617500000000E+02
 1.94720830000000E+03  -1.14255500000000E+02
 1.94729170000000E+03  -1.45278400000000E+02
 1.94737500000000E+03  -1.13301200000000E+02
 1.94745830000000E+03  -1.14939400000000E+02
 1.94754170000000E+03  -9.86548000000000E+01
 1.94762500000000E+03  -7.65240000000000E+01
 1.94770830000000E+03  -2.46240000000000E+01
 1.94779170000000E+03  -1.83396000000000E+01
 1.94787500000000E+03  -3.79013000000000E+01
 1.94795830000000E+03  -1.28477000000000E+01
 1.94804170000000E+03  -1.02558000000000E+01
 1.94812500000000E+03  -3.97160000000000E+00
 1.94820830000000E+03   2.78510000000000E+01
 1.94829170000000E+03   3.72888000000000E+01
 1.94837500000000E+03   6.26498000000000E+01
 1.94845830000000E+03   5.01645000000000E+01
 1.94854170000000E+03   7.07559000000000E+01
 1.94862500000000E+03   7.60397000000000E+01
 1.94870830000000E+03   6.83234000000000E+01
 1.94879170000000E+03   8.08377000000000E+01
 1.94887500000000E+03   7.68136000000000E+01
 1.94895830000000E+03   8.36356000000000E+01
 1.94904170000000E+03   7.71497000000000E+01
 1.94912500000000E+03   7.79715000000000E+01
 1.94920830000000E+03   6.53317000000000E+01
 1.94929170000000E+03   6.86917000000000E+01
 1.94937500000000E+03   6.25902000000000E+01
 1.94945830000000E+03   8.31810000000000E+01
 1.94954170000000E+03   6.42331000000000E+01
 1.94962500000000E+03   5.22083000000000E+01
 1.94970830000000E+03   3.39527000000000E+01
 1.94979170000000E+03   5.62353000000000E+01
 1.94987500000000E+03   3.73642000000000E+01
 1.94995830000000E+03   4.63391000000000E+01
 1.95004170000000E+03   5.36216000000000E+01
 1.95012500000000E+03   6.48271000000000E+01
 1.95020830000000E+03   8.74172000000000E+01
 1.95029170000000E+03   1.03545600000000E+02
 1.95037500000000E+03   9.14432000000000E+01
 1.95045830000000E+03   8.84177000000000E+01
 1.95054170000000E+03   6.22382000000000E+01
 1.95062500000000E+03   6.61356000000000E+01
 1.95070830000000E+03   4.55714000000000E+01
 1.95079170000000E+03   4.95455000000000E+01
 1.95087500000000E+03   2.55196000000000E+01
 1.95095830000000E+03   3.25706000000000E+01
 1.95104170000000E+03   2.91599000000000E+01
 1.95112500000000E+03   3.49030000000000E+01
 1.95120830000000E+03   3.42615000000000E+01
 1.95129170000000E+03  -2.99570000000000E+00
 1.95137500000000E+03  -8.68100000000000E-01
 1.95145830000000E+03   2.82594000000000E+01
 1.95154170000000E+03   3.90020000000000E+01
 1.95162500000000E+03   4.01293000000000E+01
 1.95170830000000E+03   2.67181000000000E+01
 1.95179170000000E+03   2.59990000000000E+01
 1.95187500000000E+03   1.67415000000000E+01
 1.95195830000000E+03   3.89455000000000E+01
 1.95204170000000E+03   4.26877000000000E+01
 1.95212500000000E+03   4.88915000000000E+01
 1.95220830000000E+03   5.37875000000000E+01
 1.95229170000000E+03   5.55295000000000E+01
 1.95237500000000E+03   6.91947000000000E+01
 1.95245830000000E+03   6.07059000000000E+01
 1.95254170000000E+03   2.52938000000000E+01
 1.95262500000000E+03   3.18950000000000E+00
 1.95270830000000E+03  -1.51457000000000E+01
 1.95279170000000E+03  -4.94260000000000E+00
 1.95287500000000E+03  -6.35480000000000E+00
 1.95295830000000E+03  -5.76710000000000E+00
 1.95304170000000E+03  -4.10400000000000E-01
 1.95312500000000E+03   9.56180000000000E+00
 1.95320830000000E+03   1.53031000000000E+01
 1.95329170000000E+03   4.35190000000000E+00
 1.95337500000000E+03   1.55546000000000E+01
 1.95345830000000E+03   1.62188000000000E+01
 1.95354170000000E+03   1.26740000000000E+00
 1.95362500000000E+03  -2.33762000000000E+01
 1.95370830000000E+03  -2.77892000000000E+01
 1.95379170000000E+03  -3.21254000000000E+01
 1.95387500000000E+03  -3.70001000000000E+01
 1.95395830000000E+03  -2.75671000000000E+01
 1.95404170000000E+03  -1.06728000000000E+01
 1.95412500000000E+03  -1.11631000000000E+01
 1.95420830000000E+03   6.88510000000000E+00
 1.95429170000000E+03   1.88561000000000E+01
 1.95437500000000E+03   2.62118000000000E+01
 1.95445830000000E+03   3.75674000000000E+01
 1.95454170000000E+03   3.55382000000000E+01
 1.95462500000000E+03   3.85090000000000E+01
 1.95470830000000E+03   4.61721000000000E+01
 1.95479170000000E+03   4.79889000000000E+01
 1.95487500000000E+03   7.04210000000000E+01
 1.95495830000000E+03   7.83147000000000E+01
 1.95504170000000E+03   7.19004000000000E+01
 1.95512500000000E+03   5.87939000000000E+01
 1.95520830000000E+03   6.43796000000000E+01
 1.95529170000000E+03   5.52729000000000E+01
 1.95537500000000E+03   3.95507000000000E+01
 1.95545830000000E+03   5.91363000000000E+01
 1.95554170000000E+03   4.07216000000000E+01
 1.95562500000000E+03   1.17685000000000E+01
 1.95570830000000E+03   2.12300000000000E+00
 1.95579170000000E+03   6.09270000000000E+00
 1.95587500000000E+03   8.44710000000000E+00
 1.95595830000000E+03  -2.81400000000000E+00
 1.95604170000000E+03   8.38620000000000E+00
 1.95612500000000E+03   2.72019000000000E+01
 1.95620830000000E+03   2.85560000000000E+01
 1.95629170000000E+03   2.03714000000000E+01
 1.95637500000000E+03   3.49460000000000E+00
 1.95645830000000E+03  -2.22850000000000E+00
 1.95654170000000E+03  -2.31056000000000E+01
 1.95662500000000E+03  -2.70596000000000E+01
 1.95670830000000E+03  -4.16740000000000E+00
 1.95679170000000E+03  -7.27550000000000E+00
 1.95687500000000E+03  -1.15374000000000E+01
 1.95695830000000E+03  -1.44148000000000E+01
 1.95704170000000E+03  -1.35231000000000E+01
 1.95712500000000E+03  -9.93900000000000E+00
 1.95720830000000E+03  -7.89350000000000E+00
 1.95729170000000E+03   1.07672000000000E+01
 1.95737500000000E+03   5.19720000000000E+00
 1.95745830000000E+03   1.21655000000000E+01
 1.95754170000000E+03   2.09029000000000E+01
 1.95762500000000E+03   2.23327000000000E+01
 1.95770830000000E+03  -7.92990000000000E+00
 1.95779170000000E+03  -1.80389000000000E+01
 1.95787500000000E+03  -4.45550000000000E+00
 1.95795830000000E+03   2.89710000000000E+00
 1.95804170000000E+03   1.79417000000000E+01
 1.95812500000000E+03   2.44480000000000E+01
 1.95820830000000E+03   1.60311000000000E+01
 1.95829170000000E+03   1.33832000000000E+01
 1.95837500000000E+03  -8.49540000000000E+00
 1.95845830000000E+03   1.70290000000000E+00
 1.95854170000000E+03   1.54394000000000E+01
 1.95862500000000E+03  -5.82400000000000E+00
 1.95870830000000E+03  -2.87798000000000E+01
 1.95879170000000E+03  -8.19740000000000E+00
 1.95887500000000E+03  -8.99950000000000E+00
 1.95895830000000E+03  -8.18620000000000E+00
 1.95904170000000E+03  -1.91170000000000E+00
 1.95912500000000E+03  -1.30217000000000E+01
 1.95920830000000E+03  -2.32087000000000E+01
 1.95929170000000E+03  -1.39344000000000E+01
 1.95937500000000E+03  -3.37369000000000E+01
 1.95945830000000E+03  -3.00780000000000E+01
 1.95954170000000E+03  -4.71885000000000E+01
 1.95962500000000E+03  -7.73758000000000E+01
 1.95970830000000E+03  -9.94864000000000E+01
 1.95979170000000E+03  -9.76740000000000E+01
 1.95987500000000E+03  -1.09553900000000E+02
 1.95995830000000E+03  -9.48185000000000E+01
 1.96004170000000E+03  -8.39294000000000E+01
 1.96012500000000E+03  -7.65019000000000E+01
 1.96020830000000E+03  -7.47667000000000E+01
 1.96029170000000E+03  -7.73394000000000E+01
 1.96037500000000E+03  -7.02966000000000E+01
 1.96045830000000E+03  -5.34078000000000E+01
 1.96054170000000E+03  -5.71346000000000E+01
 1.96062500000000E+03  -4.33228000000000E+01
 1.96070830000000E+03  -2.11265000000000E+01
 1.96079170000000E+03   5.14650000000000E+00
 1.96087500000000E+03   1.66504000000000E+01
 1.96095830000000E+03   3.53849000000000E+01
 1.96104170000000E+03   4.57346000000000E+01
 1.96112500000000E+03   5.15459000000000E+01
 1.96120830000000E+03   5.10495000000000E+01
 1.96129170000000E+03   6.99375000000000E+01
 1.96137500000000E+03   8.40562000000000E+01
 1.96145830000000E+03   7.64057000000000E+01
 1.96154170000000E+03   9.23704000000000E+01
 1.96162500000000E+03   1.01642800000000E+02
 1.96170830000000E+03   8.27613000000000E+01
 1.96179170000000E+03   6.08796000000000E+01
 1.96187500000000E+03   6.85364000000000E+01
 1.96195830000000E+03   6.89624000000000E+01
 1.96204170000000E+03   6.43882000000000E+01
 1.96212500000000E+03   7.26602000000000E+01
 1.96220830000000E+03   6.72398000000000E+01
 1.96229170000000E+03   6.85115000000000E+01
 1.96237500000000E+03   4.30140000000000E+01
 1.96245830000000E+03   3.65165000000000E+01
 1.96254170000000E+03  -7.75050000000000E+00
 1.96262500000000E+03  -6.10944000000000E+01
 1.96270830000000E+03  -8.40537000000000E+01
 1.96279170000000E+03  -9.13978000000000E+01
 1.96287500000000E+03  -9.41265000000000E+01
 1.96295830000000E+03  -9.89321000000000E+01
 1.96304170000000E+03  -1.02661100000000E+02
 1.96312500000000E+03  -9.44669000000000E+01
 1.96320830000000E+03  -1.03580500000000E+02
 1.96329170000000E+03  -9.63866000000000E+01
 1.96337500000000E+03  -7.17311000000000E+01
 1.96345830000000E+03  -6.15372000000000E+01
 1.96354170000000E+03  -6.24973000000000E+01
 1.96362500000000E+03  -3.65344000000000E+01
 1.96370830000000E+03  -5.09561000000000E+01
 1.96379170000000E+03  -4.44549000000000E+01
 1.96387500000000E+03  -2.96460000000000E+01
 1.96395830000000E+03  -1.97602000000000E+01
 1.96404170000000E+03  -1.26439000000000E+01
 1.96412500000000E+03  -8.37370000000000E+00
 1.96420830000000E+03  -6.02660000000000E+00
 1.96429170000000E+03  -1.63720000000000E+01
 1.96437500000000E+03  -1.62559000000000E+01
 1.96445830000000E+03  -3.58321000000000E+01
 1.96454170000000E+03  -2.42547000000000E+01
 1.96462500000000E+03  -3.19849000000000E+01
 1.96470830000000E+03  -3.86382000000000E+01
 1.96479170000000E+03  -6.52250000000000E+00
 1.96487500000000E+03  -4.48370000000000E+00
 1.96495830000000E+03  -1.75270000000000E+00
 1.96504170000000E+03   5.20890000000000E+00
 1.96512500000000E+03   4.93980000000000E+00
 1.96520830000000E+03   1.63629000000000E+01
 1.96529170000000E+03   9.70890000000000E+00
 1.96537500000000E+03   1.43627000000000E+01
 1.96545830000000E+03   2.31702000000000E+01
 1.96554170000000E+03  -5.56090000000000E+00
 1.96562500000000E+03  -1.94459000000000E+01
 1.96570830000000E+03   2.05380000000000E+00
 1.96579170000000E+03  -3.75450000000000E+00
 1.96587500000000E+03   2.36030000000000E+00
 1.96595830000000E+03   1.13982000000000E+01
 1.96604170000000E+03   1.64358000000000E+01
 1.96612500000000E+03   1.29351000000000E+01
 1.96620830000000E+03   2.24343000000000E+01
 1.96629170000000E+03   1.20871000000000E+01
 1.96637500000000E+03   1.11246000000000E+01
 1.96645830000000E+03   2.94697000000000E+01
 1.96654170000000E+03   8.04540000000000E+00
 1.96662500000000E+03   3.68519000000000E+01
 1.96670830000000E+03   6.98121000000000E+01
 1.96679170000000E+03   5.30030000000000E+01
 1.96687500000000E+03   6.91170000000000E+01
 1.96695830000000E+03   6.86924000000000E+01
 1.96704170000000E+03   6.81907000000000E+01
 1.96712500000000E+03   6.96122000000000E+01
 1.96720830000000E+03   7.29566000000000E+01
 1.96729170000000E+03   1.07762400000000E+02
 1.96737500000000E+03   1.19876000000000E+02
 1.96745830000000E+03   1.37604800000000E+02
 1.96754170000000E+03   1.28795000000000E+02
 1.96762500000000E+03   1.17062200000000E+02
 1.96770830000000E+03   1.17175400000000E+02
 1.96779170000000E+03   7.94423000000000E+01
 1.96787500000000E+03   7.11708000000000E+01
 1.96795830000000E+03   7.05915000000000E+01
 1.96804170000000E+03   6.24736000000000E+01
 1.96812500000000E+03   5.98172000000000E+01
 1.96820830000000E+03   5.42377000000000E+01
 1.96829170000000E+03   6.41965000000000E+01
 1.96837500000000E+03   9.30910000000000E+00
 1.96845830000000E+03  -6.19360000000000E+00
 1.96854170000000E+03  -2.78505000000000E+01
 1.96862500000000E+03  -5.61227000000000E+01
 1.96870830000000E+03  -8.75487000000000E+01
 1.96879170000000E+03  -1.04128900000000E+02
 1.96887500000000E+03  -1.07709000000000E+02
 1.96895830000000E+03  -1.03058300000000E+02
 1.96904170000000E+03  -1.00638700000000E+02
 1.96912500000000E+03  -8.94498000000000E+01
 1.96920830000000E+03  -8.24917000000000E+01
 1.96929170000000E+03  -7.35338000000000E+01
 1.96937500000000E+03  -5.18066000000000E+01
 1.96945830000000E+03  -6.51564000000000E+01
 1.96954170000000E+03  -8.43526000000000E+01
 1.96962500000000E+03  -8.33949000000000E+01
 1.96970830000000E+03  -6.79757000000000E+01
 1.96979170000000E+03  -2.64029000000000E+01
 1.96987500000000E+03  -3.45992000000000E+01
 1.96995830000000E+03  -3.34879000000000E+01
 1.97004170000000E+03  -1.53769000000000E+01
 1.97012500000000E+03  -1.77273000000000E+01
 1.97020830000000E+03  -8.15470000000000E+00
 1.97029170000000E+03   7.41770000000000E+00
 1.97037500000000E+03   2.12979000000000E+01
 1.97045830000000E+03  -2.11298000000000E+01
 1.97054170000000E+03   5.90400000000000E+00
 1.97062500000000E+03   2.53993000000000E+01
 1.97070830000000E+03   1.19714000000000E+01
 1.97079170000000E+03  -2.68740000000000E+00
 1.97087500000000E+03  -1.95769000000000E+01
 1.97095830000000E+03  -1.42357000000000E+01
 1.97104170000000E+03  -1.30486000000000E+01
 1.97112500000000E+03  -2.17076000000000E+01
 1.97120830000000E+03  -2.13666000000000E+01
 1.97129170000000E+03  -1.81028000000000E+01
 1.97137500000000E+03  -2.19928000000000E+01
 1.97145830000000E+03  -4.06520000000000E+01
 1.97154170000000E+03  -7.13884000000000E+01
 1.97162500000000E+03  -1.00894000000000E+02
 1.97170830000000E+03  -1.19091900000000E+02
 1.97179170000000E+03  -1.11213200000000E+02
 1.97187500000000E+03  -1.03949700000000E+02
 1.97195830000000E+03  -8.80709000000000E+01
 1.97204170000000E+03  -9.01924000000000E+01
 1.97212500000000E+03  -8.72369000000000E+01
 1.97220830000000E+03  -9.61275000000000E+01
 1.97229170000000E+03  -9.62492000000000E+01
 1.97237500000000E+03  -8.38324000000000E+01
 1.97245830000000E+03  -8.71079000000000E+01
 1.97254170000000E+03  -9.94605000000000E+01
 1.97262500000000E+03  -5.42747000000000E+01
 1.97270830000000E+03  -4.00119000000000E+01
 1.97279170000000E+03  -2.55187000000000E+01
 1.97287500000000E+03  -2.92561000000000E+01
 1.97295830000000E+03  -3.20705000000000E+01
 1.97304170000000E+03  -3.33467000000000E+01
 1.97312500000000E+03  -2.92382000000000E+01
 1.97320830000000E+03  -2.45143000000000E+01
 1.97329170000000E+03  -1.99446000000000E+01
 1.97337500000000E+03   1.77022000000000E+01
 1.97345830000000E+03   1.28873000000000E+01
 1.97354170000000E+03   9.22610000000000E+00
 1.97362500000000E+03   1.77957000000000E+01
 1.97370830000000E+03  -2.05578000000000E+01
 1.97379170000000E+03  -3.67577000000000E+01
 1.97387500000000E+03  -4.55730000000000E+01
 1.97395830000000E+03  -4.18498000000000E+01
 1.97404170000000E+03  -2.38192000000000E+01
 1.97412500000000E+03  -2.61731000000000E+01
 1.97420830000000E+03  -1.14240000000000E+00
 1.97429170000000E+03  -3.42800000000000E-01
 1.97437500000000E+03   1.72262000000000E+01
 1.97445830000000E+03   2.38720000000000E+01
 1.97454170000000E+03   4.01330000000000E+01
 1.97462500000000E+03   1.60863000000000E+01
 1.97470830000000E+03  -1.91200000000000E-01
 1.97479170000000E+03   1.51465000000000E+01
 1.97487500000000E+03   2.45612000000000E+01
 1.97495830000000E+03   2.53604000000000E+01
 1.97504170000000E+03   2.60825000000000E+01
 1.97512500000000E+03   1.11892000000000E+01
 1.97520830000000E+03   2.70652000000000E+01
 1.97529170000000E+03   3.24850000000000E+00
 1.97537500000000E+03   4.20120000000000E+00
 1.97545830000000E+03   2.15390000000000E+00
 1.97554170000000E+03  -1.78168000000000E+01
 1.97562500000000E+03  -7.55566000000000E+01
 1.97570830000000E+03  -8.19119000000000E+01
 1.97579170000000E+03  -8.47290000000000E+01
 1.97587500000000E+03  -8.55459000000000E+01
 1.97595830000000E+03  -7.97476000000000E+01
 1.97604170000000E+03  -7.72572000000000E+01
 1.97612500000000E+03  -8.87667000000000E+01
 1.97620830000000E+03  -8.71993000000000E+01
 1.97629170000000E+03  -1.05016800000000E+02
 1.97637500000000E+03  -9.26804000000000E+01
 1.97645830000000E+03  -9.72671000000000E+01
 1.97654170000000E+03  -1.15700200000000E+02
 1.97662500000000E+03  -1.41517800000000E+02
 1.97670830000000E+03  -1.26643200000000E+02
 1.97679170000000E+03  -9.91534000000000E+01
 1.97687500000000E+03  -1.01663600000000E+02
 1.97695830000000E+03  -9.50969000000000E+01
 1.97704170000000E+03  -8.94535000000000E+01
 1.97712500000000E+03  -9.28100000000000E+01
 1.97720830000000E+03  -7.47051000000000E+01
 1.97729170000000E+03  -6.09849000000000E+01
 1.97737500000000E+03  -1.51109000000000E+01
 1.97745830000000E+03  -2.66216000000000E+01
 1.97754170000000E+03  -2.03632000000000E+01
 1.97762500000000E+03  -4.14894000000000E+01
 1.97770830000000E+03  -3.04619000000000E+01
 1.97779170000000E+03  -4.80499000000000E+01
 1.97787500000000E+03  -7.58686000000000E+01
 1.97795830000000E+03  -5.73028000000000E+01
 1.97804170000000E+03  -5.27372000000000E+01
 1.97812500000000E+03  -5.01715000000000E+01
 1.97820830000000E+03  -1.96059000000000E+01
 1.97829170000000E+03  -1.68867000000000E+01
 1.97837500000000E+03  -2.47510000000000E+00
 1.97845830000000E+03  -6.94481000000000E+01
 1.97854170000000E+03  -7.83445000000000E+01
 1.97862500000000E+03  -1.06548500000000E+02
 1.97870830000000E+03  -7.99834000000000E+01
 1.97879170000000E+03  -9.61876000000000E+01
 1.97887500000000E+03  -8.06226000000000E+01
 1.97895830000000E+03  -6.66731000000000E+01
 1.97904170000000E+03  -6.48006000000000E+01
 1.97912500000000E+03  -6.00051000000000E+01
 1.97920830000000E+03  -4.72865000000000E+01
 1.97929170000000E+03  -8.10297000000000E+01
 1.97937500000000E+03  -6.54651000000000E+01
 1.97945830000000E+03  -7.00544000000000E+01
 1.97954170000000E+03  -5.39517000000000E+01
 1.97962500000000E+03  -6.08489000000000E+01
 1.97970830000000E+03  -6.10538000000000E+01
 1.97979170000000E+03  -7.07205000000000E+01
 1.97987500000000E+03  -8.00025000000000E+01
 1.97995830000000E+03  -7.09769000000000E+01
 1.98004170000000E+03  -6.46438000000000E+01
 1.98012500000000E+03  -5.83876000000000E+01
 1.98020830000000E+03  -5.19776000000000E+01
 1.98029170000000E+03  -4.22601000000000E+01
 1.98037500000000E+03  -2.12349000000000E+01
 1.98045830000000E+03  -1.33635000000000E+01
 1.98054170000000E+03  -1.90309000000000E+01
 1.98062500000000E+03  -1.64674000000000E+01
 1.98070830000000E+03   3.71140000000000E+00
 1.98079170000000E+03   4.73610000000000E+00
 1.98087500000000E+03   5.83780000000000E+00
 1.98095830000000E+03   2.59395000000000E+01
 1.98104170000000E+03   2.49640000000000E+01
 1.98112500000000E+03   2.35271000000000E+01
 1.98120830000000E+03   2.00900000000000E+01
 1.98129170000000E+03   3.88836000000000E+01
 1.98137500000000E+03   4.86772000000000E+01
 1.98145830000000E+03   6.63938000000000E+01
 1.98154170000000E+03   3.00332000000000E+01
 1.98162500000000E+03   8.74970000000000E+00
 1.98170830000000E+03   5.38920000000000E+00
 1.98179170000000E+03  -7.66390000000000E+00
 1.98187500000000E+03   2.75139000000000E+01
 1.98220830000000E+03   4.26856000000000E+01
 1.98229170000000E+03   4.46321000000000E+01
 1.98237500000000E+03   7.54249000000000E+01
 1.98245830000000E+03   1.08756000000000E+02
 1.98254170000000E+03   1.55317600000000E+02
 1.98262500000000E+03   1.14571700000000E+02
 1.98270830000000E+03   9.07487000000000E+01
 1.98279170000000E+03   6.48486000000000E+01
 1.98287500000000E+03   7.17178000000000E+01
 1.98295830000000E+03   7.62793000000000E+01
 1.98304170000000E+03   8.28405000000000E+01
 1.98312500000000E+03   8.60941000000000E+01
 1.98320830000000E+03   9.25784000000000E+01
 1.98329170000000E+03   1.21139400000000E+02
 1.98337500000000E+03   1.23008200000000E+02
 1.98345830000000E+03   1.07723000000000E+02
 1.98354170000000E+03   1.07283800000000E+02
 1.98362500000000E+03   4.00755000000000E+01
 1.98370830000000E+03   2.66363000000000E+01
 1.98379170000000E+03   2.88910000000000E+00
 1.98387500000000E+03  -1.02425000000000E+01
 1.98395830000000E+03   5.08730000000000E+00
 1.98404170000000E+03   1.24938000000000E+01
 1.98412500000000E+03   2.00542000000000E+01
 1.98420830000000E+03   1.56915000000000E+01
 1.98429170000000E+03  -1.89023000000000E+01
 1.98437500000000E+03  -6.58036000000000E+01
 1.98470830000000E+03  -6.97944000000000E+01
 1.98487500000000E+03  -1.00136500000000E+02
 1.98495830000000E+03  -1.27499900000000E+02
 1.98504170000000E+03  -9.60943000000000E+01
 1.98512500000000E+03  -6.06116000000000E+01
 1.98520830000000E+03  -4.43598000000000E+01
 1.98529170000000E+03  -2.04160000000000E+01
 1.98537500000000E+03  -1.36259000000000E+01
 1.98554170000000E+03  -6.96910000000000E+00
 1.98562500000000E+03  -5.74100000000000E+01
 1.98570830000000E+03  -5.01587000000000E+01
 1.98579170000000E+03  -5.31383000000000E+01
 1.98587500000000E+03  -4.47333000000000E+01
 1.98595830000000E+03  -5.37898000000000E+01
 1.98604170000000E+03  -3.83851000000000E+01
 1.98612500000000E+03  -3.78264000000000E+01
 1.98620830000000E+03  -4.73447000000000E+01
 1.98629170000000E+03  -3.72479000000000E+01
 1.98637500000000E+03  -1.29971000000000E+01
 1.98645830000000E+03  -5.02080000000000E+01
 1.98654170000000E+03  -7.72652000000000E+01
 1.98662500000000E+03  -9.88608000000000E+01
 1.98670830000000E+03  -5.99180000000000E+01
 1.98679170000000E+03  -5.61293000000000E+01
 1.98687500000000E+03  -3.92636000000000E+01
 1.98704170000000E+03  -2.98402000000000E+01
 1.98712500000000E+03  -7.05170000000000E+00
 1.98720830000000E+03  -1.03240000000000E+00
 1.98729170000000E+03   4.29430000000000E+00
 1.98745830000000E+03   7.48630000000000E+00
 1.98754170000000E+03   8.42820000000000E+00
 1.98762500000000E+03   7.44710000000000E+00
 1.98770830000000E+03   4.40044000000000E+01
 1.98779170000000E+03   3.35615000000000E+01
 1.98787500000000E+03   3.31955000000000E+01
 1.98795830000000E+03   3.95988000000000E+01
 1.98804170000000E+03   5.33864000000000E+01
 1.98812500000000E+03   6.82510000000000E+01
 1.98820830000000E+03   7.73463000000000E+01
 1.98829170000000E+03   6.68260000000000E+01
 1.98837500000000E+03   6.93827000000000E+01
 1.98845830000000E+03   8.17855000000000E+01
 1.98854170000000E+03   9.49573000000000E+01
 1.98862500000000E+03   1.06052300000000E+02
 1.98870830000000E+03   9.99164000000000E+01
 1.98879170000000E+03   6.99341000000000E+01
 1.98887500000000E+03   7.37211000000000E+01
 1.98895830000000E+03   7.88927000000000E+01
 1.98904170000000E+03   7.33717000000000E+01
 1.98912500000000E+03   6.72355000000000E+01
 1.98920830000000E+03   5.17145000000000E+01
 1.98929170000000E+03   5.24241000000000E+01
 1.98937500000000E+03   5.59800000000000E+01
 1.98945830000000E+03   5.82280000000000E+01
 1.98954170000000E+03   6.64759000000000E+01
 1.98962500000000E+03   5.93392000000000E+01
 1.98970830000000E+03   3.85101000000000E+01
 1.98979170000000E+03   2.39116000000000E+01
 1.98987500000000E+03   5.65439000000000E+01
 1.98995830000000E+03   9.90992000000000E+01
 1.99004170000000E+03   8.12697000000000E+01
 1.99070830000000E+03   7.20933000000000E+01
 1.99079170000000E+03   5.36478000000000E+01
 1.99087500000000E+03   4.01254000000000E+01
 1.99095830000000E+03   2.35260000000000E+01
 1.99104170000000E+03   9.31100000000000E+00
 1.99112500000000E+03  -3.67320000000000E+00
 1.99120830000000E+03  -2.83497000000000E+01
 1.99129170000000E+03  -3.73342000000000E+01
 1.99137500000000E+03  -3.15494000000000E+01
 1.99145830000000E+03  -2.13030000000000E+01
 1.99154170000000E+03  -2.77493000000000E+01
 1.99162500000000E+03  -4.94262000000000E+01
 1.99170830000000E+03  -2.37185000000000E+01
 1.99179170000000E+03  -1.00111000000000E+01
 1.99187500000000E+03  -9.22670000000000E+00
 1.99195830000000E+03  -7.21160000000000E+00
 1.99204170000000E+03  -9.04290000000000E+00
 1.99212500000000E+03   8.74130000000000E+00
 1.99220830000000E+03   1.18331000000000E+01
 1.99229170000000E+03   2.61700000000000E+00
 1.99237500000000E+03   2.44779000000000E+01
 1.99245830000000E+03   1.68003000000000E+01
 1.99254170000000E+03   4.94301000000000E+01
 1.99262500000000E+03   4.52908000000000E+01
 1.99270830000000E+03   2.34591000000000E+01
 1.99279170000000E+03   6.31950000000000E+00
 1.99287500000000E+03  -5.58930000000000E+00
 1.99295830000000E+03   5.01900000000000E-01
 1.99304170000000E+03   1.86697000000000E+01
 1.99312500000000E+03   2.24530000000000E+01
 1.99320830000000E+03   3.90100000000000E-01
 1.99329170000000E+03  -9.51920000000000E+00
 1.99337500000000E+03  -2.05053000000000E+01
 1.99345830000000E+03  -1.97992000000000E+01
 1.99354170000000E+03  -1.63180000000000E+00
 1.99362500000000E+03  -7.62335000000000E+01
 1.99370830000000E+03  -5.70661000000000E+01
 1.99379170000000E+03  -5.17451000000000E+01
 1.99387500000000E+03  -3.19624000000000E+01
 1.99395830000000E+03  -2.81029000000000E+01
 1.99404170000000E+03  -2.03205000000000E+01
 1.99412500000000E+03  -1.49227000000000E+01
 1.99420830000000E+03  -1.57557000000000E+01
 1.99429170000000E+03   4.71870000000000E+00
 1.99445830000000E+03   4.36677000000000E+01
 1.99454170000000E+03   7.64496000000000E+01
 1.99462500000000E+03   8.70009000000000E+01
 1.99470830000000E+03   7.83213000000000E+01
 1.99479170000000E+03   9.86414000000000E+01
 1.99487500000000E+03   6.95002000000000E+01
 1.99495830000000E+03   7.45896000000000E+01
 1.99504170000000E+03   6.68326000000000E+01
 1.99512500000000E+03   6.94603000000000E+01
 1.99520830000000E+03   6.99341000000000E+01
 1.99529170000000E+03   7.07154000000000E+01
 1.99537500000000E+03   6.90352000000000E+01
 1.99545830000000E+03   3.16626000000000E+01
 1.99554170000000E+03  -4.05563000000000E+01
 1.99562500000000E+03  -8.20829000000000E+01
 1.99570830000000E+03  -1.53609500000000E+02
 1.99579170000000E+03  -1.88444100000000E+02
 1.99587500000000E+03  -1.89278600000000E+02
 1.99595830000000E+03  -1.82113100000000E+02
 1.99604170000000E+03  -1.82332500000000E+02
 1.99612500000000E+03  -1.88167200000000E+02
 1.99620830000000E+03  -1.69386600000000E+02
 1.99629170000000E+03  -1.51298500000000E+02
 1.99637500000000E+03  -1.69518000000000E+02
 1.99645830000000E+03  -1.81045300000000E+02
 1.99654170000000E+03  -1.25880500000000E+02
 1.99670830000000E+03  -8.37047000000000E+01
 1.99679170000000E+03  -6.41555000000000E+01
 1.99687500000000E+03  -3.92986000000000E+01
 1.99695830000000E+03  -2.87494000000000E+01
 1.99704170000000E+03  -2.66619000000000E+01
 1.99712500000000E+03  -2.75744000000000E+01
 1.99720830000000E+03  -1.47947000000000E+01
 1.99729170000000E+03   8.29250000000000E+00
 1.99737500000000E+03  -1.16971000000000E+01
 1.99745830000000E+03  -3.24560000000000E+01
 1.99754170000000E+03  -1.26767000000000E+01
 1.99762500000000E+03   2.05642000000000E+01
 1.99770830000000E+03  -7.50270000000000E+00
 1.99779170000000E+03  -1.24928000000000E+01
 1.99787500000000E+03  -2.05598000000000E+01
 1.99795830000000E+03  -1.39346000000000E+01
 1.99804170000000E+03   1.92120000000000E+00
 1.99812500000000E+03   1.40848000000000E+01
 1.99820830000000E+03   1.76329000000000E+01
 1.99829170000000E+03   3.24884000000000E+01
 1.99837500000000E+03   2.03441000000000E+01
 1.99845830000000E+03   4.10458000000000E+01
 1.99854170000000E+03   5.75165000000000E+01
 1.99862500000000E+03   6.56797000000000E+01
 1.99870830000000E+03   4.09196000000000E+01
 1.99879170000000E+03   3.57747000000000E+01
 1.99887500000000E+03   2.89376000000000E+01
 1.99895830000000E+03   3.92543000000000E+01
 1.99904170000000E+03   3.73400000000000E+01
 1.99912500000000E+03   2.57335000000000E+01
 1.99920830000000E+03   2.68961000000000E+01
 1.99929170000000E+03   3.59815000000000E+01
 1.99937500000000E+03   1.99132000000000E+01
 1.99945830000000E+03   5.34602000000000E+01
 1.99954170000000E+03   6.09301000000000E+01
 1.99962500000000E+03   7.02462000000000E+01
 1.99970830000000E+03   5.30237000000000E+01
 1.99979170000000E+03   4.58780000000000E+01
 1.99987500000000E+03   4.51169000000000E+01
 1.99995830000000E+03   5.25096000000000E+01
 2.00004170000000E+03   5.05175000000000E+01
 2.00012500000000E+03   4.84486000000000E+01
 2.00020830000000E+03   4.73795000000000E+01
 2.00029170000000E+03   5.96179000000000E+01
 2.00037500000000E+03   6.77795000000000E+01
 2.00045830000000E+03   7.55564000000000E+01
 2.00054170000000E+03   4.27177000000000E+01
 2.00062500000000E+03   1.75714000000000E+01
 2.00070830000000E+03  -2.28058000000000E+01
 2.00079170000000E+03  -3.01062000000000E+01
 2.00087500000000E+03  -3.26374000000000E+01
 2.00095830000000E+03  -3.07071000000000E+01
 2.00104170000000E+03  -2.83924000000000E+01
 2.00112500000000E+03  -2.10007000000000E+01
 2.00120830000000E+03  -7.83980000000000E+00
 2.00129170000000E+03   1.91670000000000E+01
 2.00137500000000E+03   1.48661000000000E+01
 2.00145830000000E+03   2.71910000000000E+00
 2.00154170000000E+03   9.64870000000000E+00
 2.00162500000000E+03   4.89631000000000E+01
 2.00170830000000E+03   5.64312000000000E+01
 2.00179170000000E+03   5.98221000000000E+01
 2.00187500000000E+03   5.68286000000000E+01
 2.00195830000000E+03   6.99888000000000E+01
 2.00204170000000E+03   7.34564000000000E+01
 2.00212500000000E+03   7.07703000000000E+01
 2.00220830000000E+03   6.36996000000000E+01
 2.00229170000000E+03   5.80901000000000E+01
 2.00237500000000E+03   2.97115000000000E+01
 2.00245830000000E+03  -1.12057000000000E+01
 2.00254170000000E+03  -5.07700000000000E-01
 2.00262500000000E+03  -3.56558000000000E+01
 2.00270830000000E+03  -8.56501000000000E+01
 2.00279170000000E+03  -9.94138000000000E+01
 2.00287500000000E+03  -8.92544000000000E+01
 2.00295830000000E+03  -7.90951000000000E+01
 2.00304170000000E+03  -7.83976000000000E+01
 2.00312500000000E+03  -7.58538000000000E+01
 2.00320830000000E+03  -6.97716000000000E+01
 2.00329170000000E+03  -6.20742000000000E+01
 2.00337500000000E+03  -5.97614000000000E+01
 2.00345830000000E+03  -4.39871000000000E+01
 2.00354170000000E+03  -5.52080000000000E+00
 2.00362500000000E+03  -1.05928000000000E+01
 2.00370830000000E+03  -2.43410000000000E+00
 2.00379170000000E+03  -7.50650000000000E+00
 2.00387500000000E+03  -2.50180000000000E+00
 2.00395830000000E+03   2.81050000000000E+00
 2.00404170000000E+03   8.14900000000000E-01
 2.00412500000000E+03   4.58860000000000E+00
 2.00420830000000E+03   2.28237000000000E+01
 2.00429170000000E+03   2.95971000000000E+01
 2.00437500000000E+03   3.59091000000000E+01
 2.00445830000000E+03   4.88363000000000E+01
 2.00454170000000E+03   7.17633000000000E+01
 2.00462500000000E+03   4.14596000000000E+01
 2.00470830000000E+03   2.12328000000000E+01
 2.00479170000000E+03   1.37750000000000E+01
 2.00487500000000E+03   2.10865000000000E+01
 2.00495830000000E+03   2.17056000000000E+01
 2.00504170000000E+03   1.80168000000000E+01
 2.00512500000000E+03   2.42512000000000E+01
 2.00520830000000E+03   2.35624000000000E+01
 2.00529170000000E+03   5.64260000000000E+00
 2.00537500000000E+03   1.58767000000000E+01
 2.00545830000000E+03   5.11080000000000E+00
 2.00554170000000E+03  -2.47323000000000E+01
 2.00562500000000E+03  -6.75753000000000E+01
 2.00570830000000E+03  -6.40338000000000E+01
 2.00579170000000E+03  -5.23386000000000E+01
 2.00587500000000E+03  -4.60280000000000E+01
 2.00595830000000E+03  -5.09482000000000E+01
 2.00604170000000E+03  -5.20995000000000E+01
 2.00612500000000E+03  -4.84044000000000E+01
 2.00620830000000E+03  -4.83249000000000E+01
 2.00629170000000E+03  -3.17071000000000E+01
 2.00637500000000E+03   1.75690000000000E+00
 2.00645830000000E+03   1.36824000000000E+01
 2.00654170000000E+03   6.13769000000000E+01
 2.00662500000000E+03   6.96100000000000E+01
 2.00670830000000E+03   8.01506000000000E+01
 2.00679170000000E+03   8.06911000000000E+01
 2.00687500000000E+03   7.98470000000000E+01
 2.00695830000000E+03   8.62336000000000E+01
 2.00704170000000E+03   1.09389200000000E+02
 2.00712500000000E+03   1.17391000000000E+02
 2.00720830000000E+03   1.20931200000000E+02
 2.00729170000000E+03   1.13163500000000E+02
 2.00737500000000E+03   1.03472800000000E+02
 2.00745830000000E+03   8.65513000000000E+01
 2.00754170000000E+03   7.85526000000000E+01
 2.00762500000000E+03   5.07848000000000E+01
 2.00770830000000E+03   7.49400000000000E+01
 2.00779170000000E+03   6.41718000000000E+01
 2.00787500000000E+03   6.25576000000000E+01
 2.00795830000000E+03   6.47895000000000E+01
 2.00804170000000E+03   6.65596000000000E+01
 2.00812500000000E+03   6.58682000000000E+01
 2.00820830000000E+03   6.30230000000000E+01
 2.00829170000000E+03   8.49467000000000E+01
 2.00837500000000E+03   1.00178200000000E+02
 2.00845830000000E+03   8.37943000000000E+01
 2.00854170000000E+03   6.67947000000000E+01
 2.00862500000000E+03   3.27183000000000E+01
 2.00870830000000E+03   1.27188000000000E+01
 2.00879170000000E+03  -2.30503000000000E+01
 2.00887500000000E+03  -2.11269000000000E+01
 2.00895830000000E+03  -1.28959000000000E+01
 2.00904170000000E+03  -5.97280000000000E+00
 2.00912500000000E+03  -4.51120000000000E+00
 2.00920830000000E+03  -9.28040000000000E+00
 2.00929170000000E+03  -6.35760000000000E+00
 2.00937500000000E+03  -8.89610000000000E+00
 2.00945830000000E+03  -2.51271000000000E+01
 2.00954170000000E+03  -4.36660000000000E+01
 2.00962500000000E+03  -5.62048000000000E+01
 2.00970830000000E+03  -4.80514000000000E+01
 2.00979170000000E+03  -5.67444000000000E+01
 2.00987500000000E+03  -5.29757000000000E+01
 2.00995830000000E+03  -5.48994000000000E+01
 2.01004170000000E+03  -4.79773000000000E+01
 2.01012500000000E+03  -4.97473000000000E+01
 2.01020830000000E+03  -5.12866000000000E+01
 2.01029170000000E+03  -4.71338000000000E+01
 2.01037500000000E+03  -4.49810000000000E+01
 2.01045830000000E+03  -7.98282000000000E+01
 2.01054170000000E+03  -7.22911000000000E+01
 2.01062500000000E+03  -4.87539000000000E+01
 2.01070830000000E+03  -4.92936000000000E+01
 2.01079170000000E+03  -5.49875000000000E+01
 2.01087500000000E+03  -4.66043000000000E+01
 2.01095830000000E+03  -3.36827000000000E+01
 2.01104170000000E+03  -2.50691000000000E+01
 2.01112500000000E+03  -1.83015000000000E+01
 2.01120830000000E+03  -4.22630000000000E+00
 2.01129170000000E+03   6.61780000000000E+00
 2.01137500000000E+03   5.69290000000000E+00
 2.01145830000000E+03   4.98448000000000E+01
 2.01154170000000E+03   7.57656000000000E+01
 2.01162500000000E+03   6.17635000000000E+01
 2.01170830000000E+03   5.23768000000000E+01
 2.01179170000000E+03   5.66051000000000E+01
 2.01187500000000E+03   5.57566000000000E+01
 2.01195830000000E+03   5.82158000000000E+01
 2.01204170000000E+03   6.14439000000000E+01
 2.01212500000000E+03   6.16722000000000E+01
 2.01220830000000E+03   7.17465000000000E+01
 2.01229170000000E+03   6.18205000000000E+01
 2.01237500000000E+03   6.53562000000000E+01
 2.01245830000000E+03   6.01226000000000E+01
 2.01254170000000E+03   1.00426000000000E+01
 2.01262500000000E+03  -2.45757000000000E+01
 2.01270830000000E+03  -5.55788000000000E+01
 2.01279170000000E+03  -5.48898000000000E+01
 2.01287500000000E+03  -5.31237000000000E+01
 2.01295830000000E+03  -4.89731000000000E+01
 2.01304170000000E+03  -5.69766000000000E+01
 2.01312500000000E+03  -5.92108000000000E+01
 2.01320830000000E+03  -5.68297000000000E+01
 2.01329170000000E+03  -8.26027000000000E+01
 2.01337500000000E+03  -9.70678000000000E+01
 2.01345830000000E+03  -9.30715000000000E+01
 2.01354170000000E+03  -1.13998600000000E+02
 2.01362500000000E+03  -1.08463900000000E+02
 2.01370830000000E+03  -1.10852500000000E+02
 2.01379170000000E+03  -9.36259000000000E+01
 2.01387500000000E+03  -1.07399200000000E+02
 2.01395830000000E+03  -1.22403300000000E+02
 2.01404170000000E+03  -1.36484600000000E+02
 2.01412500000000E+03  -1.32565800000000E+02
 2.01420830000000E+03  -1.49801000000000E+02
 2.01429170000000E+03  -1.47805600000000E+02
 2.01437500000000E+03  -1.52117800000000E+02
 2.01445830000000E+03  -1.13814600000000E+02
 2.01454170000000E+03  -9.55118000000000E+01
 2.01462500000000E+03  -7.90550000000000E+01
 2.01470830000000E+03  -8.09059000000000E+01
 2.01479170000000E+03  -6.63725000000000E+01
 2.01487500000000E+03  -3.84544000000000E+01
 2.01495830000000E+03  -1.81517000000000E+01
 2.01504170000000E+03   4.61230000000000E+00
 2.01512500000000E+03   1.82225000000000E+01
 2.01520830000000E+03   2.51403000000000E+01
 2.01529170000000E+03   3.24425000000000E+01
 2.01537500000000E+03   6.55141000000000E+01
 2.01545830000000E+03   1.11508700000000E+02
 2.01554170000000E+03   7.76568000000000E+01
 2.01562500000000E+03   5.59589000000000E+01
 2.01570830000000E+03   4.77224000000000E+01
 2.01579170000000E+03   4.69473000000000E+01
 2.01587500000000E+03   4.13261000000000E+01
 2.01595830000000E+03   3.50894000000000E+01
 2.01604170000000E+03   4.42371000000000E+01
 2.01612500000000E+03   5.16926000000000E+01
 2.01620830000000E+03   7.09942000000000E+01
 2.01629170000000E+03   6.22956000000000E+01
 2.01637500000000E+03   8.12124000000000E+01
 2.01645830000000E+03   6.55907000000000E+01
 2.01654170000000E+03   4.17379000000000E+01
 2.01662500000000E+03   3.12699000000000E+01
 2.01670830000000E+03   1.64172000000000E+01
 2.01679170000000E+03   2.23335000000000E+01
 2.01687500000000E+03   6.09600000000000E+00
 2.01695830000000E+03   1.89354000000000E+01
 2.01704170000000E+03   2.32361000000000E+01
 2.01712500000000E+03   2.86907000000000E+01
 2.01720830000000E+03   3.62991000000000E+01
 2.01729170000000E+03   5.13688000000000E+01
 2.01737500000000E+03   8.27463000000000E+01
 2.01745830000000E+03   9.89699000000000E+01
 2.01754170000000E+03   8.50009000000000E+01
 2.01762500000000E+03   8.62488000000000E+01
 2.01770830000000E+03   1.08878400000000E+02
 2.01779170000000E+03   1.19016900000000E+02
 2.01787500000000E+03   1.41355500000000E+02
 2.01795830000000E+03   1.97122600000000E+02
