1880	-0.461538462
1880.083333	-0.461538462
1880.166667	-0.492307692
1880.25	-1.076923077
1880.333333	-0.976923077
1880.416667	-0.846153846
1880.5	-1.207692308
1880.583333	-1.215384615
1880.666667	-1.469230769
1880.75	-1.653846154
1880.833333	-1.684615385
1880.916667	-1.546153846
1881	-1.4
1881.083333	-1.192307692
1881.166667	-1.330769231
1881.25	-1.315384615
1881.333333	-0.846153846
1881.416667	-0.715384615
1881.5	-0.469230769
1881.583333	0.030769231
1881.666667	0.376923077
1881.75	0.453846154
1881.833333	0.5
1881.916667	0.438461538
1882	0.484615385
1882.083333	0.407692308
1882.166667	0.6
1882.25	0.792307692
1882.333333	0.984615385
1882.416667	0.769230769
1882.5	0.615384615
1882.583333	0.723076923
1882.666667	0.492307692
1882.75	0.315384615
1882.833333	0.515384615
1882.916667	0.438461538
1883	0.238461538
1883.083333	0.2
1883.166667	0.092307692
1883.25	0.161538462
1883.333333	0.284615385
1883.416667	0.215384615
1883.5	0.376923077
1883.583333	0.384615385
1883.666667	0.3
1883.75	0.330769231
1883.833333	0.253846154
1883.916667	0.223076923
1884	0.169230769
1884.083333	0.430769231
1884.166667	0.438461538
1884.25	0.6
1884.333333	0.323076923
1884.416667	0.338461538
1884.5	0.253846154
1884.583333	0.061538462
1884.666667	0.069230769
1884.75	0.061538462
1884.833333	0.092307692
1884.916667	0.2
1885	0.153846154
1885.083333	0.007692308
1885.166667	0.084615385
1885.25	-0.046153846
1885.333333	-0.246153846
1885.416667	-0.261538462
1885.5	-0.4
1885.583333	-0.376923077
1885.666667	-0.307692308
1885.75	-0.469230769
1885.833333	-0.653846154
1885.916667	-0.469230769
1886	-0.546153846
1886.083333	-0.338461538
1886.166667	-0.053846154
1886.25	-0.146153846
1886.333333	0
1886.416667	0.076923077
1886.5	0.307692308
1886.583333	0.369230769
1886.666667	0.230769231
1886.75	0.053846154
1886.833333	0.184615385
1886.916667	0.123076923
1887	0.038461538
1887.083333	-0.192307692
1887.166667	-0.476923077
1887.25	-0.638461538
1887.333333	-0.776923077
1887.416667	-1.107692308
1887.5	-1.207692308
1887.583333	-1.461538462
1887.666667	-1.661538462
1887.75	-1.576923077
1887.833333	-1.446153846
1887.916667	-1.615384615
1888	-1.592307692
1888.083333	-1.6
1888.166667	-1.653846154
1888.25	-1.838461538
1888.333333	-1.415384615
1888.416667	-1.223076923
1888.5	-0.923076923
1888.583333	-0.792307692
1888.666667	-0.684615385
1888.75	-0.438461538
1888.833333	-0.338461538
1888.916667	-0.092307692
1889	-0.192307692
1889.083333	0.053846154
1889.166667	-0.007692308
1889.25	0.3
1889.333333	0.669230769
1889.416667	0.738461538
1889.5	0.807692308
1889.583333	0.661538462
1889.666667	0.8
1889.75	0.953846154
1889.833333	0.776923077
1889.916667	0.869230769
1890	0.846153846
1890.083333	1.161538462
1890.166667	1.146153846
1890.25	1.238461538
1890.333333	1.369230769
1890.416667	1.176923077
1890.5	0.953846154
1890.583333	0.846153846
1890.666667	0.807692308
1890.75	0.530769231
1890.833333	0.330769231
1890.916667	0.069230769
1891	-0.276923077
1891.083333	-0.369230769
1891.166667	-0.330769231
1891.25	-0.346153846
1891.333333	-0.346153846
1891.416667	-0.423076923
1891.5	-0.323076923
1891.583333	-0.476923077
1891.666667	-0.653846154
1891.75	-0.607692308
1891.833333	-0.653846154
1891.916667	-0.715384615
1892	-0.407692308
1892.083333	-0.207692308
1892.166667	-0.053846154
1892.25	-0.423076923
1892.333333	-0.453846154
1892.416667	-0.553846154
1892.5	-0.846153846
1892.583333	-0.823076923
1892.666667	-0.715384615
1892.75	-0.623076923
1892.833333	-0.669230769
1892.916667	-0.7
1893	-0.561538462
1893.083333	-0.776923077
1893.166667	-0.630769231
1893.25	-0.769230769
1893.333333	-0.7
1893.416667	-0.576923077
1893.5	-0.438461538
1893.583333	-0.038461538
1893.666667	0.030769231
1893.75	0.2
1893.833333	0.153846154
1893.916667	0.453846154
1894	0.746153846
1894.083333	0.753846154
1894.166667	0.661538462
1894.25	0.292307692
1894.333333	0.430769231
1894.416667	0.653846154
1894.5	0.346153846
1894.583333	-0.069230769
1894.666667	-0.230769231
1894.75	-0.415384615
1894.833333	-0.507692308
1894.916667	-0.476923077
1895	-0.676923077
1895.083333	-0.807692308
1895.166667	-0.823076923
1895.25	-0.730769231
1895.333333	-0.538461538
1895.416667	-0.746153846
1895.5	-0.861538462
1895.583333	-0.661538462
1895.666667	-0.084615385
1895.75	0.030769231
1895.833333	0.176923077
1895.916667	0.084615385
1896	0.292307692
1896.083333	0.284615385
1896.166667	0.315384615
1896.25	0.115384615
1896.333333	0.261538462
1896.416667	0.446153846
1896.5	0.369230769
1896.583333	0.523076923
1896.666667	0.530769231
1896.75	0.607692308
1896.833333	0.423076923
1896.916667	0.130769231
1897	0.1
1897.083333	0.030769231
1897.166667	0.107692308
1897.25	-0.046153846
1897.333333	0.107692308
1897.416667	0.223076923
1897.5	0.176923077
1897.583333	0.384615385
1897.666667	0.261538462
1897.75	0.353846154
1897.833333	-0.007692308
1897.916667	-0.130769231
1898	-0.046153846
1898.083333	0.115384615
1898.166667	-0.053846154
1898.25	-0.2
1898.333333	0.030769231
1898.416667	0.115384615
1898.5	-0.030769231
1898.583333	-0.246153846
1898.666667	-0.5
1898.75	-0.484615385
1898.833333	-0.761538462
1898.916667	-0.569230769
1899	-0.3
1899.083333	-0.384615385
1899.166667	-0.361538462
1899.25	-0.453846154
1899.333333	-0.338461538
1899.416667	-0.476923077
1899.5	-0.384615385
1899.583333	-0.523076923
1899.666667	-0.561538462
1899.75	-0.338461538
1899.833333	-0.261538462
1899.916667	-0.207692308
1900	-0.392307692
1900.083333	-0.507692308
1900.166667	-0.130769231
1900.25	-0.261538462
1900.333333	0.061538462
1900.416667	0.107692308
1900.5	0.176923077
1900.583333	-0.184615385
1900.666667	0.007692308
1900.75	0.269230769
1900.833333	0.076923077
1900.916667	0.146153846
1901	0.292307692
1901.083333	0.446153846
1901.166667	0.5
1901.25	0.476923077
1901.333333	0.315384615
1901.416667	0.153846154
1901.5	0.038461538
1901.583333	-0.176923077
1901.666667	0.1
1901.75	0
1901.833333	-0.030769231
1901.916667	-0.207692308
1902	-0.515384615
1902.083333	-0.730769231
1902.166667	-0.976923077
1902.25	-1.030769231
1902.333333	-1.184615385
1902.416667	-0.953846154
1902.5	-0.953846154
1902.583333	-0.792307692
1902.666667	-0.3
1902.75	-0.361538462
1902.833333	-0.123076923
1902.916667	-0.469230769
1903	-0.184615385
1903.083333	0.061538462
1903.166667	0.138461538
1903.25	0.238461538
1903.333333	0.261538462
1903.416667	0.3
1903.5	0.392307692
1903.583333	0.453846154
1903.666667	0.361538462
1903.75	0.4
1903.833333	0.469230769
1903.916667	0.323076923
1904	0.476923077
1904.083333	0.353846154
1904.166667	0.376923077
1904.25	0.438461538
1904.333333	0.469230769
1904.416667	0.307692308
1904.5	0.3
1904.583333	0.269230769
1904.666667	0.330769231
1904.75	0.153846154
1904.833333	-0.053846154
1904.916667	-0.169230769
1905	-0.076923077
1905.083333	0.084615385
1905.166667	0.330769231
1905.25	0.1
1905.333333	0.153846154
1905.416667	0.169230769
1905.5	0.407692308
1905.583333	0.515384615
1905.666667	0.376923077
1905.75	0.438461538
1905.833333	0.346153846
1905.916667	0.115384615
1906	0.392307692
1906.083333	0.215384615
1906.166667	0.269230769
1906.25	0.284615385
1906.333333	0.438461538
1906.416667	0.484615385
1906.5	0.569230769
1906.583333	0.553846154
1906.666667	0.661538462
1906.75	0.815384615
1906.833333	0.407692308
1906.916667	0.684615385
1907	0.623076923
1907.083333	0.361538462
1907.166667	0.492307692
1907.25	0.407692308
1907.333333	0.430769231
1907.416667	0.469230769
1907.5	0.423076923
1907.583333	0.515384615
1907.666667	0.569230769
1907.75	0.230769231
1907.833333	0.192307692
1907.916667	0.492307692
1908	0.407692308
1908.083333	0.561538462
1908.166667	0.623076923
1908.25	0.553846154
1908.333333	0.561538462
1908.416667	0.561538462
1908.5	0.623076923
1908.583333	0.546153846
1908.666667	0.246153846
1908.75	0.1
1908.833333	0.030769231
1908.916667	-0.123076923
1909	0.046153846
1909.083333	0.269230769
1909.166667	0.176923077
1909.25	0.315384615
1909.333333	0.246153846
1909.416667	0.038461538
1909.5	0.053846154
1909.583333	0.207692308
1909.666667	0.346153846
1909.75	0.415384615
1909.833333	0.584615385
1909.916667	0.776923077
1910	0.8
1910.083333	0.446153846
1910.166667	0.153846154
1910.25	0.215384615
1910.333333	-0.092307692
1910.416667	0.023076923
1910.5	0.276923077
1910.583333	0.184615385
1910.666667	-0.061538462
1910.75	-0.246153846
1910.833333	0.076923077
1910.916667	-0.123076923
1911	-0.292307692
1911.083333	-0.323076923
1911.166667	-0.230769231
1911.25	-0.184615385
1911.333333	-0.084615385
1911.416667	0.130769231
1911.5	0.076923077
1911.583333	-0.169230769
1911.666667	-0.084615385
1911.75	-0.015384615
1911.833333	0.084615385
1911.916667	-0.161538462
1912	-0.215384615
1912.083333	-0.184615385
1912.166667	-0.284615385
1912.25	-0.161538462
1912.333333	-0.038461538
1912.416667	0.069230769
1912.5	0.038461538
1912.583333	0.146153846
1912.666667	0.569230769
1912.75	0.630769231
1912.833333	0.646153846
1912.916667	0.730769231
1913	0.653846154
1913.083333	0.784615385
1913.166667	0.769230769
1913.25	0.8
1913.333333	0.961538462
1913.416667	0.915384615
1913.5	0.730769231
1913.583333	0.8
1913.666667	0.876923077
1913.75	0.746153846
1913.833333	0.753846154
1913.916667	0.838461538
1914	0.669230769
1914.083333	0.8
1914.166667	0.707692308
1914.25	0.8
1914.333333	0.953846154
1914.416667	0.784615385
1914.5	0.823076923
1914.583333	0.930769231
1914.666667	0.576923077
1914.75	0.715384615
1914.833333	0.4
1914.916667	-0.015384615
1915	-0.176923077
1915.083333	-0.338461538
1915.166667	-0.546153846
1915.25	-0.423076923
1915.333333	-0.607692308
1915.416667	-0.823076923
1915.5	-0.776923077
1915.583333	-0.692307692
1915.666667	-0.992307692
1915.75	-0.669230769
1915.833333	-0.930769231
1915.916667	-0.869230769
1916	-0.638461538
1916.083333	-0.784615385
1916.166667	-0.669230769
1916.25	-0.330769231
1916.333333	-0.461538462
1916.416667	-0.530769231
1916.5	-0.5
1916.583333	-0.746153846
1916.666667	-0.923076923
1916.75	-0.892307692
1916.833333	-1.184615385
1916.916667	-1.123076923
1917	-1.107692308
1917.083333	-1.169230769
1917.166667	-0.907692308
1917.25	-0.684615385
1917.333333	-0.738461538
1917.416667	-0.853846154
1917.5	-0.915384615
1917.583333	-0.546153846
1917.666667	-0.392307692
1917.75	-0.392307692
1917.833333	-0.161538462
1917.916667	0.169230769
1918	-0.1
1918.083333	0.123076923
1918.166667	0.215384615
1918.25	0.230769231
1918.333333	0.115384615
1918.416667	0.038461538
1918.5	0.176923077
1918.583333	0.315384615
1918.666667	0.092307692
1918.75	0.107692308
1918.833333	0.084615385
1918.916667	0.307692308
1919	0.1
1919.083333	0.407692308
1919.166667	0.376923077
1919.25	0.223076923
1919.333333	-0.053846154
1919.416667	0.1
1919.5	0.223076923
1919.583333	0.3
1919.666667	0.784615385
1919.75	0.676923077
1919.833333	0.776923077
1919.916667	0.807692308
1920	0.792307692
1920.083333	0.807692308
1920.166667	0.830769231
1920.25	0.753846154
1920.333333	1.007692308
1920.416667	0.992307692
1920.5	0.938461538
1920.583333	0.784615385
1920.666667	0.946153846
1920.75	0.630769231
1920.833333	0.984615385
1920.916667	0.730769231
1921	0.661538462
1921.083333	0.484615385
1921.166667	0.546153846
1921.25	0.353846154
1921.333333	0.323076923
1921.416667	0.369230769
1921.5	0.553846154
1921.583333	0.630769231
1921.666667	0.646153846
1921.75	0.4
1921.833333	0.546153846
1921.916667	0.553846154
1922	0.784615385
1922.083333	1
1922.166667	1.069230769
1922.25	0.8
1922.333333	0.869230769
1922.416667	0.976923077
1922.5	0.884615385
1922.583333	0.9
1922.666667	0.7
1922.75	0.7
1922.833333	0.646153846
1922.916667	0.6
1923	0.561538462
1923.083333	0.423076923
1923.166667	0.438461538
1923.25	0.407692308
1923.333333	0.707692308
1923.416667	0.823076923
1923.5	0.792307692
1923.583333	0.615384615
1923.666667	0.284615385
1923.75	0.115384615
1923.833333	0.053846154
1923.916667	0.107692308
1924	0.161538462
1924.083333	0.115384615
1924.166667	0.192307692
1924.25	0.107692308
1924.333333	0.053846154
1924.416667	0.253846154
1924.5	0.238461538
1924.583333	0.361538462
1924.666667	0.338461538
1924.75	0.769230769
1924.833333	1.076923077
1924.916667	1.184615385
1925	1.4
1925.083333	1.369230769
1925.166667	1.223076923
1925.25	1.007692308
1925.333333	0.830769231
1925.416667	0.453846154
1925.5	0.261538462
1925.583333	0.215384615
1925.666667	0.076923077
1925.75	0.230769231
1925.833333	-0.038461538
1925.916667	-0.315384615
1926	-0.346153846
1926.083333	-0.492307692
1926.166667	-0.661538462
1926.25	-0.869230769
1926.333333	-0.584615385
1926.416667	-0.530769231
1926.5	-0.053846154
1926.583333	-0.053846154
1926.666667	0.061538462
1926.75	0.115384615
1926.833333	-0.130769231
1926.916667	-0.038461538
1927	0.076923077
1927.083333	0.038461538
1927.166667	-0.023076923
1927.25	-0.184615385
1927.333333	0.069230769
1927.416667	-0.361538462
1927.5	-0.061538462
1927.583333	-0.076923077
1927.666667	-0.176923077
1927.75	-0.261538462
1927.833333	-0.569230769
1927.916667	-0.615384615
1928	-0.538461538
1928.083333	-0.630769231
1928.166667	-0.723076923
1928.25	-0.569230769
1928.333333	-0.192307692
1928.416667	-0.184615385
1928.5	-0.230769231
1928.583333	-0.484615385
1928.666667	-0.723076923
1928.75	-0.876923077
1928.833333	-0.761538462
1928.916667	-0.576923077
1929	-0.361538462
1929.083333	-0.4
1929.166667	-0.184615385
1929.25	0.038461538
1929.333333	0.030769231
1929.416667	0.1
1929.5	0.161538462
1929.583333	0.461538462
1929.666667	0.4
1929.75	0.484615385
1929.833333	0.907692308
1929.916667	0.946153846
1930	0.961538462
1930.083333	0.969230769
1930.166667	0.730769231
1930.25	0.676923077
1930.333333	0.607692308
1930.416667	0.623076923
1930.5	0.415384615
1930.583333	0.446153846
1930.666667	0.2
1930.75	0.369230769
1930.833333	0.338461538
1930.916667	0
1931	-0.053846154
1931.083333	-0.161538462
1931.166667	-0.269230769
1931.25	-0.123076923
1931.333333	0.015384615
1931.416667	-0.061538462
1931.5	-0.138461538
1931.583333	-0.4
1931.666667	-0.638461538
1931.75	-0.323076923
1931.833333	-0.523076923
1931.916667	-0.569230769
1932	-0.284615385
1932.083333	-0.323076923
1932.166667	-0.153846154
1932.25	0.092307692
1932.333333	0.2
1932.416667	0.023076923
1932.5	0.138461538
1932.583333	-0.107692308
1932.666667	0.215384615
1932.75	0.169230769
1932.833333	0.138461538
1932.916667	0.423076923
1933	0.7
1933.083333	0.7
1933.166667	0.546153846
1933.25	0.361538462
1933.333333	0.246153846
1933.416667	0.161538462
1933.5	0.284615385
1933.583333	0.215384615
1933.666667	0.546153846
1933.75	0.338461538
1933.833333	0.7
1933.916667	0.523076923
1934	0.384615385
1934.083333	0.392307692
1934.166667	0.415384615
1934.25	0.515384615
1934.333333	0.638461538
1934.416667	0.530769231
1934.5	0.569230769
1934.583333	0.607692308
1934.666667	0.576923077
1934.75	0.253846154
1934.833333	0.269230769
1934.916667	0.115384615
1935	0.561538462
1935.083333	0.684615385
1935.166667	0.530769231
1935.25	0.646153846
1935.333333	0.707692308
1935.416667	0.615384615
1935.5	0.469230769
1935.583333	0.276923077
1935.666667	0.038461538
1935.75	-0.046153846
1935.833333	0.176923077
1935.916667	0.353846154
1936	0.376923077
1936.083333	0.246153846
1936.166667	-0.084615385
1936.25	0.069230769
1936.333333	-0.061538462
1936.416667	-0.092307692
1936.5	0.084615385
1936.583333	0.323076923
1936.666667	0.369230769
1936.75	0.515384615
1936.833333	0.715384615
1936.916667	0.6
1937	0.553846154
1937.083333	0.569230769
1937.166667	0.515384615
1937.25	0.646153846
1937.333333	0.223076923
1937.416667	-0.007692308
1937.5	0.061538462
1937.583333	-0.046153846
1937.666667	0.130769231
1937.75	0.138461538
1937.833333	0.146153846
1937.916667	0.115384615
1938	0.330769231
1938.083333	0.438461538
1938.166667	0.461538462
1938.25	0.646153846
1938.333333	0.853846154
1938.416667	1.146153846
1938.5	1.069230769
1938.583333	1.069230769
1938.666667	1.184615385
1938.75	0.969230769
1938.833333	1.138461538
1938.916667	1.023076923
1939	0.876923077
1939.083333	0.807692308
1939.166667	0.4
1939.25	0.230769231
1939.333333	0.053846154
1939.416667	-0.238461538
1939.5	-0.492307692
1939.583333	-0.492307692
1939.666667	-0.776923077
1939.75	-0.869230769
1939.833333	-0.853846154
1939.916667	-0.738461538
1940	-0.661538462
1940.083333	-0.561538462
1940.166667	-0.653846154
1940.25	-0.361538462
1940.333333	-0.2
1940.416667	-0.323076923
1940.5	-0.415384615
1940.583333	-0.284615385
1940.666667	-0.192307692
1940.75	-0.207692308
1940.833333	-0.146153846
1940.916667	-0.107692308
1941	-0.115384615
1941.083333	-0.146153846
1941.166667	-0.292307692
1941.25	-0.384615385
1941.333333	-0.384615385
1941.416667	-0.438461538
1941.5	-0.307692308
1941.583333	-0.292307692
1941.666667	-0.376923077
1941.75	-0.338461538
1941.833333	-0.215384615
1941.916667	-0.392307692
1942	-0.3
1942.083333	-0.292307692
1942.166667	-0.146153846
1942.25	0.023076923
1942.333333	-0.007692308
1942.416667	0.030769231
1942.5	-0.084615385
1942.583333	0
1942.666667	0.261538462
1942.75	0.676923077
1942.833333	0.753846154
1942.916667	0.815384615
1943	1
1943.083333	0.761538462
1943.166667	0.823076923
1943.25	0.723076923
1943.333333	0.769230769
1943.416667	0.969230769
1943.5	1.023076923
1943.583333	1.061538462
1943.666667	0.715384615
1943.75	0.630769231
1943.833333	0.423076923
1943.916667	0.346153846
1944	0.061538462
1944.083333	0.161538462
1944.166667	0.369230769
1944.25	0.323076923
1944.333333	0.3
1944.416667	0.269230769
1944.5	0.015384615
1944.583333	0.130769231
1944.666667	0.207692308
1944.75	0.176923077
1944.833333	0.184615385
1944.916667	0.169230769
1945	0.215384615
1945.083333	0.553846154
1945.166667	0.461538462
1945.25	0.230769231
1945.333333	-0.146153846
1945.416667	-0.346153846
1945.5	-0.330769231
1945.583333	-0.176923077
1945.666667	-0.353846154
1945.75	-0.184615385
1945.833333	-0.207692308
1945.916667	0.023076923
1946	0.161538462
1946.083333	0.3
1946.166667	0.292307692
1946.25	0.046153846
1946.333333	0.123076923
1946.416667	0.469230769
1946.5	0.615384615
1946.583333	0.184615385
1946.666667	-0.015384615
1946.75	0.223076923
1946.833333	-0.023076923
1946.916667	0.161538462
1947	-0.007692308
1947.083333	-0.2
1947.166667	-0.169230769
1947.25	-0.284615385
1947.333333	-0.223076923
1947.416667	-0.315384615
1947.5	-0.392307692
1947.583333	-0.415384615
1947.666667	0.061538462
1947.75	0.4
1947.833333	0.115384615
1947.916667	0.1
1948	0.061538462
1948.083333	0.007692308
1948.166667	0.030769231
1948.25	-0.038461538
1948.333333	-0.146153846
1948.416667	-0.038461538
1948.5	0.192307692
1948.583333	0.292307692
1948.666667	0.315384615
1948.75	0.353846154
1948.833333	0.223076923
1948.916667	0.123076923
1949	0.092307692
1949.083333	0.053846154
1949.166667	0.007692308
1949.25	0.007692308
1949.333333	0.015384615
1949.416667	0.169230769
1949.5	0.207692308
1949.583333	0.253846154
1949.666667	0.107692308
1949.75	0.246153846
1949.833333	-0.115384615
1949.916667	-0.115384615
1950	0.007692308
1950.083333	0.176923077
1950.166667	0.492307692
1950.25	0.646153846
1950.333333	0.592307692
1950.416667	0.392307692
1950.5	0.438461538
1950.583333	0.546153846
1950.666667	0.269230769
1950.75	0.146153846
1950.833333	-0.115384615
1950.916667	-0.161538462
1951	-0.176923077
1951.083333	0
1951.166667	-0.092307692
1951.25	-0.207692308
1951.333333	-0.307692308
1951.416667	-0.076923077
1951.5	0.153846154
1951.583333	-0.015384615
1951.666667	-0.284615385
1951.75	0.046153846
1951.833333	0.015384615
1951.916667	0.138461538
1952	0.423076923
1952.083333	0.407692308
1952.166667	0.1
1952.25	0.069230769
1952.333333	-0.184615385
1952.416667	-0.238461538
1952.5	-0.515384615
1952.583333	-0.623076923
1952.666667	-0.492307692
1952.75	-0.538461538
1952.833333	-0.8
1952.916667	-0.530769231
1953	-0.346153846
1953.083333	-0.253846154
1953.166667	-0.107692308
1953.25	0.153846154
1953.333333	0.330769231
1953.416667	0.538461538
1953.5	0.623076923
1953.583333	0.838461538
1953.666667	0.846153846
1953.75	0.876923077
1953.833333	0.961538462
1953.916667	1.138461538
1954	1.276923077
1954.083333	1.107692308
1954.166667	1.130769231
1954.25	1.1
1954.333333	1.138461538
1954.416667	1.1
1954.5	0.876923077
1954.583333	0.684615385
1954.666667	0.361538462
1954.75	0.369230769
1954.833333	0.3
1954.916667	0.407692308
1955	0.430769231
1955.083333	0.276923077
1955.166667	0.561538462
1955.25	0.276923077
1955.333333	-0.038461538
1955.416667	-0.261538462
1955.5	-0.446153846
1955.583333	-0.461538462
1955.666667	-0.246153846
1955.75	-0.169230769
1955.833333	0.146153846
1955.916667	0.223076923
1956	0.176923077
1956.083333	-0.023076923
1956.166667	-0.176923077
1956.25	-0.392307692
1956.333333	-0.161538462
1956.416667	0.207692308
1956.5	0.407692308
1956.583333	0.392307692
1956.666667	0.430769231
1956.75	0.461538462
1956.833333	0.607692308
1956.916667	-0.007692308
1957	-0.207692308
1957.083333	-0.084615385
1957.166667	-0.138461538
1957.25	0.107692308
1957.333333	-0.107692308
1957.416667	-0.138461538
1957.5	-0.315384615
1957.583333	-0.638461538
1957.666667	-0.753846154
1957.75	-0.507692308
1957.833333	-0.630769231
1957.916667	-0.807692308
1958	-0.730769231
1958.083333	-0.646153846
1958.166667	-0.807692308
1958.25	-0.538461538
1958.333333	-0.6
1958.416667	-0.530769231
1958.5	-0.861538462
1958.583333	-0.692307692
1958.666667	-0.376923077
1958.75	-0.123076923
1958.833333	-0.269230769
1958.916667	-0.115384615
1959	0.184615385
1959.083333	0.330769231
1959.166667	0.353846154
1959.25	0.569230769
1959.333333	0.538461538
1959.416667	0.561538462
1959.5	0.484615385
1959.583333	0.461538462
1959.666667	0.276923077
1959.75	0.261538462
1959.833333	0.2
1959.916667	0.276923077
1960	0.323076923
1960.083333	-0.092307692
1960.166667	0.030769231
1960.25	-0.176923077
1960.333333	-0.253846154
1960.416667	-0.184615385
1960.5	-0.269230769
1960.583333	-0.038461538
1960.666667	0.238461538
1960.75	0.2
1960.833333	-0.007692308
1960.916667	0.261538462
1961	0.238461538
1961.083333	0.184615385
1961.166667	0.615384615
1961.25	0.646153846
1961.333333	0.853846154
1961.416667	0.469230769
1961.5	0.469230769
1961.583333	0.469230769
1961.666667	0.069230769
1961.75	0.076923077
1961.833333	0.153846154
1961.916667	0.215384615
1962	-0.238461538
1962.083333	-0.192307692
1962.166667	-0.338461538
1962.25	-0.5
1962.333333	-0.669230769
1962.416667	-0.746153846
1962.5	-0.792307692
1962.583333	-1.046153846
1962.666667	-1.046153846
1962.75	-0.792307692
1962.833333	-0.423076923
1962.916667	-0.538461538
1963	-0.684615385
1963.083333	-0.476923077
1963.166667	-0.392307692
1963.25	-0.184615385
1963.333333	-0.276923077
1963.416667	-0.438461538
1963.5	-0.461538462
1963.583333	-0.184615385
1963.666667	-0.192307692
1963.75	-0.169230769
1963.833333	0.023076923
1963.916667	-0.4
1964	-0.138461538
1964.083333	-0.192307692
1964.166667	-0.284615385
1964.25	-0.346153846
1964.333333	-0.469230769
1964.416667	-0.376923077
1964.5	-0.2
1964.583333	-0.369230769
1964.666667	-0.346153846
1964.75	-0.015384615
1964.833333	-0.161538462
1964.916667	-0.2
1965	-0.246153846
1965.083333	-0.323076923
1965.166667	-0.107692308
1965.25	-0.084615385
1965.333333	-0.323076923
1965.416667	-0.307692308
1965.5	-0.576923077
1965.583333	-0.753846154
1965.666667	-0.438461538
1965.75	-0.430769231
1965.833333	-0.484615385
1965.916667	-0.361538462
1966	-0.384615385
1966.083333	-0.538461538
1966.166667	-0.676923077
1966.25	-0.923076923
1966.333333	-0.823076923
1966.416667	-0.538461538
1966.5	-0.715384615
1966.583333	-0.338461538
1966.666667	0.038461538
1966.75	0.061538462
1966.833333	0.115384615
1966.916667	0.1
1967	-0.007692308
1967.083333	-0.053846154
1967.166667	0.176923077
1967.25	0.423076923
1967.333333	0.761538462
1967.416667	0.638461538
1967.5	0.538461538
1967.583333	0.530769231
1967.666667	0.553846154
1967.75	0.223076923
1967.833333	0.107692308
1967.916667	0.161538462
1968	-0.276923077
1968.083333	-0.323076923
1968.166667	-0.415384615
1968.25	-0.661538462
1968.333333	-0.946153846
1968.416667	-1.130769231
1968.5	-1.315384615
1968.583333	-1.6
1968.666667	-1.669230769
1968.75	-1.684615385
1968.833333	-1.638461538
1968.916667	-1.576923077
1969	-1.507692308
1969.083333	-1.276923077
1969.166667	-1.053846154
1969.25	-0.938461538
1969.333333	-0.746153846
1969.416667	-0.515384615
1969.5	-0.630769231
1969.583333	-0.292307692
1969.666667	-0.146153846
1969.75	0.123076923
1969.833333	0.161538462
1969.916667	0.307692308
1970	0.269230769
1970.083333	0.130769231
1970.166667	0.2
1970.25	0.015384615
1970.333333	-0.023076923
1970.416667	-0.092307692
1970.5	-0.284615385
1970.583333	0.015384615
1970.666667	-0.053846154
1970.75	-0.092307692
1970.833333	0.023076923
1970.916667	-0.276923077
1971	-0.469230769
1971.083333	-0.261538462
1971.166667	-0.353846154
1971.25	-0.407692308
1971.333333	-0.276923077
1971.416667	-0.215384615
1971.5	-0.069230769
1971.583333	0.069230769
1971.666667	0.076923077
1971.75	0.153846154
1971.833333	0.5
1971.916667	0.553846154
1972	0.638461538
1972.083333	0.792307692
1972.166667	0.384615385
1972.25	0.415384615
1972.333333	0.546153846
1972.416667	0.592307692
1972.5	0.569230769
1972.583333	0.715384615
1972.666667	0.738461538
1972.75	0.4
1972.833333	0.246153846
1972.916667	0.184615385
1973	-0.015384615
1973.083333	0.107692308
1973.166667	0.076923077
1973.25	0.230769231
1973.333333	0.246153846
1973.416667	0.146153846
1973.5	0.184615385
1973.583333	0.230769231
1973.666667	0.076923077
1973.75	-0.023076923
1973.833333	0.207692308
1973.916667	0.192307692
1974	0.130769231
1974.083333	0.092307692
1974.166667	0.107692308
1974.25	0.123076923
1974.333333	0.269230769
1974.416667	0.5
1974.5	0.6
1974.583333	0.384615385
1974.666667	0.276923077
1974.75	0.261538462
1974.833333	0.215384615
1974.916667	0.169230769
1975	0.192307692
1975.083333	0.076923077
1975.166667	0.230769231
1975.25	0.076923077
1975.333333	0.176923077
1975.416667	0.069230769
1975.5	-0.015384615
1975.583333	-0.023076923
1975.666667	0.2
1975.75	0.253846154
1975.833333	0.446153846
1975.916667	0.576923077
1976	0.415384615
1976.083333	0.269230769
1976.166667	-0.053846154
1976.25	-0.084615385
1976.333333	0.084615385
1976.416667	-0.207692308
1976.5	-0.292307692
1976.583333	-0.423076923
1976.666667	-0.553846154
1976.75	-0.684615385
1976.833333	-0.746153846
1976.916667	-1.061538462
1977	-1.076923077
1977.083333	-0.884615385
1977.166667	-0.753846154
1977.25	-0.346153846
1977.333333	-0.523076923
1977.416667	-0.738461538
1977.5	-0.415384615
1977.583333	-0.523076923
1977.666667	-0.223076923
1977.75	-0.330769231
1977.833333	-0.261538462
1977.916667	-0.138461538
1978	-0.2
1978.083333	-0.4
1978.166667	-0.346153846
1978.25	-0.292307692
1978.333333	-0.138461538
1978.416667	-0.323076923
1978.5	-0.4
1978.583333	-0.6
1978.666667	-0.269230769
1978.75	-0.607692308
1978.833333	-0.469230769
1978.916667	-0.538461538
1979	-0.592307692
1979.083333	-0.415384615
1979.166667	-0.223076923
1979.25	-0.223076923
1979.333333	-0.107692308
1979.416667	-0.215384615
1979.5	-0.107692308
1979.583333	0.130769231
1979.666667	0.207692308
1979.75	0.1
1979.833333	0.053846154
1979.916667	0.161538462
1980	-0.007692308
1980.083333	-0.207692308
1980.166667	-0.084615385
1980.25	-0.215384615
1980.333333	-0.438461538
1980.416667	-0.423076923
1980.5	-0.446153846
1980.583333	-0.223076923
1980.666667	-0.346153846
1980.75	-0.438461538
1980.833333	-0.415384615
1980.916667	-0.392307692
1981	-0.369230769
1981.083333	-0.215384615
1981.166667	-0.076923077
1981.25	-0.176923077
1981.333333	-0.138461538
1981.416667	-0.053846154
1981.5	-0.269230769
1981.583333	-0.215384615
1981.666667	-0.115384615
1981.75	-0.076923077
1981.833333	0.092307692
1981.916667	-0.146153846
1982	-0.069230769
1982.083333	0
1982.166667	0.007692308
1982.25	0.115384615
1982.333333	0.261538462
1982.416667	0.523076923
1982.5	0.846153846
1982.583333	0.861538462
1982.666667	0.884615385
1982.75	0.6
1982.833333	0.615384615
1982.916667	0.584615385
1983	0.776923077
1983.083333	0.946153846
1983.166667	0.607692308
1983.25	0.723076923
1983.333333	0.361538462
1983.416667	0.215384615
1983.5	0.276923077
1983.583333	0.2
1983.666667	0.138461538
1983.75	-0.092307692
1983.833333	0.123076923
1983.916667	0.176923077
1984	0
1984.083333	0.076923077
1984.166667	0
1984.25	0.246153846
1984.333333	0.115384615
1984.416667	0.507692308
1984.5	0.276923077
1984.583333	-0.1
1984.666667	-0.176923077
1984.75	-0.015384615
1984.833333	-0.007692308
1984.916667	-0.276923077
1985	-0.276923077
1985.083333	-0.053846154
1985.166667	-0.223076923
1985.25	-0.284615385
1985.333333	-0.569230769
1985.416667	-0.684615385
1985.5	-0.615384615
1985.583333	-0.615384615
1985.666667	-0.2
1985.75	-0.246153846
1985.833333	-0.076923077
1985.916667	0.038461538
1986	0.230769231
1986.083333	-0.076923077
1986.166667	-0.423076923
1986.25	-0.015384615
1986.333333	0.269230769
1986.416667	0.6
1986.5	0.423076923
1986.583333	0.184615385
1986.666667	0.384615385
1986.75	0.130769231
1986.833333	-0.007692308
1986.916667	-0.276923077
1987	-0.323076923
1987.083333	-0.623076923
1987.166667	-0.369230769
1987.25	-0.053846154
1987.333333	-0.323076923
1987.416667	-0.753846154
1987.5	-0.815384615
1987.583333	-0.523076923
1987.666667	-0.4
1987.75	-0.576923077
1987.833333	-0.653846154
1987.916667	-0.5
1988	-0.353846154
1988.083333	-0.238461538
1988.166667	0.061538462
1988.25	-0.030769231
1988.333333	-0.261538462
1988.416667	-0.230769231
1988.5	0.130769231
1988.583333	0.292307692
1988.666667	0.515384615
1988.75	0.507692308
1988.833333	0.715384615
1988.916667	0.653846154
1989	0.592307692
1989.083333	0.715384615
1989.166667	0.569230769
1989.25	0.592307692
1989.333333	0.607692308
1989.416667	0.515384615
1989.5	0.707692308
1989.583333	0.769230769
1989.666667	0.7
1989.75	0.692307692
1989.833333	0.476923077
1989.916667	0.530769231
1990	0.615384615
1990.083333	0.730769231
1990.166667	0.492307692
1990.25	0.561538462
1990.333333	0.407692308
1990.416667	0.6
1990.5	0.915384615
1990.583333	0.723076923
1990.666667	0.469230769
1990.75	0.376923077
1990.833333	0.215384615
1990.916667	0.3
1991	0.115384615
1991.083333	0.246153846
1991.166667	0.138461538
1991.25	0.169230769
1991.333333	0.253846154
1991.416667	0.353846154
1991.5	0.192307692
1991.583333	0.292307692
1991.666667	0.407692308
1991.75	0.553846154
1991.833333	0.492307692
1991.916667	0.4
1992	0.453846154
1992.083333	0.738461538
1992.166667	0.576923077
1992.25	0.523076923
1992.333333	0.715384615
1992.416667	0.684615385
1992.5	0.830769231
1992.583333	0.930769231
1992.666667	0.869230769
1992.75	0.830769231
1992.833333	0.415384615
1992.916667	0.369230769
1993	0.369230769
1993.083333	0.369230769
1993.166667	-0.007692308
1993.25	-0.023076923
1993.333333	0.261538462
1993.416667	0.292307692
1993.5	0.353846154
1993.583333	0.161538462
1993.666667	0.476923077
1993.75	0.469230769
1993.833333	0.315384615
1993.916667	0.753846154
1994	0.830769231
1994.083333	0.769230769
1994.166667	0.776923077
1994.25	0.884615385
1994.333333	0.953846154
1994.416667	0.884615385
1994.5	0.792307692
1994.583333	0.815384615
1994.666667	0.984615385
1994.75	0.5
1994.833333	0.353846154
1994.916667	0.230769231
1995	-0.038461538
1995.083333	-0.153846154
1995.166667	-0.030769231
1995.25	-0.046153846
1995.333333	-0.184615385
1995.416667	-0.492307692
1995.5	-0.753846154
1995.583333	-0.792307692
1995.666667	-1.169230769
1995.75	-1.384615385
1995.833333	-1.376923077
1995.916667	-1.261538462
1996	-1.007692308
1996.083333	-0.853846154
1996.166667	-0.838461538
1996.25	-0.761538462
1996.333333	-0.661538462
1996.416667	-0.707692308
1996.5	-0.6
1996.583333	-0.176923077
1996.666667	-0.153846154
1996.75	-0.092307692
1996.833333	-0.161538462
1996.916667	-0.261538462
1997	-0.230769231
1997.083333	-0.269230769
1997.166667	-0.376923077
1997.25	-0.530769231
1997.333333	-0.646153846
1997.416667	-0.761538462
1997.5	-0.538461538
1997.583333	-0.3
1997.666667	-0.546153846
1997.75	-0.584615385
1997.833333	-0.461538462
1997.916667	-0.392307692
1998	-0.130769231
1998.083333	-0.1
1998.166667	-0.307692308
1998.25	-0.169230769
1998.333333	0.1
1998.416667	0.215384615
1998.5	0.353846154
1998.583333	0.576923077
1998.666667	0.538461538
1998.75	0.5
1998.833333	0.476923077
1998.916667	0.584615385
1999	0.523076923
1999.083333	0.3
1999.166667	0.253846154
1999.25	0.438461538
1999.333333	0.423076923
1999.416667	0.484615385
1999.5	0.369230769
1999.583333	0.507692308
1999.666667	0.369230769
1999.75	0.161538462
1999.833333	0.269230769
1999.916667	0.2
2000	-0.115384615
2000.083333	0.053846154
2000.166667	0.269230769
2000.25	0.546153846
2000.333333	0.515384615
2000.416667	0.284615385
2000.5	0.146153846
2000.583333	0.1
2000.666667	-0.253846154
2000.75	-0.176923077
2000.833333	-0.061538462
2000.916667	-0.315384615
2001	-0.253846154
2001.083333	0.015384615
2001.166667	-0.230769231
2001.25	-0.176923077
2001.333333	-0.415384615
2001.416667	-0.730769231
2001.5	-0.523076923
2001.583333	-0.384615385
2001.666667	-0.276923077
2001.75	0.007692308
2001.833333	0.046153846
2001.916667	0.269230769
2002	0.538461538
2002.083333	0.561538462
2002.166667	0.176923077
2002.25	0.238461538
2002.333333	0.269230769
2002.416667	-0.023076923
2002.5	0.323076923
2002.583333	0.376923077
2002.666667	0.284615385
2002.75	0.069230769
2002.833333	-0.038461538
2002.916667	-0.223076923
2003	-0.338461538
2003.083333	-0.615384615
2003.166667	-0.707692308
2003.25	-0.446153846
2003.333333	-0.184615385
2003.416667	-0.369230769
2003.5	-0.169230769
2003.583333	-0.307692308
2003.666667	-0.284615385
2003.75	-0.192307692
2003.833333	0.023076923
2003.916667	-0.153846154
2004	-0.176923077
2004.083333	-0.323076923
2004.166667	-0.015384615
2004.25	-0.123076923
2004.333333	-0.061538462
2004.416667	0.030769231
2004.5	0.192307692
2004.583333	0.130769231
2004.666667	0.007692308
2004.75	-0.092307692
2004.833333	-0.346153846
2004.916667	-0.523076923
2005	-0.446153846
2005.083333	-0.246153846
2005.166667	-0.038461538
2005.25	-0.307692308
2005.333333	-0.1
2005.416667	-0.138461538
2005.5	-0.261538462
2005.583333	-0.392307692
2005.666667	-0.484615385
2005.75	-0.176923077
2005.833333	-0.238461538
2005.916667	-0.115384615
2006	-0.030769231
2006.083333	-0.061538462
2006.166667	-0.230769231
2006.25	-0.507692308
2006.333333	-0.3
2006.416667	-0.192307692
2006.5	-0.053846154
2006.583333	-0.146153846
2006.666667	0.146153846
2006.75	0.276923077
2006.833333	0.423076923
2006.916667	0.2
2007	0.123076923
2007.083333	0.130769231
2007.166667	0.192307692
2007.25	0.292307692
2007.333333	0.384615385
2007.416667	0.361538462
2007.5	0.307692308
2007.583333	0.253846154
2007.666667	0.392307692
2007.75	-0.061538462
2007.833333	-0.215384615
2007.916667	-0.453846154
2008	-0.184615385
2008.083333	0.046153846
2008.166667	0.076923077
2008.25	0.323076923
2008.333333	0.353846154
2008.416667	0.484615385
2008.5	0.538461538
2008.583333	0.415384615
2008.666667	0.515384615
2008.75	0.607692308
2008.833333	1.030769231
2008.916667	0.9
2009	0.761538462
2009.083333	0.930769231
2009.166667	0.884615385
2009.25	0.7
2009.333333	0.623076923
2009.416667	0.169230769
2009.5	-0.015384615
2009.583333	-0.415384615
2009.666667	-0.515384615
2009.75	-0.838461538
2009.833333	-1.115384615
2009.916667	-1.346153846
2010	-0.923076923
2010.083333	-0.915384615
2010.166667	-1.1
2010.25	-1.269230769
2010.333333	-1.215384615
2010.416667	-1.807692308
2010.5	-1.553846154
2010.583333	-1.261538462
2010.666667	-0.953846154
2010.75	-0.676923077
2010.833333	-0.346153846
2010.916667	-0.346153846
2011	-0.3
2011.083333	-0.538461538
2011.166667	-0.307692308
2011.25	-0.169230769
2011.333333	-0.015384615
2011.416667	0.369230769
2011.5	0.930769231
2011.583333	1.130769231
2011.666667	1.053846154
2011.75	1.053846154
2011.833333	0.638461538
2011.916667	0.307692308
2012	0.323076923
2012.083333	0.138461538
2012.166667	0.238461538
2012.25	-0.1
2012.333333	-0.1
2012.416667	-0.223076923
2012.5	-0.430769231
2012.583333	-0.553846154
2012.666667	-0.984615385
2012.75	-1.084615385
2012.833333	-0.884615385
2012.916667	-0.492307692
2013	-0.415384615
2013.083333	-0.161538462
2013.166667	-0.015384615
2013.25	-0.084615385
2013.333333	0.292307692
2013.416667	0.384615385
2013.5	0.569230769
2013.583333	0.676923077
2013.666667	0.838461538
2013.75	1.138461538
2013.833333	1.276923077
2013.916667	0.915384615
2014	0.792307692
2014.083333	0.846153846
2014.166667	0.476923077
2014.25	0.5
2014.333333	0.623076923
2014.416667	0.723076923
2014.5	0.776923077
2014.583333	0.807692308
2014.666667	0.876923077
2014.75	0.7
2014.833333	0.876923077
2014.916667	0.715384615
2015	0.669230769
2015.083333	0.730769231
2015.166667	0.669230769
2015.25	0.784615385
2015.333333	0.984615385
2015.416667	1
2015.5	0.776923077
2015.583333	0.692307692
2015.666667	0.615384615
2015.75	0.246153846
2015.833333	0.192307692
2015.916667	0.030769231
2016	0.115384615
2016.083333	0.307692308
2016.166667	0.446153846
2016.25	0.476923077
2016.333333	0.6
2016.416667	0.461538462
2016.5	0.369230769
2016.583333	0.461538462
2016.666667	0.392307692
2016.75	0.207692308
2016.833333	0.153846154
2016.916667	0.323076923
2017	0.476923077
2017.083333	0.469230769
2017.166667	0.630769231
2017.25	0.469230769
2017.333333	0.469230769
2017.416667	0.453846154
2017.5	0.569230769
2017.583333	0.669230769
2017.666667	0.5
2017.75	0.476923077
2017.833333	0.853846154
2017.916667	1.038461538
2018	1.046153846
2018.083333	1.076923077
2018.166667	1.1
2018.25	1
2018.333333	0.930769231
2018.416667	1.030769231
2018.5	0.976923077
2018.583333	0.8
2018.666667	0.930769231
2018.75	1.007692308
2018.833333	0.776923077
2018.916667	0.284615385
2019	0.215384615
2019.083333	0.061538462
2019.166667	-0.030769231
2019.25	-0.176923077
2019.333333	-0.223076923
2019.416667	-0.146153846
2019.5	0.007692308
2019.583333	0.253846154
2019.666667	0.384615385
2019.75	0.069230769
2019.833333	-0.007692308
2019.916667	0.053846154
2020	0.276923077
2020.083333	0.315384615
2020.166667	0.438461538
2020.25	0.415384615
2020.333333	0.646153846
2020.416667	0.661538462
2020.5	0.484615385
2020.583333	0.307692308
2020.666667	0.138461538
2020.75	-0.276923077
2020.833333	-0.153846154
2020.916667	0.023076923
2021	0.007692308
2021.083333	-0.153846154
2021.166667	-0.069230769
2021.25	-0.115384615
2021.333333	-0.138461538
2021.416667	-0.338461538
2021.5	-0.338461538
2021.583333	0.015384615
2021.666667	0.092307692
2021.75	-0.138461538
2021.833333	0.223076923
2021.916667	0.338461538
2022	0.276923077
2022.083333	0.361538462
2022.166667	0.407692308
2022.25	0.376923077
2022.333333	0.492307692
2022.416667	0.138461538
2022.5	0.338461538
2022.583333	0.369230769
2022.666667	-0.007692308
2022.75	-0.153846154
2022.833333	0.084615385
2022.916667	-0.261538462
2023	-0.416666667
2023.083333	-0.5
2023.166667	-0.54
2023.25	-0.477777778
2023.333333	-0.575
2023.416667	-0.942857143
