 1.91537500000000E+03   7.23470000000000E+00
 1.91545830000000E+03   3.11169000000000E+01
 1.91554170000000E+03   2.37885000000000E+01
 1.91562500000000E+03   1.91128000000000E+01
 1.91570830000000E+03   2.78207000000000E+01
 1.91579170000000E+03   1.70664000000000E+01
 1.91587500000000E+03   1.62641000000000E+01
 1.91595830000000E+03   1.38912000000000E+01
 1.91604170000000E+03   5.44110000000000E+00
 1.91612500000000E+03   9.29860000000000E+00
 1.91620830000000E+03   7.77130000000000E+00
 1.91629170000000E+03   1.19361000000000E+01
 1.91637500000000E+03   2.03316000000000E+01
 1.91645830000000E+03   2.24192000000000E+01
 1.91654170000000E+03   6.66050000000000E+00
 1.91662500000000E+03   4.36310000000000E+00
 1.91670830000000E+03   4.83490000000000E+00
 1.91679170000000E+03  -1.36936000000000E+01
 1.91687500000000E+03  -6.76060000000000E+00
 1.91695830000000E+03  -1.02893000000000E+01
 1.91704170000000E+03  -8.35680000000000E+00
 1.91712500000000E+03   3.19110000000000E+00
 1.91720830000000E+03  -2.64580000000000E+00
 1.91729170000000E+03   1.67090000000000E+00
 1.91737500000000E+03  -1.20894000000000E+01
 1.91745830000000E+03  -3.32345000000000E+01
 1.91754170000000E+03  -3.71491000000000E+01
 1.91762500000000E+03  -3.22176000000000E+01
 1.91770830000000E+03  -3.32862000000000E+01
 1.91779170000000E+03  -3.72013000000000E+01
 1.91787500000000E+03  -3.51164000000000E+01
 1.91795830000000E+03  -4.41086000000000E+01
 1.91804170000000E+03  -4.29472000000000E+01
 1.91812500000000E+03  -4.60936000000000E+01
 1.91820830000000E+03  -4.41632000000000E+01
 1.91829170000000E+03  -4.36946000000000E+01
 1.91837500000000E+03  -4.26107000000000E+01
 1.91845830000000E+03  -3.25270000000000E+01
 1.91854170000000E+03  -1.88281000000000E+01
 1.91862500000000E+03  -1.35140000000000E+01
 1.91870830000000E+03  -2.02769000000000E+01
 1.91879170000000E+03  -2.49631000000000E+01
 1.91887500000000E+03  -2.47263000000000E+01
 1.91895830000000E+03  -2.61051000000000E+01
 1.91904170000000E+03  -2.26380000000000E+01
 1.91912500000000E+03  -2.25555000000000E+01
 1.91920830000000E+03  -1.65502000000000E+01
 1.91929170000000E+03  -2.63143000000000E+01
 1.91937500000000E+03  -1.76170000000000E+01
 1.91945830000000E+03  -2.06121000000000E+01
 1.91954170000000E+03  -2.36075000000000E+01
 1.91962500000000E+03  -3.19107000000000E+01
 1.91970830000000E+03  -4.63678000000000E+01
 1.91979170000000E+03  -4.15175000000000E+01
 1.91987500000000E+03  -3.59750000000000E+01
 1.91995830000000E+03  -3.35096000000000E+01
 1.92004170000000E+03  -2.71213000000000E+01
 1.92012500000000E+03  -2.70409000000000E+01
 1.92020830000000E+03  -2.85759000000000E+01
 1.92029170000000E+03  -1.93420000000000E+01
 1.92037500000000E+03  -9.56970000000000E+00
 1.92045830000000E+03  -1.10283000000000E+01
 1.92054170000000E+03  -1.01026000000000E+01
 1.92062500000000E+03  -1.62538000000000E+01
 1.92070830000000E+03  -1.74822000000000E+01
 1.92079170000000E+03  -2.31723000000000E+01
 1.92087500000000E+03  -3.14779000000000E+01
 1.92095830000000E+03  -3.44759000000000E+01
 1.92104170000000E+03  -3.51666000000000E+01
 1.92112500000000E+03  -3.52419000000000E+01
 1.92120830000000E+03  -3.21635000000000E+01
 1.92129170000000E+03  -3.23931000000000E+01
 1.92137500000000E+03  -3.68535000000000E+01
 1.92145830000000E+03  -4.66217000000000E+01
 1.92154170000000E+03  -4.93133000000000E+01
 1.92162500000000E+03  -4.80050000000000E+01
 1.92170830000000E+03  -4.19276000000000E+01
 1.92179170000000E+03  -3.59274000000000E+01
 1.92187500000000E+03  -3.40810000000000E+01
 1.92195830000000E+03  -3.46964000000000E+01
 1.92204170000000E+03  -3.13890000000000E+01
 1.92212500000000E+03  -3.30816000000000E+01
 1.92220830000000E+03  -3.23129000000000E+01
 1.92229170000000E+03  -2.47752000000000E+01
 1.92237500000000E+03  -2.48529000000000E+01
 1.92245830000000E+03  -2.90847000000000E+01
 1.92254170000000E+03  -3.90090000000000E+01
 1.92262500000000E+03  -3.21641000000000E+01
 1.92270830000000E+03  -3.28579000000000E+01
 1.92279170000000E+03  -2.90135000000000E+01
 1.92287500000000E+03  -3.50922000000000E+01
 1.92295830000000E+03  -3.96326000000000E+01
 1.92304170000000E+03  -3.84041000000000E+01
 1.92312500000000E+03  -3.75602000000000E+01
 1.92320830000000E+03  -3.77934000000000E+01
 1.92329170000000E+03  -3.03346000000000E+01
 1.92337500000000E+03  -3.46450000000000E+01
 1.92345830000000E+03  -3.84172000000000E+01
 1.92354170000000E+03  -3.72665000000000E+01
 1.92362500000000E+03  -2.80390000000000E+01
 1.92370830000000E+03  -3.05039000000000E+01
 1.92379170000000E+03  -3.70461000000000E+01
 1.92387500000000E+03  -3.98960000000000E+01
 1.92395830000000E+03  -3.81306000000000E+01
 1.92404170000000E+03  -2.56733000000000E+01
 1.92412500000000E+03  -2.22929000000000E+01
 1.92420830000000E+03  -1.47588000000000E+01
 1.92429170000000E+03  -3.53270000000000E+00
 1.92437500000000E+03  -4.15280000000000E+00
 1.92445830000000E+03   2.22700000000000E+00
 1.92454170000000E+03   9.91410000000000E+00
 1.92462500000000E+03   1.13705000000000E+01
 1.92470830000000E+03   2.90360000000000E+00
 1.92479170000000E+03  -5.94820000000000E+00
 1.92487500000000E+03   1.96920000000000E+00
 1.92495830000000E+03  -4.88280000000000E+00
 1.92504170000000E+03  -5.27360000000000E+00
 1.92512500000000E+03  -4.35670000000000E+00
 1.92520830000000E+03  -3.67070000000000E+00
 1.92529170000000E+03  -9.85000000000000E-01
 1.92537500000000E+03  -6.83900000000000E-01
 1.92545830000000E+03   7.15540000000000E+00
 1.92554170000000E+03   8.30210000000000E+00
 1.92562500000000E+03   1.62950000000000E+01
 1.92570830000000E+03   4.21080000000000E+00
 1.92579170000000E+03   1.82801000000000E+01
 1.92587500000000E+03   2.21186000000000E+01
 1.92595830000000E+03   1.91108000000000E+01
 1.92604170000000E+03   2.38720000000000E+01
 1.92612500000000E+03   2.90177000000000E+01
 1.92620830000000E+03   2.80094000000000E+01
 1.92629170000000E+03   3.62317000000000E+01
 1.92637500000000E+03   4.66077000000000E+01
 1.92645830000000E+03   2.93681000000000E+01
 1.92654170000000E+03   1.50514000000000E+01
 1.92662500000000E+03   5.19610000000000E+00
 1.92670830000000E+03   3.40700000000000E-01
 1.92679170000000E+03   1.00400000000000E-01
 1.92687500000000E+03  -2.75530000000000E+00
 1.92695830000000E+03  -4.07270000000000E+00
 1.92704170000000E+03  -2.36600000000000E-01
 1.92712500000000E+03   6.06100000000000E+00
 1.92720830000000E+03   9.89690000000000E+00
 1.92729170000000E+03   1.43480000000000E+01
 1.92737500000000E+03   1.32605000000000E+01
 1.92745830000000E+03   8.94210000000000E+00
 1.92754170000000E+03   1.75465000000000E+01
 1.92762500000000E+03   1.33816000000000E+01
 1.92770830000000E+03   2.35242000000000E+01
 1.92779170000000E+03   2.63589000000000E+01
 1.92787500000000E+03   3.31935000000000E+01
 1.92795830000000E+03   3.96434000000000E+01
 1.92804170000000E+03   3.59391000000000E+01
 1.92812500000000E+03   3.52348000000000E+01
 1.92820830000000E+03   3.10688000000000E+01
 1.92829170000000E+03   3.49025000000000E+01
 1.92837500000000E+03   3.62746000000000E+01
 1.92845830000000E+03   2.78773000000000E+01
 1.92854170000000E+03   1.15567000000000E+01
 1.92862500000000E+03   1.35437000000000E+01
 1.92870830000000E+03   1.15305000000000E+01
 1.92879170000000E+03  -1.55980000000000E+00
 1.92887500000000E+03  -1.01887000000000E+01
 1.92895830000000E+03  -1.24331000000000E+01
 1.92904170000000E+03  -1.70624000000000E+01
 1.92912500000000E+03  -1.53841000000000E+01
 1.92920830000000E+03  -1.80905000000000E+01
 1.92929170000000E+03  -1.20280000000000E+01
 1.92937500000000E+03  -1.02732000000000E+01
 1.92945830000000E+03  -3.74930000000000E+00
 1.92954170000000E+03   8.62040000000000E+00
 1.92962500000000E+03   9.60540000000000E+00
 1.92970830000000E+03   1.38211000000000E+01
 1.92979170000000E+03   2.18827000000000E+01
 1.92987500000000E+03   2.30211000000000E+01
 1.92995830000000E+03   2.30824000000000E+01
 1.93004170000000E+03   2.70666000000000E+01
 1.93012500000000E+03   2.96660000000000E+01
 1.93020830000000E+03   3.34192000000000E+01
 1.93029170000000E+03   4.10182000000000E+01
 1.93037500000000E+03   4.39249000000000E+01
 1.93045830000000E+03   3.86006000000000E+01
 1.93054170000000E+03   2.59684000000000E+01
 1.93062500000000E+03   6.87460000000000E+00
 1.93070830000000E+03   1.47037000000000E+01
 1.93079170000000E+03   6.91710000000000E+00
 1.93087500000000E+03   1.07459000000000E+01
 1.93095830000000E+03   1.44207000000000E+01
 1.93104170000000E+03   1.98644000000000E+01
 1.93112500000000E+03   2.30773000000000E+01
 1.93120830000000E+03   1.92132000000000E+01
 1.93129170000000E+03   1.98872000000000E+01
 1.93137500000000E+03   2.60996000000000E+01
 1.93145830000000E+03   1.01580000000000E+01
 1.93154170000000E+03   8.60070000000000E+00
 1.93162500000000E+03   1.20400000000000E-01
 1.93170830000000E+03   9.56290000000000E+00
 1.93179170000000E+03   3.69750000000000E+00
 1.93187500000000E+03   7.60120000000000E+00
 1.93195830000000E+03   2.50480000000000E+00
 1.93204170000000E+03   3.71580000000000E+00
 1.93212500000000E+03   1.15760000000000E+00
 1.93220830000000E+03   2.52220000000000E+00
 1.93229170000000E+03   1.20404000000000E+01
 1.93237500000000E+03   1.39432000000000E+01
 1.93245830000000E+03   9.15350000000000E+00
 1.93254170000000E+03   1.59020000000000E+01
 1.93262500000000E+03   1.15735000000000E+01
 1.93270830000000E+03   2.48603000000000E+01
 1.93279170000000E+03   1.99929000000000E+01
 1.93287500000000E+03   1.97409000000000E+01
 1.93295830000000E+03   2.06425000000000E+01
 1.93304170000000E+03   1.67746000000000E+01
 1.93312500000000E+03   1.49067000000000E+01
 1.93320830000000E+03   1.91156000000000E+01
 1.93329170000000E+03   2.05549000000000E+01
 1.93337500000000E+03   1.79173000000000E+01
 1.93345830000000E+03   1.26641000000000E+01
 1.93354170000000E+03  -1.20470000000000E+00
 1.93362500000000E+03  -1.93044000000000E+01
 1.93370830000000E+03  -1.90196000000000E+01
 1.93379170000000E+03  -2.08889000000000E+01
 1.93387500000000E+03  -2.36814000000000E+01
 1.93395830000000E+03  -2.81663000000000E+01
 1.93404170000000E+03  -3.20361000000000E+01
 1.93412500000000E+03  -2.84444000000000E+01
 1.93420830000000E+03  -2.46221000000000E+01
 1.93429170000000E+03  -3.14155000000000E+01
 1.93437500000000E+03  -3.73628000000000E+01
 1.93445830000000E+03  -2.38487000000000E+01
 1.93454170000000E+03  -3.59502000000000E+01
 1.93462500000000E+03  -3.37442000000000E+01
 1.93470830000000E+03  -2.48459000000000E+01
 1.93479170000000E+03  -2.44864000000000E+01
 1.93487500000000E+03  -3.21270000000000E+01
 1.93495830000000E+03  -2.20754000000000E+01
 1.93504170000000E+03  -2.19472000000000E+01
 1.93512500000000E+03  -2.12036000000000E+01
 1.93520830000000E+03  -1.55371000000000E+01
 1.93529170000000E+03  -1.60247000000000E+01
 1.93537500000000E+03  -2.12780000000000E+00
 1.93545830000000E+03   5.38440000000000E+00
 1.93554170000000E+03   6.28090000000000E+00
 1.93562500000000E+03   3.67927000000000E+01
 1.93570830000000E+03   4.73044000000000E+01
 1.93579170000000E+03   5.82773000000000E+01
 1.93587500000000E+03   5.78656000000000E+01
 1.93595830000000E+03   6.38383000000000E+01
 1.93604170000000E+03   6.33492000000000E+01
 1.93612500000000E+03   6.23216000000000E+01
 1.93620830000000E+03   6.43707000000000E+01
 1.93629170000000E+03   5.88042000000000E+01
 1.93637500000000E+03   5.76992000000000E+01
 1.93645830000000E+03   4.54402000000000E+01
 1.93654170000000E+03   5.03347000000000E+01
 1.93662500000000E+03   3.98446000000000E+01
 1.93670830000000E+03   3.26620000000000E+01
 1.93679170000000E+03   2.68638000000000E+01
 1.93687500000000E+03   2.36039000000000E+01
 1.93695830000000E+03   2.11901000000000E+01
 1.93704170000000E+03   1.93914000000000E+01
 1.93712500000000E+03   1.43618000000000E+01
 1.93720830000000E+03   2.54090000000000E+01
 1.93729170000000E+03   3.05329000000000E+01
 1.93737500000000E+03   4.39644000000000E+01
 1.93745830000000E+03   4.68573000000000E+01
 1.93754170000000E+03   4.55191000000000E+01
 1.93762500000000E+03   2.21809000000000E+01
 1.93770830000000E+03   6.15020000000000E+00
 1.93779170000000E+03  -1.56500000000000E+01
 1.93787500000000E+03  -2.06041000000000E+01
 1.93795830000000E+03  -2.41738000000000E+01
 1.93804170000000E+03  -2.34360000000000E+01
 1.93812500000000E+03  -2.37752000000000E+01
 1.93820830000000E+03  -2.10376000000000E+01
 1.93829170000000E+03  -2.40696000000000E+01
 1.93837500000000E+03  -1.87169000000000E+01
 1.93845830000000E+03  -2.64414000000000E+01
 1.93854170000000E+03  -2.17815000000000E+01
 1.93862500000000E+03  -2.32755000000000E+01
 1.93870830000000E+03  -2.09235000000000E+01
 1.93879170000000E+03  -1.54180000000000E+01
 1.93887500000000E+03  -8.68170000000000E+00
 1.93895830000000E+03  -7.56100000000000E+00
 1.93904170000000E+03   1.09790000000000E+00
 1.93912500000000E+03   3.29520000000000E+00
 1.93920830000000E+03   7.64620000000000E+00
 1.93929170000000E+03   1.50739000000000E+01
 1.93937500000000E+03   2.02707000000000E+01
 1.93945830000000E+03   1.14674000000000E+01
 1.93954170000000E+03   1.08176000000000E+01
 1.93962500000000E+03   9.16780000000000E+00
 1.93970830000000E+03   1.47486000000000E+01
 1.93979170000000E+03   1.94060000000000E+01
 1.93987500000000E+03   2.01404000000000E+01
 1.93995830000000E+03   2.24899000000000E+01
 1.94004170000000E+03   2.41468000000000E+01
 1.94012500000000E+03   1.43422000000000E+01
 1.94020830000000E+03   1.47682000000000E+01
 1.94029170000000E+03   2.15785000000000E+01
 1.94037500000000E+03   2.26196000000000E+01
 1.94045830000000E+03   8.12200000000000E+00
 1.94054170000000E+03   1.15472000000000E+01
 1.94062500000000E+03   1.40493000000000E+01
 1.94070830000000E+03   6.93580000000000E+00
 1.94079170000000E+03   1.59130000000000E+00
 1.94087500000000E+03   9.39100000000000E-01
 1.94095830000000E+03   1.32800000000000E-01
 1.94104170000000E+03   3.94170000000000E+00
 1.94112500000000E+03   5.82740000000000E+00
 1.94120830000000E+03   9.48220000000000E+00
 1.94129170000000E+03   8.98290000000000E+00
 1.94137500000000E+03   8.71430000000000E+00
 1.94145830000000E+03  -7.78530000000000E+00
 1.94154170000000E+03  -8.43890000000000E+00
 1.94162500000000E+03  -2.37080000000000E+01
 1.94170830000000E+03  -2.83619000000000E+01
 1.94179170000000E+03  -2.81699000000000E+01
 1.94187500000000E+03  -2.35933000000000E+01
 1.94195830000000E+03  -2.54015000000000E+01
 1.94204170000000E+03  -2.72869000000000E+01
 1.94212500000000E+03  -2.71724000000000E+01
 1.94220830000000E+03  -2.52118000000000E+01
 1.94229170000000E+03  -1.67900000000000E+01
 1.94237500000000E+03  -8.67600000000000E+00
 1.94245830000000E+03  -7.94670000000000E+00
 1.94254170000000E+03   1.11669000000000E+01
 1.94262500000000E+03   7.97280000000000E+00
 1.94270830000000E+03   1.31632000000000E+01
 1.94279170000000E+03   3.27630000000000E+00
 1.94287500000000E+03  -3.07220000000000E+00
 1.94295830000000E+03  -1.10361000000000E+01
 1.94304170000000E+03  -7.30810000000000E+00
 1.94312500000000E+03  -1.65710000000000E+00
 1.94320830000000E+03  -2.08310000000000E+00
 1.94329170000000E+03   3.18290000000000E+00
 1.94337500000000E+03  -3.70500000000000E+00
 1.94345830000000E+03  -1.43622000000000E+01
 1.94354170000000E+03  -3.03275000000000E+01
 1.94362500000000E+03  -5.16774000000000E+01
 1.94370830000000E+03  -5.07967000000000E+01
 1.94379170000000E+03  -5.18394000000000E+01
 1.94387500000000E+03  -5.31898000000000E+01
 1.94395830000000E+03  -4.99249000000000E+01
 1.94404170000000E+03  -4.22758000000000E+01
 1.94412500000000E+03  -3.94728000000000E+01
 1.94420830000000E+03  -4.25162000000000E+01
 1.94429170000000E+03  -4.09444000000000E+01
 1.94437500000000E+03  -4.44496000000000E+01
 1.94445830000000E+03  -4.38012000000000E+01
 1.94454170000000E+03  -4.45376000000000E+01
 1.94462500000000E+03  -4.61202000000000E+01
 1.94470830000000E+03  -4.79338000000000E+01
 1.94479170000000E+03  -3.92092000000000E+01
 1.94487500000000E+03  -3.17923000000000E+01
 1.94495830000000E+03  -2.47602000000000E+01
 1.94504170000000E+03  -2.39591000000000E+01
 1.94512500000000E+03  -2.56966000000000E+01
 1.94520830000000E+03  -2.68188000000000E+01
 1.94529170000000E+03  -1.85567000000000E+01
 1.94537500000000E+03  -9.14080000000000E+00
 1.94545830000000E+03   1.12110000000000E+00
 1.94554170000000E+03   5.92120000000000E+00
 1.94562500000000E+03   4.10590000000000E+00
 1.94570830000000E+03   1.45981000000000E+01
 1.94579170000000E+03   2.12438000000000E+01
 1.94587500000000E+03   2.90433000000000E+01
 1.94595830000000E+03   2.83043000000000E+01
 1.94604170000000E+03   2.71803000000000E+01
 1.94612500000000E+03   3.09024000000000E+01
 1.94620830000000E+03   3.56244000000000E+01
 1.94629170000000E+03   4.45000000000000E+01
 1.94637500000000E+03   4.86832000000000E+01
 1.94645830000000E+03   3.62508000000000E+01
 1.94654170000000E+03   2.38951000000000E+01
 1.94662500000000E+03   2.81547000000000E+01
 1.94670830000000E+03   5.09527000000000E+01
 1.94679170000000E+03   4.49041000000000E+01
 1.94687500000000E+03   4.97787000000000E+01
 1.94695830000000E+03   4.61915000000000E+01
 1.94704170000000E+03   4.49886000000000E+01
 1.94712500000000E+03   4.87088000000000E+01
 1.94720830000000E+03   4.85827000000000E+01
 1.94729170000000E+03   4.36102000000000E+01
 1.94737500000000E+03   4.14068000000000E+01
 1.94745830000000E+03   2.88956000000000E+01
 1.94754170000000E+03   4.27687000000000E+01
 1.94762500000000E+03   3.63340000000000E+01
 1.94770830000000E+03   2.18223000000000E+01
 1.94779170000000E+03   1.92570000000000E+00
 1.94787500000000E+03   4.72140000000000E+00
 1.94795830000000E+03   3.13230000000000E+00
 1.94804170000000E+03  -7.64900000000000E-01
 1.94812500000000E+03   2.41490000000000E+00
 1.94820830000000E+03   9.79200000000000E-01
 1.94829170000000E+03   3.62000000000000E+00
 1.94837500000000E+03   9.18400000000000E+00
 1.94845830000000E+03   1.62862000000000E+01
 1.94854170000000E+03   1.07727000000000E+01
 1.94862500000000E+03  -8.81770000000000E+00
 1.94870830000000E+03  -1.52544000000000E+01
 1.94879170000000E+03  -1.41530000000000E+01
 1.94887500000000E+03  -1.39747000000000E+01
 1.94895830000000E+03  -1.73350000000000E+01
 1.94904170000000E+03  -1.75417000000000E+01
 1.94912500000000E+03  -1.64408000000000E+01
 1.94920830000000E+03  -1.12631000000000E+01
 1.94929170000000E+03   1.37580000000000E+00
 1.94937500000000E+03   7.55310000000000E+00
 1.94945830000000E+03   6.49960000000000E+00
 1.94954170000000E+03  -7.16970000000000E+00
 1.94962500000000E+03   9.77640000000000E+00
 1.94970830000000E+03   1.40300000000000E+01
 1.94979170000000E+03   1.85141000000000E+01
 1.94987500000000E+03   2.22290000000000E+01
 1.94995830000000E+03   2.59436000000000E+01
 1.95004170000000E+03   3.13503000000000E+01
 1.95012500000000E+03   3.65262000000000E+01
 1.95020830000000E+03   4.05481000000000E+01
 1.95029170000000E+03   3.58004000000000E+01
 1.95037500000000E+03   3.57451000000000E+01
 1.95045830000000E+03   3.00742000000000E+01
 1.95054170000000E+03   3.36337000000000E+01
 1.95062500000000E+03   4.21933000000000E+01
 1.95070830000000E+03   3.62142000000000E+01
 1.95079170000000E+03   3.46194000000000E+01
 1.95087500000000E+03   4.20246000000000E+01
 1.95095830000000E+03   4.29681000000000E+01
 1.95104170000000E+03   3.99113000000000E+01
 1.95112500000000E+03   4.10852000000000E+01
 1.95120830000000E+03   4.36436000000000E+01
 1.95129170000000E+03   4.35094000000000E+01
 1.95137500000000E+03   5.79136000000000E+01
 1.95145830000000E+03   5.27792000000000E+01
 1.95154170000000E+03   4.64907000000000E+01
 1.95162500000000E+03   3.18175000000000E+01
 1.95170830000000E+03   2.96826000000000E+01
 1.95179170000000E+03   2.23167000000000E+01
 1.95187500000000E+03   2.92584000000000E+01
 1.95195830000000E+03   2.59692000000000E+01
 1.95204170000000E+03   2.16796000000000E+01
 1.95212500000000E+03   2.81593000000000E+01
 1.95220830000000E+03   2.74081000000000E+01
 1.95229170000000E+03   3.05027000000000E+01
 1.95237500000000E+03   3.24434000000000E+01
 1.95245830000000E+03   1.89225000000000E+01
 1.95254170000000E+03   6.78580000000000E+00
 1.95262500000000E+03   7.26100000000000E-01
 1.95270830000000E+03  -3.33380000000000E+00
 1.95279170000000E+03  -8.39410000000000E+00
 1.95287500000000E+03  -7.68510000000000E+00
 1.95295830000000E+03  -9.43780000000000E+00
 1.95304170000000E+03  -9.42160000000000E+00
 1.95312500000000E+03  -6.17460000000000E+00
 1.95320830000000E+03  -7.00470000000000E+00
 1.95329170000000E+03  -5.06590000000000E+00
 1.95337500000000E+03  -1.18194000000000E+01
 1.95345830000000E+03  -9.34230000000000E+00
 1.95354170000000E+03  -2.02501000000000E+01
 1.95362500000000E+03  -1.57734000000000E+01
 1.95370830000000E+03  -1.37370000000000E+00
 1.95379170000000E+03  -3.28200000000000E+00
 1.95387500000000E+03  -9.11340000000000E+00
 1.95395830000000E+03  -7.63730000000000E+00
 1.95404170000000E+03  -1.20846000000000E+01
 1.95412500000000E+03  -1.01473000000000E+01
 1.95420830000000E+03  -7.05620000000000E+00
 1.95429170000000E+03  -1.19400000000000E-01
 1.95437500000000E+03   7.50980000000000E+00
 1.95445830000000E+03   6.13880000000000E+00
 1.95454170000000E+03   1.09213000000000E+01
 1.95462500000000E+03   2.53961000000000E+01
 1.95470830000000E+03   2.40246000000000E+01
 1.95479170000000E+03   9.65280000000000E+00
 1.95487500000000E+03   2.01271000000000E+01
 1.95495830000000E+03   2.59859000000000E+01
 1.95504170000000E+03   2.56136000000000E+01
 1.95512500000000E+03   2.93182000000000E+01
 1.95520830000000E+03   2.98688000000000E+01
 1.95529170000000E+03   3.11114000000000E+01
 1.95537500000000E+03   3.04310000000000E+01
 1.95545830000000E+03   2.98272000000000E+01
 1.95554170000000E+03   3.12232000000000E+01
 1.95562500000000E+03   5.38840000000000E+00
 1.95570830000000E+03  -1.98510000000000E+00
 1.95579170000000E+03  -7.58960000000000E+00
 1.95587500000000E+03  -1.24249000000000E+01
 1.95595830000000E+03  -2.01065000000000E+01
 1.95604170000000E+03  -2.34808000000000E+01
 1.95612500000000E+03  -2.13935000000000E+01
 1.95620830000000E+03  -1.66910000000000E+01
 1.95629170000000E+03  -1.99119000000000E+01
 1.95637500000000E+03  -2.76713000000000E+01
 1.95645830000000E+03  -3.47385000000000E+01
 1.95654170000000E+03  -4.90368000000000E+01
 1.95662500000000E+03  -4.10274000000000E+01
 1.95670830000000E+03  -2.20951000000000E+01
 1.95679170000000E+03  -3.27016000000000E+01
 1.95687500000000E+03  -2.88465000000000E+01
 1.95695830000000E+03  -1.94532000000000E+01
 1.95704170000000E+03  -1.09832000000000E+01
 1.95712500000000E+03  -1.03594000000000E+01
 1.95720830000000E+03  -9.81270000000000E+00
 1.95729170000000E+03  -1.34971000000000E+01
 1.95737500000000E+03  -9.10450000000000E+00
 1.95745830000000E+03   8.26300000000000E-01
 1.95754170000000E+03   1.60300000000000E+00
 1.95762500000000E+03   9.14890000000000E+00
 1.95770830000000E+03   3.54080000000000E+00
 1.95779170000000E+03  -9.06770000000000E+00
 1.95787500000000E+03  -1.82990000000000E+00
 1.95795830000000E+03   2.56150000000000E+00
 1.95804170000000E+03   7.18330000000000E+00
 1.95812500000000E+03   1.32667000000000E+01
 1.95820830000000E+03   2.15038000000000E+01
 1.95829170000000E+03   2.17405000000000E+01
 1.95837500000000E+03   1.82849000000000E+01
 1.95845830000000E+03   3.06754000000000E+01
 1.95854170000000E+03   3.18347000000000E+01
 1.95862500000000E+03   1.89171000000000E+01
 1.95870830000000E+03   2.12302000000000E+01
 1.95879170000000E+03   1.84659000000000E+01
 1.95887500000000E+03   2.17017000000000E+01
 1.95895830000000E+03   2.10912000000000E+01
 1.95904170000000E+03   1.87880000000000E+01
 1.95912500000000E+03   1.34079000000000E+01
 1.95920830000000E+03   1.10276000000000E+01
 1.95929170000000E+03   9.41620000000000E+00
 1.95937500000000E+03   1.57280000000000E+01
 1.95945830000000E+03   3.14242000000000E+01
 1.95954170000000E+03   1.81200000000000E+01
 1.95962500000000E+03   2.11235000000000E+01
 1.95970830000000E+03   4.05115000000000E+01
 1.95979170000000E+03   2.90530000000000E+01
 1.95987500000000E+03   2.75176000000000E+01
 1.95995830000000E+03   3.00590000000000E+01
 1.96004170000000E+03   3.49077000000000E+01
 1.96012500000000E+03   4.42180000000000E+01
 1.96020830000000E+03   5.21435000000000E+01
 1.96029170000000E+03   6.98378000000000E+01
 1.96037500000000E+03   8.33015000000000E+01
 1.96045830000000E+03   7.89188000000000E+01
 1.96054170000000E+03   6.86896000000000E+01
 1.96062500000000E+03   6.56143000000000E+01
 1.96070830000000E+03   4.79234000000000E+01
 1.96079170000000E+03   4.50014000000000E+01
 1.96087500000000E+03   5.15410000000000E+01
 1.96095830000000E+03   4.97727000000000E+01
 1.96104170000000E+03   4.92348000000000E+01
 1.96112500000000E+03   4.43124000000000E+01
 1.96120830000000E+03   4.24667000000000E+01
 1.96129170000000E+03   4.89284000000000E+01
 1.96137500000000E+03   3.58516000000000E+01
 1.96145830000000E+03   3.14669000000000E+01
 1.96154170000000E+03   3.30819000000000E+01
 1.96162500000000E+03   1.70047000000000E+01
 1.96170830000000E+03   2.07734000000000E+01
 1.96179170000000E+03   2.26956000000000E+01
 1.96187500000000E+03   1.14640000000000E+01
 1.96195830000000E+03   2.69380000000000E+00
 1.96204170000000E+03   3.38470000000000E+00
 1.96212500000000E+03   4.38340000000000E+00
 1.96220830000000E+03   1.23050000000000E+01
 1.96229170000000E+03   8.91860000000000E+00
 1.96237500000000E+03   2.83980000000000E+00
 1.96245830000000E+03  -3.85450000000000E+00
 1.96254170000000E+03  -1.66260000000000E+01
 1.96262500000000E+03  -1.42437000000000E+01
 1.96270830000000E+03   2.15400000000000E-01
 1.96279170000000E+03  -2.78740000000000E+00
 1.96287500000000E+03  -6.40560000000000E+00
 1.96295830000000E+03  -8.70100000000000E-01
 1.96304170000000E+03   4.35740000000000E+00
 1.96312500000000E+03   5.43110000000000E+00
 1.96320830000000E+03   3.73530000000000E+00
 1.96329170000000E+03   1.27000000000000E+00
 1.96337500000000E+03   2.26509000000000E+01
 1.96345830000000E+03   2.71854000000000E+01
 1.96354170000000E+03   2.58734000000000E+01
 1.96362500000000E+03   2.73307000000000E+01
 1.96370830000000E+03   2.36340000000000E+01
 1.96379170000000E+03   1.92446000000000E+01
 1.96387500000000E+03   1.86245000000000E+01
 1.96395830000000E+03   2.88504000000000E+01
 1.96404170000000E+03   2.32298000000000E+01
 1.96412500000000E+03   2.33015000000000E+01
 1.96420830000000E+03   2.59884000000000E+01
 1.96429170000000E+03   3.07519000000000E+01
 1.96437500000000E+03   2.89000000000000E+01
 1.96445830000000E+03   5.04800000000000E+00
 1.96454170000000E+03  -3.95820000000000E+00
 1.96462500000000E+03  -1.37336000000000E+01
 1.96470830000000E+03  -1.81246000000000E+01
 1.96479170000000E+03  -3.11313000000000E+01
 1.96487500000000E+03  -3.15226000000000E+01
 1.96495830000000E+03  -3.32987000000000E+01
 1.96504170000000E+03  -3.51520000000000E+01
 1.96512500000000E+03  -3.31592000000000E+01
 1.96520830000000E+03  -2.70127000000000E+01
 1.96529170000000E+03  -2.15588000000000E+01
 1.96537500000000E+03  -1.04895000000000E+01
 1.96545830000000E+03  -3.57430000000000E+00
 1.96554170000000E+03   7.10990000000000E+00
 1.96562500000000E+03   2.80248000000000E+01
 1.96570830000000E+03   3.02473000000000E+01
 1.96579170000000E+03   3.85463000000000E+01
 1.96587500000000E+03   4.46915000000000E+01
 1.96595830000000E+03   5.19904000000000E+01
 1.96604170000000E+03   5.34428000000000E+01
 1.96612500000000E+03   5.82029000000000E+01
 1.96620830000000E+03   6.60398000000000E+01
 1.96629170000000E+03   7.66456000000000E+01
 1.96637500000000E+03   6.94821000000000E+01
 1.96645830000000E+03   5.50108000000000E+01
 1.96654170000000E+03   4.56930000000000E+01
 1.96662500000000E+03   3.91444000000000E+01
 1.96670830000000E+03   1.32111000000000E+01
 1.96679170000000E+03   1.44313000000000E+01
 1.96687500000000E+03   1.44976000000000E+01
 1.96695830000000E+03   1.29484000000000E+01
 1.96704170000000E+03   5.78350000000000E+00
 1.96712500000000E+03   9.15700000000000E+00
 1.96720830000000E+03   1.03766000000000E+01
 1.96729170000000E+03   1.41342000000000E+01
 1.96737500000000E+03   5.35340000000000E+00
 1.96745830000000E+03  -9.66000000000000E-01
 1.96754170000000E+03  -5.05490000000000E+00
 1.96762500000000E+03   2.77920000000000E+00
 1.96770830000000E+03  -6.31000000000000E+00
 1.96779170000000E+03   6.21000000000000E-02
 1.96787500000000E+03   5.74190000000000E+00
 1.96795830000000E+03  -2.88620000000000E+00
 1.96804170000000E+03  -1.20690000000000E+00
 1.96812500000000E+03   2.39550000000000E+00
 1.96820830000000E+03   8.99770000000000E+00
 1.96829170000000E+03   1.26764000000000E+01
 1.96837500000000E+03   2.23553000000000E+01
 1.96845830000000E+03   3.01108000000000E+01
 1.96854170000000E+03   4.80199000000000E+01
 1.96862500000000E+03   5.86213000000000E+01
 1.96870830000000E+03   5.84533000000000E+01
 1.96879170000000E+03   5.82849000000000E+01
 1.96887500000000E+03   6.08858000000000E+01
 1.96895830000000E+03   6.56404000000000E+01
 1.96904170000000E+03   6.15485000000000E+01
 1.96912500000000E+03   6.44566000000000E+01
 1.96920830000000E+03   6.63646000000000E+01
 1.96929170000000E+03   6.27337000000000E+01
 1.96937500000000E+03   6.57952000000000E+01
 1.96945830000000E+03   4.71642000000000E+01
 1.96954170000000E+03   5.00713000000000E+01
 1.96962500000000E+03   3.68246000000000E+01
 1.96970830000000E+03   2.46547000000000E+01
 1.96979170000000E+03   1.41767000000000E+01
 1.96987500000000E+03   1.47757000000000E+01
 1.96995830000000E+03   1.09129000000000E+01
 1.97004170000000E+03   4.20370000000000E+00
 1.97012500000000E+03   9.41750000000000E+00
 1.97020830000000E+03   1.06312000000000E+01
 1.97029170000000E+03   5.99840000000000E+00
 1.97037500000000E+03   1.05195000000000E+01
 1.97045830000000E+03  -3.03650000000000E+00
 1.97054170000000E+03   1.00994000000000E+01
 1.97062500000000E+03  -1.28416000000000E+01
 1.97070830000000E+03  -1.79365000000000E+01
 1.97079170000000E+03  -1.22626000000000E+01
 1.97087500000000E+03  -6.12720000000000E+00
 1.97095830000000E+03  -9.14900000000000E-01
 1.97104170000000E+03  -3.01070000000000E+00
 1.97112500000000E+03   2.89350000000000E+00
 1.97120830000000E+03   5.66800000000000E-01
 1.97129170000000E+03  -5.29500000000000E-01
 1.97137500000000E+03  -1.39500000000000E+00
 1.97145830000000E+03  -1.58761000000000E+01
 1.97154170000000E+03  -9.66520000000000E+00
 1.97162500000000E+03  -1.56850000000000E+01
 1.97170830000000E+03  -8.39730000000000E+00
 1.97179170000000E+03  -8.11000000000000E+00
 1.97187500000000E+03  -9.74570000000000E+00
 1.97195830000000E+03  -1.24584000000000E+01
 1.97204170000000E+03  -1.78639000000000E+01
 1.97212500000000E+03  -2.09616000000000E+01
 1.97220830000000E+03  -2.52903000000000E+01
 1.97229170000000E+03  -1.80808000000000E+01
 1.97237500000000E+03  -1.68714000000000E+01
 1.97245830000000E+03  -4.66200000000000E+00
 1.97254170000000E+03  -1.14540000000000E+00
 1.97262500000000E+03  -1.27826000000000E+01
 1.97270830000000E+03  -3.14199000000000E+01
 1.97279170000000E+03  -4.29807000000000E+01
 1.97287500000000E+03  -3.67722000000000E+01
 1.97295830000000E+03  -4.21023000000000E+01
 1.97304170000000E+03  -4.08943000000000E+01
 1.97312500000000E+03  -3.92247000000000E+01
 1.97320830000000E+03  -3.16323000000000E+01
 1.97329170000000E+03  -2.85017000000000E+01
 1.97337500000000E+03  -3.43711000000000E+01
 1.97345830000000E+03  -3.53176000000000E+01
 1.97354170000000E+03  -3.49567000000000E+01
 1.97362500000000E+03  -3.14420000000000E+01
 1.97370830000000E+03  -2.91582000000000E+01
 1.97379170000000E+03  -2.25671000000000E+01
 1.97387500000000E+03  -1.37451000000000E+01
 1.97395830000000E+03  -1.66926000000000E+01
 1.97404170000000E+03  -1.32558000000000E+01
 1.97412500000000E+03  -1.44343000000000E+01
 1.97420830000000E+03  -6.99760000000000E+00
 1.97429170000000E+03  -1.54844000000000E+01
 1.97437500000000E+03  -1.20481000000000E+01
 1.97445830000000E+03  -1.46888000000000E+01
 1.97454170000000E+03  -1.17145000000000E+01
 1.97462500000000E+03  -2.16633000000000E+01
 1.97470830000000E+03  -2.52276000000000E+01
 1.97479170000000E+03  -2.89461000000000E+01
 1.97487500000000E+03  -3.08953000000000E+01
 1.97495830000000E+03  -3.39985000000000E+01
 1.97504170000000E+03  -3.31791000000000E+01
 1.97512500000000E+03  -3.05904000000000E+01
 1.97520830000000E+03  -2.66172000000000E+01
 1.97529170000000E+03  -2.93367000000000E+01
 1.97537500000000E+03  -2.29792000000000E+01
 1.97545830000000E+03  -3.56988000000000E+01
 1.97554170000000E+03  -3.89572000000000E+01
 1.97562500000000E+03  -4.65233000000000E+01
 1.97570830000000E+03  -5.37818000000000E+01
 1.97579170000000E+03  -6.43485000000000E+01
 1.97587500000000E+03  -6.35304000000000E+01
 1.97595830000000E+03  -6.47895000000000E+01
 1.97604170000000E+03  -6.47412000000000E+01
 1.97612500000000E+03  -6.68467000000000E+01
 1.97620830000000E+03  -6.24139000000000E+01
 1.97629170000000E+03  -4.89046000000000E+01
 1.97637500000000E+03  -4.86260000000000E+01
 1.97645830000000E+03  -4.05014000000000E+01
 1.97654170000000E+03  -2.78387000000000E+01
 1.97662500000000E+03  -8.09900000000000E+00
 1.97670830000000E+03  -2.28260000000000E+00
 1.97679170000000E+03  -3.00500000000000E+00
 1.97687500000000E+03   3.73420000000000E+00
 1.97695830000000E+03   7.62700000000000E+00
 1.97704170000000E+03   1.21349000000000E+01
 1.97712500000000E+03   1.71043000000000E+01
 1.97720830000000E+03   1.66121000000000E+01
 1.97729170000000E+03   2.28118000000000E+01
 1.97737500000000E+03   9.01150000000000E+00
 1.97745830000000E+03   1.59803000000000E+01
 1.97754170000000E+03   4.25650000000000E+00
 1.97762500000000E+03   7.07110000000000E+00
 1.97770830000000E+03  -6.19130000000000E+00
 1.97779170000000E+03  -1.09926000000000E+01
 1.97787500000000E+03  -8.02460000000000E+00
 1.97795830000000E+03  -5.13370000000000E+00
 1.97804170000000E+03  -6.70470000000000E+00
 1.97812500000000E+03  -6.81410000000000E+00
 1.97820830000000E+03  -1.17699000000000E+01
 1.97829170000000E+03  -1.27260000000000E+01
 1.97837500000000E+03  -2.26051000000000E+01
 1.97845830000000E+03  -3.02290000000000E+00
 1.97854170000000E+03  -4.21020000000000E+00
 1.97862500000000E+03   5.98710000000000E+00
 1.97870830000000E+03  -6.61900000000000E-01
 1.97879170000000E+03  -2.84980000000000E+00
 1.97887500000000E+03  -3.65300000000000E+00
 1.97895830000000E+03  -3.99480000000000E+00
 1.97904170000000E+03  -7.79850000000000E+00
 1.97912500000000E+03  -2.90990000000000E+00
 1.97920830000000E+03  -1.63680000000000E+00
 1.97929170000000E+03   1.36359000000000E+01
 1.97937500000000E+03   1.76010000000000E+01
 1.97945830000000E+03   2.22582000000000E+01
 1.97954170000000E+03   2.83810000000000E+00
 1.97962500000000E+03  -5.27420000000000E+00
 1.97970830000000E+03  -1.29252000000000E+01
 1.97979170000000E+03  -2.15765000000000E+01
 1.97987500000000E+03  -2.06124000000000E+01
 1.97995830000000E+03  -1.64177000000000E+01
 1.98004170000000E+03  -1.01464000000000E+01
 1.98012500000000E+03  -3.49050000000000E+00
 1.98020830000000E+03  -2.37320000000000E+00
 1.98029170000000E+03   6.20520000000000E+00
 1.98037500000000E+03  -6.24000000000000E-02
 1.98045830000000E+03  -6.56100000000000E+00
 1.98054170000000E+03  -2.41369000000000E+01
 1.98062500000000E+03  -3.12512000000000E+01
 1.98070830000000E+03  -2.34425000000000E+01
 1.98079170000000E+03  -3.12497000000000E+01
 1.98087500000000E+03  -1.78260000000000E+01
 1.98095830000000E+03  -2.00947000000000E+01
 1.98104170000000E+03  -2.68254000000000E+01
 1.98112500000000E+03  -3.12484000000000E+01
 1.98120830000000E+03  -2.46715000000000E+01
 1.98129170000000E+03  -1.90950000000000E+01
 1.98137500000000E+03  -2.46723000000000E+01
 1.98145830000000E+03  -1.11728000000000E+01
 1.98154170000000E+03   1.94170000000000E+00
 1.98162500000000E+03   2.12101000000000E+01
 1.98170830000000E+03   1.98629000000000E+01
 1.98179170000000E+03   6.20760000000000E+00
 1.98187500000000E+03   9.93710000000000E+00
 1.98195830000000E+03   6.58940000000000E+00
 1.98204170000000E+03   8.93370000000000E+00
 1.98212500000000E+03   1.38165000000000E+01
 1.98220830000000E+03   2.19299000000000E+01
 1.98229170000000E+03   2.48121000000000E+01
 1.98237500000000E+03   2.90791000000000E+01
 1.98245830000000E+03   3.28843000000000E+01
 1.98254170000000E+03   1.18430000000000E+01
 1.98262500000000E+03   3.57090000000000E+00
 1.98270830000000E+03  -5.70120000000000E+00
 1.98279170000000E+03   7.10310000000000E+00
 1.98287500000000E+03   2.32152000000000E+01
 1.98295830000000E+03   2.32502000000000E+01
 1.98304170000000E+03   2.10541000000000E+01
 1.98312500000000E+03   2.06272000000000E+01
 1.98320830000000E+03   2.43541000000000E+01
 1.98329170000000E+03   2.12344000000000E+01
 1.98337500000000E+03   2.16532000000000E+01
 1.98345830000000E+03   2.20719000000000E+01
 1.98354170000000E+03   1.96440000000000E+01
 1.98362500000000E+03   1.50623000000000E+01
 1.98370830000000E+03   1.51728000000000E+01
 1.98379170000000E+03   1.68213000000000E+01
 1.98387500000000E+03   1.06238000000000E+01
 1.98395830000000E+03  -3.03540000000000E+00
 1.98404170000000E+03  -1.92580000000000E+00
 1.98412500000000E+03  -2.81620000000000E+00
 1.98420830000000E+03   7.54900000000000E-01
 1.98429170000000E+03   4.47940000000000E+00
 1.98437500000000E+03   1.98193000000000E+01
 1.98445830000000E+03   1.29283000000000E+01
 1.98454170000000E+03   7.26770000000000E+00
 1.98462500000000E+03   8.53030000000000E+00
 1.98470830000000E+03   1.47157000000000E+01
 1.98479170000000E+03   8.74690000000000E+00
 1.98487500000000E+03   1.10090000000000E+01
 1.98495830000000E+03   9.57860000000000E+00
 1.98504170000000E+03   1.15324000000000E+01
 1.98512500000000E+03   1.61016000000000E+01
 1.98520830000000E+03   1.41323000000000E+01
 1.98529170000000E+03   1.20087000000000E+01
 1.98537500000000E+03   1.09621000000000E+01
 1.98545830000000E+03   2.45380000000000E+00
 1.98554170000000E+03  -5.93400000000000E-01
 1.98562500000000E+03  -4.71740000000000E+00
 1.98570830000000E+03  -1.22262000000000E+01
 1.98579170000000E+03  -1.38124000000000E+01
 1.98587500000000E+03  -7.24460000000000E+00
 1.98595830000000E+03  -1.29846000000000E+01
 1.98604170000000E+03  -1.29558000000000E+01
 1.98612500000000E+03  -1.42347000000000E+01
 1.98620830000000E+03  -1.48983000000000E+01
 1.98629170000000E+03  -1.16393000000000E+01
 1.98637500000000E+03  -1.07647000000000E+01
 1.98645830000000E+03  -2.08904000000000E+01
 1.98662500000000E+03  -3.02962000000000E+01
 1.98670830000000E+03  -3.48839000000000E+01
 1.98679170000000E+03  -3.55489000000000E+01
 1.98687500000000E+03  -3.84446000000000E+01
 1.98695830000000E+03  -3.75712000000000E+01
 1.98704170000000E+03  -3.76213000000000E+01
 1.98712500000000E+03  -3.22867000000000E+01
 1.98720830000000E+03  -2.64907000000000E+01
 1.98729170000000E+03  -9.23360000000000E+00
 1.98737500000000E+03  -6.43800000000000E+00
 1.98745830000000E+03   4.28060000000000E+00
 1.98754170000000E+03   1.53064000000000E+01
 1.98762500000000E+03   1.82554000000000E+01
 1.98770830000000E+03   1.38197000000000E+01
 1.98779170000000E+03   1.61527000000000E+01
 1.98787500000000E+03   1.86397000000000E+01
 1.98795830000000E+03   2.48957000000000E+01
 1.98804170000000E+03   2.86898000000000E+01
 1.98812500000000E+03   3.04840000000000E+01
 1.98820830000000E+03   2.97396000000000E+01
 1.98829170000000E+03   3.33024000000000E+01
 1.98837500000000E+03   2.65577000000000E+01
 1.98845830000000E+03   1.88897000000000E+01
 1.98854170000000E+03   4.52900000000000E+00
 1.98862500000000E+03  -6.29320000000000E+00
 1.98870830000000E+03  -4.34630000000000E+00
 1.98879170000000E+03   1.38600000000000E-01
 1.98887500000000E+03  -1.76090000000000E+00
 1.98895830000000E+03  -7.42990000000000E+00
 1.98904170000000E+03  -1.15608000000000E+01
 1.98912500000000E+03  -1.33840000000000E+01
 1.98920830000000E+03  -1.44381000000000E+01
 1.98929170000000E+03  -9.56950000000000E+00
 1.98937500000000E+03  -4.70080000000000E+00
 1.98945830000000E+03   8.55230000000000E+00
 1.98954170000000E+03   1.82666000000000E+01
 1.98962500000000E+03   3.13655000000000E+01
 1.98970830000000E+03   2.09259000000000E+01
 1.98979170000000E+03   1.35627000000000E+01
 1.98987500000000E+03   1.07381000000000E+01
 1.98995830000000E+03   1.31441000000000E+01
 1.99004170000000E+03   1.34728000000000E+01
 1.99012500000000E+03   1.62631000000000E+01
 1.99020830000000E+03   1.47455000000000E+01
 1.99029170000000E+03   2.63814000000000E+01
 1.99037500000000E+03   2.76327000000000E+01
 1.99045830000000E+03   1.11147000000000E+01
 1.99054170000000E+03  -1.14038000000000E+01
 1.99062500000000E+03  -2.22299000000000E+01
 1.99070830000000E+03  -3.24407000000000E+01
 1.99079170000000E+03  -2.97289000000000E+01
 1.99087500000000E+03  -3.73247000000000E+01
 1.99095830000000E+03  -3.50745000000000E+01
 1.99104170000000E+03  -3.56708000000000E+01
 1.99112500000000E+03  -3.80363000000000E+01
 1.99120830000000E+03  -3.27866000000000E+01
 1.99129170000000E+03  -2.73835000000000E+01
 1.99137500000000E+03  -3.55956000000000E+01
 1.99145830000000E+03  -4.68848000000000E+01
 1.99154170000000E+03  -5.27130000000000E+01
 1.99162500000000E+03  -6.02333000000000E+01
 1.99170830000000E+03  -6.67538000000000E+01
 1.99179170000000E+03  -7.26593000000000E+01
 1.99187500000000E+03  -7.27955000000000E+01
 1.99195830000000E+03  -6.07011000000000E+01
 1.99204170000000E+03  -6.23763000000000E+01
 1.99212500000000E+03  -5.98207000000000E+01
 1.99220830000000E+03  -5.73421000000000E+01
 1.99229170000000E+03  -6.14794000000000E+01
 1.99237500000000E+03  -6.41550000000000E+01
 1.99245830000000E+03  -6.61385000000000E+01
 1.99254170000000E+03  -6.12763000000000E+01
 1.99262500000000E+03  -6.69524000000000E+01
 1.99270830000000E+03  -6.78594000000000E+01
 1.99279170000000E+03  -5.74592000000000E+01
 1.99287500000000E+03  -5.22127000000000E+01
 1.99295830000000E+03  -4.98895000000000E+01
 1.99304170000000E+03  -5.31821000000000E+01
 1.99312500000000E+03  -5.63976000000000E+01
 1.99320830000000E+03  -4.91518000000000E+01
 1.99329170000000E+03  -4.00602000000000E+01
 1.99337500000000E+03  -3.64301000000000E+01
 1.99345830000000E+03  -3.68002000000000E+01
 1.99354170000000E+03  -4.01706000000000E+01
 1.99362500000000E+03  -3.53872000000000E+01
 1.99370830000000E+03  -3.02962000000000E+01
 1.99379170000000E+03  -3.08210000000000E+01
 1.99387500000000E+03  -2.78841000000000E+01
 1.99395830000000E+03  -3.48705000000000E+01
 1.99404170000000E+03  -3.47804000000000E+01
 1.99412500000000E+03  -2.78441000000000E+01
 1.99420830000000E+03  -1.82156000000000E+01
 1.99429170000000E+03  -1.98183000000000E+01
 1.99437500000000E+03  -1.88055000000000E+01
 1.99445830000000E+03  -1.54852000000000E+01
 1.99454170000000E+03  -1.38576000000000E+01
 1.99462500000000E+03  -6.76840000000000E+00
 1.99470830000000E+03  -1.58332000000000E+01
 1.99479170000000E+03  -1.42061000000000E+01
 1.99487500000000E+03  -5.65580000000000E+00
 1.99495830000000E+03  -1.44134000000000E+01
 1.99504170000000E+03  -5.24840000000000E+00
 1.99512500000000E+03  -3.00630000000000E+00
 1.99520830000000E+03   3.12600000000000E-01
 1.99529170000000E+03   2.93870000000000E+00
 1.99537500000000E+03   9.94950000000000E+00
 1.99545830000000E+03   1.33448000000000E+01
 1.99554170000000E+03   2.60474000000000E+01
 1.99562500000000E+03   2.03654000000000E+01
 1.99570830000000E+03   1.76833000000000E+01
 1.99579170000000E+03   2.23084000000000E+01
 1.99587500000000E+03   3.20106000000000E+01
 1.99595830000000E+03   2.84049000000000E+01
 1.99604170000000E+03   3.20296000000000E+01
 1.99612500000000E+03   2.98082000000000E+01
 1.99620830000000E+03   3.12020000000000E+01
 1.99629170000000E+03   2.87492000000000E+01
 1.99637500000000E+03   2.41428000000000E+01
 1.99645830000000E+03   1.20746000000000E+01
 1.99654170000000E+03  -1.30180000000000E+00
 1.99662500000000E+03  -2.30626000000000E+01
 1.99670830000000E+03  -3.09005000000000E+01
 1.99679170000000E+03  -4.45081000000000E+01
 1.99687500000000E+03  -4.26540000000000E+01
 1.99695830000000E+03  -3.99540000000000E+01
 1.99704170000000E+03  -4.19466000000000E+01
 1.99712500000000E+03  -3.78623000000000E+01
 1.99720830000000E+03  -3.83935000000000E+01
 1.99729170000000E+03  -3.06944000000000E+01
 1.99737500000000E+03  -1.46105000000000E+01
 1.99745830000000E+03  -1.20653000000000E+01
 1.99754170000000E+03  -9.98200000000000E+00
 1.99762500000000E+03  -1.39755000000000E+01
 1.99770830000000E+03  -2.10462000000000E+01
 1.99779170000000E+03  -4.27110000000000E+00
 1.99787500000000E+03   1.96570000000000E+00
 1.99795830000000E+03  -1.25930000000000E+00
 1.99804170000000E+03  -8.86930000000000E+00
 1.99812500000000E+03  -7.24850000000000E+00
 1.99820830000000E+03  -3.32010000000000E+00
 1.99829170000000E+03   2.23300000000000E-01
 1.99837500000000E+03  -8.15640000000000E+00
 1.99845830000000E+03  -2.70746000000000E+01
 1.99854170000000E+03  -3.03010000000000E+01
 1.99862500000000E+03  -4.59888000000000E+01
 1.99870830000000E+03  -4.51383000000000E+01
 1.99879170000000E+03  -3.96728000000000E+01
 1.99887500000000E+03  -4.88996000000000E+01
 1.99895830000000E+03  -4.95880000000000E+01
 1.99904170000000E+03  -5.24308000000000E+01
 1.99912500000000E+03  -4.59657000000000E+01
 1.99920830000000E+03  -3.12700000000000E+01
 1.99929170000000E+03  -3.04979000000000E+01
 1.99937500000000E+03  -3.57256000000000E+01
 1.99945830000000E+03  -3.33381000000000E+01
 1.99954170000000E+03  -4.29510000000000E+01
 1.99962500000000E+03  -5.14869000000000E+01
 1.99970830000000E+03  -5.21769000000000E+01
 1.99979170000000E+03  -4.30980000000000E+01
 1.99987500000000E+03  -4.21728000000000E+01
 1.99995830000000E+03  -4.63248000000000E+01
 2.00004170000000E+03  -4.20156000000000E+01
 2.00012500000000E+03  -4.05525000000000E+01
 2.00020830000000E+03  -4.03972000000000E+01
 2.00029170000000E+03  -4.70886000000000E+01
 2.00037500000000E+03  -3.97798000000000E+01
 2.00045830000000E+03  -1.70096000000000E+01
 2.00054170000000E+03  -6.08600000000000E+00
 2.00062500000000E+03  -2.39300000000000E-01
 2.00070830000000E+03   1.96843000000000E+01
 2.00079170000000E+03   2.60689000000000E+01
 2.00087500000000E+03   1.37613000000000E+01
 2.00095830000000E+03   9.83820000000000E+00
 2.00104170000000E+03   1.42223000000000E+01
 2.00112500000000E+03   1.37604000000000E+01
 2.00120830000000E+03   1.54522000000000E+01
 2.00129170000000E+03   2.17589000000000E+01
 2.00137500000000E+03   1.18350000000000E+01
 2.00145830000000E+03  -6.78140000000000E+00
 2.00154170000000E+03  -2.30906000000000E+01
 2.00162500000000E+03  -3.57842000000000E+01
 2.00170830000000E+03  -3.79396000000000E+01
 2.00179170000000E+03  -4.55569000000000E+01
 2.00187500000000E+03  -3.93279000000000E+01
 2.00195830000000E+03  -3.16376000000000E+01
 2.00204170000000E+03  -2.25631000000000E+01
 2.00212500000000E+03  -1.24885000000000E+01
 2.00229170000000E+03   2.89070000000000E+00
 2.00237500000000E+03   2.27341000000000E+01
 2.00245830000000E+03   2.38080000000000E+01
 2.00254170000000E+03   3.33431000000000E+01
 2.00262500000000E+03   3.69552000000000E+01
 2.00270830000000E+03   3.33363000000000E+01
 2.00279170000000E+03   3.59478000000000E+01
 2.00287500000000E+03   4.13287000000000E+01
 2.00295830000000E+03   3.92478000000000E+01
 2.00304170000000E+03   4.08588000000000E+01
 2.00312500000000E+03   4.30084000000000E+01
 2.00320830000000E+03   4.29270000000000E+01
 2.00329170000000E+03   4.26914000000000E+01
 2.00337500000000E+03   3.85328000000000E+01
 2.00345830000000E+03   2.38356000000000E+01
 2.00354170000000E+03   1.63687000000000E+01
 2.00362500000000E+03   1.04404000000000E+01
 2.00370830000000E+03   6.58880000000000E+00
 2.00379170000000E+03   4.27530000000000E+00
 2.00387500000000E+03  -5.76600000000000E-01
 2.00395830000000E+03  -3.04400000000000E+00
 2.00404170000000E+03  -8.97340000000000E+00
 2.00412500000000E+03  -3.51810000000000E+00
 2.00420830000000E+03  -5.13980000000000E+00
 2.00429170000000E+03   9.69950000000000E+00
 2.00437500000000E+03  -1.23030000000000E+00
 2.00445830000000E+03  -1.29294000000000E+01
 2.00454170000000E+03  -2.43214000000000E+01
 2.00462500000000E+03  -4.08670000000000E+01
 2.00470830000000E+03  -4.05667000000000E+01
 2.00479170000000E+03  -3.61898000000000E+01
 2.00487500000000E+03  -3.68898000000000E+01
 2.00495830000000E+03  -3.68207000000000E+01
 2.00504170000000E+03  -3.42136000000000E+01
 2.00512500000000E+03  -3.42218000000000E+01
 2.00520830000000E+03  -4.03070000000000E+01
 2.00529170000000E+03  -3.33927000000000E+01
 2.00537500000000E+03  -4.54783000000000E+01
 2.00545830000000E+03  -4.22563000000000E+01
 2.00554170000000E+03  -4.58810000000000E+01
 2.00562500000000E+03  -4.00439000000000E+01
 2.00570830000000E+03  -2.27455000000000E+01
 2.00579170000000E+03  -2.60630000000000E+01
 2.00587500000000E+03  -2.75341000000000E+01
 2.00595830000000E+03  -3.00054000000000E+01
 2.00604170000000E+03  -3.00157000000000E+01
 2.00612500000000E+03  -3.01027000000000E+01
 2.00620830000000E+03  -1.91899000000000E+01
 2.00629170000000E+03  -4.81600000000000E+00
 2.00637500000000E+03   9.42600000000000E-01
 2.00645830000000E+03  -1.52970000000000E+00
 2.00654170000000E+03  -2.61780000000000E+00
 2.00662500000000E+03   9.98650000000000E+00
 2.00670830000000E+03   6.12910000000000E+00
 2.00679170000000E+03  -6.65180000000000E+00
 2.00687500000000E+03  -6.63400000000000E-01
 2.00695830000000E+03   7.17110000000000E+00
 2.00704170000000E+03   1.37743000000000E+01
 2.00712500000000E+03   1.70699000000000E+01
 2.00720830000000E+03   2.43654000000000E+01
 2.00729170000000E+03   1.69681000000000E+01
 2.00737500000000E+03   1.34020000000000E+00
 2.00745830000000E+03  -9.28790000000000E+00
 2.00787500000000E+03  -8.50830000000000E+00
 2.00795830000000E+03  -8.90660000000000E+00
 2.00804170000000E+03  -1.35361000000000E+01
 2.00812500000000E+03  -5.16550000000000E+00
 2.00820830000000E+03   6.97420000000000E+00
 2.00829170000000E+03   1.21903000000000E+01
 2.00837500000000E+03   8.56050000000000E+00
 2.00845830000000E+03   5.69970000000000E+00
 2.00854170000000E+03   1.18384000000000E+01
 2.00862500000000E+03   4.13110000000000E+00
 2.00870830000000E+03  -1.96090000000000E+00
 2.00879170000000E+03  -2.20730000000000E+00
 2.00887500000000E+03  -8.53050000000000E+00
 2.00895830000000E+03  -1.02384000000000E+01
 2.00904170000000E+03  -4.71600000000000E+00
 2.00912500000000E+03  -6.42430000000000E+00
 2.00920830000000E+03  -1.24404000000000E+01
 2.00929170000000E+03  -9.99540000000000E+00
 2.00937500000000E+03  -3.96500000000000E-01
 2.00945830000000E+03   1.22793000000000E+01
 2.00954170000000E+03   1.53391000000000E+01
 2.00962500000000E+03   1.07068000000000E+01
 2.00970830000000E+03   2.05359000000000E+01
 2.00979170000000E+03   3.58260000000000E+01
 2.00987500000000E+03   3.88855000000000E+01
 2.00995830000000E+03   4.11757000000000E+01
 2.01062500000000E+03   3.69514000000000E+01
 2.01070830000000E+03   2.41632000000000E+01
 2.01079170000000E+03   1.76052000000000E+01
 2.01087500000000E+03   1.52782000000000E+01
 2.01095830000000E+03   5.56630000000000E+00
 2.01104170000000E+03  -8.83830000000000E+00
 2.01112500000000E+03  -2.30889000000000E+01
 2.01120830000000E+03  -2.34166000000000E+01
 2.01129170000000E+03  -1.80524000000000E+01
 2.01137500000000E+03  -2.82266000000000E+01
 2.01145830000000E+03  -4.69394000000000E+01
 2.01162500000000E+03  -7.05197000000000E+01
 2.01170830000000E+03  -8.46945000000000E+01
 2.01179170000000E+03  -8.27929000000000E+01
 2.01187500000000E+03  -7.66603000000000E+01
 2.01195830000000E+03  -6.99125000000000E+01
 2.01204170000000E+03  -6.64729000000000E+01
 2.01212500000000E+03  -5.76486000000000E+01
 2.01220830000000E+03  -5.65167000000000E+01
 2.01229170000000E+03  -4.54622000000000E+01
 2.01237500000000E+03  -3.76383000000000E+01
 2.01245830000000E+03  -3.91992000000000E+01
 2.01254170000000E+03  -3.39914000000000E+01
 2.01262500000000E+03  -3.13218000000000E+01
 2.01270830000000E+03  -4.03700000000000E+00
 2.01279170000000E+03   1.04780000000000E+01
 2.01287500000000E+03   4.37780000000000E+00
 2.01295830000000E+03   2.35440000000000E+00
 2.01304170000000E+03   7.15200000000000E-01
 2.01312500000000E+03   2.61450000000000E+00
 2.01320830000000E+03  -2.33250000000000E+00
 2.01329170000000E+03   8.72010000000000E+00
 2.01337500000000E+03  -7.07340000000000E+00
 2.01345830000000E+03  -9.86700000000000E+00
 2.01354170000000E+03  -3.27650000000000E+00
 2.01362500000000E+03   4.16030000000000E+00
 2.01370830000000E+03   6.98160000000000E+00
 2.01379170000000E+03   1.80240000000000E+00
 2.01387500000000E+03   1.00800000000000E+00
 2.01395830000000E+03   4.44420000000000E+00
 2.01404170000000E+03   9.72600000000000E+00
 2.01412500000000E+03   1.33157000000000E+01
 2.01420830000000E+03   1.84437000000000E+01
 2.01429170000000E+03   2.80328000000000E+01
 2.01437500000000E+03   3.47758000000000E+01
 2.01445830000000E+03   3.53649000000000E+01
 2.01454170000000E+03   2.57996000000000E+01
 2.01462500000000E+03   3.88300000000000E-01
 2.01470830000000E+03  -1.80231000000000E+01
 2.01479170000000E+03  -1.88196000000000E+01
 2.01487500000000E+03  -1.40006000000000E+01
 2.01495830000000E+03  -8.18180000000000E+00
 2.01504170000000E+03   2.79040000000000E+00
 2.01520830000000E+03   1.26581000000000E+01
 2.01529170000000E+03   1.11683000000000E+01
 2.01537500000000E+03  -7.06000000000000E-01
 2.01579170000000E+03  -1.10035000000000E+01
 2.01587500000000E+03  -2.83403000000000E+01
 2.01595830000000E+03  -2.49080000000000E+01
 2.01604170000000E+03  -2.43224000000000E+01
 2.01612500000000E+03  -1.27366000000000E+01
 2.01620830000000E+03  -2.22790000000000E+00
 2.01629170000000E+03   5.51110000000000E+00
 2.01637500000000E+03   4.17340000000000E+00
 2.01645830000000E+03   1.06620000000000E+00
 2.01654170000000E+03  -1.26568000000000E+01
 2.01662500000000E+03  -2.03797000000000E+01
 2.01670830000000E+03  -2.42565000000000E+01
 2.01679170000000E+03  -2.55185000000000E+01
 2.01687500000000E+03  -2.38572000000000E+01
 2.01695830000000E+03  -2.38884000000000E+01
 2.01704170000000E+03  -2.16124000000000E+01
 2.01712500000000E+03  -1.83363000000000E+01
 2.01720830000000E+03  -1.31372000000000E+01
 2.01729170000000E+03  -1.27847000000000E+01
 2.01737500000000E+03  -1.51245000000000E+01
 2.01745830000000E+03  -2.09259000000000E+01
 2.01754170000000E+03  -1.88047000000000E+01
 2.01762500000000E+03  -2.17603000000000E+01
 2.01770830000000E+03  -1.21006000000000E+01
 2.01779170000000E+03  -5.97990000000000E+00
 2.01787500000000E+03  -7.05200000000000E-01
 2.01795830000000E+03  -5.89220000000000E+00
 2.01804170000000E+03  -5.84890000000000E+00
 2.01812500000000E+03  -7.95930000000000E+00
 2.01820830000000E+03  -8.68530000000000E+00
 2.01829170000000E+03  -9.41170000000000E+00
 2.01837500000000E+03   2.86200000000000E+00
 2.01845830000000E+03   8.13560000000000E+00
 2.01854170000000E+03   5.56250000000000E+00
 2.01862500000000E+03   2.06650000000000E+00
 2.01870830000000E+03   5.18570000000000E+00
 2.01879170000000E+03  -2.00320000000000E+00
 2.01887500000000E+03  -5.80740000000000E+00
 2.01895830000000E+03   8.06000000000000E-02
 2.01904170000000E+03   5.50660000000000E+00
 2.01912500000000E+03   6.70190000000000E+00
 2.01920830000000E+03   1.86663000000000E+01
 2.01929170000000E+03   3.70148000000000E+01
 2.01937500000000E+03   4.81328000000000E+01
 2.01945830000000E+03   3.60198000000000E+01
 2.01954170000000E+03   3.27525000000000E+01
 2.01962500000000E+03   3.46391000000000E+01
 2.01979170000000E+03   3.56424000000000E+01
 2.01987500000000E+03   4.33748000000000E+01
 2.01995830000000E+03   3.67223000000000E+01
 2.02004170000000E+03   4.35310000000000E+01
 2.02012500000000E+03   4.31859000000000E+01
 2.02020830000000E+03   3.17637000000000E+01
 2.02029170000000E+03   2.68796000000000E+01
 2.02045830000000E+03   1.77268000000000E+01
 2.02054170000000E+03  -8.10000000000000E-02
 2.02062500000000E+03  -1.10424000000000E+01
 2.02070830000000E+03  -1.26194000000000E+01
 2.02120830000000E+03  -1.19314000000000E+01
 2.02129170000000E+03  -2.74060000000000E+00
 2.02137500000000E+03  -2.47270000000000E+00
 2.02145830000000E+03   3.33400000000000E-01
 2.02154170000000E+03  -1.86090000000000E+00
 2.02162500000000E+03  -1.12089000000000E+01
 2.02170830000000E+03  -1.64801000000000E+01
 2.02179170000000E+03  -8.52100000000000E+00
 2.02187500000000E+03  -8.40800000000000E+00
 2.02195830000000E+03  -1.39105000000000E+01
 2.02204170000000E+03  -1.41057000000000E+01
 2.02212500000000E+03  -9.53160000000000E+00
 2.02220830000000E+03   1.58080000000000E+00
 2.02229170000000E+03   1.49235000000000E+01
 2.02237500000000E+03   2.21894000000000E+01
 2.02254170000000E+03   2.68743000000000E+01
 2.02262500000000E+03   1.16782000000000E+01
 2.02270830000000E+03   2.52512000000000E+01
 2.02279170000000E+03   2.99006000000000E+01
 2.02287500000000E+03   2.92425000000000E+01
 2.02295830000000E+03   3.57381000000000E+01
 2.02304170000000E+03   4.47716000000000E+01
 2.02312500000000E+03   5.29592000000000E+01
 2.02320830000000E+03   6.40696000000000E+01
 2.02329170000000E+03   7.66411000000000E+01
 2.02337500000000E+03   8.02128000000000E+01
 2.02345830000000E+03   7.25536000000000E+01
 2.02354170000000E+03   6.40477000000000E+01
 2.02362500000000E+03   6.82342000000000E+01
 2.02370830000000E+03   8.89591000000000E+01
 2.02379170000000E+03   8.81450000000000E+01
 2.02387500000000E+03   9.20234000000000E+01
 2.02395830000000E+03   9.69786000000000E+01
 2.02404170000000E+03   9.50871000000000E+01
 2.02412500000000E+03   9.41958000000000E+01
 2.02420830000000E+03   9.62274000000000E+01
 2.02429170000000E+03   9.90277000000000E+01
 2.02437500000000E+03   8.82128000000000E+01
 2.02445830000000E+03   7.01670000000000E+01
 2.02454170000000E+03   6.61015000000000E+01
 2.02462500000000E+03   6.63473000000000E+01
 2.02470830000000E+03   6.25975000000000E+01
 2.02479170000000E+03   5.42977000000000E+01
 2.02487500000000E+03   4.98675000000000E+01
 2.02495830000000E+03   4.99650000000000E+01
