 1.91445830000000E+03  -2.64962000000000E+01
 1.91454170000000E+03  -4.04517000000000E+01
 1.91462500000000E+03  -5.20236000000000E+01
 1.91470830000000E+03  -6.08263000000000E+01
 1.91479170000000E+03  -5.21597000000000E+01
 1.91487500000000E+03  -5.19761000000000E+01
 1.91495830000000E+03  -4.89327000000000E+01
 1.91504170000000E+03  -4.00041000000000E+01
 1.91512500000000E+03  -3.11536000000000E+01
 1.91520830000000E+03  -2.88418000000000E+01
 1.91529170000000E+03  -5.17602000000000E+01
 1.91537500000000E+03  -6.76798000000000E+01
 1.91545830000000E+03  -6.55228000000000E+01
 1.91554170000000E+03  -6.46729000000000E+01
 1.91562500000000E+03  -4.35934000000000E+01
 1.91570830000000E+03  -5.78219000000000E+01
 1.91579170000000E+03  -5.79728000000000E+01
 1.91587500000000E+03  -7.48173000000000E+01
 1.91595830000000E+03  -7.85082000000000E+01
 1.91604170000000E+03  -7.90446000000000E+01
 1.91612500000000E+03  -8.55053000000000E+01
 1.91620830000000E+03  -8.68894000000000E+01
 1.91629170000000E+03  -7.69652000000000E+01
 1.91637500000000E+03  -4.78884000000000E+01
 1.91645830000000E+03  -3.72734000000000E+01
 1.91654170000000E+03  -4.61193000000000E+01
 1.91662500000000E+03  -7.38126000000000E+01
 1.91670830000000E+03  -1.06813800000000E+02
 1.91679170000000E+03  -8.85068000000000E+01
 1.91687500000000E+03  -8.44317000000000E+01
 1.91695830000000E+03  -7.69723000000000E+01
 1.91704170000000E+03  -7.84354000000000E+01
 1.91712500000000E+03  -8.47458000000000E+01
 1.91720830000000E+03  -7.09027000000000E+01
 1.91729170000000E+03  -4.54435000000000E+01
 1.91737500000000E+03  -3.26779000000000E+01
 1.91745830000000E+03  -5.91260000000000E+00
 1.91754170000000E+03   9.16100000000000E+00
 1.91762500000000E+03   2.87719000000000E+01
 1.91770830000000E+03   3.04594000000000E+01
 1.91779170000000E+03   2.56859000000000E+01
 1.91787500000000E+03   2.21900000000000E+00
 1.91795830000000E+03   9.82870000000000E+00
 1.91804170000000E+03   1.76698000000000E+01
 1.91812500000000E+03   2.50481000000000E+01
 1.91820830000000E+03   5.47338000000000E+01
 1.91829170000000E+03   5.88817000000000E+01
 1.91837500000000E+03   3.62592000000000E+01
 1.91845830000000E+03   1.48671000000000E+01
 1.91854170000000E+03  -2.19859000000000E+01
 1.91862500000000E+03  -5.09940000000000E+01
 1.91870830000000E+03  -7.33870000000000E+01
 1.91879170000000E+03  -6.83947000000000E+01
 1.91887500000000E+03  -6.24036000000000E+01
 1.91895830000000E+03  -3.12590000000000E+01
 1.91904170000000E+03  -3.06523000000000E+01
 1.91912500000000E+03  -1.19698000000000E+01
 1.91920830000000E+03   1.13278000000000E+01
 1.91929170000000E+03  -2.37400000000000E+00
 1.91937500000000E+03  -3.52309000000000E+01
 1.91945830000000E+03  -3.96265000000000E+01
 1.91954170000000E+03  -1.94062000000000E+01
 1.91962500000000E+03   2.35150000000000E+00
 1.91970830000000E+03   3.82626000000000E+01
 1.91979170000000E+03   4.72513000000000E+01
 1.91987500000000E+03   5.63158000000000E+01
 1.91995830000000E+03   7.42261000000000E+01
 1.92004170000000E+03   7.94447000000000E+01
 1.92012500000000E+03   8.39698000000000E+01
 1.92020830000000E+03   6.30330000000000E+01
 1.92029170000000E+03   1.95584000000000E+01
 1.92037500000000E+03   1.11595000000000E+01
 1.92045830000000E+03   1.13757000000000E+01
 1.92054170000000E+03   2.59772000000000E+01
 1.92062500000000E+03   1.28082000000000E+01
 1.92070830000000E+03   9.71580000000000E+00
 1.92079170000000E+03  -5.22210000000000E+00
 1.92087500000000E+03  -2.31510000000000E+00
 1.92095830000000E+03  -1.71600000000000E+00
 1.92104170000000E+03   1.10375000000000E+01
 1.92112500000000E+03   2.17898000000000E+01
 1.92120830000000E+03   2.75418000000000E+01
 1.92129170000000E+03   4.19868000000000E+01
 1.92137500000000E+03   6.79689000000000E+01
 1.92145830000000E+03   7.61047000000000E+01
 1.92154170000000E+03   9.76257000000000E+01
 1.92162500000000E+03   9.11454000000000E+01
 1.92170830000000E+03   8.77418000000000E+01
 1.92179170000000E+03   6.27234000000000E+01
 1.92187500000000E+03   6.97038000000000E+01
 1.92195830000000E+03   9.39917000000000E+01
 1.92254170000000E+03   1.14308500000000E+02
 1.92262500000000E+03   1.07670900000000E+02
 1.92270830000000E+03   5.92637000000000E+01
 1.92279170000000E+03   1.40110000000000E+01
 1.92287500000000E+03  -2.16600000000000E+00
 1.92295830000000E+03   7.81060000000000E+00
 1.92304170000000E+03   1.01724000000000E+01
 1.92312500000000E+03   2.09176000000000E+01
 1.92320830000000E+03   2.98164000000000E+01
 1.92329170000000E+03   5.24081000000000E+01
 1.92337500000000E+03   8.76909000000000E+01
 1.92345830000000E+03   8.48195000000000E+01
 1.92354170000000E+03   5.84872000000000E+01
 1.92362500000000E+03   3.40768000000000E+01
 1.92370830000000E+03   1.88969000000000E+01
 1.92379170000000E+03   4.22560000000000E+01
 1.92387500000000E+03   6.62294000000000E+01
 1.92395830000000E+03   6.26639000000000E+01
 1.92404170000000E+03   5.73299000000000E+01
 1.92412500000000E+03   4.75331000000000E+01
 1.92420830000000E+03   4.13514000000000E+01
 1.92429170000000E+03   2.56318000000000E+01
 1.92437500000000E+03   6.68030000000000E+00
 1.92445830000000E+03  -2.42540000000000E+00
 1.92454170000000E+03   2.73157000000000E+01
 1.92462500000000E+03   5.49018000000000E+01
 1.92470830000000E+03   4.57183000000000E+01
 1.92479170000000E+03   4.76892000000000E+01
 1.92487500000000E+03   3.83513000000000E+01
 1.92495830000000E+03   4.65516000000000E+01
 1.92504170000000E+03   4.76755000000000E+01
 1.92512500000000E+03   3.91829000000000E+01
 1.92520830000000E+03   5.35361000000000E+01
 1.92529170000000E+03   5.53514000000000E+01
 1.92537500000000E+03   5.38579000000000E+01
 1.92545830000000E+03   5.42102000000000E+01
 1.92554170000000E+03   3.94093000000000E+01
 1.92562500000000E+03  -1.34697000000000E+01
 1.92570830000000E+03  -2.79644000000000E+01
 1.92579170000000E+03  -2.53047000000000E+01
 1.92587500000000E+03  -3.36462000000000E+01
 1.92595830000000E+03  -2.63725000000000E+01
 1.92604170000000E+03  -3.20214000000000E+01
 1.92612500000000E+03  -2.18253000000000E+01
 1.92620830000000E+03  -6.86020000000000E+00
 1.92629170000000E+03  -1.96638000000000E+01
 1.92637500000000E+03  -2.70070000000000E+01
 1.92645830000000E+03  -2.28890000000000E+01
 1.92654170000000E+03  -1.30012000000000E+01
 1.92662500000000E+03  -1.32684000000000E+01
 1.92670830000000E+03  -7.76660000000000E+00
 1.92679170000000E+03  -1.13412000000000E+01
 1.92687500000000E+03   2.77530000000000E+00
 1.92695830000000E+03   3.08146000000000E+01
 1.92704170000000E+03   3.77776000000000E+01
 1.92712500000000E+03   4.42779000000000E+01
 1.92720830000000E+03   4.56240000000000E+01
 1.92729170000000E+03   4.43553000000000E+01
 1.92737500000000E+03   5.11624000000000E+01
 1.92745830000000E+03   2.64307000000000E+01
 1.92754170000000E+03   2.15458000000000E+01
 1.92762500000000E+03   1.45827000000000E+01
 1.92770830000000E+03  -1.08422000000000E+01
 1.92779170000000E+03  -2.12665000000000E+01
 1.92787500000000E+03  -4.51535000000000E+01
 1.92795830000000E+03  -4.53485000000000E+01
 1.92804170000000E+03  -3.08506000000000E+01
 1.92812500000000E+03  -1.58154000000000E+01
 1.92820830000000E+03  -8.08820000000000E+00
 1.92829170000000E+03  -9.05270000000000E+00
 1.92837500000000E+03  -1.75569000000000E+01
 1.92845830000000E+03  -1.45998000000000E+01
 1.92854170000000E+03  -6.87290000000000E+00
 1.92862500000000E+03  -3.82241000000000E+01
 1.92870830000000E+03  -6.11910000000000E+01
 1.92879170000000E+03  -4.77727000000000E+01
 1.92887500000000E+03  -3.47402000000000E+01
 1.92895830000000E+03  -9.78490000000000E+00
 1.92904170000000E+03  -4.75210000000000E+00
 1.92912500000000E+03  -1.72589000000000E+01
 1.92920830000000E+03  -1.76891000000000E+01
 1.92929170000000E+03  -2.27260000000000E+00
 1.92937500000000E+03   1.16812000000000E+01
 1.92945830000000E+03   2.54040000000000E+01
 1.92954170000000E+03   3.82043000000000E+01
 1.92962500000000E+03   4.06957000000000E+01
 1.92970830000000E+03   6.41099000000000E+01
 1.92979170000000E+03   5.29092000000000E+01
 1.92987500000000E+03   4.62459000000000E+01
 1.92995830000000E+03   4.48130000000000E+01
 1.93004170000000E+03   3.78423000000000E+01
 1.93012500000000E+03   3.34858000000000E+01
 1.93020830000000E+03   7.05200000000000E+00
 1.93029170000000E+03  -2.15040000000000E+00
 1.93037500000000E+03   6.72300000000000E+00
 1.93045830000000E+03  -3.94240000000000E+00
 1.93054170000000E+03  -2.43765000000000E+01
 1.93062500000000E+03  -5.95809000000000E+01
 1.93070830000000E+03  -6.59395000000000E+01
 1.93079170000000E+03  -7.54514000000000E+01
 1.93087500000000E+03  -6.52721000000000E+01
 1.93095830000000E+03  -4.54777000000000E+01
 1.93104170000000E+03  -2.27597000000000E+01
 1.93112500000000E+03  -1.41198000000000E+01
 1.93120830000000E+03  -1.97879000000000E+01
 1.93129170000000E+03   1.35446000000000E+01
 1.93137500000000E+03   1.93375000000000E+01
 1.93145830000000E+03  -9.63910000000000E+00
 1.93154170000000E+03   1.34618000000000E+01
 1.93162500000000E+03   1.77153000000000E+01
 1.93170830000000E+03   1.37378000000000E+01
 1.93179170000000E+03   2.61454000000000E+01
 1.93187500000000E+03   2.60135000000000E+01
 1.93195830000000E+03   3.51120000000000E+01
 1.93204170000000E+03   3.46726000000000E+01
 1.93212500000000E+03   2.71551000000000E+01
 1.93220830000000E+03   4.29451000000000E+01
 1.93229170000000E+03   6.09663000000000E+01
 1.93237500000000E+03   4.83711000000000E+01
 1.93245830000000E+03   5.49294000000000E+01
 1.93254170000000E+03   5.65651000000000E+01
 1.93262500000000E+03   2.79690000000000E+01
 1.93270830000000E+03   9.29560000000000E+00
 1.93279170000000E+03   2.16228000000000E+01
 1.93287500000000E+03   8.02570000000000E+00
 1.93295830000000E+03   5.19760000000000E+00
 1.93304170000000E+03   1.65239000000000E+01
 1.93312500000000E+03   3.10029000000000E+01
 1.93320830000000E+03   1.37893000000000E+01
 1.93329170000000E+03  -1.12699000000000E+01
 1.93337500000000E+03  -3.60995000000000E+01
 1.93345830000000E+03  -5.84678000000000E+01
 1.93354170000000E+03  -5.92972000000000E+01
 1.93362500000000E+03  -4.78969000000000E+01
 1.93370830000000E+03  -4.97276000000000E+01
 1.93379170000000E+03  -6.21732000000000E+01
 1.93387500000000E+03  -6.54661000000000E+01
 1.93395830000000E+03  -4.86824000000000E+01
 1.93404170000000E+03  -3.62058000000000E+01
 1.93412500000000E+03  -3.34996000000000E+01
 1.93420830000000E+03  -4.77937000000000E+01
 1.93429170000000E+03  -1.30872000000000E+01
 1.93437500000000E+03   5.00280000000000E+00
 1.93445830000000E+03   1.60155000000000E+01
 1.93454170000000E+03   2.67980000000000E+01
 1.93462500000000E+03   2.94255000000000E+01
 1.93470830000000E+03   6.36040000000000E+00
 1.93479170000000E+03   3.14210000000000E+00
 1.93487500000000E+03   1.42302000000000E+01
 1.93495830000000E+03   1.60873000000000E+01
 1.93504170000000E+03   2.32527000000000E+01
 1.93512500000000E+03   3.30323000000000E+01
 1.93520830000000E+03   2.69654000000000E+01
 1.93529170000000E+03   5.23607000000000E+01
 1.93537500000000E+03   4.32932000000000E+01
 1.93545830000000E+03   3.80716000000000E+01
 1.93554170000000E+03   4.02352000000000E+01
 1.93562500000000E+03   3.23207000000000E+01
 1.93570830000000E+03  -7.44020000000000E+00
 1.93579170000000E+03  -1.33545000000000E+01
 1.93587500000000E+03  -3.49621000000000E+01
 1.93595830000000E+03  -2.78778000000000E+01
 1.93604170000000E+03  -2.36391000000000E+01
 1.93612500000000E+03  -2.27092000000000E+01
 1.93620830000000E+03  -3.21642000000000E+01
 1.93629170000000E+03  -3.56187000000000E+01
 1.93637500000000E+03  -4.41512000000000E+01
 1.93645830000000E+03  -2.48379000000000E+01
 1.93654170000000E+03  -2.16009000000000E+01
 1.93662500000000E+03  -4.89036000000000E+01
 1.93670830000000E+03  -5.69757000000000E+01
 1.93679170000000E+03  -5.71243000000000E+01
 1.93687500000000E+03  -5.97355000000000E+01
 1.93695830000000E+03  -4.08855000000000E+01
 1.93704170000000E+03  -3.36503000000000E+01
 1.93712500000000E+03  -4.17240000000000E+01
 1.93720830000000E+03  -4.04902000000000E+01
 1.93729170000000E+03  -3.37175000000000E+01
 1.93737500000000E+03  -3.36382000000000E+01
 1.93745830000000E+03  -6.77130000000000E+01
 1.93754170000000E+03  -9.75565000000000E+01
 1.93762500000000E+03  -9.11704000000000E+01
 1.93770830000000E+03  -4.89384000000000E+01
 1.93779170000000E+03  -9.70590000000000E+00
 1.93787500000000E+03   1.13716000000000E+01
 1.93795830000000E+03   3.35258000000000E+01
 1.93804170000000E+03   4.65266000000000E+01
 1.93812500000000E+03   4.58341000000000E+01
 1.93820830000000E+03   5.54489000000000E+01
 1.93829170000000E+03   6.14488000000000E+01
 1.93837500000000E+03   8.88323000000000E+01
 1.93845830000000E+03   9.25231000000000E+01
 1.93854170000000E+03   9.99068000000000E+01
 1.93862500000000E+03   1.11135600000000E+02
 1.93870830000000E+03   8.13640000000000E+01
 1.93879170000000E+03   5.43622000000000E+01
 1.93887500000000E+03   1.53593000000000E+01
 1.93895830000000E+03   1.52022000000000E+01
 1.93904170000000E+03   1.17379000000000E+01
 1.93912500000000E+03  -4.96600000000000E-01
 1.93920830000000E+03  -1.70392000000000E+01
 1.93929170000000E+03  -4.73505000000000E+01
 1.93937500000000E+03  -6.55860000000000E+01
 1.93945830000000E+03  -9.00525000000000E+01
 1.93954170000000E+03  -8.84416000000000E+01
 1.93962500000000E+03  -1.02293300000000E+02
 1.93970830000000E+03  -1.28453100000000E+02
 1.93979170000000E+03  -1.17458400000000E+02
 1.93987500000000E+03  -9.17726000000000E+01
 1.93995830000000E+03  -4.53947000000000E+01
 1.94004170000000E+03  -4.13241000000000E+01
 1.94037500000000E+03  -4.09699000000000E+01
 1.94045830000000E+03  -2.70553000000000E+01
 1.94054170000000E+03  -2.80633000000000E+01
 1.94062500000000E+03  -2.59956000000000E+01
 1.94070830000000E+03  -4.00819000000000E+01
 1.94079170000000E+03  -6.57831000000000E+01
 1.94087500000000E+03  -9.21778000000000E+01
 1.94095830000000E+03  -8.19573000000000E+01
 1.94104170000000E+03  -7.36594000000000E+01
 1.94112500000000E+03  -6.93626000000000E+01
 1.94120830000000E+03  -8.01431000000000E+01
 1.94129170000000E+03  -1.12307600000000E+02
 1.94137500000000E+03  -1.25011700000000E+02
 1.94145830000000E+03  -1.24408400000000E+02
 1.94154170000000E+03  -1.45343000000000E+02
 1.94162500000000E+03  -1.49971100000000E+02
 1.94170830000000E+03  -1.47984100000000E+02
 1.94179170000000E+03  -1.48458100000000E+02
 1.94187500000000E+03  -1.42240900000000E+02
 1.94195830000000E+03  -1.22485500000000E+02
 1.94204170000000E+03  -1.04575800000000E+02
 1.94212500000000E+03  -9.87441000000000E+01
 1.94220830000000E+03  -9.10665000000000E+01
 1.94229170000000E+03  -7.83885000000000E+01
 1.94237500000000E+03  -6.16346000000000E+01
 1.94245830000000E+03  -2.86502000000000E+01
 1.94254170000000E+03  -3.24345000000000E+01
 1.94262500000000E+03   5.31850000000000E+00
 1.94270830000000E+03   4.87635000000000E+01
 1.94279170000000E+03   9.30552000000000E+01
 1.94287500000000E+03   1.16807300000000E+02
 1.94295830000000E+03   1.32097600000000E+02
 1.94304170000000E+03   1.38849900000000E+02
 1.94312500000000E+03   1.47447300000000E+02
 1.94320830000000E+03   1.53352100000000E+02
 1.94329170000000E+03   1.59411200000000E+02
 1.94337500000000E+03   1.43084600000000E+02
 1.94345830000000E+03   1.42988500000000E+02
 1.94354170000000E+03   1.49739100000000E+02
 1.94362500000000E+03   1.70719300000000E+02
 1.94370830000000E+03   1.46006900000000E+02
 1.94379170000000E+03   1.18525800000000E+02
 1.94387500000000E+03   9.58129000000000E+01
 1.94395830000000E+03   8.70227000000000E+01
 1.94404170000000E+03   8.36176000000000E+01
 1.94412500000000E+03   7.70576000000000E+01
 1.94420830000000E+03   7.24204000000000E+01
 1.94429170000000E+03   6.91683000000000E+01
 1.94437500000000E+03   5.07613000000000E+01
 1.94445830000000E+03   5.96616000000000E+01
 1.94454170000000E+03   5.34086000000000E+01
 1.94462500000000E+03   2.34622000000000E+01
 1.94470830000000E+03   8.20780000000000E+00
 1.94479170000000E+03   1.30309000000000E+01
 1.94487500000000E+03   1.88528000000000E+01
 1.94495830000000E+03   2.95206000000000E+01
 1.94504170000000E+03   3.41890000000000E+01
 1.94512500000000E+03   3.87792000000000E+01
 1.94520830000000E+03   3.35231000000000E+01
 1.94529170000000E+03   2.94213000000000E+01
 1.94537500000000E+03   2.24722000000000E+01
 1.94545830000000E+03   2.95229000000000E+01
 1.94554170000000E+03   2.49587000000000E+01
 1.94562500000000E+03   2.71626000000000E+01
 1.94570830000000E+03   4.05200000000000E+01
 1.94579170000000E+03   2.64164000000000E+01
 1.94587500000000E+03   2.61579000000000E+01
 1.94595830000000E+03   3.23606000000000E+01
 1.94604170000000E+03   3.17177000000000E+01
 1.94612500000000E+03   4.13814000000000E+01
 1.94629170000000E+03   3.90933000000000E+01
 1.94637500000000E+03   4.42945000000000E+01
 1.94645830000000E+03   3.53416000000000E+01
 1.94654170000000E+03   1.12354000000000E+01
 1.94662500000000E+03  -3.33335000000000E+01
 1.94670830000000E+03  -6.29796000000000E+01
 1.94679170000000E+03  -6.48560000000000E+01
 1.94687500000000E+03  -9.09642000000000E+01
 1.94695830000000E+03  -8.75342000000000E+01
 1.94704170000000E+03  -9.48730000000000E+01
 1.94712500000000E+03  -1.11289800000000E+02
 1.94720830000000E+03  -1.19322300000000E+02
 1.94729170000000E+03  -1.18662000000000E+02
 1.94737500000000E+03  -1.17848900000000E+02
 1.94745830000000E+03  -1.14574500000000E+02
 1.94754170000000E+03  -1.06530500000000E+02
 1.94762500000000E+03  -8.34875000000000E+01
 1.94770830000000E+03  -4.47525000000000E+01
 1.94779170000000E+03  -2.40940000000000E+01
 1.94787500000000E+03  -3.87442000000000E+01
 1.94795830000000E+03  -2.85486000000000E+01
 1.94804170000000E+03  -1.88909000000000E+01
 1.94812500000000E+03  -1.66959000000000E+01
 1.94820830000000E+03   1.23450000000000E+01
 1.94829170000000E+03   4.25403000000000E+01
 1.94837500000000E+03   5.05806000000000E+01
 1.94845830000000E+03   7.60052000000000E+01
 1.94854170000000E+03   1.02661100000000E+02
 1.94862500000000E+03   1.23162100000000E+02
 1.94870830000000E+03   1.32355000000000E+02
 1.94879170000000E+03   1.36240800000000E+02
 1.94887500000000E+03   1.39202400000000E+02
 1.94895830000000E+03   1.48702200000000E+02
 1.94904170000000E+03   1.50125500000000E+02
 1.94912500000000E+03   1.64855500000000E+02
 1.94920830000000E+03   1.61431300000000E+02
 1.94929170000000E+03   1.54623000000000E+02
 1.94937500000000E+03   1.28736700000000E+02
 1.94945830000000E+03   1.32927000000000E+02
 1.94954170000000E+03   1.12425500000000E+02
 1.94962500000000E+03   8.35383000000000E+01
 1.94970830000000E+03   6.81893000000000E+01
 1.94979170000000E+03   6.90715000000000E+01
 1.94987500000000E+03   5.46450000000000E+01
 1.94995830000000E+03   5.58335000000000E+01
 1.95004170000000E+03   5.88687000000000E+01
 1.95012500000000E+03   5.67489000000000E+01
 1.95020830000000E+03   5.01674000000000E+01
 1.95029170000000E+03   7.96632000000000E+01
 1.95037500000000E+03   7.15426000000000E+01
 1.95045830000000E+03   7.82678000000000E+01
 1.95054170000000E+03   4.91474000000000E+01
 1.95062500000000E+03   2.44874000000000E+01
 1.95070830000000E+03   5.36560000000000E+00
 1.95079170000000E+03  -4.48100000000000E-01
 1.95087500000000E+03  -2.64935000000000E+01
 1.95095830000000E+03  -2.70009000000000E+01
 1.95104170000000E+03  -2.14308000000000E+01
 1.95112500000000E+03  -1.96310000000000E+01
 1.95120830000000E+03  -1.22161000000000E+01
 1.95129170000000E+03  -2.78777000000000E+01
 1.95137500000000E+03  -6.86172000000000E+01
 1.95145830000000E+03  -3.02032000000000E+01
 1.95154170000000E+03  -1.36349000000000E+01
 1.95162500000000E+03   5.16310000000000E+00
 1.95170830000000E+03   1.38070000000000E+01
 1.95179170000000E+03   2.37590000000000E+01
 1.95187500000000E+03   3.40230000000000E+00
 1.95195830000000E+03   3.83530000000000E+01
 1.95204170000000E+03   6.13042000000000E+01
 1.95212500000000E+03   5.52543000000000E+01
 1.95220830000000E+03   6.65117000000000E+01
 1.95229170000000E+03   6.21543000000000E+01
 1.95237500000000E+03   6.56420000000000E+01
 1.95245830000000E+03   8.03601000000000E+01
 1.95254170000000E+03   3.94634000000000E+01
 1.95262500000000E+03   1.32578000000000E+01
 1.95270830000000E+03   1.05200000000000E+00
 1.95279170000000E+03   2.27697000000000E+01
 1.95287500000000E+03   2.31018000000000E+01
 1.95295830000000E+03   3.04335000000000E+01
 1.95304170000000E+03   1.64581000000000E+01
 1.95312500000000E+03   2.04815000000000E+01
 1.95320830000000E+03   3.40432000000000E+01
 1.95329170000000E+03   2.91437000000000E+01
 1.95337500000000E+03   4.46278000000000E+01
 1.95345830000000E+03   6.29578000000000E+01
 1.95354170000000E+03   6.75190000000000E+01
 1.95362500000000E+03   4.30023000000000E+01
 1.95370830000000E+03   1.61006000000000E+01
 1.95379170000000E+03  -1.03140000000000E+00
 1.95387500000000E+03  -3.34721000000000E+01
 1.95395830000000E+03  -3.29900000000000E+01
 1.95404170000000E+03  -1.65845000000000E+01
 1.95412500000000E+03  -1.07953000000000E+01
 1.95420830000000E+03  -7.69870000000000E+00
 1.95429170000000E+03  -1.98630000000000E+00
 1.95437500000000E+03   5.49420000000000E+00
 1.95445830000000E+03   8.97450000000000E+00
 1.95454170000000E+03   2.45530000000000E+00
 1.95462500000000E+03  -8.68040000000000E+00
 1.95470830000000E+03   3.64510000000000E+00
 1.95479170000000E+03   1.75096000000000E+01
 1.95487500000000E+03   3.77576000000000E+01
 1.95495830000000E+03   5.95438000000000E+01
 1.95504170000000E+03   6.32536000000000E+01
 1.95512500000000E+03   4.89622000000000E+01
 1.95520830000000E+03   4.32091000000000E+01
 1.95529170000000E+03   3.76872000000000E+01
 1.95537500000000E+03   2.30104000000000E+01
 1.95545830000000E+03   2.97948000000000E+01
 1.95554170000000E+03   3.24258000000000E+01
 1.95562500000000E+03   3.67120000000000E+00
 1.95570830000000E+03  -7.31450000000000E+00
 1.95579170000000E+03  -1.17613000000000E+01
 1.95587500000000E+03   4.83200000000000E-01
 1.95595830000000E+03  -3.88800000000000E+00
 1.95604170000000E+03  -5.18180000000000E+00
 1.95612500000000E+03   7.90800000000000E+00
 1.95620830000000E+03   1.75359000000000E+01
 1.95629170000000E+03   2.90874000000000E+01
 1.95637500000000E+03   7.94550000000000E+00
 1.95645830000000E+03   1.64956000000000E+01
 1.95654170000000E+03  -1.95390000000000E+00
 1.95662500000000E+03  -1.40967000000000E+01
 1.95670830000000E+03  -8.85510000000000E+00
 1.95679170000000E+03  -1.20747000000000E+01
 1.95687500000000E+03  -6.52600000000000E+00
 1.95695830000000E+03  -1.15162000000000E+01
 1.95704170000000E+03  -1.46597000000000E+01
 1.95712500000000E+03  -6.72730000000000E+00
 1.95720830000000E+03  -4.02600000000000E+00
 1.95729170000000E+03   1.83681000000000E+01
 1.95737500000000E+03   2.01457000000000E+01
 1.95745830000000E+03   4.03076000000000E+01
 1.95754170000000E+03   3.50085000000000E+01
 1.95762500000000E+03   3.07083000000000E+01
 1.95770830000000E+03   9.10020000000000E+00
 1.95779170000000E+03  -3.12290000000000E+00
 1.95787500000000E+03   1.51914000000000E+01
 1.95795830000000E+03   1.86592000000000E+01
 1.95804170000000E+03   2.39737000000000E+01
 1.95812500000000E+03   3.28256000000000E+01
 1.95820830000000E+03   1.82926000000000E+01
 1.95829170000000E+03   8.22160000000000E+00
 1.95837500000000E+03  -1.13120000000000E+01
 1.95845830000000E+03  -2.89229000000000E+01
 1.95854170000000E+03  -3.93794000000000E+01
 1.95862500000000E+03  -5.43754000000000E+01
 1.95870830000000E+03  -5.86025000000000E+01
 1.95879170000000E+03  -5.52138000000000E+01
 1.95887500000000E+03  -3.19030000000000E+01
 1.95895830000000E+03  -3.78233000000000E+01
 1.95912500000000E+03  -3.40486000000000E+01
 1.95945830000000E+03  -5.57344000000000E+01
 1.95954170000000E+03  -7.75021000000000E+01
 1.95962500000000E+03  -8.29633000000000E+01
 1.95970830000000E+03  -1.16117000000000E+02
 1.95979170000000E+03  -1.44962600000000E+02
 1.95987500000000E+03  -1.56270700000000E+02
 1.95995830000000E+03  -1.60271500000000E+02
 1.96004170000000E+03  -1.53656400000000E+02
 1.96012500000000E+03  -1.48042400000000E+02
 1.96020830000000E+03  -1.38582500000000E+02
 1.96029170000000E+03  -1.60045200000000E+02
 1.96037500000000E+03  -1.69355200000000E+02
 1.96045830000000E+03  -1.56973100000000E+02
 1.96054170000000E+03  -1.44667500000000E+02
 1.96062500000000E+03  -1.22978300000000E+02
 1.96070830000000E+03  -9.03663000000000E+01
 1.96079170000000E+03  -4.94462000000000E+01
 1.96087500000000E+03  -3.25272000000000E+01
 1.96095830000000E+03  -1.08391000000000E+01
 1.96104170000000E+03   8.61850000000000E+00
 1.96112500000000E+03   2.37675000000000E+01
 1.96120830000000E+03   3.29161000000000E+01
 1.96129170000000E+03   3.49114000000000E+01
 1.96137500000000E+03   6.79056000000000E+01
 1.96145830000000E+03   9.38995000000000E+01
 1.96154170000000E+03   1.08740000000000E+02
 1.96162500000000E+03   1.36810300000000E+02
 1.96170830000000E+03   1.16649500000000E+02
 1.96179170000000E+03   8.64891000000000E+01
 1.96187500000000E+03   6.78662000000000E+01
 1.96195830000000E+03   7.64737000000000E+01
 1.96204170000000E+03   7.26201000000000E+01
 1.96212500000000E+03   6.37655000000000E+01
 1.96220830000000E+03   6.39876000000000E+01
 1.96229170000000E+03   6.05946000000000E+01
 1.96237500000000E+03   5.72776000000000E+01
 1.96245830000000E+03   5.43449000000000E+01
 1.96254170000000E+03   2.62588000000000E+01
 1.96262500000000E+03  -1.13668000000000E+01
 1.96270830000000E+03  -4.97619000000000E+01
 1.96279170000000E+03  -6.23105000000000E+01
 1.96287500000000E+03  -6.41677000000000E+01
 1.96295830000000E+03  -7.01791000000000E+01
 1.96304170000000E+03  -6.98055000000000E+01
 1.96312500000000E+03  -7.75097000000000E+01
 1.96320830000000E+03  -8.37528000000000E+01
 1.96329170000000E+03  -8.05339000000000E+01
 1.96337500000000E+03  -8.00852000000000E+01
 1.96345830000000E+03  -7.08676000000000E+01
 1.96354170000000E+03  -6.83419000000000E+01
 1.96362500000000E+03  -4.48172000000000E+01
 1.96370830000000E+03  -5.76774000000000E+01
 1.96379170000000E+03  -6.13064000000000E+01
 1.96387500000000E+03  -3.68595000000000E+01
 1.96395830000000E+03  -2.29514000000000E+01
 1.96404170000000E+03   6.88030000000000E+00
 1.96412500000000E+03   1.05570000000000E+01
 1.96420830000000E+03   2.60797000000000E+01
 1.96429170000000E+03   2.91412000000000E+01
 1.96437500000000E+03   1.82017000000000E+01
 1.96445830000000E+03   3.31850000000000E+01
 1.96454170000000E+03   3.38610000000000E+01
 1.96462500000000E+03   1.32283000000000E+01
 1.96470830000000E+03  -7.89300000000000E-01
 1.96479170000000E+03   1.61166000000000E+01
 1.96487500000000E+03   2.25600000000000E+01
 1.96495830000000E+03   1.73107000000000E+01
 1.96504170000000E+03   3.00619000000000E+01
 1.96512500000000E+03   2.29659000000000E+01
 1.96520830000000E+03   2.22542000000000E+01
 1.96529170000000E+03   1.00814000000000E+01
 1.96537500000000E+03   8.36910000000000E+00
 1.96545830000000E+03  -5.80500000000000E+00
 1.96554170000000E+03  -4.67479000000000E+01
 1.96562500000000E+03  -7.76918000000000E+01
 1.96570830000000E+03  -6.25591000000000E+01
 1.96579170000000E+03  -6.90414000000000E+01
 1.96587500000000E+03  -6.78324000000000E+01
 1.96595830000000E+03  -5.53159000000000E+01
 1.96604170000000E+03  -4.06452000000000E+01
 1.96612500000000E+03  -4.61294000000000E+01
 1.96620830000000E+03  -3.70754000000000E+01
 1.96629170000000E+03  -3.86364000000000E+01
 1.96637500000000E+03  -4.05060000000000E+01
 1.96645830000000E+03  -3.72991000000000E+01
 1.96654170000000E+03  -3.15532000000000E+01
 1.96662500000000E+03  -1.78084000000000E+01
 1.96670830000000E+03   3.63208000000000E+01
 1.96679170000000E+03   3.94503000000000E+01
 1.96687500000000E+03   4.81174000000000E+01
 1.96695830000000E+03   5.81687000000000E+01
 1.96704170000000E+03   7.24512000000000E+01
 1.96712500000000E+03   6.89635000000000E+01
 1.96720830000000E+03   6.57832000000000E+01
 1.96729170000000E+03   8.01418000000000E+01
 1.96737500000000E+03   9.94224000000000E+01
 1.96745830000000E+03   1.20087400000000E+02
 1.96754170000000E+03   1.20906600000000E+02
 1.96762500000000E+03   1.28417100000000E+02
 1.96770830000000E+03   1.40850400000000E+02
 1.96779170000000E+03   1.15438000000000E+02
 1.96787500000000E+03   9.93322000000000E+01
 1.96795830000000E+03   9.59185000000000E+01
 1.96804170000000E+03   9.29667000000000E+01
 1.96812500000000E+03   7.30908000000000E+01
 1.96820830000000E+03   4.59070000000000E+01
 1.96829170000000E+03   4.46466000000000E+01
 1.96837500000000E+03   7.30830000000000E+00
 1.96845830000000E+03  -1.87226000000000E+01
 1.96854170000000E+03  -5.05992000000000E+01
 1.96862500000000E+03  -7.27846000000000E+01
 1.96870830000000E+03  -1.12739400000000E+02
 1.96879170000000E+03  -1.37309300000000E+02
 1.96887500000000E+03  -1.63110900000000E+02
 1.96895830000000E+03  -1.67682000000000E+02
 1.96904170000000E+03  -1.53329700000000E+02
 1.96912500000000E+03  -1.62978300000000E+02
 1.96920830000000E+03  -1.51396500000000E+02
 1.96929170000000E+03  -1.13045000000000E+02
 1.96937500000000E+03  -7.76945000000000E+01
 1.96945830000000E+03  -6.46520000000000E+01
 1.96954170000000E+03  -8.44553000000000E+01
 1.96962500000000E+03  -8.79519000000000E+01
 1.96970830000000E+03  -8.90641000000000E+01
 1.96979170000000E+03  -6.27914000000000E+01
 1.96987500000000E+03  -5.91350000000000E+01
 1.96995830000000E+03  -4.82481000000000E+01
 1.97004170000000E+03  -2.44378000000000E+01
 1.97012500000000E+03  -3.30900000000000E+01
 1.97020830000000E+03  -1.55117000000000E+01
 1.97029170000000E+03  -7.85610000000000E+00
 1.97037500000000E+03  -9.58610000000000E+00
 1.97045830000000E+03  -3.73933000000000E+01
 1.97054170000000E+03  -3.58155000000000E+01
 1.97062500000000E+03  -1.89310000000000E+01
 1.97070830000000E+03  -1.64314000000000E+01
 1.97079170000000E+03  -1.89314000000000E+01
 1.97087500000000E+03  -3.21247000000000E+01
 1.97095830000000E+03  -3.44722000000000E+01
 1.97104170000000E+03  -2.19731000000000E+01
 1.97112500000000E+03  -3.30904000000000E+01
 1.97120830000000E+03  -2.72849000000000E+01
 1.97129170000000E+03  -1.64790000000000E+01
 1.97137500000000E+03   1.83000000000000E-02
 1.97145830000000E+03   8.66900000000000E+00
 1.97154170000000E+03  -1.03721000000000E+01
 1.97162500000000E+03  -4.54142000000000E+01
 1.97170830000000E+03  -7.10720000000000E+01
 1.97179170000000E+03  -8.04217000000000E+01
 1.97187500000000E+03  -6.59263000000000E+01
 1.97195830000000E+03  -5.44311000000000E+01
 1.97204170000000E+03  -4.81664000000000E+01
 1.97212500000000E+03  -5.88256000000000E+01
 1.97220830000000E+03  -5.97929000000000E+01
 1.97237500000000E+03  -3.61123000000000E+01
 1.97245830000000E+03  -1.49266000000000E+01
 1.97254170000000E+03  -3.72020000000000E+01
 1.97262500000000E+03  -4.21708000000000E+01
 1.97270830000000E+03  -2.62167000000000E+01
 1.97279170000000E+03   9.81460000000000E+00
 1.97287500000000E+03   3.54604000000000E+01
 1.97295830000000E+03   5.67981000000000E+01
 1.97304170000000E+03   5.75978000000000E+01
 1.97312500000000E+03   7.03965000000000E+01
 1.97320830000000E+03   7.61950000000000E+01
 1.97329170000000E+03   7.74553000000000E+01
 1.97337500000000E+03   9.42531000000000E+01
 1.97345830000000E+03   9.61276000000000E+01
 1.97354170000000E+03   7.36178000000000E+01
 1.97362500000000E+03   7.62609000000000E+01
 1.97370830000000E+03   2.92883000000000E+01
 1.97379170000000E+03  -3.91470000000000E+00
 1.97387500000000E+03  -4.39648000000000E+01
 1.97395830000000E+03  -4.10921000000000E+01
 1.97404170000000E+03  -2.05267000000000E+01
 1.97412500000000E+03  -7.57770000000000E+00
 1.97420830000000E+03  -2.85970000000000E+00
 1.97429170000000E+03  -4.67990000000000E+00
 1.97437500000000E+03   3.42210000000000E+00
 1.97445830000000E+03   2.28315000000000E+01
 1.97454170000000E+03   4.10874000000000E+01
 1.97462500000000E+03   3.28038000000000E+01
 1.97470830000000E+03   1.69046000000000E+01
 1.97479170000000E+03   3.31597000000000E+01
 1.97487500000000E+03   4.84906000000000E+01
 1.97495830000000E+03   7.64367000000000E+01
 1.97504170000000E+03   7.57677000000000E+01
 1.97512500000000E+03   5.47901000000000E+01
 1.97520830000000E+03   5.81199000000000E+01
 1.97529170000000E+03   5.14501000000000E+01
 1.97537500000000E+03   5.53947000000000E+01
 1.97545830000000E+03   7.62620000000000E+01
 1.97554170000000E+03   7.78990000000000E+01
 1.97562500000000E+03   3.16888000000000E+01
 1.97570830000000E+03   7.78610000000000E+00
 1.97579170000000E+03   1.25760000000000E+01
 1.97587500000000E+03   1.15188000000000E+01
 1.97595830000000E+03   1.44613000000000E+01
 1.97604170000000E+03   1.04042000000000E+01
 1.97612500000000E+03   8.34610000000000E+00
 1.97620830000000E+03   1.21080000000000E+00
 1.97629170000000E+03  -3.96933000000000E+01
 1.97637500000000E+03  -5.65215000000000E+01
 1.97645830000000E+03  -5.47346000000000E+01
 1.97654170000000E+03  -8.35627000000000E+01
 1.97662500000000E+03  -1.40699500000000E+02
 1.97670830000000E+03  -1.46298100000000E+02
 1.97679170000000E+03  -1.30588600000000E+02
 1.97687500000000E+03  -1.37572500000000E+02
 1.97695830000000E+03  -1.32633500000000E+02
 1.97704170000000E+03  -1.23694200000000E+02
 1.97712500000000E+03  -1.30217300000000E+02
 1.97720830000000E+03  -1.21510000000000E+02
 1.97729170000000E+03  -1.10263900000000E+02
 1.97737500000000E+03  -5.81725000000000E+01
 1.97745830000000E+03  -4.33123000000000E+01
 1.97754170000000E+03  -3.14516000000000E+01
 1.97762500000000E+03  -5.15919000000000E+01
 1.97770830000000E+03  -4.27325000000000E+01
 1.97779170000000E+03  -5.80266000000000E+01
 1.97787500000000E+03  -9.03217000000000E+01
 1.97795830000000E+03  -9.23093000000000E+01
 1.97804170000000E+03  -8.46043000000000E+01
 1.97812500000000E+03  -9.42080000000000E+01
 1.97820830000000E+03  -6.09657000000000E+01
 1.97829170000000E+03  -4.82616000000000E+01
 1.97837500000000E+03  -1.61738000000000E+01
 1.97845830000000E+03  -5.90094000000000E+01
 1.97854170000000E+03  -8.43061000000000E+01
 1.97862500000000E+03  -1.10450000000000E+02
 1.97870830000000E+03  -9.06711000000000E+01
 1.97879170000000E+03  -1.02199500000000E+02
 1.97887500000000E+03  -8.25750000000000E+01
 1.97895830000000E+03  -5.50278000000000E+01
 1.97904170000000E+03  -2.88648000000000E+01
 1.97912500000000E+03  -2.14719000000000E+01
 1.97920830000000E+03   6.76670000000000E+00
 1.97929170000000E+03  -1.38404000000000E+01
 1.97937500000000E+03  -2.67561000000000E+01
 1.97945830000000E+03  -4.29029000000000E+01
 1.97954170000000E+03  -3.88186000000000E+01
 1.97962500000000E+03  -3.51199000000000E+01
 1.97970830000000E+03  -5.52676000000000E+01
 1.97979170000000E+03  -6.71072000000000E+01
 1.97987500000000E+03  -6.24094000000000E+01
 1.97995830000000E+03  -6.90195000000000E+01
 1.98004170000000E+03  -7.00908000000000E+01
 1.98012500000000E+03  -9.17015000000000E+01
 1.98020830000000E+03  -9.07741000000000E+01
 1.98029170000000E+03  -9.93848000000000E+01
 1.98037500000000E+03  -9.13041000000000E+01
 1.98045830000000E+03  -6.79160000000000E+01
 1.98054170000000E+03  -5.69121000000000E+01
 1.98062500000000E+03  -2.72169000000000E+01
 1.98070830000000E+03  -2.25989000000000E+01
 1.98079170000000E+03  -7.44220000000000E+00
 1.98087500000000E+03  -5.97860000000000E+00
 1.98095830000000E+03   1.19462000000000E+01
 1.98104170000000E+03   2.67175000000000E+01
 1.98112500000000E+03   3.59494000000000E+01
 1.98120830000000E+03   4.10271000000000E+01
 1.98129170000000E+03   4.68744000000000E+01
 1.98137500000000E+03   6.17977000000000E+01
 1.98145830000000E+03   6.56438000000000E+01
 1.98154170000000E+03   3.23364000000000E+01
 1.98162500000000E+03   2.18190000000000E+00
 1.98170830000000E+03  -1.58190000000000E+01
 1.98179170000000E+03   1.10340000000000E+00
 1.98187500000000E+03   2.20250000000000E+01
 1.98195830000000E+03   2.46385000000000E+01
 1.98204170000000E+03   2.05601000000000E+01
 1.98212500000000E+03   1.64808000000000E+01
 1.98220830000000E+03   3.67857000000000E+01
 1.98229170000000E+03   3.00911000000000E+01
 1.98237500000000E+03   3.67031000000000E+01
 1.98245830000000E+03   3.83918000000000E+01
 1.98254170000000E+03   7.50039000000000E+01
 1.98262500000000E+03   9.96921000000000E+01
 1.98270830000000E+03   1.00687600000000E+02
 1.98279170000000E+03   9.51449000000000E+01
 1.98287500000000E+03   7.64476000000000E+01
 1.98295830000000E+03   6.66729000000000E+01
 1.98304170000000E+03   8.18217000000000E+01
 1.98312500000000E+03   8.80465000000000E+01
 1.98320830000000E+03   9.53480000000000E+01
 1.98329170000000E+03   1.09419000000000E+02
 1.98337500000000E+03   1.47104400000000E+02
 1.98345830000000E+03   1.43712600000000E+02
 1.98354170000000E+03   1.49705800000000E+02
 1.98362500000000E+03   1.01236500000000E+02
 1.98370830000000E+03   5.54593000000000E+01
 1.98379170000000E+03   3.77593000000000E+01
 1.98387500000000E+03   3.57506000000000E+01
 1.98395830000000E+03   5.72802000000000E+01
 1.98404170000000E+03   5.84254000000000E+01
 1.98412500000000E+03   5.41082000000000E+01
 1.98420830000000E+03   6.74830000000000E+01
 1.98437500000000E+03   5.77708000000000E+01
 1.98445830000000E+03   2.69140000000000E+01
 1.98454170000000E+03  -2.08656000000000E+01
 1.98462500000000E+03  -5.39538000000000E+01
 1.98470830000000E+03  -1.09734600000000E+02
 1.98479170000000E+03  -1.21130500000000E+02
 1.98487500000000E+03  -1.11142700000000E+02
 1.98495830000000E+03  -1.01770500000000E+02
 1.98504170000000E+03  -9.33211000000000E+01
 1.98512500000000E+03  -8.82573000000000E+01
 1.98520830000000E+03  -6.50399000000000E+01
 1.98529170000000E+03  -4.83606000000000E+01
 1.98537500000000E+03  -5.12976000000000E+01
 1.98545830000000E+03  -4.40811000000000E+01
 1.98554170000000E+03  -4.64027000000000E+01
 1.98562500000000E+03  -5.04945000000000E+01
 1.98570830000000E+03  -4.58942000000000E+01
 1.98579170000000E+03  -4.59859000000000E+01
 1.98587500000000E+03  -4.05401000000000E+01
 1.98595830000000E+03  -3.10177000000000E+01
 1.98604170000000E+03  -1.93411000000000E+01
 1.98612500000000E+03  -2.62807000000000E+01
 1.98620830000000E+03  -2.25284000000000E+01
 1.98629170000000E+03  -1.90065000000000E+01
 1.98637500000000E+03  -1.87020000000000E+00
 1.98645830000000E+03   3.49660000000000E+00
 1.98654170000000E+03  -1.86747000000000E+01
 1.98662500000000E+03  -2.04623000000000E+01
 1.98670830000000E+03  -2.10963000000000E+01
 1.98679170000000E+03  -2.71916000000000E+01
 1.98687500000000E+03  -1.42878000000000E+01
 1.98695830000000E+03  -1.04612000000000E+01
 1.98704170000000E+03  -1.09580000000000E+00
 1.98712500000000E+03   1.73020000000000E+00
 1.98720830000000E+03   2.10174000000000E+01
 1.98729170000000E+03   2.01511000000000E+01
 1.98737500000000E+03  -3.79300000000000E+00
 1.98745830000000E+03  -3.11989000000000E+01
 1.98754170000000E+03  -2.29123000000000E+01
 1.98762500000000E+03  -7.78030000000000E+00
 1.98770830000000E+03  -1.32641000000000E+01
 1.98779170000000E+03   2.79090000000000E+00
 1.98787500000000E+03   3.15270000000000E+00
 1.98795830000000E+03  -8.70400000000000E-01
 1.98804170000000E+03  -1.66240000000000E+00
 1.98812500000000E+03   7.16010000000000E+00
 1.98820830000000E+03   1.57514000000000E+01
 1.98829170000000E+03   1.65739000000000E+01
 1.98837500000000E+03   1.13186000000000E+01
 1.98845830000000E+03   3.07552000000000E+01
 1.98854170000000E+03   6.86537000000000E+01
 1.98862500000000E+03   8.89360000000000E+01
 1.98870830000000E+03   1.12217900000000E+02
 1.98879170000000E+03   1.08346300000000E+02
 1.98887500000000E+03   1.23319900000000E+02
 1.98895830000000E+03   1.37831700000000E+02
 1.98904170000000E+03   1.51343800000000E+02
 1.98912500000000E+03   1.68008900000000E+02
 1.98920830000000E+03   1.64366000000000E+02
 1.98929170000000E+03   1.60261800000000E+02
 1.98937500000000E+03   1.54079900000000E+02
 1.98945830000000E+03   1.56359100000000E+02
 1.98954170000000E+03   1.60331000000000E+02
 1.98962500000000E+03   1.57532800000000E+02
 1.98970830000000E+03   1.59811100000000E+02
 1.98979170000000E+03   1.45012900000000E+02
 1.98987500000000E+03   1.45752200000000E+02
 1.98995830000000E+03   1.31106700000000E+02
 1.99004170000000E+03   1.38461400000000E+02
 1.99012500000000E+03   1.42507500000000E+02
 1.99020830000000E+03   1.29630300000000E+02
 1.99029170000000E+03   1.35753300000000E+02
 1.99037500000000E+03   1.22414000000000E+02
 1.99045830000000E+03   1.23766600000000E+02
 1.99054170000000E+03   1.28658000000000E+02
 1.99062500000000E+03   8.54716000000000E+01
 1.99070830000000E+03   2.49003000000000E+01
 1.99079170000000E+03  -3.79015000000000E+01
 1.99087500000000E+03  -6.08580000000000E+01
 1.99095830000000E+03  -4.99687000000000E+01
 1.99104170000000E+03  -3.70021000000000E+01
 1.99112500000000E+03  -3.75749000000000E+01
 1.99120830000000E+03  -2.67634000000000E+01
 1.99129170000000E+03  -1.28746000000000E+01
 1.99137500000000E+03   5.78250000000000E+00
 1.99145830000000E+03   2.19777000000000E+01
 1.99154170000000E+03   2.68656000000000E+01
 1.99162500000000E+03  -1.78590000000000E+00
 1.99187500000000E+03   2.06430000000000E+01
 1.99195830000000E+03   2.23750000000000E+01
 1.99204170000000E+03   3.18765000000000E+01
 1.99212500000000E+03   5.80693000000000E+01
 1.99220830000000E+03   5.82619000000000E+01
 1.99229170000000E+03   3.53010000000000E+01
 1.99237500000000E+03   4.03391000000000E+01
 1.99245830000000E+03   5.10693000000000E+01
 1.99254170000000E+03   7.10305000000000E+01
 1.99262500000000E+03   6.30678000000000E+01
 1.99270830000000E+03   5.01048000000000E+01
 1.99279170000000E+03   2.12190000000000E+01
 1.99287500000000E+03   3.83323000000000E+01
 1.99295830000000E+03   2.60607000000000E+01
 1.99304170000000E+03   2.70971000000000E+01
 1.99312500000000E+03   1.51326000000000E+01
 1.99320830000000E+03   6.09080000000000E+00
 1.99329170000000E+03   9.28020000000000E+00
 1.99362500000000E+03   2.04174000000000E+01
 1.99370830000000E+03   1.24509000000000E+01
 1.99379170000000E+03  -1.77462000000000E+01
 1.99387500000000E+03  -7.02518000000000E+01
 1.99395830000000E+03  -8.15269000000000E+01
 1.99404170000000E+03  -8.79556000000000E+01
 1.99412500000000E+03  -8.25391000000000E+01
 1.99420830000000E+03  -9.10459000000000E+01
 1.99429170000000E+03  -7.01678000000000E+01
 1.99437500000000E+03  -4.62136000000000E+01
 1.99445830000000E+03  -7.21300000000000E-01
 1.99454170000000E+03   2.23866000000000E+01
 1.99462500000000E+03   5.02630000000000E+01
 1.99470830000000E+03   7.86006000000000E+01
 1.99479170000000E+03   9.05538000000000E+01
 1.99487500000000E+03   8.63523000000000E+01
 1.99495830000000E+03   9.92275000000000E+01
 1.99504170000000E+03   8.87183000000000E+01
 1.99512500000000E+03   8.59775000000000E+01
 1.99520830000000E+03   7.99287000000000E+01
 1.99529170000000E+03   9.68801000000000E+01
 1.99537500000000E+03   9.19077000000000E+01
 1.99545830000000E+03   7.20887000000000E+01
 1.99554170000000E+03   2.14239000000000E+01
 1.99562500000000E+03  -3.80110000000000E+01
 1.99570830000000E+03  -1.04830800000000E+02
 1.99579170000000E+03  -1.46881100000000E+02
 1.99587500000000E+03  -1.78470700000000E+02
 1.99595830000000E+03  -1.71599100000000E+02
 1.99604170000000E+03  -1.57342600000000E+02
 1.99612500000000E+03  -1.69317800000000E+02
 1.99620830000000E+03  -1.86908600000000E+02
 1.99629170000000E+03  -1.70191400000000E+02
 1.99637500000000E+03  -1.66936700000000E+02
 1.99645830000000E+03  -1.74836100000000E+02
 1.99654170000000E+03  -1.65889000000000E+02
 1.99662500000000E+03  -1.31558300000000E+02
 1.99670830000000E+03  -8.52278000000000E+01
 1.99679170000000E+03  -4.54355000000000E+01
 1.99687500000000E+03  -2.87979000000000E+01
 1.99695830000000E+03  -2.28529000000000E+01
 1.99704170000000E+03  -3.90615000000000E+01
 1.99712500000000E+03  -6.12709000000000E+01
 1.99720830000000E+03  -3.67884000000000E+01
 1.99729170000000E+03   1.30980000000000E+00
 1.99737500000000E+03  -3.36200000000000E+00
 1.99745830000000E+03  -3.21111000000000E+01
 1.99754170000000E+03  -2.79369000000000E+01
 1.99762500000000E+03  -4.91730000000000E+00
 1.99770830000000E+03  -1.05190000000000E+00
 1.99779170000000E+03  -3.97247000000000E+01
 1.99787500000000E+03  -5.98599000000000E+01
 1.99795830000000E+03  -5.94569000000000E+01
 1.99804170000000E+03  -3.37460000000000E+01
 1.99812500000000E+03  -1.95900000000000E+00
 1.99820830000000E+03   1.45969000000000E+01
 1.99829170000000E+03   1.38390000000000E+00
 1.99837500000000E+03   4.93930000000000E+00
 1.99845830000000E+03   1.74943000000000E+01
 1.99854170000000E+03   4.14343000000000E+01
 1.99862500000000E+03   5.26041000000000E+01
 1.99870830000000E+03   3.20813000000000E+01
 1.99879170000000E+03   1.19435000000000E+01
 1.99887500000000E+03   2.32663000000000E+01
 1.99895830000000E+03   2.88195000000000E+01
 1.99904170000000E+03   3.59885000000000E+01
 1.99912500000000E+03   1.63873000000000E+01
 1.99920830000000E+03  -6.98340000000000E+00
 1.99929170000000E+03  -5.04610000000000E+00
 1.99937500000000E+03   5.42880000000000E+00
 1.99945830000000E+03   1.72880000000000E+01
 1.99954170000000E+03   3.16090000000000E+01
 1.99962500000000E+03   5.47753000000000E+01
 1.99970830000000E+03   6.06336000000000E+01
 1.99979170000000E+03   5.17999000000000E+01
 1.99987500000000E+03   4.19653000000000E+01
 1.99995830000000E+03   6.32842000000000E+01
 2.00004170000000E+03   7.67573000000000E+01
 2.00012500000000E+03   8.33834000000000E+01
 2.00020830000000E+03   8.37784000000000E+01
 2.00029170000000E+03   8.41736000000000E+01
 2.00037500000000E+03   7.84911000000000E+01
 2.00045830000000E+03   7.38852000000000E+01
 2.00054170000000E+03   4.38181000000000E+01
 2.00062500000000E+03   3.98080000000000E+00
 2.00070830000000E+03  -4.68567000000000E+01
 2.00079170000000E+03  -8.03094000000000E+01
 2.00087500000000E+03  -8.13014000000000E+01
 2.00095830000000E+03  -6.39860000000000E+01
 2.00104170000000E+03  -7.18241000000000E+01
 2.00112500000000E+03  -6.96631000000000E+01
 2.00120830000000E+03  -7.06563000000000E+01
 2.00129170000000E+03  -6.04954000000000E+01
 2.00137500000000E+03  -2.72583000000000E+01
 2.00145830000000E+03  -2.47909000000000E+01
 2.00154170000000E+03  -1.68616000000000E+01
 2.00162500000000E+03   2.61438000000000E+01
 2.00170830000000E+03   7.09181000000000E+01
 2.00179170000000E+03   7.48465000000000E+01
 2.00187500000000E+03   7.63125000000000E+01
 2.00195830000000E+03   8.24705000000000E+01
 2.00204170000000E+03   8.93211000000000E+01
 2.00212500000000E+03   7.91709000000000E+01
 2.00220830000000E+03   5.79434000000000E+01
 2.00229170000000E+03   3.37931000000000E+01
 2.00237500000000E+03   1.33343000000000E+01
 2.00245830000000E+03  -4.38172000000000E+01
 2.00254170000000E+03  -4.42761000000000E+01
 2.00262500000000E+03  -6.21204000000000E+01
 2.00270830000000E+03  -1.19349700000000E+02
 2.00279170000000E+03  -1.65347900000000E+02
 2.00287500000000E+03  -1.59116200000000E+02
 2.00295830000000E+03  -1.46192500000000E+02
 2.00304170000000E+03  -1.40499300000000E+02
 2.00312500000000E+03  -1.54576200000000E+02
 2.00320830000000E+03  -1.37191800000000E+02
 2.00329170000000E+03  -1.19884100000000E+02
 2.00337500000000E+03  -1.04115700000000E+02
 2.00345830000000E+03  -7.58861000000000E+01
 2.00354170000000E+03  -3.81947000000000E+01
 2.00362500000000E+03  -3.10426000000000E+01
 2.00370830000000E+03  -3.86600000000000E+01
 2.00379170000000E+03  -3.70464000000000E+01
 2.00387500000000E+03  -3.09720000000000E+01
 2.00395830000000E+03  -2.12057000000000E+01
 2.00404170000000E+03  -7.28530000000000E+00
 2.00412500000000E+03  -1.29042000000000E+01
 2.00420830000000E+03   4.63050000000000E+00
 2.00429170000000E+03   8.55000000000000E+00
 2.00437500000000E+03   1.73917000000000E+01
 2.00445830000000E+03   5.01563000000000E+01
 2.00454170000000E+03   8.15365000000000E+01
 2.00462500000000E+03   8.33004000000000E+01
 2.00470830000000E+03   5.47564000000000E+01
 2.00479170000000E+03   4.68280000000000E+01
 2.00487500000000E+03   5.28988000000000E+01
 2.00495830000000E+03   6.51231000000000E+01
 2.00504170000000E+03   6.16553000000000E+01
 2.00512500000000E+03   6.25713000000000E+01
 2.00520830000000E+03   8.17178000000000E+01
 2.00529170000000E+03   7.04031000000000E+01
 2.00537500000000E+03   7.53951000000000E+01
 2.00545830000000E+03   6.10792000000000E+01
 2.00554170000000E+03   2.36866000000000E+01
 2.00562500000000E+03  -3.15530000000000E+01
 2.00570830000000E+03  -6.67929000000000E+01
 2.00579170000000E+03  -5.08787000000000E+01
 2.00587500000000E+03  -4.58115000000000E+01
 2.00595830000000E+03  -3.64369000000000E+01
 2.00604170000000E+03  -4.19851000000000E+01
 2.00612500000000E+03  -5.21495000000000E+01
 2.00620830000000E+03  -6.06220000000000E+01
 2.00629170000000E+03  -7.21711000000000E+01
 2.00637500000000E+03  -4.93364000000000E+01
 2.00645830000000E+03  -2.48097000000000E+01
 2.00654170000000E+03   2.03326000000000E+01
 2.00662500000000E+03   3.59356000000000E+01
 2.00670830000000E+03   5.13845000000000E+01
 2.00679170000000E+03   7.97567000000000E+01
 2.00687500000000E+03   8.68973000000000E+01
 2.00695830000000E+03   9.08068000000000E+01
 2.00704170000000E+03   9.77166000000000E+01
 2.00712500000000E+03   1.13240900000000E+02
 2.00720830000000E+03   1.44688000000000E+02
 2.00729170000000E+03   1.45058400000000E+02
 2.00737500000000E+03   1.56120300000000E+02
 2.00745830000000E+03   1.50105000000000E+02
 2.00754170000000E+03   1.25936100000000E+02
 2.00762500000000E+03   1.03997100000000E+02
 2.00770830000000E+03   1.15288600000000E+02
 2.00779170000000E+03   9.81187000000000E+01
 2.00787500000000E+03   7.82558000000000E+01
 2.00795830000000E+03   6.73156000000000E+01
 2.00804170000000E+03   7.91449000000000E+01
 2.00812500000000E+03   7.10503000000000E+01
 2.00820830000000E+03   5.00323000000000E+01
 2.00829170000000E+03   5.07069000000000E+01
 2.00837500000000E+03   6.46883000000000E+01
 2.00845830000000E+03   6.47464000000000E+01
 2.00854170000000E+03   4.56508000000000E+01
 2.00862500000000E+03   1.52467000000000E+01
 2.00870830000000E+03  -1.76192000000000E+01
 2.00879170000000E+03  -5.60233000000000E+01
 2.00887500000000E+03  -5.33514000000000E+01
 2.00895830000000E+03  -4.07566000000000E+01
 2.00904170000000E+03  -3.23155000000000E+01
 2.00912500000000E+03  -2.98752000000000E+01
 2.00920830000000E+03  -1.38198000000000E+01
 2.00929170000000E+03   4.46660000000000E+00
 2.00937500000000E+03  -2.44786000000000E+01
 2.00945830000000E+03  -4.96548000000000E+01
 2.00954170000000E+03  -8.92155000000000E+01
 2.00962500000000E+03  -1.15930800000000E+02
 2.00970830000000E+03  -1.10031000000000E+02
 2.00979170000000E+03  -1.09592600000000E+02
 2.00987500000000E+03  -9.96934000000000E+01
 2.00995830000000E+03  -9.27176000000000E+01
 2.01004170000000E+03  -8.76646000000000E+01
 2.01012500000000E+03  -9.08432000000000E+01
 2.01020830000000E+03  -9.90221000000000E+01
 2.01029170000000E+03  -1.16970100000000E+02
 2.01037500000000E+03  -1.24072600000000E+02
 2.01045830000000E+03  -1.32098600000000E+02
 2.01054170000000E+03  -1.27585900000000E+02
 2.01062500000000E+03  -1.03304700000000E+02
 2.01070830000000E+03  -8.70239000000000E+01
 2.01079170000000E+03  -7.72044000000000E+01
 2.01087500000000E+03  -7.72318000000000E+01
 2.01095830000000E+03  -6.80288000000000E+01
 2.01104170000000E+03  -6.91332000000000E+01
 2.01112500000000E+03  -6.72384000000000E+01
 2.01120830000000E+03  -4.91132000000000E+01
 2.01129170000000E+03  -2.19878000000000E+01
 2.01137500000000E+03  -1.64016000000000E+01
 2.01145830000000E+03   2.88766000000000E+01
 2.01154170000000E+03   7.00012000000000E+01
 2.01162500000000E+03   6.57403000000000E+01
 2.01170830000000E+03   7.15561000000000E+01
 2.01179170000000E+03   7.98336000000000E+01
 2.01187500000000E+03   7.04949000000000E+01
 2.01195830000000E+03   7.86175000000000E+01
 2.01204170000000E+03   8.05864000000000E+01
 2.01212500000000E+03   8.55546000000000E+01
 2.01220830000000E+03   1.07137800000000E+02
 2.01229170000000E+03   1.08028900000000E+02
 2.01237500000000E+03   1.01380800000000E+02
 2.01245830000000E+03   8.84246000000000E+01
 2.01254170000000E+03   3.69303000000000E+01
 2.01262500000000E+03  -1.56490000000000E+00
 2.01270830000000E+03  -3.16758000000000E+01
 2.01279170000000E+03  -5.11710000000000E+01
 2.01287500000000E+03  -6.38979000000000E+01
 2.01295830000000E+03  -6.74711000000000E+01
 2.01304170000000E+03  -7.04288000000000E+01
 2.01312500000000E+03  -7.35412000000000E+01
 2.01320830000000E+03  -7.90384000000000E+01
 2.01329170000000E+03  -1.06304700000000E+02
 2.01337500000000E+03  -9.88794000000000E+01
 2.01345830000000E+03  -8.11468000000000E+01
 2.01354170000000E+03  -7.00293000000000E+01
 2.01362500000000E+03  -7.44511000000000E+01
 2.01370830000000E+03  -6.23348000000000E+01
 2.01379170000000E+03  -3.41413000000000E+01
 2.01387500000000E+03  -3.55640000000000E+01
 2.01395830000000E+03  -3.86023000000000E+01
 2.01404170000000E+03  -3.81790000000000E+01
 2.01412500000000E+03  -3.32948000000000E+01
 2.01420830000000E+03  -4.24110000000000E+01
 2.01429170000000E+03  -3.86039000000000E+01
 2.01437500000000E+03  -4.13361000000000E+01
 2.01445830000000E+03  -5.34531000000000E+01
 2.01454170000000E+03  -5.58008000000000E+01
 2.01462500000000E+03  -4.26876000000000E+01
 2.01470830000000E+03  -3.14979000000000E+01
 2.01479170000000E+03  -2.93849000000000E+01
 2.01487500000000E+03  -1.56573000000000E+01
 2.01495830000000E+03   1.43008000000000E+01
 2.01504170000000E+03   3.92591000000000E+01
 2.01512500000000E+03   4.62166000000000E+01
 2.01520830000000E+03   3.90969000000000E+01
 2.01529170000000E+03   3.82081000000000E+01
 2.01537500000000E+03   5.76263000000000E+01
 2.01545830000000E+03   1.09967200000000E+02
 2.01554170000000E+03   9.17699000000000E+01
 2.01562500000000E+03   8.05718000000000E+01
 2.01570830000000E+03   5.82964000000000E+01
 2.01579170000000E+03   5.01751000000000E+01
 2.01587500000000E+03   3.57453000000000E+01
 2.01595830000000E+03   1.10845000000000E+01
 2.01604170000000E+03   3.50080000000000E+00
 2.01612500000000E+03   7.60860000000000E+00
 2.01620830000000E+03   1.31007000000000E+01
 2.01629170000000E+03  -4.17620000000000E+00
 2.01637500000000E+03  -4.60780000000000E+00
 2.01645830000000E+03  -5.19350000000000E+00
 2.01654170000000E+03  -2.35482000000000E+01
 2.01662500000000E+03  -2.99806000000000E+01
 2.01670830000000E+03  -4.82595000000000E+01
 2.01679170000000E+03  -3.79997000000000E+01
 2.01687500000000E+03  -4.53561000000000E+01
 2.01695830000000E+03  -2.97898000000000E+01
 2.01704170000000E+03  -6.99240000000000E+00
 2.01712500000000E+03  -4.96510000000000E+00
 2.01720830000000E+03  -1.73227000000000E+01
 2.01729170000000E+03  -1.57570000000000E+01
 2.01737500000000E+03   3.59618000000000E+01
 2.01745830000000E+03   7.70648000000000E+01
 2.01754170000000E+03   7.10143000000000E+01
 2.01762500000000E+03   3.41167000000000E+01
 2.01770830000000E+03   1.62958000000000E+01
 2.01779170000000E+03  -8.52490000000000E+00
 2.01787500000000E+03  -2.88848000000000E+01
 2.01795830000000E+03  -2.70912000000000E+01
 2.01804170000000E+03  -4.18359000000000E+01
 2.01812500000000E+03  -4.18121000000000E+01
 2.01820830000000E+03  -3.75578000000000E+01
 2.01829170000000E+03  -1.59188000000000E+01
 2.01837500000000E+03  -2.14343000000000E+01
 2.01845830000000E+03  -5.26425000000000E+01
 2.01854170000000E+03  -8.15428000000000E+01
 2.01862500000000E+03  -9.40592000000000E+01
 2.01870830000000E+03  -7.23452000000000E+01
 2.01879170000000E+03  -6.31695000000000E+01
 2.01887500000000E+03  -4.89176000000000E+01
 2.01895830000000E+03  -3.63583000000000E+01
 2.01904170000000E+03  -2.64911000000000E+01
 2.01912500000000E+03  -1.83170000000000E+01
 2.01920830000000E+03  -1.28356000000000E+01
 2.01929170000000E+03  -1.95077000000000E+01
 2.01937500000000E+03  -5.63345000000000E+01
 2.01945830000000E+03  -3.99309000000000E+01
 2.01954170000000E+03   1.31910000000000E+00
 2.01962500000000E+03   4.41068000000000E+01
 2.01970830000000E+03   6.58942000000000E+01
 2.01979170000000E+03   5.69126000000000E+01
 2.01987500000000E+03   8.16225000000000E+01
 2.01995830000000E+03   7.91013000000000E+01
 2.02004170000000E+03   9.58880000000000E+01
 2.02012500000000E+03   1.00904700000000E+02
 2.02020830000000E+03   1.10151800000000E+02
 2.02029170000000E+03   9.20146000000000E+01
 2.02037500000000E+03   1.11645800000000E+02
 2.02045830000000E+03   1.32199700000000E+02
 2.02054170000000E+03   1.06830800000000E+02
 2.02062500000000E+03   4.88457000000000E+01
 2.02070830000000E+03   2.62960000000000E+00
 2.02079170000000E+03  -1.48172000000000E+01
 2.02087500000000E+03  -2.51877000000000E+01
 2.02095830000000E+03  -3.54048000000000E+01
 2.02104170000000E+03  -3.42370000000000E+01
 2.02112500000000E+03  -4.59162000000000E+01
 2.02120830000000E+03  -5.80572000000000E+01
 2.02129170000000E+03  -5.11980000000000E+01
 2.02137500000000E+03  -2.57242000000000E+01
 2.02145830000000E+03  -5.26353000000000E+01
 2.02154170000000E+03  -4.77001000000000E+01
 2.02162500000000E+03  -6.11800000000000E-01
 2.02170830000000E+03   1.87839000000000E+01
 2.02179170000000E+03   1.07952000000000E+01
 2.02187500000000E+03   3.65180000000000E+00
 2.02195830000000E+03   1.88158000000000E+01
 2.02204170000000E+03   3.66724000000000E+01
 2.02212500000000E+03   4.72973000000000E+01
 2.02220830000000E+03   2.95374000000000E+01
 2.02229170000000E+03   5.23931000000000E+01
 2.02237500000000E+03   4.17095000000000E+01
 2.02245830000000E+03   1.48717000000000E+01
 2.02254170000000E+03   3.64188000000000E+01
 2.02262500000000E+03   4.12728000000000E+01
 2.02270830000000E+03   9.12640000000000E+00
 2.02279170000000E+03  -1.20197000000000E+01
 2.02287500000000E+03  -1.33974000000000E+01
 2.02295830000000E+03  -2.18523000000000E+01
 2.02304170000000E+03  -1.95378000000000E+01
 2.02312500000000E+03  -1.42240000000000E+01
 2.02320830000000E+03  -5.29520000000000E+00
 2.02329170000000E+03   2.39415000000000E+01
 2.02337500000000E+03   3.02360000000000E+00
 2.02345830000000E+03  -5.86900000000000E-01
 2.02354170000000E+03   2.01874000000000E+01
 2.02362500000000E+03   2.40378000000000E+01
 2.02370830000000E+03  -4.34280000000000E+00
 2.02379170000000E+03  -1.61848000000000E+01
 2.02387500000000E+03  -1.61814000000000E+01
 2.02395830000000E+03  -5.56290000000000E+00
 2.02404170000000E+03   1.36711000000000E+01
 2.02412500000000E+03   1.67505000000000E+01
 2.02420830000000E+03   4.45100000000000E-01
 2.02429170000000E+03  -3.32180000000000E+00
 2.02437500000000E+03  -2.78170000000000E+00
 2.02445830000000E+03   1.96812000000000E+01
 2.02454170000000E+03   2.42403000000000E+01
 2.02462500000000E+03   1.48302000000000E+01
 2.02470830000000E+03  -1.09393000000000E+01
 2.02479170000000E+03   9.25710000000000E+00
 2.02487500000000E+03   2.65304000000000E+01
 2.02495830000000E+03   7.44860000000000E+01
