 1.92779170000000E+03  -7.06560000000000E+00
 1.92787500000000E+03  -1.90468000000000E+01
 1.92795830000000E+03  -2.04609000000000E+01
 1.92804170000000E+03  -1.67777000000000E+01
 1.92812500000000E+03  -1.14787000000000E+01
 1.92820830000000E+03  -2.21780000000000E+00
 1.92829170000000E+03   8.32160000000000E+00
 1.92837500000000E+03   1.39270000000000E+00
 1.92845830000000E+03  -1.23056000000000E+01
 1.92854170000000E+03  -2.48501000000000E+01
 1.92862500000000E+03  -3.77795000000000E+01
 1.92879170000000E+03  -4.60235000000000E+01
 1.92887500000000E+03  -4.31073000000000E+01
 1.92895830000000E+03  -4.36529000000000E+01
 1.92904170000000E+03  -3.79678000000000E+01
 1.92912500000000E+03  -3.47445000000000E+01
 1.92920830000000E+03  -3.43675000000000E+01
 1.92929170000000E+03  -2.76061000000000E+01
 1.92937500000000E+03  -2.58449000000000E+01
 1.92945830000000E+03  -2.54686000000000E+01
 1.92954170000000E+03  -1.65538000000000E+01
 1.92962500000000E+03  -1.87163000000000E+01
 1.92970830000000E+03  -9.34050000000000E+00
 1.92979170000000E+03  -5.27250000000000E+00
 1.92987500000000E+03  -2.89710000000000E+00
 1.92995830000000E+03  -4.21420000000000E+00
 1.93004170000000E+03   3.91700000000000E-01
 1.93012500000000E+03   4.53580000000000E+00
 1.93020830000000E+03   5.52580000000000E+00
 1.93029170000000E+03   1.28234000000000E+01
 1.93037500000000E+03   1.43516000000000E+01
 1.93045830000000E+03   4.57180000000000E+00
 1.93054170000000E+03  -1.05420000000000E+00
 1.93062500000000E+03  -1.59882000000000E+01
 1.93070830000000E+03  -1.09993000000000E+01
 1.93079170000000E+03  -1.29336000000000E+01
 1.93087500000000E+03  -7.71430000000000E+00
 1.93095830000000E+03  -6.95680000000000E+00
 1.93104170000000E+03   6.80070000000000E+00
 1.93112500000000E+03   1.16348000000000E+01
 1.93120830000000E+03   7.31480000000000E+00
 1.93129170000000E+03   1.19948000000000E+01
 1.93137500000000E+03   8.98210000000000E+00
 1.93145830000000E+03   5.04620000000000E+00
 1.93154170000000E+03   1.33410000000000E+01
 1.93162500000000E+03  -2.13370000000000E+00
 1.93170830000000E+03  -3.45480000000000E+00
 1.93179170000000E+03   6.08600000000000E-01
 1.93187500000000E+03   5.28710000000000E+00
 1.93195830000000E+03   3.50400000000000E+00
 1.93204170000000E+03   9.95140000000000E+00
 1.93212500000000E+03   4.47550000000000E+00
 1.93220830000000E+03   5.99950000000000E+00
 1.93229170000000E+03   2.00617000000000E+01
 1.93237500000000E+03   1.27391000000000E+01
 1.93245830000000E+03   1.14163000000000E+01
 1.93254170000000E+03   4.86270000000000E+00
 1.93262500000000E+03  -5.22970000000000E+00
 1.93270830000000E+03  -2.09160000000000E+00
 1.93279170000000E+03  -3.95350000000000E+00
 1.93287500000000E+03  -5.43110000000000E+00
 1.93295830000000E+03  -3.13970000000000E+00
 1.93304170000000E+03  -3.07910000000000E+00
 1.93312500000000E+03  -2.63420000000000E+00
 1.93320830000000E+03  -3.18950000000000E+00
 1.93329170000000E+03  -8.74490000000000E+00
 1.93337500000000E+03  -2.11467000000000E+01
 1.93345830000000E+03  -2.68564000000000E+01
 1.93354170000000E+03  -2.90277000000000E+01
 1.93362500000000E+03  -3.50455000000000E+01
 1.93370830000000E+03  -3.74481000000000E+01
 1.93379170000000E+03  -3.88508000000000E+01
 1.93387500000000E+03  -3.55614000000000E+01
 1.93395830000000E+03  -3.32722000000000E+01
 1.93404170000000E+03  -3.55986000000000E+01
 1.93412500000000E+03  -2.84637000000000E+01
 1.93420830000000E+03  -2.68674000000000E+01
 1.93429170000000E+03  -5.88660000000000E+00
 1.93437500000000E+03   3.17090000000000E+00
 1.93445830000000E+03   1.89973000000000E+01
 1.93454170000000E+03   2.42852000000000E+01
 1.93462500000000E+03   2.89575000000000E+01
 1.93470830000000E+03   2.30142000000000E+01
 1.93479170000000E+03   2.41476000000000E+01
 1.93487500000000E+03   2.11270000000000E+01
 1.93495830000000E+03   2.24139000000000E+01
 1.93504170000000E+03   2.57007000000000E+01
 1.93512500000000E+03   2.82179000000000E+01
 1.93520830000000E+03   3.49658000000000E+01
 1.93529170000000E+03   4.54058000000000E+01
 1.93537500000000E+03   3.43071000000000E+01
 1.93545830000000E+03   3.12082000000000E+01
 1.93554170000000E+03   2.64169000000000E+01
 1.93562500000000E+03   2.64715000000000E+01
 1.93570830000000E+03   8.75670000000000E+00
 1.93579170000000E+03   1.63494000000000E+01
 1.93587500000000E+03   1.10957000000000E+01
 1.93595830000000E+03   1.73034000000000E+01
 1.93604170000000E+03   2.45878000000000E+01
 1.93612500000000E+03   2.49490000000000E+01
 1.93620830000000E+03   2.37715000000000E+01
 1.93629170000000E+03   2.01323000000000E+01
 1.93637500000000E+03   1.04159000000000E+01
 1.93645830000000E+03   1.24686000000000E+01
 1.93654170000000E+03  -9.42000000000000E-02
 1.93662500000000E+03  -1.27270000000000E+00
 1.93670830000000E+03  -6.45140000000000E+00
 1.93679170000000E+03   9.08300000000000E-01
 1.93687500000000E+03  -1.42460000000000E+00
 1.93695830000000E+03   5.01160000000000E+00
 1.93704170000000E+03   1.02938000000000E+01
 1.93712500000000E+03   6.11410000000000E+00
 1.93720830000000E+03   9.70360000000000E+00
 1.93729170000000E+03   9.52360000000000E+00
 1.93737500000000E+03   8.11270000000000E+00
 1.93745830000000E+03  -2.06770000000000E+00
 1.93754170000000E+03  -5.86360000000000E+00
 1.93762500000000E+03  -7.19820000000000E+00
 1.93770830000000E+03  -1.32253000000000E+01
 1.93779170000000E+03  -1.44833000000000E+01
 1.93787500000000E+03  -1.65877000000000E+01
 1.93795830000000E+03  -1.00769000000000E+01
 1.93804170000000E+03  -6.95080000000000E+00
 1.93812500000000E+03  -3.90200000000000E+00
 1.93820830000000E+03  -8.00710000000000E+00
 1.93829170000000E+03  -2.11240000000000E+00
 1.93837500000000E+03   1.14743000000000E+01
 1.93845830000000E+03   1.02917000000000E+01
 1.93854170000000E+03   2.21089000000000E+01
 1.93862500000000E+03   1.58489000000000E+01
 1.93870830000000E+03   1.45888000000000E+01
 1.93879170000000E+03   6.17460000000000E+00
 1.93887500000000E+03   5.29870000000000E+00
 1.93895830000000E+03   3.57650000000000E+00
 1.93904170000000E+03   4.39250000000000E+00
 1.93912500000000E+03   3.59300000000000E+00
 1.93920830000000E+03   1.63940000000000E+00
 1.93929170000000E+03   3.07020000000000E+00
 1.93937500000000E+03  -4.42220000000000E+00
 1.93945830000000E+03  -1.96841000000000E+01
 1.93954170000000E+03  -3.34076000000000E+01
 1.93962500000000E+03  -5.23622000000000E+01
 1.93970830000000E+03  -6.00862000000000E+01
 1.93979170000000E+03  -6.37333000000000E+01
 1.93987500000000E+03  -6.70731000000000E+01
 1.93995830000000E+03  -6.54130000000000E+01
 1.94004170000000E+03  -6.16762000000000E+01
 1.94012500000000E+03  -6.28626000000000E+01
 1.94020830000000E+03  -5.66647000000000E+01
 1.94029170000000E+03  -5.90822000000000E+01
 1.94037500000000E+03  -4.42693000000000E+01
 1.94045830000000E+03  -4.08411000000000E+01
 1.94054170000000E+03  -4.82593000000000E+01
 1.94062500000000E+03  -5.43699000000000E+01
 1.94070830000000E+03  -5.38654000000000E+01
 1.94079170000000E+03  -4.13611000000000E+01
 1.94087500000000E+03  -3.32415000000000E+01
 1.94095830000000E+03  -2.00453000000000E+01
 1.94120830000000E+03  -2.31500000000000E+01
 1.94129170000000E+03  -1.27237000000000E+01
 1.94137500000000E+03  -2.27591000000000E+01
 1.94162500000000E+03  -3.50974000000000E+01
 1.94170830000000E+03  -3.80568000000000E+01
 1.94179170000000E+03  -5.10931000000000E+01
 1.94187500000000E+03  -5.73605000000000E+01
 1.94195830000000E+03  -4.13973000000000E+01
 1.94229170000000E+03  -1.66233000000000E+01
 1.94237500000000E+03   1.85100000000000E-01
 1.94245830000000E+03   4.14710000000000E+00
 1.94254170000000E+03   9.72440000000000E+00
 1.94262500000000E+03   9.76300000000000E+00
 1.94270830000000E+03   1.37245000000000E+01
 1.94279170000000E+03   8.53200000000000E+00
 1.94287500000000E+03   1.17238000000000E+01
 1.94295830000000E+03   1.62232000000000E+01
 1.94304170000000E+03   2.27994000000000E+01
 1.94312500000000E+03   2.98368000000000E+01
 1.94320830000000E+03   3.54125000000000E+01
 1.94329170000000E+03   3.86035000000000E+01
 1.94337500000000E+03   3.65634000000000E+01
 1.94345830000000E+03   3.20617000000000E+01
 1.94354170000000E+03   2.94059000000000E+01
 1.94362500000000E+03   1.88268000000000E+01
 1.94370830000000E+03   1.02475000000000E+01
 1.94379170000000E+03   1.62835000000000E+01
 1.94387500000000E+03   1.80885000000000E+01
 1.94395830000000E+03   3.28932000000000E+01
 1.94404170000000E+03   3.88517000000000E+01
 1.94412500000000E+03   3.49638000000000E+01
 1.94420830000000E+03   3.01526000000000E+01
 1.94445830000000E+03   1.93334000000000E+01
 1.94454170000000E+03   8.13680000000000E+00
 1.94487500000000E+03   1.27180000000000E+00
 1.94495830000000E+03   1.76660000000000E+00
 1.94504170000000E+03  -3.04640000000000E+00
 1.94512500000000E+03   8.37110000000000E+00
 1.94520830000000E+03   1.50961000000000E+01
 1.94529170000000E+03   2.04363000000000E+01
 1.94537500000000E+03   1.86224000000000E+01
 1.94545830000000E+03   1.81161000000000E+01
 1.94554170000000E+03   1.68404000000000E+01
 1.94562500000000E+03   2.31798000000000E+01
 1.94570830000000E+03   1.51344000000000E+01
 1.94579170000000E+03   1.62427000000000E+01
 1.94587500000000E+03   1.69662000000000E+01
 1.94595830000000E+03   2.09203000000000E+01
 1.94604170000000E+03   2.22588000000000E+01
 1.94612500000000E+03   2.60586000000000E+01
 1.94620830000000E+03   3.24736000000000E+01
 1.94629170000000E+03   3.05039000000000E+01
 1.94637500000000E+03   3.16877000000000E+01
 1.94645830000000E+03   2.91022000000000E+01
 1.94654170000000E+03   1.55934000000000E+01
 1.94662500000000E+03  -4.14640000000000E+00
 1.94670830000000E+03  -8.42480000000000E+00
 1.94679170000000E+03  -4.78030000000000E+00
 1.94687500000000E+03  -1.32899000000000E+01
 1.94695830000000E+03  -1.66459000000000E+01
 1.94704170000000E+03  -2.16173000000000E+01
 1.94712500000000E+03  -2.92813000000000E+01
 1.94720830000000E+03  -3.41763000000000E+01
 1.94729170000000E+03  -4.77637000000000E+01
 1.94737500000000E+03  -3.98129000000000E+01
 1.94745830000000E+03  -4.61700000000000E+01
 1.94754170000000E+03  -4.28349000000000E+01
 1.94762500000000E+03  -4.33462000000000E+01
 1.94770830000000E+03  -3.31654000000000E+01
 1.94779170000000E+03  -3.76001000000000E+01
 1.94787500000000E+03  -3.98812000000000E+01
 1.94795830000000E+03  -2.44702000000000E+01
 1.94804170000000E+03  -1.62901000000000E+01
 1.94812500000000E+03  -8.49480000000000E+00
 1.94820830000000E+03   6.91560000000000E+00
 1.94829170000000E+03   1.40182000000000E+01
 1.94837500000000E+03   2.25821000000000E+01
 1.94845830000000E+03   2.06074000000000E+01
 1.94854170000000E+03   2.77864000000000E+01
 1.94862500000000E+03   2.78112000000000E+01
 1.94870830000000E+03   2.14513000000000E+01
 1.94879170000000E+03   2.73220000000000E+01
 1.94887500000000E+03   2.61925000000000E+01
 1.94895830000000E+03   3.07550000000000E+01
 1.94904170000000E+03   2.48559000000000E+01
 1.94912500000000E+03   2.48027000000000E+01
 1.94920830000000E+03   2.22109000000000E+01
 1.94929170000000E+03   2.23881000000000E+01
 1.94937500000000E+03   2.34113000000000E+01
 1.94945830000000E+03   3.14343000000000E+01
 1.94954170000000E+03   2.25340000000000E+01
 1.94962500000000E+03   2.27874000000000E+01
 1.94970830000000E+03   1.50405000000000E+01
 1.94979170000000E+03   3.43705000000000E+01
 1.94987500000000E+03   2.88540000000000E+01
 1.94995830000000E+03   3.21066000000000E+01
 1.95004170000000E+03   3.63591000000000E+01
 1.95012500000000E+03   4.47651000000000E+01
 1.95020830000000E+03   5.33249000000000E+01
 1.95029170000000E+03   5.85767000000000E+01
 1.95037500000000E+03   5.79822000000000E+01
 1.95045830000000E+03   5.21568000000000E+01
 1.95054170000000E+03   4.51004000000000E+01
 1.95062500000000E+03   4.65822000000000E+01
 1.95070830000000E+03   3.79100000000000E+01
 1.95079170000000E+03   3.76223000000000E+01
 1.95087500000000E+03   2.31036000000000E+01
 1.95095830000000E+03   2.48924000000000E+01
 1.95104170000000E+03   2.45271000000000E+01
 1.95112500000000E+03   2.50847000000000E+01
 1.95120830000000E+03   2.56422000000000E+01
 1.95129170000000E+03   1.21225000000000E+01
 1.95137500000000E+03   1.34488000000000E+01
 1.95145830000000E+03   2.17749000000000E+01
 1.95154170000000E+03   2.37162000000000E+01
 1.95162500000000E+03   1.81189000000000E+01
 1.95170830000000E+03   1.30598000000000E+01
 1.95179170000000E+03   7.69280000000000E+00
 1.95187500000000E+03   8.86410000000000E+00
 1.95195830000000E+03   1.61891000000000E+01
 1.95204170000000E+03   1.80523000000000E+01
 1.95212500000000E+03   2.37615000000000E+01
 1.95220830000000E+03   2.40859000000000E+01
 1.95229170000000E+03   2.49486000000000E+01
 1.95237500000000E+03   3.24264000000000E+01
 1.95245830000000E+03   2.43656000000000E+01
 1.95254170000000E+03   4.38160000000000E+00
 1.95262500000000E+03  -8.91040000000000E+00
 1.95270830000000E+03  -2.19717000000000E+01
 1.95279170000000E+03  -2.18794000000000E+01
 1.95287500000000E+03  -1.90181000000000E+01
 1.95295830000000E+03  -1.69262000000000E+01
 1.95304170000000E+03  -1.62960000000000E+01
 1.95312500000000E+03  -8.58910000000000E+00
 1.95320830000000E+03  -5.03620000000000E+00
 1.95329170000000E+03  -5.02200000000000E+00
 1.95337500000000E+03  -3.85410000000000E+00
 1.95345830000000E+03  -3.84030000000000E+00
 1.95354170000000E+03  -1.18266000000000E+01
 1.95362500000000E+03  -2.48901000000000E+01
 1.95370830000000E+03  -2.09538000000000E+01
 1.95379170000000E+03  -2.00945000000000E+01
 1.95387500000000E+03  -2.39278000000000E+01
 1.95395830000000E+03  -2.49151000000000E+01
 1.95404170000000E+03  -1.97487000000000E+01
 1.95412500000000E+03  -1.72749000000000E+01
 1.95420830000000E+03  -1.44935000000000E+01
 1.95429170000000E+03  -1.24816000000000E+01
 1.95437500000000E+03  -1.03160000000000E+01
 1.95445830000000E+03  -7.91980000000000E+00
 1.95454170000000E+03  -1.51392000000000E+01
 1.95462500000000E+03  -1.38973000000000E+01
 1.95470830000000E+03  -9.57860000000000E+00
 1.95479170000000E+03  -1.79524000000000E+01
 1.95487500000000E+03  -1.01726000000000E+01
 1.95495830000000E+03  -6.77760000000000E+00
 1.95504170000000E+03  -6.15190000000000E+00
 1.95512500000000E+03  -1.33727000000000E+01
 1.95520830000000E+03  -1.37475000000000E+01
 1.95529170000000E+03  -1.65840000000000E+01
 1.95537500000000E+03  -2.22668000000000E+01
 1.95545830000000E+03  -1.81037000000000E+01
 1.95554170000000E+03  -3.01715000000000E+01
 1.95562500000000E+03  -4.43934000000000E+01
 1.95570830000000E+03  -4.81540000000000E+01
 1.95579170000000E+03  -4.48377000000000E+01
 1.95587500000000E+03  -3.87525000000000E+01
 1.95595830000000E+03  -2.82059000000000E+01
 1.95604170000000E+03  -1.90441000000000E+01
 1.95612500000000E+03  -7.80560000000000E+00
 1.95620830000000E+03  -8.64420000000000E+00
 1.95629170000000E+03  -2.40215000000000E+01
 1.95637500000000E+03  -4.04758000000000E+01
 1.95695830000000E+03  -5.09694000000000E+01
 1.95704170000000E+03  -5.60407000000000E+01
 1.95712500000000E+03  -4.52660000000000E+01
 1.95720830000000E+03  -1.50300000000000E+01
 1.95729170000000E+03   8.21300000000000E-01
 1.95737500000000E+03   2.06723000000000E+01
 1.95745830000000E+03   3.21386000000000E+01
 1.95762500000000E+03   2.94551000000000E+01
 1.95770830000000E+03   1.78438000000000E+01
 1.95779170000000E+03  -4.59900000000000E-01
 1.95787500000000E+03  -1.84080000000000E+00
 1.95795830000000E+03   6.08580000000000E+00
 1.95804170000000E+03   1.90892000000000E+01
 1.95812500000000E+03   3.34001000000000E+01
 1.95820830000000E+03   3.50184000000000E+01
 1.95829170000000E+03   3.34828000000000E+01
 1.95837500000000E+03   1.64854000000000E+01
 1.95845830000000E+03   1.45647000000000E+01
 1.95854170000000E+03   9.25920000000000E+00
 1.95862500000000E+03  -5.96950000000000E+00
 1.95870830000000E+03  -1.60446000000000E+01
 1.95879170000000E+03  -8.65830000000000E+00
 1.95887500000000E+03  -8.88760000000000E+00
 1.95895830000000E+03  -8.11710000000000E+00
 1.95904170000000E+03  -4.57760000000000E+00
 1.95912500000000E+03  -8.19210000000000E+00
 1.95920830000000E+03  -1.04222000000000E+01
 1.95929170000000E+03  -1.38832000000000E+01
 1.95937500000000E+03  -1.65752000000000E+01
 1.95945830000000E+03  -1.34981000000000E+01
 1.95962500000000E+03  -2.19600000000000E+01
 1.95970830000000E+03  -4.11912000000000E+01
 1.95979170000000E+03  -4.16534000000000E+01
 1.95987500000000E+03  -4.54234000000000E+01
 1.95995830000000E+03  -5.05783000000000E+01
 1.96004170000000E+03  -3.86564000000000E+01
 1.96012500000000E+03  -3.17347000000000E+01
 1.96020830000000E+03  -2.92748000000000E+01
 1.96029170000000E+03  -2.30458000000000E+01
 1.96037500000000E+03  -1.85862000000000E+01
 1.96045830000000E+03  -1.89730000000000E+01
 1.96054170000000E+03  -2.48215000000000E+01
 1.96062500000000E+03  -2.04394000000000E+01
 1.96070830000000E+03  -1.66729000000000E+01
 1.96079170000000E+03  -6.29120000000000E+00
 1.96087500000000E+03   7.01330000000000E+00
 1.96095830000000E+03   1.77023000000000E+01
 1.96104170000000E+03   2.95450000000000E+01
 1.96112500000000E+03   3.50798000000000E+01
 1.96120830000000E+03   3.99221000000000E+01
 1.96129170000000E+03   5.06872000000000E+01
 1.96137500000000E+03   5.54522000000000E+01
 1.96145830000000E+03   4.94478000000000E+01
 1.96154170000000E+03   6.34431000000000E+01
 1.96162500000000E+03   6.58229000000000E+01
 1.96170830000000E+03   6.00487000000000E+01
 1.96179170000000E+03   5.58127000000000E+01
 1.96187500000000E+03   5.79611000000000E+01
 1.96195830000000E+03   5.52632000000000E+01
 1.96204170000000E+03   6.00267000000000E+01
 1.96212500000000E+03   6.44823000000000E+01
 1.96220830000000E+03   6.68607000000000E+01
 1.96229170000000E+03   6.73928000000000E+01
 1.96237500000000E+03   6.10786000000000E+01
 1.96245830000000E+03   5.79180000000000E+01
 1.96254170000000E+03   4.72188000000000E+01
 1.96262500000000E+03   2.57501000000000E+01
 1.96270830000000E+03   1.92813000000000E+01
 1.96279170000000E+03   1.46584000000000E+01
 1.96287500000000E+03   1.24200000000000E+01
 1.96295830000000E+03   1.11044000000000E+01
 1.96304170000000E+03   9.01940000000000E+00
 1.96312500000000E+03   9.54960000000000E+00
 1.96320830000000E+03  -6.12700000000000E-01
 1.96329170000000E+03   1.68640000000000E+00
 1.96337500000000E+03   1.26776000000000E+01
 1.96345830000000E+03   1.25916000000000E+01
 1.96354170000000E+03   6.50550000000000E+00
 1.96362500000000E+03   9.18840000000000E+00
 1.96370830000000E+03   6.64030000000000E+00
 1.96379170000000E+03   7.32290000000000E+00
 1.96387500000000E+03   1.06975000000000E+01
 1.96395830000000E+03   1.78412000000000E+01
 1.96404170000000E+03   1.92924000000000E+01
 1.96412500000000E+03   2.47434000000000E+01
 1.96420830000000E+03   2.35788000000000E+01
 1.96429170000000E+03   2.61063000000000E+01
 1.96437500000000E+03   2.20183000000000E+01
 1.96445830000000E+03   8.85320000000000E+00
 1.96454170000000E+03   1.16878000000000E+01
 1.96462500000000E+03   3.98380000000000E+00
 1.96470830000000E+03   2.35660000000000E+00
 1.96479170000000E+03   1.14984000000000E+01
 1.96487500000000E+03   1.33323000000000E+01
 1.96495830000000E+03   1.60121000000000E+01
 1.96504170000000E+03   1.97687000000000E+01
 1.96512500000000E+03   2.33713000000000E+01
 1.96520830000000E+03   2.87429000000000E+01
 1.96529170000000E+03   3.12681000000000E+01
 1.96537500000000E+03   3.60240000000000E+01
 1.96545830000000E+03   4.43181000000000E+01
 1.96554170000000E+03   3.42274000000000E+01
 1.96562500000000E+03   3.32903000000000E+01
 1.96570830000000E+03   3.78915000000000E+01
 1.96579170000000E+03   3.71849000000000E+01
 1.96587500000000E+03   3.01703000000000E+01
 1.96595830000000E+03   3.06171000000000E+01
 1.96604170000000E+03   2.72945000000000E+01
 1.96612500000000E+03   2.00486000000000E+01
 1.96620830000000E+03   1.81103000000000E+01
 1.96629170000000E+03   9.94090000000000E+00
 1.96637500000000E+03   1.56000000000000E-01
 1.96645830000000E+03  -9.93680000000000E+00
 1.96654170000000E+03  -3.82605000000000E+01
 1.96662500000000E+03  -3.29691000000000E+01
 1.96670830000000E+03  -3.38317000000000E+01
 1.96679170000000E+03  -3.83868000000000E+01
 1.96687500000000E+03  -3.10190000000000E+01
 1.96695830000000E+03  -2.70360000000000E+01
 1.96704170000000E+03  -2.36686000000000E+01
 1.96712500000000E+03  -1.76860000000000E+01
 1.96720830000000E+03  -7.93440000000000E+00
 1.96729170000000E+03   1.37401000000000E+01
 1.96737500000000E+03   2.44914000000000E+01
 1.96745830000000E+03   3.85502000000000E+01
 1.96754170000000E+03   4.91472000000000E+01
 1.96762500000000E+03   5.75902000000000E+01
 1.96770830000000E+03   6.21099000000000E+01
 1.96779170000000E+03   4.92448000000000E+01
 1.96787500000000E+03   5.11488000000000E+01
 1.96795830000000E+03   4.91295000000000E+01
 1.96804170000000E+03   4.98792000000000E+01
 1.96812500000000E+03   4.91673000000000E+01
 1.96820830000000E+03   5.26089000000000E+01
 1.96829170000000E+03   5.51273000000000E+01
 1.96837500000000E+03   3.61071000000000E+01
 1.96845830000000E+03   2.86251000000000E+01
 1.96854170000000E+03   1.89890000000000E+01
 1.96862500000000E+03   7.12210000000000E+00
 1.96870830000000E+03   6.39500000000000E-01
 1.96879170000000E+03  -7.53550000000000E+00
 1.96887500000000E+03  -5.40310000000000E+00
 1.96895830000000E+03  -1.11700000000000E+00
 1.96904170000000E+03  -4.52340000000000E+00
 1.96912500000000E+03  -4.85300000000000E+00
 1.96920830000000E+03  -5.18290000000000E+00
 1.96929170000000E+03  -4.28220000000000E+00
 1.96937500000000E+03   5.41400000000000E-01
 1.96945830000000E+03  -1.06351000000000E+01
 1.96954170000000E+03  -1.04273000000000E+01
 1.96962500000000E+03  -1.69119000000000E+01
 1.96970830000000E+03  -1.63199000000000E+01
 1.96979170000000E+03  -1.28049000000000E+01
 1.96987500000000E+03  -1.34440000000000E+01
 1.96995830000000E+03  -3.00630000000000E+00
 1.97004170000000E+03  -1.87650000000000E+00
 1.97020830000000E+03   5.92090000000000E+00
 1.97029170000000E+03   1.32040000000000E+01
 1.97037500000000E+03   2.26407000000000E+01
 1.97045830000000E+03   1.24618000000000E+01
 1.97054170000000E+03   1.74430000000000E+00
 1.97062500000000E+03   6.02660000000000E+00
 1.97070830000000E+03  -1.09990000000000E+01
 1.97079170000000E+03  -1.42555000000000E+01
 1.97087500000000E+03  -1.72815000000000E+01
 1.97095830000000E+03  -1.39230000000000E+01
 1.97104170000000E+03  -1.47186000000000E+01
 1.97112500000000E+03  -2.05144000000000E+01
 1.97120830000000E+03  -2.29257000000000E+01
 1.97129170000000E+03  -2.24142000000000E+01
 1.97137500000000E+03  -2.17490000000000E+01
 1.97145830000000E+03  -2.79302000000000E+01
 1.97154170000000E+03  -3.51884000000000E+01
 1.97162500000000E+03  -4.56007000000000E+01
 1.97170830000000E+03  -5.14748000000000E+01
 1.97179170000000E+03  -4.01182000000000E+01
 1.97187500000000E+03  -3.66849000000000E+01
 1.97195830000000E+03  -2.98672000000000E+01
 1.97204170000000E+03  -2.73574000000000E+01
 1.97212500000000E+03  -2.50785000000000E+01
 1.97220830000000E+03  -2.90306000000000E+01
 1.97229170000000E+03  -2.82906000000000E+01
 1.97237500000000E+03  -2.14739000000000E+01
 1.97245830000000E+03  -2.01188000000000E+01
 1.97254170000000E+03  -2.16871000000000E+01
 1.97262500000000E+03  -1.92555000000000E+01
 1.97270830000000E+03  -1.99780000000000E+01
 1.97279170000000E+03  -1.77006000000000E+01
 1.97287500000000E+03  -2.08081000000000E+01
 1.97295830000000E+03  -1.43004000000000E+01
 1.97312500000000E+03  -1.85932000000000E+01
 1.97320830000000E+03  -1.50860000000000E+01
 1.97329170000000E+03  -1.26560000000000E+01
 1.97337500000000E+03   2.15850000000000E+00
 1.97345830000000E+03   9.81890000000000E+00
 1.97354170000000E+03   6.09450000000000E+00
 1.97362500000000E+03  -2.78390000000000E+00
 1.97370830000000E+03  -1.52009000000000E+01
 1.97379170000000E+03  -1.93874000000000E+01
 1.97387500000000E+03  -2.05741000000000E+01
 1.97395830000000E+03  -1.52994000000000E+01
 1.97404170000000E+03  -6.79420000000000E+00
 1.97412500000000E+03  -7.59680000000000E+00
 1.97420830000000E+03   7.21580000000000E+00
 1.97429170000000E+03   9.79740000000000E+00
 1.97437500000000E+03   1.66865000000000E+01
 1.97445830000000E+03   2.22677000000000E+01
 1.97454170000000E+03   3.29257000000000E+01
 1.97462500000000E+03   2.32757000000000E+01
 1.97470830000000E+03   2.20103000000000E+01
 1.97479170000000E+03   2.52830000000000E+01
 1.97487500000000E+03   2.98633000000000E+01
 1.97495830000000E+03   3.19049000000000E+01
 1.97504170000000E+03   3.16386000000000E+01
 1.97512500000000E+03   2.72953000000000E+01
 1.97520830000000E+03   3.49517000000000E+01
 1.97529170000000E+03   2.73771000000000E+01
 1.97537500000000E+03   2.70332000000000E+01
 1.97545830000000E+03   2.79968000000000E+01
 1.97554170000000E+03   1.67293000000000E+01
 1.97562500000000E+03  -5.69210000000000E+00
 1.97570830000000E+03  -8.49830000000000E+00
 1.97579170000000E+03  -1.60740000000000E+01
 1.97587500000000E+03  -1.28037000000000E+01
 1.97595830000000E+03  -1.23028000000000E+01
 1.97604170000000E+03  -9.03300000000000E+00
 1.97612500000000E+03  -1.36094000000000E+01
 1.97620830000000E+03  -1.62629000000000E+01
 1.97629170000000E+03  -1.76859000000000E+01
 1.97637500000000E+03  -1.14167000000000E+01
 1.97645830000000E+03  -1.10708000000000E+01
 1.97654170000000E+03  -1.91098000000000E+01
 1.97662500000000E+03  -2.26874000000000E+01
 1.97670830000000E+03  -1.72651000000000E+01
 1.97679170000000E+03  -1.39969000000000E+01
 1.97687500000000E+03  -1.38058000000000E+01
 1.97695830000000E+03  -1.21534000000000E+01
 1.97704170000000E+03  -5.34730000000000E+00
 1.97712500000000E+03  -4.84910000000000E+00
 1.97720830000000E+03   2.26430000000000E+00
 1.97729170000000E+03   1.40698000000000E+01
 1.97737500000000E+03   2.42597000000000E+01
 1.97745830000000E+03   1.85264000000000E+01
 1.97754170000000E+03   1.67929000000000E+01
 1.97762500000000E+03   1.25976000000000E+01
 1.97770830000000E+03   1.49407000000000E+01
 1.97779170000000E+03   6.74500000000000E+00
 1.97787500000000E+03   2.85690000000000E+00
 1.97795830000000E+03   8.81480000000000E+00
 1.97804170000000E+03   1.11570000000000E+01
 1.97812500000000E+03   1.24222000000000E+01
 1.97820830000000E+03   2.12256000000000E+01
 1.97829170000000E+03   2.21057000000000E+01
 1.97837500000000E+03   2.31395000000000E+01
 1.97845830000000E+03   7.01930000000000E+00
 1.97854170000000E+03   3.20660000000000E+00
 1.97862500000000E+03   1.85520000000000E+00
 1.97870830000000E+03   4.96520000000000E+00
 1.97879170000000E+03  -8.23270000000000E+00
 1.97887500000000E+03  -8.27700000000000E+00
 1.97895830000000E+03  -6.62910000000000E+00
 1.97904170000000E+03  -3.67380000000000E+00
 1.97912500000000E+03  -4.10900000000000E-01
 1.97920830000000E+03   2.15950000000000E+00
 1.97929170000000E+03  -5.42420000000000E+00
 1.97937500000000E+03   1.53040000000000E+00
 1.97945830000000E+03  -1.28440000000000E+00
 1.97954170000000E+03  -7.86870000000000E+00
 1.97962500000000E+03  -1.37608000000000E+01
 1.97970830000000E+03  -2.60377000000000E+01
 1.97979170000000E+03  -3.25456000000000E+01
 1.97987500000000E+03  -3.35922000000000E+01
 1.97995830000000E+03  -2.49466000000000E+01
 1.98004170000000E+03  -2.04551000000000E+01
 1.98012500000000E+03  -1.77329000000000E+01
 1.98020830000000E+03  -1.92418000000000E+01
 1.98029170000000E+03  -1.44431000000000E+01
 1.98037500000000E+03  -1.17985000000000E+01
 1.98045830000000E+03  -1.49233000000000E+01
 1.98054170000000E+03  -2.40483000000000E+01
 1.98062500000000E+03  -2.34042000000000E+01
 1.98070830000000E+03  -1.55296000000000E+01
 1.98079170000000E+03  -1.58860000000000E+01
 1.98087500000000E+03  -1.24732000000000E+01
 1.98095830000000E+03  -4.21450000000000E+00
 1.98104170000000E+03  -4.64840000000000E+00
 1.98112500000000E+03  -5.15930000000000E+00
 1.98120830000000E+03  -2.74740000000000E+00
 1.98129170000000E+03   7.58740000000000E+00
 1.98137500000000E+03   1.33067000000000E+01
 1.98145830000000E+03   2.01027000000000E+01
 1.98154170000000E+03   1.42062000000000E+01
 1.98162500000000E+03   1.60018000000000E+01
 1.98170830000000E+03   1.94126000000000E+01
 1.98179170000000E+03   1.21309000000000E+01
 1.98187500000000E+03   1.85413000000000E+01
 1.98195830000000E+03   2.37208000000000E+01
 1.98204170000000E+03   2.25924000000000E+01
 1.98212500000000E+03   2.62330000000000E+01
 1.98220830000000E+03   3.46427000000000E+01
 1.98229170000000E+03   3.76675000000000E+01
 1.98237500000000E+03   3.99230000000000E+01
 1.98245830000000E+03   3.78705000000000E+01
 1.98254170000000E+03   4.68948000000000E+01
 1.98262500000000E+03   3.60727000000000E+01
 1.98270830000000E+03   3.94043000000000E+01
 1.98279170000000E+03   4.11203000000000E+01
 1.98287500000000E+03   5.06823000000000E+01
 1.98295830000000E+03   5.13980000000000E+01
 1.98304170000000E+03   4.85749000000000E+01
 1.98312500000000E+03   5.49825000000000E+01
 1.98320830000000E+03   6.52361000000000E+01
 1.98329170000000E+03   7.69509000000000E+01
 1.98337500000000E+03   7.85887000000000E+01
 1.98345830000000E+03   7.00724000000000E+01
 1.98354170000000E+03   6.30944000000000E+01
 1.98362500000000E+03   3.72701000000000E+01
 1.98370830000000E+03   3.74456000000000E+01
 1.98379170000000E+03   2.62362000000000E+01
 1.98387500000000E+03   2.11036000000000E+01
 1.98395830000000E+03   1.16631000000000E+01
 1.98404170000000E+03   8.99160000000000E+00
 1.98412500000000E+03   5.39690000000000E+00
 1.98420830000000E+03   4.72510000000000E+00
 1.98429170000000E+03  -1.00800000000000E-01
 1.98437500000000E+03  -1.56192000000000E+01
 1.98445830000000E+03  -1.62146000000000E+01
 1.98454170000000E+03  -2.18103000000000E+01
 1.98462500000000E+03  -3.45600000000000E+01
 1.98470830000000E+03  -3.60791000000000E+01
 1.98479170000000E+03  -3.39062000000000E+01
 1.98487500000000E+03  -3.94257000000000E+01
 1.98495830000000E+03  -3.86377000000000E+01
 1.98504170000000E+03  -3.73884000000000E+01
 1.98512500000000E+03  -2.95238000000000E+01
 1.98520830000000E+03  -2.04287000000000E+01
 1.98529170000000E+03  -2.39492000000000E+01
 1.98537500000000E+03  -2.97775000000000E+01
 1.98545830000000E+03  -2.62214000000000E+01
 1.98554170000000E+03  -3.28963000000000E+01
 1.98562500000000E+03  -5.24945000000000E+01
 1.98570830000000E+03  -4.98620000000000E+01
 1.98579170000000E+03  -5.01529000000000E+01
 1.98587500000000E+03  -4.81362000000000E+01
 1.98595830000000E+03  -4.05043000000000E+01
 1.98604170000000E+03  -3.97189000000000E+01
 1.98612500000000E+03  -3.52412000000000E+01
 1.98620830000000E+03  -3.67637000000000E+01
 1.98629170000000E+03  -3.22096000000000E+01
 1.98637500000000E+03  -2.33479000000000E+01
 1.98645830000000E+03  -1.76403000000000E+01
 1.98654170000000E+03  -3.73175000000000E+01
 1.98662500000000E+03  -4.73794000000000E+01
 1.98670830000000E+03  -3.98262000000000E+01
 1.98679170000000E+03  -4.59655000000000E+01
 1.98687500000000E+03  -4.54896000000000E+01
 1.98695830000000E+03  -4.59369000000000E+01
 1.98704170000000E+03  -4.19999000000000E+01
 1.98712500000000E+03  -3.78322000000000E+01
 1.98720830000000E+03  -3.33570000000000E+01
 1.98729170000000E+03  -2.77282000000000E+01
 1.98737500000000E+03  -2.92534000000000E+01
 1.98745830000000E+03  -3.25481000000000E+01
 1.98754170000000E+03  -3.07660000000000E+01
 1.98762500000000E+03  -1.15995000000000E+01
 1.98770830000000E+03  -3.81780000000000E+00
 1.98779170000000E+03   4.06000000000000E-02
 1.98787500000000E+03   4.20660000000000E+00
 1.98795830000000E+03   1.34493000000000E+01
 1.98804170000000E+03   2.04609000000000E+01
 1.98812500000000E+03   2.97033000000000E+01
 1.98820830000000E+03   3.40223000000000E+01
 1.98829170000000E+03   2.67257000000000E+01
 1.98837500000000E+03   2.81213000000000E+01
 1.98845830000000E+03   2.85167000000000E+01
 1.98854170000000E+03   2.96041000000000E+01
 1.98862500000000E+03   2.82299000000000E+01
 1.98870830000000E+03   2.40863000000000E+01
 1.98879170000000E+03   1.87116000000000E+01
 1.98887500000000E+03   1.69522000000000E+01
 1.98895830000000E+03   1.74234000000000E+01
 1.98904170000000E+03   1.25097000000000E+01
 1.98912500000000E+03   1.64420000000000E+01
 1.98920830000000E+03   9.68190000000000E+00
 1.98929170000000E+03   9.38300000000000E+00
 1.98937500000000E+03   1.95455000000000E+01
 1.98945830000000E+03   2.43233000000000E+01
 1.98954170000000E+03   2.97930000000000E+01
 1.98962500000000E+03   4.26473000000000E+01
 1.98970830000000E+03   3.78091000000000E+01
 1.98979170000000E+03   3.02013000000000E+01
 1.98987500000000E+03   2.57473000000000E+01
 1.98995830000000E+03   3.39086000000000E+01
 1.99004170000000E+03   4.01464000000000E+01
 1.99012500000000E+03   4.53072000000000E+01
 1.99020830000000E+03   4.46986000000000E+01
 1.99029170000000E+03   5.09359000000000E+01
 1.99037500000000E+03   5.21731000000000E+01
 1.99045830000000E+03   4.65639000000000E+01
 1.99054170000000E+03   3.71083000000000E+01
 1.99062500000000E+03   1.44218000000000E+01
 1.99070830000000E+03  -1.30340000000000E+01
 1.99079170000000E+03  -2.44133000000000E+01
 1.99087500000000E+03  -3.25619000000000E+01
 1.99095830000000E+03  -2.33260000000000E+01
 1.99104170000000E+03  -2.67059000000000E+01
 1.99112500000000E+03  -2.83935000000000E+01
 1.99120830000000E+03  -2.61582000000000E+01
 1.99129170000000E+03  -2.24617000000000E+01
 1.99137500000000E+03  -2.40729000000000E+01
 1.99145830000000E+03  -3.98382000000000E+01
 1.99154170000000E+03  -4.39115000000000E+01
 1.99162500000000E+03  -4.96003000000000E+01
 1.99179170000000E+03  -4.49015000000000E+01
 1.99187500000000E+03  -4.49755000000000E+01
 1.99195830000000E+03  -4.40496000000000E+01
 1.99204170000000E+03  -3.65086000000000E+01
 1.99212500000000E+03  -3.08908000000000E+01
 1.99220830000000E+03  -2.53501000000000E+01
 1.99229170000000E+03  -2.19636000000000E+01
 1.99237500000000E+03  -1.37310000000000E+01
 1.99245830000000E+03  -1.74217000000000E+01
 1.99254170000000E+03  -1.20357000000000E+01
 1.99262500000000E+03  -1.05729000000000E+01
 1.99270830000000E+03  -1.75718000000000E+01
 1.99279170000000E+03  -2.20325000000000E+01
 1.99287500000000E+03  -2.29549000000000E+01
 1.99295830000000E+03  -2.04160000000000E+01
 1.99304170000000E+03  -1.59542000000000E+01
 1.99312500000000E+03  -9.64640000000000E+00
 1.99320830000000E+03  -1.44157000000000E+01
 1.99329170000000E+03  -1.73391000000000E+01
 1.99337500000000E+03  -2.00319000000000E+01
 1.99345830000000E+03  -2.03402000000000E+01
 1.99354170000000E+03  -1.78796000000000E+01
 1.99362500000000E+03  -4.23421000000000E+01
 1.99370830000000E+03  -3.24972000000000E+01
 1.99379170000000E+03  -3.12679000000000E+01
 1.99387500000000E+03  -2.36541000000000E+01
 1.99395830000000E+03  -2.20405000000000E+01
 1.99404170000000E+03  -1.21195000000000E+01
 1.99412500000000E+03  -7.42940000000000E+00
 1.99420830000000E+03  -3.54800000000000E-01
 1.99429170000000E+03   1.22579000000000E+01
 1.99437500000000E+03   2.08706000000000E+01
 1.99445830000000E+03   3.22523000000000E+01
 1.99470830000000E+03   2.16269000000000E+01
 1.99479170000000E+03   8.00770000000000E+00
 1.99487500000000E+03   1.60038000000000E+01
 1.99495830000000E+03   1.11536000000000E+01
 1.99504170000000E+03   1.43800000000000E+01
 1.99512500000000E+03   1.21448000000000E+01
 1.99520830000000E+03   1.96786000000000E+01
 1.99529170000000E+03   2.35968000000000E+01
 1.99537500000000E+03   2.22072000000000E+01
 1.99545830000000E+03   9.04810000000000E+00
 1.99554170000000E+03  -9.57280000000000E+00
 1.99562500000000E+03  -2.61938000000000E+01
 1.99570830000000E+03  -5.21995000000000E+01
 1.99579170000000E+03  -6.45902000000000E+01
 1.99587500000000E+03  -6.34425000000000E+01
 1.99595830000000E+03  -6.43720000000000E+01
 1.99604170000000E+03  -6.59940000000000E+01
 1.99612500000000E+03  -6.63084000000000E+01
 1.99620830000000E+03  -6.68538000000000E+01
 1.99629170000000E+03  -6.61687000000000E+01
 1.99637500000000E+03  -6.65606000000000E+01
 1.99645830000000E+03  -7.01835000000000E+01
 1.99654170000000E+03  -7.04221000000000E+01
 1.99662500000000E+03  -5.78915000000000E+01
 1.99670830000000E+03  -5.36688000000000E+01
 1.99679170000000E+03  -4.72156000000000E+01
 1.99687500000000E+03  -4.10702000000000E+01
 1.99695830000000E+03  -3.57711000000000E+01
 1.99704170000000E+03  -3.53185000000000E+01
 1.99712500000000E+03  -3.41737000000000E+01
 1.99720830000000E+03  -2.69521000000000E+01
 1.99729170000000E+03  -1.78078000000000E+01
 1.99737500000000E+03  -2.06635000000000E+01
 1.99745830000000E+03  -2.27502000000000E+01
 1.99754170000000E+03  -1.57603000000000E+01
 1.99762500000000E+03  -5.46280000000000E+00
 1.99770830000000E+03  -2.03193000000000E+01
 1.99779170000000E+03  -1.50222000000000E+01
 1.99787500000000E+03  -1.38022000000000E+01
 1.99795830000000E+03  -1.05054000000000E+01
 1.99804170000000E+03  -4.13200000000000E+00
 1.99812500000000E+03   5.85670000000000E+00
 1.99820830000000E+03   1.27683000000000E+01
 1.99829170000000E+03   1.83718000000000E+01
 1.99837500000000E+03   1.62061000000000E+01
 1.99845830000000E+03   2.13479000000000E+01
 1.99854170000000E+03   2.25663000000000E+01
 1.99862500000000E+03   2.10923000000000E+01
 1.99870830000000E+03   1.14643000000000E+01
 1.99879170000000E+03   1.44514000000000E+01
 1.99887500000000E+03   1.00538000000000E+01
 1.99895830000000E+03   1.44252000000000E+01
 1.99904170000000E+03   1.35655000000000E+01
 1.99912500000000E+03   1.13211000000000E+01
 1.99920830000000E+03   1.50766000000000E+01
 1.99929170000000E+03   1.57548000000000E+01
 1.99937500000000E+03   1.18176000000000E+01
 1.99945830000000E+03   1.92648000000000E+01
 1.99954170000000E+03   1.58655000000000E+01
 1.99962500000000E+03   1.46969000000000E+01
 1.99970830000000E+03   5.60510000000000E+00
 1.99979170000000E+03   6.05140000000000E+00
 1.99987500000000E+03   5.80530000000000E+00
 1.99995830000000E+03   8.40520000000000E+00
 2.00004170000000E+03   1.41587000000000E+01
 2.00012500000000E+03   1.59890000000000E+01
 2.00020830000000E+03   1.39729000000000E+01
 2.00029170000000E+03   1.81873000000000E+01
 2.00037500000000E+03   2.37093000000000E+01
 2.00045830000000E+03   3.30004000000000E+01
 2.00054170000000E+03   2.66757000000000E+01
 2.00062500000000E+03   1.93510000000000E+01
 2.00070830000000E+03   1.09492000000000E+01
 2.00079170000000E+03   1.17779000000000E+01
 2.00087500000000E+03   4.83720000000000E+00
 2.00095830000000E+03   4.05020000000000E+00
 2.00104170000000E+03   3.64750000000000E+00
 2.00112500000000E+03   2.47550000000000E+00
 2.00120830000000E+03   8.22640000000000E+00
 2.00129170000000E+03   1.94385000000000E+01
 2.00137500000000E+03   1.35736000000000E+01
 2.00145830000000E+03   4.01620000000000E+00
 2.00154170000000E+03  -2.07990000000000E+00
 2.00162500000000E+03   6.90080000000000E+00
 2.00170830000000E+03   1.04198000000000E+01
 2.00179170000000E+03   1.13230000000000E+01
 2.00187500000000E+03   1.70724000000000E+01
 2.00195830000000E+03   2.70523000000000E+01
 2.00204170000000E+03   3.22627000000000E+01
 2.00212500000000E+03   3.63961000000000E+01
 2.00220830000000E+03   3.60678000000000E+01
 2.00229170000000E+03   3.30469000000000E+01
 2.00237500000000E+03   2.21028000000000E+01
 2.00245830000000E+03   8.46620000000000E+00
 2.00254170000000E+03   1.49062000000000E+01
 2.00262500000000E+03   1.92300000000000E-01
 2.00270830000000E+03  -1.99064000000000E+01
 2.00279170000000E+03  -2.52362000000000E+01
 2.00287500000000E+03  -2.67198000000000E+01
 2.00295830000000E+03  -2.65114000000000E+01
 2.00304170000000E+03  -2.46879000000000E+01
 2.00312500000000E+03  -2.31722000000000E+01
 2.00320830000000E+03  -2.31182000000000E+01
 2.00329170000000E+03  -2.04491000000000E+01
 2.00337500000000E+03  -1.54724000000000E+01
 2.00345830000000E+03  -1.36497000000000E+01
 2.00354170000000E+03  -2.28890000000000E+00
 2.00362500000000E+03  -1.05436000000000E+01
 2.00370830000000E+03  -9.41380000000000E+00
 2.00379170000000E+03  -8.59200000000000E+00
 2.00387500000000E+03  -5.00110000000000E+00
 2.00395830000000E+03  -3.02570000000000E+00
 2.00404170000000E+03  -3.35830000000000E+00
 2.00412500000000E+03   2.32100000000000E-01
 2.00420830000000E+03   7.82220000000000E+00
 2.00429170000000E+03   1.29506000000000E+01
 2.00437500000000E+03   1.41558000000000E+01
 2.00445830000000E+03   1.66684000000000E+01
 2.00454170000000E+03   2.19500000000000E+01
 2.00462500000000E+03   7.30850000000000E+00
 2.00470830000000E+03  -1.33320000000000E+00
 2.00479170000000E+03  -1.51370000000000E+00
 2.00487500000000E+03  -1.54050000000000E+00
 2.00495830000000E+03  -1.02890000000000E+00
 2.00504170000000E+03   8.66900000000000E-01
 2.00512500000000E+03   4.60890000000000E+00
 2.00520830000000E+03   3.65830000000000E+00
 2.00529170000000E+03  -6.77200000000000E-01
 2.00537500000000E+03   1.14110000000000E+00
 2.00545830000000E+03  -2.04080000000000E+00
 2.00554170000000E+03  -1.83000000000000E+01
 2.00562500000000E+03  -3.04822000000000E+01
 2.00570830000000E+03  -2.74340000000000E+01
 2.00579170000000E+03  -2.08475000000000E+01
 2.00587500000000E+03  -1.93381000000000E+01
 2.00595830000000E+03  -1.99827000000000E+01
 2.00604170000000E+03  -2.18583000000000E+01
 2.00612500000000E+03  -1.95033000000000E+01
 2.00620830000000E+03  -1.92254000000000E+01
 2.00629170000000E+03  -1.20247000000000E+01
 2.00637500000000E+03   2.09900000000000E+00
 2.00645830000000E+03   4.45330000000000E+00
 2.00654170000000E+03   1.64995000000000E+01
 2.00662500000000E+03   2.43919000000000E+01
 2.00670830000000E+03   2.82840000000000E+01
 2.00679170000000E+03   2.60220000000000E+01
 2.00687500000000E+03   2.92984000000000E+01
 2.00695830000000E+03   3.43439000000000E+01
 2.00704170000000E+03   4.56198000000000E+01
 2.00712500000000E+03   5.25110000000000E+01
 2.00720830000000E+03   5.40174000000000E+01
 2.00729170000000E+03   5.11388000000000E+01
 2.00737500000000E+03   4.61064000000000E+01
 2.00745830000000E+03   3.48430000000000E+01
 2.00754170000000E+03   3.48101000000000E+01
 2.00762500000000E+03   2.54694000000000E+01
 2.00770830000000E+03   3.13592000000000E+01
 2.00779170000000E+03   2.75565000000000E+01
 2.00787500000000E+03   3.15998000000000E+01
 2.00795830000000E+03   2.70276000000000E+01
 2.00804170000000E+03   2.78396000000000E+01
 2.00812500000000E+03   2.65747000000000E+01
 2.00820830000000E+03   2.32327000000000E+01
 2.00829170000000E+03   3.06596000000000E+01
 2.00837500000000E+03   3.56248000000000E+01
 2.00845830000000E+03   2.88976000000000E+01
 2.00854170000000E+03   2.36316000000000E+01
 2.00862500000000E+03   1.15963000000000E+01
 2.00870830000000E+03   4.09930000000000E+00
 2.00879170000000E+03  -1.12442000000000E+01
 2.00887500000000E+03  -1.63570000000000E+01
 2.00895830000000E+03  -1.46238000000000E+01
 2.00904170000000E+03  -7.89100000000000E+00
 2.00912500000000E+03  -7.69660000000000E+00
 2.00920830000000E+03  -8.50250000000000E+00
 2.00929170000000E+03  -7.07790000000000E+00
 2.00937500000000E+03  -7.49950000000000E+00
 2.00945830000000E+03  -7.92140000000000E+00
 2.00954170000000E+03  -1.42666000000000E+01
 2.00962500000000E+03  -2.02272000000000E+01
 2.00970830000000E+03  -2.56496000000000E+01
 2.00979170000000E+03  -3.29185000000000E+01
 2.00987500000000E+03  -3.25720000000000E+01
 2.00995830000000E+03  -2.91488000000000E+01
 2.01004170000000E+03  -2.68029000000000E+01
 2.01012500000000E+03  -2.46108000000000E+01
 2.01020830000000E+03  -2.29574000000000E+01
 2.01029170000000E+03  -1.89198000000000E+01
 2.01037500000000E+03  -1.55744000000000E+01
 2.01045830000000E+03  -3.09216000000000E+01
 2.01054170000000E+03  -4.00383000000000E+01
 2.01062500000000E+03  -3.74628000000000E+01
 2.01070830000000E+03  -4.49644000000000E+01
 2.01079170000000E+03  -4.53125000000000E+01
 2.01087500000000E+03  -4.10452000000000E+01
 2.01095830000000E+03  -3.47013000000000E+01
 2.01104170000000E+03  -2.85114000000000E+01
 2.01112500000000E+03  -2.57832000000000E+01
 2.01120830000000E+03  -2.21321000000000E+01
 2.01129170000000E+03  -2.06352000000000E+01
 2.01137500000000E+03  -2.25998000000000E+01
 2.01145830000000E+03  -1.07954000000000E+01
 2.01154170000000E+03  -8.37600000000000E+00
 2.01162500000000E+03  -1.76489000000000E+01
 2.01170830000000E+03  -2.25374000000000E+01
 2.01179170000000E+03  -1.52724000000000E+01
 2.01187500000000E+03  -1.40074000000000E+01
 2.01195830000000E+03  -1.00503000000000E+01
 2.01204170000000E+03  -8.93970000000000E+00
 2.01212500000000E+03  -8.98300000000000E+00
 2.01220830000000E+03  -3.48810000000000E+00
 2.01229170000000E+03  -5.07030000000000E+00
 2.01237500000000E+03  -4.21900000000000E-01
 2.01245830000000E+03  -4.85060000000000E+00
 2.01254170000000E+03  -1.95103000000000E+01
 2.01262500000000E+03  -2.66317000000000E+01
 2.01270830000000E+03  -2.97532000000000E+01
 2.01279170000000E+03  -2.85674000000000E+01
 2.01287500000000E+03  -3.08432000000000E+01
 2.01295830000000E+03  -3.41192000000000E+01
 2.01304170000000E+03  -3.90109000000000E+01
 2.01312500000000E+03  -4.05180000000000E+01
 2.01320830000000E+03  -4.14099000000000E+01
 2.01329170000000E+03  -4.49945000000000E+01
 2.01337500000000E+03  -4.55791000000000E+01
 2.01345830000000E+03  -4.25485000000000E+01
 2.01354170000000E+03  -4.60567000000000E+01
 2.01362500000000E+03  -4.07188000000000E+01
 2.01370830000000E+03  -3.62273000000000E+01
 2.01379170000000E+03  -2.70437000000000E+01
 2.01387500000000E+03  -2.52449000000000E+01
 2.01395830000000E+03  -2.49077000000000E+01
 2.01404170000000E+03  -2.02633000000000E+01
 2.01412500000000E+03  -1.15419000000000E+01
 2.01420830000000E+03  -9.97460000000000E+00
 2.01429170000000E+03  -2.25370000000000E+00
 2.01437500000000E+03  -1.53290000000000E+00
 2.01445830000000E+03   2.64600000000000E-01
 2.01454170000000E+03  -3.70740000000000E+00
 2.01462500000000E+03  -8.44870000000000E+00
 2.01470830000000E+03  -2.19595000000000E+01
 2.01479170000000E+03  -2.76244000000000E+01
 2.01487500000000E+03  -2.50586000000000E+01
 2.01495830000000E+03  -2.38007000000000E+01
 2.01504170000000E+03  -1.80815000000000E+01
 2.01512500000000E+03  -1.32855000000000E+01
 2.01520830000000E+03  -1.16436000000000E+01
 2.01529170000000E+03  -1.22327000000000E+01
 2.01537500000000E+03  -7.97570000000000E+00
 2.01545830000000E+03  -9.49700000000000E-01
 2.01554170000000E+03  -7.77020000000000E+00
 2.01562500000000E+03  -1.32061000000000E+01
 2.01570830000000E+03  -1.48730000000000E+01
 2.01579170000000E+03  -1.06171000000000E+01
 2.01587500000000E+03  -6.43820000000000E+00
 2.01595830000000E+03  -7.64410000000000E+00
 2.01604170000000E+03  -2.85030000000000E+00
 2.01612500000000E+03  -1.36430000000000E+00
 2.01620830000000E+03   1.58310000000000E+00
 2.01629170000000E+03  -7.54680000000000E+00
 2.01637500000000E+03  -6.29210000000000E+00
 2.01645830000000E+03  -1.34222000000000E+01
 2.01654170000000E+03  -2.80912000000000E+01
 2.01662500000000E+03  -3.36832000000000E+01
 2.01670830000000E+03  -4.21985000000000E+01
 2.01679170000000E+03  -3.95603000000000E+01
 2.01687500000000E+03  -4.16914000000000E+01
 2.01695830000000E+03  -3.65149000000000E+01
 2.01704170000000E+03  -3.27235000000000E+01
 2.01712500000000E+03  -2.97013000000000E+01
 2.01720830000000E+03  -2.43716000000000E+01
 2.01729170000000E+03  -1.72730000000000E+01
 2.01737500000000E+03  -2.71290000000000E+00
 2.01745830000000E+03   5.30860000000000E+00
 2.01754170000000E+03   6.17580000000000E+00
 2.01762500000000E+03   5.19690000000000E+00
 2.01770830000000E+03   3.06390000000000E+00
 2.01779170000000E+03   7.76700000000000E-01
 2.01787500000000E+03   1.04900000000000E-01
 2.01795830000000E+03  -9.51700000000000E-01
 2.01804170000000E+03  -8.23940000000000E+00
 2.01812500000000E+03  -8.75800000000000E+00
 2.01820830000000E+03  -6.43060000000000E+00
 2.01829170000000E+03  -7.33420000000000E+00
 2.01837500000000E+03  -1.95457000000000E+01
 2.01845830000000E+03  -2.46804000000000E+01
 2.01854170000000E+03  -3.38154000000000E+01
 2.01862500000000E+03  -4.44120000000000E+01
 2.01870830000000E+03  -3.60088000000000E+01
 2.01879170000000E+03  -3.96829000000000E+01
 2.01887500000000E+03  -3.68185000000000E+01
 2.01895830000000E+03  -3.34159000000000E+01
 2.01904170000000E+03  -2.62444000000000E+01
 2.01912500000000E+03  -1.69960000000000E+01
 2.01920830000000E+03  -9.82470000000000E+00
 2.01929170000000E+03  -5.26910000000000E+00
 2.01937500000000E+03  -4.86740000000000E+00
 2.01945830000000E+03   9.14940000000000E+00
 2.01954170000000E+03   1.93198000000000E+01
 2.01962500000000E+03   3.40286000000000E+01
 2.01970830000000E+03   3.51218000000000E+01
 2.01979170000000E+03   2.46762000000000E+01
 2.01987500000000E+03   2.80768000000000E+01
 2.01995830000000E+03   3.26310000000000E+01
 2.02004170000000E+03   3.81848000000000E+01
 2.02012500000000E+03   4.18925000000000E+01
 2.02020830000000E+03   4.24461000000000E+01
 2.02029170000000E+03   4.27686000000000E+01
 2.02037500000000E+03   4.42449000000000E+01
 2.02045830000000E+03   4.72595000000000E+01
 2.02054170000000E+03   3.71199000000000E+01
 2.02062500000000E+03   1.89802000000000E+01
 2.02070830000000E+03  -9.28800000000000E-01
 2.02079170000000E+03  -5.76130000000000E+00
 2.02087500000000E+03  -1.20920000000000E+00
 2.02095830000000E+03   5.73500000000000E-01
 2.02104170000000E+03  -1.25960000000000E+00
 2.02112500000000E+03  -2.32340000000000E+00
 2.02120830000000E+03  -7.92600000000000E+00
 2.02129170000000E+03  -9.90400000000000E-01
 2.02137500000000E+03   3.29800000000000E-01
 2.02145830000000E+03  -8.19630000000000E+00
 2.02154170000000E+03  -1.16459000000000E+01
 2.02162500000000E+03  -4.55710000000000E+00
 2.02170830000000E+03  -1.13915000000000E+01
 2.02179170000000E+03  -9.91860000000000E+00
 2.02187500000000E+03  -5.98420000000000E+00
 2.02195830000000E+03  -4.12680000000000E+00
 2.02204170000000E+03  -1.93000000000000E-01
 2.02212500000000E+03   2.02400000000000E-01
 2.02220830000000E+03   2.82840000000000E+00
 2.02229170000000E+03   1.25309000000000E+01
 2.02237500000000E+03   1.60027000000000E+01
 2.02245830000000E+03   1.56281000000000E+01
 2.02254170000000E+03   2.20224000000000E+01
 2.02262500000000E+03   1.52628000000000E+01
 2.02270830000000E+03   8.04150000000000E+00
 2.02279170000000E+03   1.35121000000000E+01
 2.02287500000000E+03   1.01365000000000E+01
 2.02295830000000E+03   1.02223000000000E+01
 2.02304170000000E+03   1.60770000000000E+01
 2.02312500000000E+03   2.39316000000000E+01
 2.02320830000000E+03   3.26323000000000E+01
 2.02329170000000E+03   4.07940000000000E+01
 2.02337500000000E+03   4.65712000000000E+01
 2.02345830000000E+03   4.46559000000000E+01
 2.02354170000000E+03   4.41248000000000E+01
 2.02362500000000E+03   4.49014000000000E+01
 2.02370830000000E+03   4.96008000000000E+01
 2.02379170000000E+03   5.41461000000000E+01
 2.02387500000000E+03   5.98452000000000E+01
 2.02395830000000E+03   7.05441000000000E+01
 2.02404170000000E+03   7.90888000000000E+01
 2.02412500000000E+03   8.12488000000000E+01
 2.02420830000000E+03   7.85625000000000E+01
 2.02429170000000E+03   7.91836000000000E+01
 2.02437500000000E+03   7.27277000000000E+01
 2.02445830000000E+03   6.16562000000000E+01
 2.02454170000000E+03   5.57831000000000E+01
 2.02462500000000E+03   5.35964000000000E+01
 2.02470830000000E+03   4.78020000000000E+01
 2.02479170000000E+03   4.90860000000000E+01
 2.02487500000000E+03   4.56033000000000E+01
 2.02495830000000E+03   5.33109000000000E+01
