 1.92204170000000E+03  -1.20383000000000E+01
 1.92212500000000E+03   5.68930000000000E+00
 1.92220830000000E+03   6.79760000000000E+00
 1.92229170000000E+03  -5.42710000000000E+00
 1.92237500000000E+03   3.74130000000000E+00
 1.92245830000000E+03   1.92882000000000E+01
 1.92254170000000E+03   3.33576000000000E+01
 1.92262500000000E+03   1.57980000000000E+01
 1.92270830000000E+03   1.69960000000000E+00
 1.92279170000000E+03  -3.05523000000000E+01
 1.92287500000000E+03  -2.02666000000000E+01
 1.92295830000000E+03  -4.28880000000000E+00
 1.92304170000000E+03  -2.31070000000000E+00
 1.92312500000000E+03   9.35890000000000E+00
 1.92320830000000E+03   1.43359000000000E+01
 1.92329170000000E+03   3.65439000000000E+01
 1.92337500000000E+03   7.27512000000000E+01
 1.92345830000000E+03   7.24967000000000E+01
 1.92354170000000E+03   4.57808000000000E+01
 1.92362500000000E+03   2.79873000000000E+01
 1.92370830000000E+03   1.95782000000000E+01
 1.92379170000000E+03   4.57077000000000E+01
 1.92387500000000E+03   6.62981000000000E+01
 1.92395830000000E+03   6.83497000000000E+01
 1.92404170000000E+03   6.50939000000000E+01
 1.92412500000000E+03   5.53757000000000E+01
 1.92420830000000E+03   4.38112000000000E+01
 1.92429170000000E+03   3.04007000000000E+01
 1.92437500000000E+03   1.09895000000000E+01
 1.92445830000000E+03  -1.13451000000000E+01
 1.92454170000000E+03   1.17821000000000E+01
 1.92462500000000E+03   4.15240000000000E+01
 1.92470830000000E+03   3.48809000000000E+01
 1.92479170000000E+03   3.46228000000000E+01
 1.92487500000000E+03   2.35946000000000E+01
 1.92495830000000E+03   3.61047000000000E+01
 1.92504170000000E+03   3.66149000000000E+01
 1.92512500000000E+03   2.92783000000000E+01
 1.92520830000000E+03   4.61722000000000E+01
 1.92529170000000E+03   5.45278000000000E+01
 1.92537500000000E+03   5.52674000000000E+01
 1.92545830000000E+03   5.72374000000000E+01
 1.92554170000000E+03   4.52846000000000E+01
 1.92562500000000E+03  -5.97670000000000E+00
 1.92570830000000E+03  -2.13921000000000E+01
 1.92579170000000E+03  -2.56533000000000E+01
 1.92587500000000E+03  -3.19923000000000E+01
 1.92595830000000E+03  -2.47931000000000E+01
 1.92604170000000E+03  -3.40551000000000E+01
 1.92612500000000E+03  -2.40103000000000E+01
 1.92620830000000E+03  -1.48118000000000E+01
 1.92629170000000E+03  -2.69208000000000E+01
 1.92637500000000E+03  -4.27998000000000E+01
 1.92645830000000E+03  -4.18329000000000E+01
 1.92654170000000E+03  -3.90196000000000E+01
 1.92662500000000E+03  -3.72839000000000E+01
 1.92670830000000E+03  -2.97794000000000E+01
 1.92679170000000E+03  -3.01207000000000E+01
 1.92687500000000E+03  -1.25397000000000E+01
 1.92695830000000E+03   1.31180000000000E+01
 1.92704170000000E+03   2.33913000000000E+01
 1.92712500000000E+03   3.32792000000000E+01
 1.92720830000000E+03   3.17822000000000E+01
 1.92729170000000E+03   3.51317000000000E+01
 1.92737500000000E+03   3.80957000000000E+01
 1.92745830000000E+03   1.98288000000000E+01
 1.92754170000000E+03   1.11005000000000E+01
 1.92762500000000E+03   3.98690000000000E+00
 1.92770830000000E+03  -2.28963000000000E+01
 1.92779170000000E+03  -3.21638000000000E+01
 1.92787500000000E+03  -5.35859000000000E+01
 1.92795830000000E+03  -5.00852000000000E+01
 1.92804170000000E+03  -3.58919000000000E+01
 1.92812500000000E+03  -1.83917000000000E+01
 1.92820830000000E+03  -1.17380000000000E+01
 1.92829170000000E+03  -1.00839000000000E+01
 1.92837500000000E+03  -1.65076000000000E+01
 1.92845830000000E+03  -1.27008000000000E+01
 1.92854170000000E+03  -6.27830000000000E+00
 1.92862500000000E+03  -3.64720000000000E+01
 1.92870830000000E+03  -5.45120000000000E+01
 1.92879170000000E+03  -3.11673000000000E+01
 1.92887500000000E+03  -1.75156000000000E+01
 1.92895830000000E+03   3.67430000000000E+00
 1.92904170000000E+03   6.17220000000000E+00
 1.92912500000000E+03  -9.17690000000000E+00
 1.92920830000000E+03  -1.80647000000000E+01
 1.92929170000000E+03  -8.72150000000000E+00
 1.92937500000000E+03  -5.45600000000000E+00
 1.92945830000000E+03  -2.49840000000000E+00
 1.92954170000000E+03   1.53640000000000E+00
 1.92962500000000E+03   2.57030000000000E+00
 1.92970830000000E+03   2.89118000000000E+01
 1.92979170000000E+03   2.20226000000000E+01
 1.92987500000000E+03   1.29789000000000E+01
 1.92995830000000E+03   1.17042000000000E+01
 1.93004170000000E+03   1.31989000000000E+01
 1.93012500000000E+03   1.36160000000000E+01
 1.93020830000000E+03  -6.35190000000000E+00
 1.93029170000000E+03  -1.35502000000000E+01
 1.93037500000000E+03  -1.05700000000000E+00
 1.93045830000000E+03  -1.12564000000000E+01
 1.93054170000000E+03  -2.03786000000000E+01
 1.93062500000000E+03  -5.21170000000000E+01
 1.93070830000000E+03  -5.29325000000000E+01
 1.93079170000000E+03  -5.79786000000000E+01
 1.93087500000000E+03  -5.06408000000000E+01
 1.93095830000000E+03  -3.29187000000000E+01
 1.93104170000000E+03  -1.31194000000000E+01
 1.93112500000000E+03  -1.19362000000000E+01
 1.93120830000000E+03  -1.87533000000000E+01
 1.93129170000000E+03   9.04520000000000E+00
 1.93137500000000E+03   8.07380000000000E+00
 1.93145830000000E+03  -1.71287000000000E+01
 1.93154170000000E+03   8.82290000000000E+00
 1.93162500000000E+03   1.30814000000000E+01
 1.93170830000000E+03   1.80320000000000E+01
 1.93179170000000E+03   2.46751000000000E+01
 1.93187500000000E+03   2.64713000000000E+01
 1.93195830000000E+03   3.82673000000000E+01
 1.93204170000000E+03   3.85250000000000E+01
 1.93212500000000E+03   3.48589000000000E+01
 1.93220830000000E+03   4.54233000000000E+01
 1.93229170000000E+03   5.64495000000000E+01
 1.93237500000000E+03   4.40134000000000E+01
 1.93245830000000E+03   5.14232000000000E+01
 1.93254170000000E+03   3.86025000000000E+01
 1.93262500000000E+03   1.33963000000000E+01
 1.93270830000000E+03  -1.01947000000000E+01
 1.93279170000000E+03   4.59920000000000E+00
 1.93287500000000E+03  -1.14610000000000E+00
 1.93295830000000E+03  -4.89180000000000E+00
 1.93304170000000E+03   3.36290000000000E+00
 1.93312500000000E+03   1.80013000000000E+01
 1.93320830000000E+03   5.25490000000000E+00
 1.93329170000000E+03  -1.68758000000000E+01
 1.93337500000000E+03  -4.04689000000000E+01
 1.93345830000000E+03  -5.82161000000000E+01
 1.93354170000000E+03  -6.51168000000000E+01
 1.93362500000000E+03  -4.37876000000000E+01
 1.93370830000000E+03  -4.66894000000000E+01
 1.93379170000000E+03  -5.95910000000000E+01
 1.93387500000000E+03  -6.87240000000000E+01
 1.93395830000000E+03  -5.74728000000000E+01
 1.93404170000000E+03  -4.09136000000000E+01
 1.93412500000000E+03  -3.72782000000000E+01
 1.93420830000000E+03  -5.44892000000000E+01
 1.93429170000000E+03  -2.66231000000000E+01
 1.93437500000000E+03  -6.75780000000000E+00
 1.93445830000000E+03  -2.58500000000000E+00
 1.93454170000000E+03   3.20350000000000E+00
 1.93462500000000E+03   1.49142000000000E+01
 1.93470830000000E+03  -6.22150000000000E+00
 1.93479170000000E+03  -6.66460000000000E+00
 1.93487500000000E+03   5.81460000000000E+00
 1.93495830000000E+03   6.29350000000000E+00
 1.93504170000000E+03   1.71573000000000E+01
 1.93512500000000E+03   2.33280000000000E+01
 1.93520830000000E+03   2.17293000000000E+01
 1.93529170000000E+03   4.90538000000000E+01
 1.93537500000000E+03   3.24545000000000E+01
 1.93545830000000E+03   2.47011000000000E+01
 1.93554170000000E+03   3.41018000000000E+01
 1.93562500000000E+03   3.17325000000000E+01
 1.93570830000000E+03  -3.86780000000000E+00
 1.93579170000000E+03  -7.23710000000000E+00
 1.93587500000000E+03  -2.57611000000000E+01
 1.93595830000000E+03  -1.89775000000000E+01
 1.93604170000000E+03  -1.43476000000000E+01
 1.93612500000000E+03  -1.95646000000000E+01
 1.93620830000000E+03  -2.82434000000000E+01
 1.93629170000000E+03  -3.16143000000000E+01
 1.93637500000000E+03  -4.66783000000000E+01
 1.93645830000000E+03  -2.85886000000000E+01
 1.93654170000000E+03  -3.34218000000000E+01
 1.93662500000000E+03  -5.94096000000000E+01
 1.93670830000000E+03  -6.60899000000000E+01
 1.93679170000000E+03  -6.55393000000000E+01
 1.93687500000000E+03  -7.11432000000000E+01
 1.93695830000000E+03  -5.69782000000000E+01
 1.93704170000000E+03  -4.28899000000000E+01
 1.93712500000000E+03  -4.40331000000000E+01
 1.93720830000000E+03  -3.79458000000000E+01
 1.93729170000000E+03  -4.01659000000000E+01
 1.93737500000000E+03  -4.27714000000000E+01
 1.93745830000000E+03  -6.77618000000000E+01
 1.93754170000000E+03  -8.96750000000000E+01
 1.93762500000000E+03  -7.51275000000000E+01
 1.93770830000000E+03  -3.44263000000000E+01
 1.93779170000000E+03   4.04430000000000E+00
 1.93787500000000E+03   2.34372000000000E+01
 1.93795830000000E+03   4.57530000000000E+01
 1.93804170000000E+03   5.96843000000000E+01
 1.93812500000000E+03   4.99227000000000E+01
 1.93820830000000E+03   5.33915000000000E+01
 1.93829170000000E+03   5.33221000000000E+01
 1.93837500000000E+03   7.88673000000000E+01
 1.93845830000000E+03   6.97969000000000E+01
 1.93854170000000E+03   7.38805000000000E+01
 1.93862500000000E+03   8.50404000000000E+01
 1.93870830000000E+03   6.02000000000000E+01
 1.93879170000000E+03   3.28982000000000E+01
 1.93887500000000E+03  -4.86580000000000E+00
 1.93895830000000E+03  -6.55310000000000E+00
 1.93904170000000E+03  -9.70180000000000E+00
 1.93912500000000E+03  -2.27743000000000E+01
 1.93920830000000E+03  -3.50009000000000E+01
 1.93929170000000E+03  -6.16119000000000E+01
 1.93937500000000E+03  -7.83005000000000E+01
 1.93945830000000E+03  -1.11758700000000E+02
 1.93954170000000E+03  -1.04832000000000E+02
 1.93962500000000E+03  -7.87522000000000E+01
 1.93970830000000E+03  -6.69034000000000E+01
 1.93979170000000E+03  -5.78236000000000E+01
 1.93987500000000E+03  -4.77446000000000E+01
 1.94045830000000E+03  -1.99669000000000E+01
 1.94054170000000E+03  -3.60433000000000E+01
 1.94062500000000E+03  -5.48897000000000E+01
 1.94070830000000E+03  -7.31979000000000E+01
 1.94079170000000E+03  -7.53520000000000E+01
 1.94087500000000E+03  -6.35069000000000E+01
 1.94095830000000E+03  -6.26620000000000E+01
 1.94104170000000E+03  -4.47400000000000E+01
 1.94120830000000E+03  -3.43592000000000E+01
 1.94129170000000E+03  -5.55918000000000E+01
 1.94137500000000E+03  -9.65943000000000E+01
 1.94145830000000E+03  -9.11356000000000E+01
 1.94154170000000E+03  -1.03907400000000E+02
 1.94162500000000E+03  -1.39756900000000E+02
 1.94170830000000E+03  -1.44145100000000E+02
 1.94179170000000E+03  -1.48533200000000E+02
 1.94187500000000E+03  -1.39614200000000E+02
 1.94195830000000E+03  -1.21387800000000E+02
 1.94204170000000E+03  -1.02392000000000E+02
 1.94212500000000E+03  -1.00550700000000E+02
 1.94220830000000E+03  -1.02325100000000E+02
 1.94229170000000E+03  -9.08685000000000E+01
 1.94237500000000E+03  -7.19511000000000E+01
 1.94245830000000E+03  -3.84185000000000E+01
 1.94254170000000E+03  -4.52704000000000E+01
 1.94262500000000E+03  -1.15076000000000E+01
 1.94270830000000E+03   2.70241000000000E+01
 1.94279170000000E+03   6.95561000000000E+01
 1.94287500000000E+03   9.43181000000000E+01
 1.94295830000000E+03   1.10541400000000E+02
 1.94304170000000E+03   1.21303300000000E+02
 1.94312500000000E+03   1.31372300000000E+02
 1.94320830000000E+03   1.40979400000000E+02
 1.94329170000000E+03   1.49509800000000E+02
 1.94337500000000E+03   1.31885600000000E+02
 1.94345830000000E+03   1.27030400000000E+02
 1.94354170000000E+03   1.41637000000000E+02
 1.94362500000000E+03   1.61473600000000E+02
 1.94370830000000E+03   1.41848400000000E+02
 1.94379170000000E+03   1.23223400000000E+02
 1.94387500000000E+03   1.08982300000000E+02
 1.94395830000000E+03   1.04202500000000E+02
 1.94404170000000E+03   1.03115100000000E+02
 1.94412500000000E+03   9.02579000000000E+01
 1.94420830000000E+03   8.14004000000000E+01
 1.94429170000000E+03   7.38507000000000E+01
 1.94437500000000E+03   5.97619000000000E+01
 1.94445830000000E+03   6.25959000000000E+01
 1.94454170000000E+03   5.79686000000000E+01
 1.94462500000000E+03   2.21098000000000E+01
 1.94470830000000E+03   1.24045000000000E+01
 1.94479170000000E+03   1.56226000000000E+01
 1.94487500000000E+03   2.07630000000000E+01
 1.94495830000000E+03   2.54416000000000E+01
 1.94504170000000E+03   3.11973000000000E+01
 1.94512500000000E+03   2.58754000000000E+01
 1.94520830000000E+03   3.54763000000000E+01
 1.94529170000000E+03   2.25389000000000E+01
 1.94537500000000E+03   2.62932000000000E+01
 1.94545830000000E+03   3.02010000000000E+01
 1.94554170000000E+03   3.53398000000000E+01
 1.94570830000000E+03   2.03849000000000E+01
 1.94579170000000E+03   3.49844000000000E+01
 1.94587500000000E+03   1.62756000000000E+01
 1.94595830000000E+03   1.14895000000000E+01
 1.94604170000000E+03   1.50114000000000E+01
 1.94612500000000E+03   1.53017000000000E+01
 1.94620830000000E+03   1.95918000000000E+01
 1.94629170000000E+03   2.08052000000000E+01
 1.94637500000000E+03   6.32560000000000E+00
 1.94645830000000E+03  -1.46200000000000E+00
 1.94654170000000E+03  -3.38648000000000E+01
 1.94662500000000E+03  -7.77299000000000E+01
 1.94670830000000E+03  -1.10364400000000E+02
 1.94679170000000E+03  -9.66911000000000E+01
 1.94687500000000E+03  -1.21403000000000E+02
 1.94695830000000E+03  -1.18730600000000E+02
 1.94704170000000E+03  -1.22519600000000E+02
 1.94712500000000E+03  -1.34001600000000E+02
 1.94720830000000E+03  -1.49406900000000E+02
 1.94729170000000E+03  -1.50273600000000E+02
 1.94737500000000E+03  -1.43525500000000E+02
 1.94745830000000E+03  -1.30777800000000E+02
 1.94754170000000E+03  -1.23183700000000E+02
 1.94762500000000E+03  -9.72826000000000E+01
 1.94770830000000E+03  -6.20741000000000E+01
 1.94779170000000E+03  -5.19423000000000E+01
 1.94787500000000E+03  -5.62728000000000E+01
 1.94795830000000E+03  -3.61420000000000E+01
 1.94812500000000E+03  -2.17268000000000E+01
 1.94820830000000E+03  -6.28910000000000E+00
 1.94829170000000E+03   3.16104000000000E+01
 1.94837500000000E+03   5.65091000000000E+01
 1.94845830000000E+03   6.28691000000000E+01
 1.94854170000000E+03   8.43832000000000E+01
 1.94862500000000E+03   1.01511900000000E+02
 1.94870830000000E+03   1.10563500000000E+02
 1.94879170000000E+03   1.16999900000000E+02
 1.94887500000000E+03   1.22897100000000E+02
 1.94895830000000E+03   1.40332500000000E+02
 1.94904170000000E+03   1.43845000000000E+02
 1.94912500000000E+03   1.55433700000000E+02
 1.94920830000000E+03   1.41791400000000E+02
 1.94929170000000E+03   1.33610800000000E+02
 1.94937500000000E+03   1.04891000000000E+02
 1.94945830000000E+03   1.07786400000000E+02
 1.94954170000000E+03   9.11435000000000E+01
 1.94962500000000E+03   6.23461000000000E+01
 1.94970830000000E+03   4.47792000000000E+01
 1.94979170000000E+03   4.41355000000000E+01
 1.94987500000000E+03   2.98757000000000E+01
 1.94995830000000E+03   3.27695000000000E+01
 1.95004170000000E+03   3.37405000000000E+01
 1.95012500000000E+03   2.77876000000000E+01
 1.95020830000000E+03   2.54499000000000E+01
 1.95029170000000E+03   5.51124000000000E+01
 1.95037500000000E+03   4.93126000000000E+01
 1.95045830000000E+03   5.76664000000000E+01
 1.95054170000000E+03   3.00973000000000E+01
 1.95062500000000E+03   2.21980000000000E+00
 1.95070830000000E+03  -1.48118000000000E+01
 1.95079170000000E+03  -2.09201000000000E+01
 1.95087500000000E+03  -4.10291000000000E+01
 1.95095830000000E+03  -4.34461000000000E+01
 1.95104170000000E+03  -4.01706000000000E+01
 1.95112500000000E+03  -4.78958000000000E+01
 1.95120830000000E+03  -4.35443000000000E+01
 1.95129170000000E+03  -7.15003000000000E+01
 1.95137500000000E+03  -1.08841700000000E+02
 1.95145830000000E+03  -7.30294000000000E+01
 1.95154170000000E+03  -5.50632000000000E+01
 1.95162500000000E+03  -3.80207000000000E+01
 1.95170830000000E+03  -2.22092000000000E+01
 1.95179170000000E+03  -1.37053000000000E+01
 1.95187500000000E+03  -2.56636000000000E+01
 1.95195830000000E+03   3.99330000000000E+00
 1.95204170000000E+03   2.66503000000000E+01
 1.95212500000000E+03   2.38450000000000E+01
 1.95220830000000E+03   4.02703000000000E+01
 1.95229170000000E+03   4.71573000000000E+01
 1.95237500000000E+03   6.21206000000000E+01
 1.95245830000000E+03   8.07759000000000E+01
 1.95254170000000E+03   4.15082000000000E+01
 1.95262500000000E+03   2.14707000000000E+01
 1.95270830000000E+03   1.12790000000000E+01
 1.95279170000000E+03   2.37029000000000E+01
 1.95287500000000E+03   2.50492000000000E+01
 1.95295830000000E+03   3.07030000000000E+01
 1.95304170000000E+03   2.12799000000000E+01
 1.95312500000000E+03   2.88562000000000E+01
 1.95320830000000E+03   4.18169000000000E+01
 1.95329170000000E+03   3.22392000000000E+01
 1.95337500000000E+03   3.01993000000000E+01
 1.95345830000000E+03   3.96207000000000E+01
 1.95354170000000E+03   4.38115000000000E+01
 1.95362500000000E+03   1.51555000000000E+01
 1.95370830000000E+03  -1.79623000000000E+01
 1.95379170000000E+03  -3.27723000000000E+01
 1.95387500000000E+03  -5.31984000000000E+01
 1.95395830000000E+03  -5.49324000000000E+01
 1.95404170000000E+03  -3.82047000000000E+01
 1.95412500000000E+03  -3.31699000000000E+01
 1.95420830000000E+03  -3.19047000000000E+01
 1.95429170000000E+03  -2.47932000000000E+01
 1.95437500000000E+03  -1.39131000000000E+01
 1.95445830000000E+03  -7.95630000000000E+00
 1.95454170000000E+03  -7.53790000000000E+00
 1.95462500000000E+03  -1.38124000000000E+01
 1.95470830000000E+03   6.14360000000000E+00
 1.95479170000000E+03   2.50997000000000E+01
 1.95487500000000E+03   4.57475000000000E+01
 1.95495830000000E+03   6.27027000000000E+01
 1.95504170000000E+03   7.11196000000000E+01
 1.95512500000000E+03   5.47666000000000E+01
 1.95520830000000E+03   5.11056000000000E+01
 1.95529170000000E+03   4.84448000000000E+01
 1.95537500000000E+03   3.70910000000000E+01
 1.95545830000000E+03   4.48908000000000E+01
 1.95554170000000E+03   1.56139000000000E+01
 1.95562500000000E+03  -8.66380000000000E+00
 1.95570830000000E+03  -2.41725000000000E+01
 1.95579170000000E+03  -1.36040000000000E+01
 1.95587500000000E+03  -5.88250000000000E+00
 1.95595830000000E+03  -9.54580000000000E+00
 1.95612500000000E+03   8.28110000000000E+00
 1.95620830000000E+03   1.49248000000000E+01
 1.95629170000000E+03   3.84147000000000E+01
 1.95637500000000E+03   3.23655000000000E+01
 1.95645830000000E+03   3.15468000000000E+01
 1.95654170000000E+03   2.42667000000000E+01
 1.95662500000000E+03   9.98600000000000E+00
 1.95670830000000E+03   1.50896000000000E+01
 1.95679170000000E+03   1.28087000000000E+01
 1.95687500000000E+03   1.72964000000000E+01
 1.95695830000000E+03   1.46300000000000E+01
 1.95704170000000E+03   1.65791000000000E+01
 1.95712500000000E+03   2.08353000000000E+01
 1.95720830000000E+03   2.21681000000000E+01
 1.95729170000000E+03   4.54242000000000E+01
 1.95737500000000E+03   4.18334000000000E+01
 1.95745830000000E+03   6.07039000000000E+01
 1.95754170000000E+03   5.71130000000000E+01
 1.95762500000000E+03   5.95215000000000E+01
 1.95770830000000E+03   4.05450000000000E+01
 1.95779170000000E+03   3.23380000000000E+01
 1.95787500000000E+03   5.05149000000000E+01
 1.95795830000000E+03   5.26915000000000E+01
 1.95804170000000E+03   5.99452000000000E+01
 1.95812500000000E+03   6.62752000000000E+01
 1.95820830000000E+03   5.05280000000000E+01
 1.95829170000000E+03   4.05502000000000E+01
 1.95837500000000E+03   1.53409000000000E+01
 1.95845830000000E+03   4.97750000000000E+00
 1.95854170000000E+03   4.92200000000000E+00
 1.95862500000000E+03  -5.98040000000000E+00
 1.95870830000000E+03  -1.98061000000000E+01
 1.95879170000000E+03  -1.79393000000000E+01
 1.95887500000000E+03  -1.49194000000000E+01
 1.95895830000000E+03  -1.90535000000000E+01
 1.95904170000000E+03  -1.25722000000000E+01
 1.95912500000000E+03  -2.03991000000000E+01
 1.95920830000000E+03  -2.57648000000000E+01
 1.95929170000000E+03  -2.20535000000000E+01
 1.95937500000000E+03  -3.76505000000000E+01
 1.95945830000000E+03  -6.80170000000000E+01
 1.95954170000000E+03  -7.79218000000000E+01
 1.95962500000000E+03  -1.12058000000000E+02
 1.95970830000000E+03  -1.46886800000000E+02
 1.95979170000000E+03  -1.65023200000000E+02
 1.95987500000000E+03  -1.69852500000000E+02
 1.95995830000000E+03  -1.51912800000000E+02
 1.96004170000000E+03  -1.44973000000000E+02
 1.96012500000000E+03  -1.36880100000000E+02
 1.96020830000000E+03  -1.28864300000000E+02
 1.96029170000000E+03  -1.49156000000000E+02
 1.96037500000000E+03  -1.56756100000000E+02
 1.96045830000000E+03  -1.38125700000000E+02
 1.96054170000000E+03  -1.15649000000000E+02
 1.96062500000000E+03  -1.02634500000000E+02
 1.96070830000000E+03  -6.39280000000000E+01
 1.96079170000000E+03  -2.04520000000000E+01
 1.96087500000000E+03   1.77100000000000E-01
 1.96095830000000E+03   2.14213000000000E+01
 1.96104170000000E+03   4.18195000000000E+01
 1.96112500000000E+03   5.85248000000000E+01
 1.96120830000000E+03   6.21529000000000E+01
 1.96129170000000E+03   5.26272000000000E+01
 1.96137500000000E+03   8.34855000000000E+01
 1.96145830000000E+03   1.17882100000000E+02
 1.96154170000000E+03   1.28740300000000E+02
 1.96162500000000E+03   1.23828600000000E+02
 1.96170830000000E+03   1.07532000000000E+02
 1.96179170000000E+03   7.87741000000000E+01
 1.96195830000000E+03   7.18720000000000E+01
 1.96204170000000E+03   8.55747000000000E+01
 1.96212500000000E+03   8.91231000000000E+01
 1.96220830000000E+03   9.05942000000000E+01
 1.96229170000000E+03   7.42193000000000E+01
 1.96237500000000E+03   5.68437000000000E+01
 1.96245830000000E+03   6.89294000000000E+01
 1.96254170000000E+03   4.33999000000000E+01
 1.96262500000000E+03   4.48510000000000E+00
 1.96270830000000E+03  -3.67376000000000E+01
 1.96279170000000E+03  -5.13449000000000E+01
 1.96287500000000E+03  -5.67989000000000E+01
 1.96295830000000E+03  -6.24840000000000E+01
 1.96304170000000E+03  -6.13997000000000E+01
 1.96312500000000E+03  -6.90083000000000E+01
 1.96320830000000E+03  -8.30788000000000E+01
 1.96329170000000E+03  -8.26106000000000E+01
 1.96337500000000E+03  -8.13739000000000E+01
 1.96345830000000E+03  -6.78298000000000E+01
 1.96354170000000E+03  -6.58239000000000E+01
 1.96362500000000E+03  -4.58957000000000E+01
 1.96370830000000E+03  -5.91215000000000E+01
 1.96379170000000E+03  -6.15780000000000E+01
 1.96387500000000E+03  -3.72660000000000E+01
 1.96395830000000E+03  -2.30310000000000E+01
 1.96404170000000E+03  -1.03700000000000E-01
 1.96412500000000E+03   2.28450000000000E+00
 1.96420830000000E+03   1.39033000000000E+01
 1.96429170000000E+03   1.94452000000000E+01
 1.96437500000000E+03   1.57558000000000E+01
 1.96445830000000E+03   2.83737000000000E+01
 1.96454170000000E+03   3.17610000000000E+01
 1.96462500000000E+03   2.24554000000000E+01
 1.96470830000000E+03   4.38030000000000E+00
 1.96479170000000E+03   1.94591000000000E+01
 1.96487500000000E+03   2.63066000000000E+01
 1.96495830000000E+03   2.08461000000000E+01
 1.96504170000000E+03   3.67703000000000E+01
 1.96512500000000E+03   3.46939000000000E+01
 1.96520830000000E+03   3.40018000000000E+01
 1.96529170000000E+03   2.14637000000000E+01
 1.96537500000000E+03   2.20019000000000E+01
 1.96545830000000E+03   7.15530000000000E+00
 1.96554170000000E+03  -2.48452000000000E+01
 1.96562500000000E+03  -5.47693000000000E+01
 1.96570830000000E+03  -4.50014000000000E+01
 1.96579170000000E+03  -4.60795000000000E+01
 1.96587500000000E+03  -4.25428000000000E+01
 1.96595830000000E+03  -3.03911000000000E+01
 1.96604170000000E+03  -1.43161000000000E+01
 1.96612500000000E+03  -2.27802000000000E+01
 1.96620830000000E+03  -1.37831000000000E+01
 1.96629170000000E+03  -1.70166000000000E+01
 1.96637500000000E+03  -2.60969000000000E+01
 1.96645830000000E+03  -2.62544000000000E+01
 1.96654170000000E+03  -2.55656000000000E+01
 1.96662500000000E+03  -1.76467000000000E+01
 1.96670830000000E+03   2.75797000000000E+01
 1.96679170000000E+03   2.69600000000000E+01
 1.96687500000000E+03   3.58781000000000E+01
 1.96695830000000E+03   4.71806000000000E+01
 1.96704170000000E+03   5.64832000000000E+01
 1.96712500000000E+03   5.64775000000000E+01
 1.96720830000000E+03   5.21639000000000E+01
 1.96729170000000E+03   6.21580000000000E+01
 1.96737500000000E+03   7.82284000000000E+01
 1.96745830000000E+03   1.08298600000000E+02
 1.96754170000000E+03   1.10445800000000E+02
 1.96762500000000E+03   1.14361600000000E+02
 1.96770830000000E+03   1.26969500000000E+02
 1.96779170000000E+03   1.05500600000000E+02
 1.96787500000000E+03   9.09540000000000E+01
 1.96795830000000E+03   8.24842000000000E+01
 1.96804170000000E+03   8.23222000000000E+01
 1.96812500000000E+03   6.92364000000000E+01
 1.96820830000000E+03   4.65350000000000E+01
 1.96829170000000E+03   4.79107000000000E+01
 1.96837500000000E+03   1.25934000000000E+01
 1.96845830000000E+03  -1.13395000000000E+01
 1.96854170000000E+03  -5.24262000000000E+01
 1.96862500000000E+03  -7.52058000000000E+01
 1.96870830000000E+03  -1.14985700000000E+02
 1.96879170000000E+03  -1.34919300000000E+02
 1.96887500000000E+03  -1.54161200000000E+02
 1.96895830000000E+03  -1.58172600000000E+02
 1.96904170000000E+03  -1.41337800000000E+02
 1.96912500000000E+03  -1.52734300000000E+02
 1.96920830000000E+03  -1.41285000000000E+02
 1.96929170000000E+03  -1.13066300000000E+02
 1.96937500000000E+03  -7.66174000000000E+01
 1.96945830000000E+03  -7.04766000000000E+01
 1.96954170000000E+03  -8.51048000000000E+01
 1.96962500000000E+03  -8.10414000000000E+01
 1.96970830000000E+03  -7.96705000000000E+01
 1.96979170000000E+03  -4.82226000000000E+01
 1.96987500000000E+03  -4.55446000000000E+01
 1.96995830000000E+03  -3.77129000000000E+01
 1.97004170000000E+03  -1.71889000000000E+01
 1.97012500000000E+03  -2.25116000000000E+01
 1.97020830000000E+03  -4.06540000000000E+00
 1.97029170000000E+03  -1.57500000000000E-01
 1.97037500000000E+03   5.05750000000000E+00
 1.97045830000000E+03  -2.37278000000000E+01
 1.97054170000000E+03  -2.65130000000000E+01
 1.97062500000000E+03   6.24200000000000E-01
 1.97070830000000E+03   1.43766000000000E+01
 1.97079170000000E+03   3.01291000000000E+01
 1.97087500000000E+03   4.44194000000000E+01
 1.97095830000000E+03   7.72479000000000E+01
 1.97145830000000E+03   1.07291200000000E+02
 1.97154170000000E+03   7.85798000000000E+01
 1.97162500000000E+03   4.80217000000000E+01
 1.97170830000000E+03   1.04633000000000E+01
 1.97179170000000E+03   4.43400000000000E-01
 1.97187500000000E+03  -3.71156000000000E+01
 1.97195830000000E+03  -5.08286000000000E+01
 1.97204170000000E+03  -5.03108000000000E+01
 1.97212500000000E+03  -6.15628000000000E+01
 1.97220830000000E+03  -6.51228000000000E+01
 1.97229170000000E+03  -6.66827000000000E+01
 1.97237500000000E+03  -5.50893000000000E+01
 1.97245830000000E+03  -5.54193000000000E+01
 1.97254170000000E+03  -8.05184000000000E+01
 1.97262500000000E+03  -4.94643000000000E+01
 1.97270830000000E+03  -1.54874000000000E+01
 1.97279170000000E+03   2.32588000000000E+01
 1.97287500000000E+03   1.93122000000000E+01
 1.97295830000000E+03   3.49806000000000E+01
 1.97304170000000E+03   3.93415000000000E+01
 1.97312500000000E+03   4.78556000000000E+01
 1.97320830000000E+03   5.49079000000000E+01
 1.97329170000000E+03   5.77295000000000E+01
 1.97337500000000E+03   8.01659000000000E+01
 1.97345830000000E+03   8.29097000000000E+01
 1.97354170000000E+03   6.46536000000000E+01
 1.97362500000000E+03   7.05508000000000E+01
 1.97370830000000E+03   2.76785000000000E+01
 1.97379170000000E+03  -6.55300000000000E-01
 1.97387500000000E+03  -3.61436000000000E+01
 1.97395830000000E+03  -3.04013000000000E+01
 1.97404170000000E+03  -6.88970000000000E+00
 1.97412500000000E+03   2.85200000000000E+00
 1.97420830000000E+03   1.82430000000000E+00
 1.97429170000000E+03   3.71970000000000E+00
 1.97437500000000E+03   1.25376000000000E+01
 1.97445830000000E+03   2.47399000000000E+01
 1.97454170000000E+03   3.74807000000000E+01
 1.97462500000000E+03   3.67593000000000E+01
 1.97470830000000E+03   2.31147000000000E+01
 1.97479170000000E+03   4.30855000000000E+01
 1.97487500000000E+03   5.66710000000000E+01
 1.97495830000000E+03   7.96410000000000E+01
 1.97504170000000E+03   7.63802000000000E+01
 1.97512500000000E+03   5.44265000000000E+01
 1.97520830000000E+03   5.12419000000000E+01
 1.97529170000000E+03   5.17496000000000E+01
 1.97537500000000E+03   4.30259000000000E+01
 1.97545830000000E+03   5.76096000000000E+01
 1.97554170000000E+03   5.93473000000000E+01
 1.97562500000000E+03   1.05460000000000E+01
 1.97570830000000E+03  -1.19480000000000E+01
 1.97579170000000E+03  -5.36490000000000E+00
 1.97587500000000E+03  -8.32090000000000E+00
 1.97595830000000E+03  -7.38700000000000E-01
 1.97604170000000E+03  -1.31030000000000E+00
 1.97612500000000E+03  -5.74700000000000E-01
 1.97620830000000E+03  -7.99330000000000E+00
 1.97629170000000E+03  -4.64887000000000E+01
 1.97637500000000E+03  -6.38309000000000E+01
 1.97645830000000E+03  -5.34810000000000E+01
 1.97654170000000E+03  -8.36695000000000E+01
 1.97662500000000E+03  -1.37012500000000E+02
 1.97670830000000E+03  -1.38432600000000E+02
 1.97679170000000E+03  -1.22775700000000E+02
 1.97687500000000E+03  -1.28888700000000E+02
 1.97695830000000E+03  -1.25694200000000E+02
 1.97704170000000E+03  -1.16038100000000E+02
 1.97712500000000E+03  -1.21459500000000E+02
 1.97720830000000E+03  -1.12958100000000E+02
 1.97729170000000E+03  -9.93797000000000E+01
 1.97737500000000E+03  -4.10327000000000E+01
 1.97745830000000E+03  -2.95321000000000E+01
 1.97754170000000E+03  -2.61852000000000E+01
 1.97762500000000E+03  -4.31467000000000E+01
 1.97770830000000E+03  -3.49545000000000E+01
 1.97779170000000E+03  -4.46084000000000E+01
 1.97787500000000E+03  -7.48784000000000E+01
 1.97795830000000E+03  -7.42254000000000E+01
 1.97804170000000E+03  -6.28802000000000E+01
 1.97812500000000E+03  -7.15355000000000E+01
 1.97820830000000E+03  -3.54218000000000E+01
 1.97829170000000E+03  -2.63850000000000E+01
 1.97837500000000E+03  -1.50260000000000E+00
 1.97845830000000E+03  -3.90820000000000E+01
 1.97854170000000E+03  -5.67383000000000E+01
 1.97862500000000E+03  -7.76259000000000E+01
 1.97870830000000E+03  -6.29753000000000E+01
 1.97879170000000E+03  -7.44016000000000E+01
 1.97887500000000E+03  -6.30592000000000E+01
 1.97895830000000E+03  -4.13325000000000E+01
 1.97904170000000E+03  -1.54519000000000E+01
 1.97912500000000E+03  -1.07257000000000E+01
 1.97920830000000E+03   9.15410000000000E+00
 1.97929170000000E+03  -1.78122000000000E+01
 1.97937500000000E+03  -3.13944000000000E+01
 1.97945830000000E+03  -4.81308000000000E+01
 1.97954170000000E+03  -4.84825000000000E+01
 1.97962500000000E+03  -4.48348000000000E+01
 1.97970830000000E+03  -6.54950000000000E+01
 1.97979170000000E+03  -7.16167000000000E+01
 1.97987500000000E+03  -6.83543000000000E+01
 1.97995830000000E+03  -6.93230000000000E+01
 1.98004170000000E+03  -6.13686000000000E+01
 1.98012500000000E+03  -7.78763000000000E+01
 1.98020830000000E+03  -7.87688000000000E+01
 1.98029170000000E+03  -8.27382000000000E+01
 1.98037500000000E+03  -7.14774000000000E+01
 1.98045830000000E+03  -4.24477000000000E+01
 1.98054170000000E+03  -2.62640000000000E+01
 1.98062500000000E+03   1.53440000000000E+00
 1.98070830000000E+03   4.48650000000000E+00
 1.98079170000000E+03   2.19771000000000E+01
 1.98087500000000E+03   2.30824000000000E+01
 1.98095830000000E+03   4.10337000000000E+01
 1.98104170000000E+03   5.58312000000000E+01
 1.98112500000000E+03   6.68589000000000E+01
 1.98120830000000E+03   6.34248000000000E+01
 1.98129170000000E+03   7.08368000000000E+01
 1.98137500000000E+03   8.74022000000000E+01
 1.98145830000000E+03   9.89673000000000E+01
 1.98154170000000E+03   6.56863000000000E+01
 1.98162500000000E+03   3.05586000000000E+01
 1.98170830000000E+03   1.14306000000000E+01
 1.98179170000000E+03   2.79950000000000E+01
 1.98187500000000E+03   4.42511000000000E+01
 1.98195830000000E+03   4.83531000000000E+01
 1.98204170000000E+03   4.13013000000000E+01
 1.98212500000000E+03   3.71721000000000E+01
 1.98220830000000E+03   4.31964000000000E+01
 1.98229170000000E+03   7.25284000000000E+01
 1.98237500000000E+03   8.33214000000000E+01
 1.98245830000000E+03   1.00345000000000E+02
 1.98254170000000E+03   9.42916000000000E+01
 1.98262500000000E+03   9.85454000000000E+01
 1.98270830000000E+03   9.75682000000000E+01
 1.98287500000000E+03   8.46132000000000E+01
 1.98295830000000E+03   7.58660000000000E+01
 1.98304170000000E+03   7.57342000000000E+01
 1.98312500000000E+03   8.72172000000000E+01
 1.98320830000000E+03   1.02084500000000E+02
 1.98329170000000E+03   1.33490400000000E+02
 1.98337500000000E+03   1.47434100000000E+02
 1.98345830000000E+03   1.39608400000000E+02
 1.98354170000000E+03   1.04936600000000E+02
 1.98362500000000E+03   3.05719000000000E+01
 1.98370830000000E+03  -3.40850000000000E+00
 1.98379170000000E+03  -2.04657000000000E+01
 1.98387500000000E+03  -1.92158000000000E+01
 1.98395830000000E+03   5.80300000000000E+00
 1.98412500000000E+03   8.30180000000000E+00
 1.98420830000000E+03   5.08920000000000E+00
 1.98429170000000E+03   3.18420000000000E+00
 1.98437500000000E+03  -1.08751000000000E+01
 1.98445830000000E+03  -6.53963000000000E+01
 1.98454170000000E+03  -1.05378900000000E+02
 1.98462500000000E+03  -1.38208300000000E+02
 1.98487500000000E+03  -1.31159200000000E+02
 1.98495830000000E+03  -1.01220300000000E+02
 1.98512500000000E+03  -7.58816000000000E+01
 1.98520830000000E+03  -4.08666000000000E+01
 1.98529170000000E+03  -2.30054000000000E+01
 1.98537500000000E+03  -2.15294000000000E+01
 1.98545830000000E+03  -1.05921000000000E+01
 1.98554170000000E+03  -1.80870000000000E+00
 1.98562500000000E+03  -2.63334000000000E+01
 1.98570830000000E+03  -4.27816000000000E+01
 1.98579170000000E+03  -4.14604000000000E+01
 1.98587500000000E+03  -4.27552000000000E+01
 1.98595830000000E+03  -3.71272000000000E+01
 1.98604170000000E+03  -2.77299000000000E+01
 1.98612500000000E+03  -3.03331000000000E+01
 1.98620830000000E+03  -1.85520000000000E+01
 1.98629170000000E+03  -2.05401000000000E+01
 1.98637500000000E+03  -7.14410000000000E+00
 1.98645830000000E+03   2.94390000000000E+00
 1.98654170000000E+03  -1.69681000000000E+01
 1.98662500000000E+03  -2.36498000000000E+01
 1.98670830000000E+03  -2.34087000000000E+01
 1.98679170000000E+03  -2.09368000000000E+01
 1.98687500000000E+03  -8.54240000000000E+00
 1.98695830000000E+03  -3.02100000000000E-01
 1.98704170000000E+03   1.10152000000000E+01
 1.98712500000000E+03   1.54857000000000E+01
 1.98720830000000E+03   3.00330000000000E+01
 1.98729170000000E+03   1.17341000000000E+01
 1.98737500000000E+03  -6.10380000000000E+00
 1.98745830000000E+03  -2.40959000000000E+01
 1.98754170000000E+03  -2.76263000000000E+01
 1.98762500000000E+03  -1.60804000000000E+01
 1.98770830000000E+03  -1.92270000000000E+01
 1.98779170000000E+03  -1.37360000000000E+00
 1.98787500000000E+03  -5.92000000000000E-02
 1.98795830000000E+03  -1.59130000000000E+00
 1.98804170000000E+03  -3.58480000000000E+00
 1.98812500000000E+03   6.88260000000000E+00
 1.98820830000000E+03   1.09652000000000E+01
 1.98829170000000E+03   5.81700000000000E+00
 1.98837500000000E+03   1.42068000000000E+01
 1.98845830000000E+03   3.62117000000000E+01
 1.98854170000000E+03   6.59089000000000E+01
 1.98862500000000E+03   8.76055000000000E+01
 1.98870830000000E+03   1.06148100000000E+02
 1.98879170000000E+03   1.01075300000000E+02
 1.98887500000000E+03   1.10155800000000E+02
 1.98895830000000E+03   1.23697600000000E+02
 1.98904170000000E+03   1.33393200000000E+02
 1.98912500000000E+03   1.53857600000000E+02
 1.98920830000000E+03   1.43629400000000E+02
 1.98929170000000E+03   1.42016500000000E+02
 1.98937500000000E+03   1.39787800000000E+02
 1.98945830000000E+03   1.43866500000000E+02
 1.98954170000000E+03   1.47022100000000E+02
 1.98962500000000E+03   1.42869500000000E+02
 1.98970830000000E+03   1.49562800000000E+02
 1.98979170000000E+03   1.38948400000000E+02
 1.98987500000000E+03   1.39487400000000E+02
 1.98995830000000E+03   1.32949100000000E+02
 1.99004170000000E+03   1.46257000000000E+02
 1.99012500000000E+03   1.50256700000000E+02
 1.99020830000000E+03   1.40717700000000E+02
 1.99029170000000E+03   1.48101800000000E+02
 1.99037500000000E+03   1.38716100000000E+02
 1.99045830000000E+03   1.35099400000000E+02
 1.99054170000000E+03   1.37559600000000E+02
 1.99062500000000E+03   9.64039000000000E+01
 1.99070830000000E+03   4.21710000000000E+01
 1.99079170000000E+03  -1.78311000000000E+01
 1.99087500000000E+03  -3.65261000000000E+01
 1.99095830000000E+03  -2.71444000000000E+01
 1.99104170000000E+03  -1.84549000000000E+01
 1.99112500000000E+03  -2.16891000000000E+01
 1.99120830000000E+03  -1.96928000000000E+01
 1.99129170000000E+03  -1.91580000000000E+01
 1.99137500000000E+03  -2.14699000000000E+01
 1.99145830000000E+03  -1.07051000000000E+01
 1.99154170000000E+03   1.52904000000000E+01
 1.99162500000000E+03   1.26701000000000E+01
 1.99170830000000E+03   3.95879000000000E+01
 1.99179170000000E+03   5.51981000000000E+01
 1.99187500000000E+03   6.11154000000000E+01
 1.99195830000000E+03   5.34171000000000E+01
 1.99204170000000E+03   4.71804000000000E+01
 1.99212500000000E+03   5.46354000000000E+01
 1.99220830000000E+03   5.48594000000000E+01
 1.99229170000000E+03   3.71603000000000E+01
 1.99237500000000E+03   4.20760000000000E+01
 1.99245830000000E+03   4.96839000000000E+01
 1.99254170000000E+03   6.37532000000000E+01
 1.99262500000000E+03   5.46682000000000E+01
 1.99270830000000E+03   4.23522000000000E+01
 1.99279170000000E+03   1.64977000000000E+01
 1.99287500000000E+03   7.96500000000000E-01
 1.99295830000000E+03   8.17200000000000E+00
 1.99304170000000E+03   3.97783000000000E+01
 1.99312500000000E+03   5.47687000000000E+01
 1.99320830000000E+03   3.48357000000000E+01
 1.99329170000000E+03   1.02874000000000E+01
 1.99337500000000E+03  -4.72300000000000E+00
 1.99345830000000E+03  -1.61953000000000E+01
 1.99354170000000E+03  -2.31290000000000E+01
 1.99362500000000E+03  -6.25248000000000E+01
 1.99370830000000E+03  -8.45363000000000E+01
 1.99379170000000E+03  -9.08554000000000E+01
 1.99387500000000E+03  -9.31751000000000E+01
 1.99395830000000E+03  -6.16488000000000E+01
 1.99404170000000E+03  -6.71995000000000E+01
 1.99412500000000E+03  -8.86738000000000E+01
 1.99420830000000E+03  -1.00840600000000E+02
 1.99429170000000E+03  -8.25460000000000E+01
 1.99437500000000E+03  -6.00210000000000E+01
 1.99445830000000E+03  -1.25733000000000E+01
 1.99454170000000E+03   6.79760000000000E+00
 1.99462500000000E+03   3.00910000000000E+01
 1.99470830000000E+03   5.68456000000000E+01
 1.99479170000000E+03   7.13695000000000E+01
 1.99487500000000E+03   7.12006000000000E+01
 1.99495830000000E+03   8.50314000000000E+01
 1.99504170000000E+03   7.44776000000000E+01
 1.99512500000000E+03   7.26926000000000E+01
 1.99520830000000E+03   6.87534000000000E+01
 1.99529170000000E+03   7.95065000000000E+01
 1.99537500000000E+03   7.81052000000000E+01
 1.99545830000000E+03   5.83960000000000E+01
 1.99554170000000E+03   9.68680000000000E+00
 1.99562500000000E+03  -4.22537000000000E+01
 1.99570830000000E+03  -1.07194400000000E+02
 1.99579170000000E+03  -1.44750500000000E+02
 1.99587500000000E+03  -1.71537900000000E+02
 1.99595830000000E+03  -1.68479500000000E+02
 1.99604170000000E+03  -1.55421000000000E+02
 1.99612500000000E+03  -1.67440000000000E+02
 1.99620830000000E+03  -1.81997600000000E+02
 1.99629170000000E+03  -1.75170700000000E+02
 1.99637500000000E+03  -1.66882800000000E+02
 1.99645830000000E+03  -1.74364300000000E+02
 1.99654170000000E+03  -1.63384300000000E+02
 1.99662500000000E+03  -1.22327900000000E+02
 1.99670830000000E+03  -7.75025000000000E+01
 1.99679170000000E+03  -3.37541000000000E+01
 1.99687500000000E+03  -1.71600000000000E+01
 1.99695830000000E+03  -1.36431000000000E+01
 1.99704170000000E+03  -2.40493000000000E+01
 1.99712500000000E+03  -4.64560000000000E+01
 1.99720830000000E+03  -2.03245000000000E+01
 1.99729170000000E+03   2.10378000000000E+01
 1.99737500000000E+03   2.09380000000000E+01
 1.99745830000000E+03  -9.93120000000000E+00
 1.99754170000000E+03  -5.80050000000000E+00
 1.99762500000000E+03   1.69451000000000E+01
 1.99770830000000E+03   1.63058000000000E+01
 1.99779170000000E+03  -1.84873000000000E+01
 1.99787500000000E+03  -4.04348000000000E+01
 1.99795830000000E+03  -3.64594000000000E+01
 1.99804170000000E+03  -1.20995000000000E+01
 1.99812500000000E+03   1.79522000000000E+01
 1.99820830000000E+03   3.39268000000000E+01
 1.99829170000000E+03   2.02090000000000E+01
 1.99837500000000E+03   1.27984000000000E+01
 1.99845830000000E+03   2.43107000000000E+01
 1.99854170000000E+03   4.81306000000000E+01
 1.99862500000000E+03   5.84116000000000E+01
 1.99870830000000E+03   3.50769000000000E+01
 1.99879170000000E+03   1.78960000000000E+01
 1.99887500000000E+03   2.81762000000000E+01
 1.99895830000000E+03   3.12253000000000E+01
 1.99904170000000E+03   3.08129000000000E+01
 1.99912500000000E+03   1.13231000000000E+01
 1.99920830000000E+03  -1.65516000000000E+01
 1.99929170000000E+03  -1.18109000000000E+01
 1.99937500000000E+03  -8.53230000000000E+00
 1.99945830000000E+03   1.12076000000000E+01
 1.99954170000000E+03   2.69475000000000E+01
 1.99962500000000E+03   4.56099000000000E+01
 1.99970830000000E+03   4.98106000000000E+01
 1.99979170000000E+03   4.33189000000000E+01
 1.99987500000000E+03   3.17498000000000E+01
 1.99995830000000E+03   4.97189000000000E+01
 2.00004170000000E+03   7.05342000000000E+01
 2.00012500000000E+03   7.91951000000000E+01
 2.00020830000000E+03   7.25481000000000E+01
 2.00029170000000E+03   7.03625000000000E+01
 2.00037500000000E+03   5.87919000000000E+01
 2.00045830000000E+03   6.20671000000000E+01
 2.00054170000000E+03   2.74193000000000E+01
 2.00062500000000E+03  -2.84440000000000E+00
 2.00070830000000E+03  -4.42623000000000E+01
 2.00079170000000E+03  -7.76032000000000E+01
 2.00087500000000E+03  -7.66369000000000E+01
 2.00095830000000E+03  -5.79017000000000E+01
 2.00104170000000E+03  -6.53973000000000E+01
 2.00112500000000E+03  -7.19702000000000E+01
 2.00120830000000E+03  -6.86973000000000E+01
 2.00129170000000E+03  -5.47321000000000E+01
 2.00137500000000E+03  -1.63059000000000E+01
 2.00145830000000E+03  -1.07260000000000E+01
 2.00154170000000E+03  -9.92400000000000E-01
 2.00162500000000E+03   3.97408000000000E+01
 2.00170830000000E+03   7.57045000000000E+01
 2.00179170000000E+03   7.46681000000000E+01
 2.00187500000000E+03   7.46313000000000E+01
 2.00195830000000E+03   8.05172000000000E+01
 2.00204170000000E+03   8.39417000000000E+01
 2.00212500000000E+03   7.57502000000000E+01
 2.00220830000000E+03   5.97892000000000E+01
 2.00229170000000E+03   3.49821000000000E+01
 2.00237500000000E+03   2.23283000000000E+01
 2.00245830000000E+03  -3.58642000000000E+01
 2.00254170000000E+03  -3.64414000000000E+01
 2.00262500000000E+03  -6.28651000000000E+01
 2.00270830000000E+03  -1.22058400000000E+02
 2.00279170000000E+03  -1.65713300000000E+02
 2.00287500000000E+03  -1.61368600000000E+02
 2.00295830000000E+03  -1.45408800000000E+02
 2.00304170000000E+03  -1.39295200000000E+02
 2.00312500000000E+03  -1.44105200000000E+02
 2.00320830000000E+03  -1.30761600000000E+02
 2.00329170000000E+03  -1.13648700000000E+02
 2.00337500000000E+03  -1.03536400000000E+02
 2.00345830000000E+03  -8.28090000000000E+01
 2.00354170000000E+03  -5.03892000000000E+01
 2.00362500000000E+03  -4.42007000000000E+01
 2.00370830000000E+03  -4.33971000000000E+01
 2.00379170000000E+03  -3.76705000000000E+01
 2.00387500000000E+03  -3.06366000000000E+01
 2.00395830000000E+03  -1.81415000000000E+01
 2.00404170000000E+03  -7.10790000000000E+00
 2.00412500000000E+03  -1.23825000000000E+01
 2.00420830000000E+03  -1.11890000000000E+00
 2.00429170000000E+03   3.68310000000000E+00
 2.00437500000000E+03   6.94620000000000E+00
 2.00445830000000E+03   3.67474000000000E+01
 2.00454170000000E+03   6.69333000000000E+01
 2.00462500000000E+03   7.05802000000000E+01
 2.00470830000000E+03   4.53038000000000E+01
 2.00479170000000E+03   3.43350000000000E+01
 2.00487500000000E+03   3.94427000000000E+01
 2.00495830000000E+03   4.97039000000000E+01
 2.00504170000000E+03   4.84267000000000E+01
 2.00512500000000E+03   4.93797000000000E+01
 2.00520830000000E+03   5.76402000000000E+01
 2.00529170000000E+03   4.02084000000000E+01
 2.00537500000000E+03   4.35453000000000E+01
 2.00545830000000E+03   3.40357000000000E+01
 2.00554170000000E+03  -4.93540000000000E+00
 2.00562500000000E+03  -6.02147000000000E+01
 2.00570830000000E+03  -8.82634000000000E+01
 2.00579170000000E+03  -7.51584000000000E+01
 2.00587500000000E+03  -6.85923000000000E+01
 2.00595830000000E+03  -6.01803000000000E+01
 2.00604170000000E+03  -6.96145000000000E+01
 2.00612500000000E+03  -7.70492000000000E+01
 2.00620830000000E+03  -8.41764000000000E+01
 2.00629170000000E+03  -8.19191000000000E+01
 2.00637500000000E+03  -5.35853000000000E+01
 2.00645830000000E+03  -3.06364000000000E+01
 2.00654170000000E+03   1.43125000000000E+01
 2.00662500000000E+03   3.70301000000000E+01
 2.00670830000000E+03   5.35936000000000E+01
 2.00679170000000E+03   7.76955000000000E+01
 2.00687500000000E+03   8.34123000000000E+01
 2.00695830000000E+03   9.05905000000000E+01
 2.00704170000000E+03   1.05999300000000E+02
 2.00712500000000E+03   1.23100000000000E+02
 2.00720830000000E+03   1.48277300000000E+02
 2.00729170000000E+03   1.44454600000000E+02
 2.00737500000000E+03   1.50862200000000E+02
 2.00745830000000E+03   1.41577200000000E+02
 2.00754170000000E+03   1.19138400000000E+02
 2.00762500000000E+03   9.57759000000000E+01
 2.00770830000000E+03   1.10259400000000E+02
 2.00779170000000E+03   9.82044000000000E+01
 2.00787500000000E+03   8.13796000000000E+01
 2.00795830000000E+03   7.41700000000000E+01
 2.00804170000000E+03   8.41912000000000E+01
 2.00812500000000E+03   7.65195000000000E+01
 2.00820830000000E+03   5.57706000000000E+01
 2.00829170000000E+03   5.57910000000000E+01
 2.00837500000000E+03   7.49647000000000E+01
 2.00845830000000E+03   7.16766000000000E+01
 2.00854170000000E+03   5.63115000000000E+01
 2.00862500000000E+03   3.06383000000000E+01
 2.00870830000000E+03  -1.41980000000000E+00
 2.00879170000000E+03  -4.28625000000000E+01
 2.00887500000000E+03  -4.48442000000000E+01
 2.00895830000000E+03  -2.95954000000000E+01
 2.00904170000000E+03  -2.01928000000000E+01
 2.00912500000000E+03  -2.18676000000000E+01
 2.00920830000000E+03  -1.77734000000000E+01
 2.00929170000000E+03   5.62850000000000E+00
 2.00937500000000E+03  -2.62009000000000E+01
 2.00945830000000E+03  -5.37229000000000E+01
 2.00954170000000E+03  -9.11680000000000E+01
 2.00962500000000E+03  -1.15998200000000E+02
 2.00970830000000E+03  -1.07059400000000E+02
 2.00979170000000E+03  -1.06274500000000E+02
 2.00987500000000E+03  -9.24901000000000E+01
 2.00995830000000E+03  -8.24751000000000E+01
 2.01004170000000E+03  -8.37679000000000E+01
 2.01012500000000E+03  -8.39843000000000E+01
 2.01020830000000E+03  -8.68932000000000E+01
 2.01029170000000E+03  -1.03648300000000E+02
 2.01037500000000E+03  -1.08250000000000E+02
 2.01045830000000E+03  -1.07236700000000E+02
 2.01054170000000E+03  -1.02454100000000E+02
 2.01062500000000E+03  -7.85182000000000E+01
 2.01070830000000E+03  -6.69671000000000E+01
 2.01079170000000E+03  -6.21084000000000E+01
 2.01087500000000E+03  -6.43271000000000E+01
 2.01095830000000E+03  -5.70075000000000E+01
 2.01104170000000E+03  -5.66111000000000E+01
 2.01112500000000E+03  -5.19844000000000E+01
 2.01120830000000E+03  -4.00503000000000E+01
 2.01129170000000E+03  -2.15009000000000E+01
 2.01137500000000E+03  -1.63365000000000E+01
 2.01145830000000E+03   1.72123000000000E+01
 2.01154170000000E+03   5.60686000000000E+01
 2.01162500000000E+03   4.80015000000000E+01
 2.01170830000000E+03   5.33956000000000E+01
 2.01179170000000E+03   6.66358000000000E+01
 2.01187500000000E+03   5.80294000000000E+01
 2.01195830000000E+03   6.93458000000000E+01
 2.01204170000000E+03   7.02006000000000E+01
 2.01212500000000E+03   7.22088000000000E+01
 2.01220830000000E+03   8.96783000000000E+01
 2.01229170000000E+03   9.32246000000000E+01
 2.01237500000000E+03   8.70013000000000E+01
 2.01245830000000E+03   8.09315000000000E+01
 2.01254170000000E+03   3.43233000000000E+01
 2.01262500000000E+03  -3.36240000000000E+00
 2.01270830000000E+03  -2.68945000000000E+01
 2.01279170000000E+03  -4.81189000000000E+01
 2.01287500000000E+03  -6.08054000000000E+01
 2.01295830000000E+03  -6.06459000000000E+01
 2.01304170000000E+03  -6.37173000000000E+01
 2.01312500000000E+03  -6.75583000000000E+01
 2.01320830000000E+03  -7.04766000000000E+01
 2.01329170000000E+03  -9.83949000000000E+01
 2.01337500000000E+03  -9.52367000000000E+01
 2.01345830000000E+03  -7.66942000000000E+01
 2.01354170000000E+03  -6.98441000000000E+01
 2.01362500000000E+03  -8.09175000000000E+01
 2.01370830000000E+03  -7.42219000000000E+01
 2.01379170000000E+03  -5.09110000000000E+01
 2.01387500000000E+03  -4.50620000000000E+01
 2.01395830000000E+03  -4.29057000000000E+01
 2.01404170000000E+03  -4.32879000000000E+01
 2.01412500000000E+03  -3.89013000000000E+01
 2.01420830000000E+03  -4.74380000000000E+01
 2.01429170000000E+03  -5.21287000000000E+01
 2.01437500000000E+03  -5.55121000000000E+01
 2.01445830000000E+03  -6.99727000000000E+01
 2.01454170000000E+03  -6.78180000000000E+01
 2.01462500000000E+03  -5.58175000000000E+01
 2.01470830000000E+03  -4.29712000000000E+01
 2.01479170000000E+03  -3.75865000000000E+01
 2.01487500000000E+03  -2.33561000000000E+01
 2.01495830000000E+03  -2.79700000000000E-01
 2.01504170000000E+03   2.03350000000000E+01
 2.01512500000000E+03   2.31031000000000E+01
 2.01520830000000E+03   1.50248000000000E+01
 2.01529170000000E+03   8.86940000000000E+00
 2.01537500000000E+03   3.14829000000000E+01
 2.01545830000000E+03   8.36346000000000E+01
 2.01554170000000E+03   7.26324000000000E+01
 2.01562500000000E+03   5.96297000000000E+01
 2.01570830000000E+03   3.80114000000000E+01
 2.01579170000000E+03   3.61622000000000E+01
 2.01587500000000E+03   2.30818000000000E+01
 2.01595830000000E+03   2.69350000000000E+00
 2.01604170000000E+03  -2.77180000000000E+00
 2.01612500000000E+03  -1.08380000000000E+00
 2.01620830000000E+03   6.14250000000000E+00
 2.01629170000000E+03  -1.10928000000000E+01
 2.01637500000000E+03  -4.55940000000000E+00
 2.01645830000000E+03  -4.48770000000000E+00
 2.01654170000000E+03  -2.65700000000000E+01
 2.01662500000000E+03  -3.54989000000000E+01
 2.01670830000000E+03  -5.52742000000000E+01
 2.01679170000000E+03  -4.00495000000000E+01
 2.01687500000000E+03  -4.65946000000000E+01
 2.01695830000000E+03  -3.15245000000000E+01
 2.01704170000000E+03  -9.83910000000000E+00
 2.01712500000000E+03  -8.61560000000000E+00
 2.01720830000000E+03  -1.87771000000000E+01
 2.01729170000000E+03  -1.16309000000000E+01
 2.01737500000000E+03   3.75917000000000E+01
 2.01745830000000E+03   7.67372000000000E+01
 2.01754170000000E+03   6.91133000000000E+01
 2.01762500000000E+03   4.27198000000000E+01
 2.01770830000000E+03   2.74799000000000E+01
 2.01779170000000E+03   6.47060000000000E+00
 2.01787500000000E+03  -1.53083000000000E+01
 2.01795830000000E+03  -1.49336000000000E+01
 2.01804170000000E+03  -2.64821000000000E+01
 2.01812500000000E+03  -3.20310000000000E+01
 2.01820830000000E+03  -2.89648000000000E+01
 2.01829170000000E+03  -1.27448000000000E+01
 2.01837500000000E+03  -2.86791000000000E+01
 2.01845830000000E+03  -6.11521000000000E+01
 2.01854170000000E+03  -8.47022000000000E+01
 2.01862500000000E+03  -9.33296000000000E+01
 2.01870830000000E+03  -7.28803000000000E+01
 2.01879170000000E+03  -6.18927000000000E+01
 2.01887500000000E+03  -4.75208000000000E+01
 2.01895830000000E+03  -3.79185000000000E+01
 2.01904170000000E+03  -2.11624000000000E+01
 2.01912500000000E+03  -1.89452000000000E+01
 2.01920830000000E+03  -9.26670000000000E+00
 2.01929170000000E+03  -8.58830000000000E+00
 2.01937500000000E+03  -3.80642000000000E+01
 2.01945830000000E+03  -1.76942000000000E+01
 2.01954170000000E+03   2.11373000000000E+01
 2.01962500000000E+03   5.39683000000000E+01
 2.01970830000000E+03   7.14145000000000E+01
 2.01979170000000E+03   6.37836000000000E+01
 2.01987500000000E+03   8.47677000000000E+01
 2.01995830000000E+03   8.35977000000000E+01
 2.02004170000000E+03   1.02889200000000E+02
 2.02012500000000E+03   9.91802000000000E+01
 2.02020830000000E+03   1.10394000000000E+02
 2.02029170000000E+03   9.48385000000000E+01
 2.02037500000000E+03   1.03282600000000E+02
 2.02045830000000E+03   1.14803400000000E+02
 2.02054170000000E+03   9.61702000000000E+01
 2.02062500000000E+03   4.77673000000000E+01
 2.02070830000000E+03   6.28730000000000E+00
 2.02079170000000E+03  -5.26970000000000E+00
 2.02087500000000E+03  -1.44426000000000E+01
 2.02095830000000E+03  -2.52311000000000E+01
 2.02104170000000E+03  -2.57120000000000E+01
 2.02112500000000E+03  -3.13472000000000E+01
 2.02120830000000E+03  -4.09826000000000E+01
 2.02129170000000E+03  -3.90027000000000E+01
 2.02137500000000E+03  -1.67156000000000E+01
 2.02145830000000E+03  -3.41979000000000E+01
 2.02154170000000E+03  -1.95266000000000E+01
 2.02162500000000E+03   2.19136000000000E+01
 2.02170830000000E+03   3.38151000000000E+01
 2.02179170000000E+03   2.82550000000000E+01
 2.02187500000000E+03   1.65405000000000E+01
 2.02195830000000E+03   2.65951000000000E+01
 2.02204170000000E+03   4.37265000000000E+01
 2.02212500000000E+03   5.06266000000000E+01
 2.02220830000000E+03   3.09881000000000E+01
 2.02229170000000E+03   4.70418000000000E+01
 2.02237500000000E+03   3.80181000000000E+01
 2.02245830000000E+03   1.16865000000000E+01
 2.02254170000000E+03   2.30471000000000E+01
 2.02262500000000E+03   2.20226000000000E+01
 2.02270830000000E+03  -6.15590000000000E+00
 2.02279170000000E+03  -2.01807000000000E+01
 2.02287500000000E+03  -2.82060000000000E+01
 2.02295830000000E+03  -3.50007000000000E+01
 2.02304170000000E+03  -2.93340000000000E+01
 2.02312500000000E+03  -2.40523000000000E+01
 2.02320830000000E+03  -1.80785000000000E+01
 2.02329170000000E+03   1.14336000000000E+01
 2.02337500000000E+03   7.79140000000000E+00
 2.02345830000000E+03   1.16874000000000E+01
 2.02354170000000E+03   2.40000000000000E+01
 2.02362500000000E+03   1.41642000000000E+01
 2.02370830000000E+03  -4.64300000000000E-01
 2.02379170000000E+03  -8.48280000000000E+00
 2.02387500000000E+03   2.33371000000000E+01
 2.02395830000000E+03   5.69266000000000E+01
