1880	-0.72088008
1880.083333	-0.25368008
1880.166667	0.27141992
1880.25	0.53341992
1880.333333	0.84571992
1880.416667	0.43141992
1880.5	-0.16218008
1880.583333	-0.57268008
1880.666667	-0.85848008
1880.75	-0.59618008
1880.833333	-0.37258008
1880.916667	-0.31168008
1881	-0.14268008
1881.083333	0.10201992
1881.166667	0.62731992
1881.25	1.33231992
1881.333333	1.50501992
1881.416667	0.95411992
1881.5	-0.21148008
1881.583333	-1.03938008
1881.666667	-1.09748008
1881.75	-0.80418008
1881.833333	-0.83518008
1881.916667	-1.04458008
1882	-1.06548008
1882.083333	-0.64028008
1882.166667	-0.28088008
1882.25	0.44271992
1882.333333	0.75051992
1882.416667	0.58771992
1882.5	0.11961992
1882.583333	-0.53568008
1882.666667	-0.74828008
1882.75	-0.79068008
1882.833333	-0.74018008
1882.916667	-0.63428008
1883	-0.54928008
1883.083333	0.00391992
1883.166667	0.44331992
1883.25	0.84181992
1883.333333	1.12081992
1883.416667	0.64521992
1883.5	0.06211992
1883.583333	-0.43508008
1883.666667	-0.49518008
1883.75	-0.50008008
1883.833333	-0.76548008
1883.916667	-0.70758008
1884	-0.93048008
1884.083333	-0.29528008
1884.166667	0.14901992
1884.25	0.59251992
1884.333333	0.21911992
1884.416667	0.20491992
1884.5	0.11991992
1884.583333	0.26321992
1884.666667	-0.01388008
1884.75	-0.18948008
1884.833333	0.06281992
1884.916667	0.15971992
1885	-0.03858008
1885.083333	-0.21008008
1885.166667	-0.00758008
1885.25	0.45751992
1885.333333	0.70351992
1885.416667	0.56481992
1885.5	-0.12848008
1885.583333	-0.29698008
1885.666667	-0.01088008
1885.75	0.42271992
1885.833333	0.49051992
1885.916667	-0.05688008
1886	-0.01898008
1886.083333	0.13801992
1886.166667	0.26271992
1886.25	0.36821992
1886.333333	0.18391992
1886.416667	-0.05078008
1886.5	-0.47088008
1886.583333	-0.77048008
1886.666667	-1.02488008
1886.75	-1.08028008
1886.833333	-1.24558008
1886.916667	-1.58658008
1887	-1.43408008
1887.083333	-1.38868008
1887.166667	-0.79428008
1887.25	-0.25608008
1887.333333	-0.21078008
1887.416667	-0.50278008
1887.5	-1.21068008
1887.583333	-0.79008008
1887.666667	-0.64948008
1887.75	-0.46788008
1887.833333	-0.44408008
1887.916667	-0.23628008
1888	-0.24468008
1888.083333	-0.05898008
1888.166667	0.72561992
1888.25	1.11611992
1888.333333	1.00901992
1888.416667	0.94671992
1888.5	0.57711992
1888.583333	0.13631992
1888.666667	0.24041992
1888.75	0.63041992
1888.833333	0.82661992
1888.916667	1.17201992
1889	1.26811992
1889.083333	1.43961992
1889.166667	1.68201992
1889.25	1.64831992
1889.333333	1.44561992
1889.416667	1.19311992
1889.5	0.45311992
1889.583333	-0.32318008
1889.666667	-0.74808008
1889.75	-0.78418008
1889.833333	-0.97948008
1889.916667	-1.86668008
1890	-2.19528008
1890.083333	-1.70598008
1890.166667	-1.15028008
1890.25	-0.49288008
1890.333333	-0.13958008
1890.416667	-0.30118008
1890.5	-0.47998008
1890.583333	-0.43588008
1890.666667	-0.52958008
1890.75	-0.51168008
1890.833333	-0.28278008
1890.916667	-0.04998008
1891	-0.00518008
1891.083333	0.10861992
1891.166667	0.71501992
1891.25	1.26201992
1891.333333	1.32221992
1891.416667	1.13671992
1891.5	0.82481992
1891.583333	0.60661992
1891.666667	0.33031992
1891.75	0.13331992
1891.833333	0.06361992
1891.916667	-0.07558008
1892	-0.26238008
1892.083333	-0.04338008
1892.166667	0.40911992
1892.25	0.70421992
1892.333333	0.65571992
1892.416667	0.27681992
1892.5	-0.50198008
1892.583333	-0.91568008
1892.666667	-1.47098008
1892.75	-1.43228008
1892.833333	-1.46308008
1892.916667	-1.27798008
1893	-1.17618008
1893.083333	-0.81188008
1893.166667	-0.32428008
1893.25	-0.08938008
1893.333333	-0.02528008
1893.416667	-0.11518008
1893.5	-0.43728008
1893.583333	-0.99548008
1893.666667	-1.54978008
1893.75	-1.55388008
1893.833333	-1.37948008
1893.916667	-1.26648008
1894	-1.03988008
1894.083333	-0.66598008
1894.166667	-0.28478008
1894.25	0.25321992
1894.333333	0.58981992
1894.416667	0.47851992
1894.5	0.02161992
1894.583333	-0.46838008
1894.666667	-0.70648008
1894.75	-0.72498008
1894.833333	-0.80548008
1894.916667	-0.81588008
1895	-0.54808008
1895.083333	-0.38058008
1895.166667	0.10261992
1895.25	0.53771992
1895.333333	0.63821992
1895.416667	0.59281992
1895.5	0.46201992
1895.583333	0.20431992
1895.666667	0.01101992
1895.75	0.43941992
1895.833333	0.57021992
1895.916667	0.54861992
1896	0.39351992
1896.083333	0.34161992
1896.166667	0.56441992
1896.25	0.82791992
1896.333333	0.98311992
1896.416667	0.92271992
1896.5	0.75841992
1896.583333	0.48721992
1896.666667	0.49531992
1896.75	0.70231992
1896.833333	0.87231992
1896.916667	0.96111992
1897	1.20831992
1897.083333	1.46141992
1897.166667	1.58081992
1897.25	1.58931992
1897.333333	1.33461992
1897.416667	0.93721992
1897.5	0.34081992
1897.583333	-0.30788008
1897.666667	-0.56328008
1897.75	-0.52198008
1897.833333	-0.43838008
1897.916667	-0.65188008
1898	-0.76438008
1898.083333	-0.47138008
1898.166667	0.14381992
1898.25	0.49901992
1898.333333	0.67981992
1898.416667	0.51521992
1898.5	0.02561992
1898.583333	-0.45688008
1898.666667	-0.55768008
1898.75	-0.36618008
1898.833333	-0.29878008
1898.916667	-0.17048008
1899	-0.18768008
1899.083333	-0.03408008
1899.166667	0.24681992
1899.25	0.74011992
1899.333333	0.96521992
1899.416667	0.84111992
1899.5	0.52311992
1899.583333	0.22941992
1899.666667	0.18581992
1899.75	0.50541992
1899.833333	0.63941992
1899.916667	0.84491992
1900	0.96001992
1900.083333	0.95251992
1900.166667	1.37651992
1900.25	1.65381992
1900.333333	1.65961992
1900.416667	1.47261992
1900.5	0.75341992
1900.583333	0.12701992
1900.666667	0.27771992
1900.75	0.32251992
1900.833333	0.38001992
1900.916667	0.08701992
1901	-8.00799E-05
1901.083333	0.12501992
1901.166667	0.33081992
1901.25	1.02371992
1901.333333	1.06791992
1901.416667	0.70821992
1901.5	0.38811992
1901.583333	-0.00158008
1901.666667	-0.20148008
1901.75	-0.10898008
1901.833333	0.16231992
1901.916667	0.14341992
1902	0.02801992
1902.083333	0.10041992
1902.166667	0.47631992
1902.25	1.01161992
1902.333333	1.18321992
1902.416667	1.06031992
1902.5	0.95321992
1902.583333	1.19061992
1902.666667	1.28511992
1902.75	1.38821992
1902.833333	1.58121992
1902.916667	1.41711992
1903	1.07521992
1903.083333	1.23741992
1903.166667	1.37551992
1903.25	1.37061992
1903.333333	1.18691992
1903.416667	0.94071992
1903.5	0.04211992
1903.583333	-0.49438008
1903.666667	-0.75718008
1903.75	-0.60928008
1903.833333	-0.62378008
1903.916667	-0.87078008
1904	-1.12068008
1904.083333	-0.90028008
1904.166667	-0.30148008
1904.25	0.24381992
1904.333333	0.50221992
1904.416667	0.53191992
1904.5	0.28891992
1904.583333	-0.03308008
1904.666667	0.04241992
1904.75	0.32681992
1904.833333	0.47331992
1904.916667	0.51431992
1905	0.77001992
1905.083333	1.01351992
1905.166667	1.44981992
1905.25	1.45621992
1905.333333	1.34421992
1905.416667	1.35311992
1905.5	1.38541992
1905.583333	1.15471992
1905.666667	1.06221992
1905.75	1.13081992
1905.833333	1.16861992
1905.916667	0.95491992
1906	0.66081992
1906.083333	0.57141992
1906.166667	0.57421992
1906.25	1.07571992
1906.333333	1.00441992
1906.416667	0.76221992
1906.5	0.54261992
1906.583333	-0.01438008
1906.666667	-0.47348008
1906.75	-0.30278008
1906.833333	-0.18488008
1906.916667	-0.07518008
1907	-0.11598008
1907.083333	-0.21258008
1907.166667	-0.07928008
1907.25	0.34281992
1907.333333	0.67131992
1907.416667	0.60741992
1907.5	0.57131992
1907.583333	0.23751992
1907.666667	0.30051992
1907.75	0.26591992
1907.833333	0.05221992
1907.916667	-0.18508008
1908	-0.14688008
1908.083333	0.04781992
1908.166667	0.53951992
1908.25	0.77321992
1908.333333	0.89451992
1908.416667	0.60691992
1908.5	0.39441992
1908.583333	-0.46798008
1908.666667	-0.64028008
1908.75	-0.59118008
1908.833333	-0.76978008
1908.916667	-1.14168008
1909	-1.17688008
1909.083333	-0.79318008
1909.166667	-0.28568008
1909.25	0.10181992
1909.333333	0.33431992
1909.416667	0.33721992
1909.5	0.04361992
1909.583333	-0.17518008
1909.666667	-0.78048008
1909.75	-1.04318008
1909.833333	-1.28028008
1909.916667	-1.68168008
1910	-1.96608008
1910.083333	-1.82108008
1910.166667	-1.31298008
1910.25	-0.48228008
1910.333333	-0.06448008
1910.416667	-0.20488008
1910.5	-0.47718008
1910.583333	-0.84538008
1910.666667	-1.03108008
1910.75	-0.99668008
1910.833333	-1.11248008
1910.916667	-1.27368008
1911	-1.46498008
1911.083333	-1.14858008
1911.166667	-0.69128008
1911.25	-0.38138008
1911.333333	0.10341992
1911.416667	0.04601992
1911.5	-0.02368008
1911.583333	-0.07138008
1911.666667	0.11541992
1911.75	0.44941992
1911.833333	0.63361992
1911.916667	0.64861992
1912	0.90831992
1912.083333	1.03511992
1912.166667	1.52101992
1912.25	1.46271992
1912.333333	1.39621992
1912.416667	1.00621992
1912.5	0.17031992
1912.583333	-0.23658008
1912.666667	-0.34268008
1912.75	-0.34448008
1912.833333	-0.33138008
1912.916667	-0.43898008
1913	-0.63588008
1913.083333	-0.37538008
1913.166667	-0.05938008
1913.25	0.67001992
1913.333333	0.92981992
1913.416667	0.82851992
1913.5	0.61711992
1913.583333	0.36901992
1913.666667	0.11421992
1913.75	0.29781992
1913.833333	0.46211992
1913.916667	0.41671992
1914	0.59211992
1914.083333	0.73901992
1914.166667	0.85321992
1914.25	0.95391992
1914.333333	1.07811992
1914.416667	1.20151992
1914.5	0.82641992
1914.583333	0.31061992
1914.666667	-0.08298008
1914.75	0.14841992
1914.833333	0.37211992
1914.916667	0.24451992
1915	0.28211992
1915.083333	0.55871992
1915.166667	1.16701992
1915.25	1.61061992
1915.333333	1.74091992
1915.416667	1.58311992
1915.5	1.12801992
1915.583333	0.12391992
1915.666667	-0.28018008
1915.75	-0.25638008
1915.833333	-0.33408008
1915.916667	-0.69188008
1916	-0.86348008
1916.083333	-0.44828008
1916.166667	0.19361992
1916.25	0.82261992
1916.333333	0.88961992
1916.416667	0.76251992
1916.5	0.05331992
1916.583333	-0.31888008
1916.666667	-0.74418008
1916.75	-1.60548008
1916.833333	-2.05448008
1916.916667	-2.16818008
1917	-1.95648008
1917.083333	-1.63058008
1917.166667	-1.33238008
1917.25	-0.59838008
1917.333333	-0.17178008
1917.416667	-0.37058008
1917.5	-0.61388008
1917.583333	-0.93508008
1917.666667	-1.06808008
1917.75	-1.00698008
1917.833333	-1.04968008
1917.916667	-1.07138008
1918	-1.00638008
1918.083333	-1.01978008
1918.166667	-0.63028008
1918.25	-0.05138008
1918.333333	0.37781992
1918.416667	0.55471992
1918.5	0.46561992
1918.583333	0.21091992
1918.666667	0.22711992
1918.75	0.47911992
1918.833333	0.76881992
1918.916667	0.93121992
1919	0.90971992
1919.083333	0.97681992
1919.166667	1.19901992
1919.25	1.30061992
1919.333333	1.36681992
1919.416667	1.18591992
1919.5	0.77011992
1919.583333	0.11731992
1919.666667	-0.05228008
1919.75	0.18381992
1919.833333	0.27371992
1919.916667	0.03271992
1920	-0.08788008
1920.083333	-0.01848008
1920.166667	0.34681992
1920.25	0.93831992
1920.333333	1.27821992
1920.416667	1.06481992
1920.5	0.58971992
1920.583333	0.22991992
1920.666667	0.04021992
1920.75	0.04501992
1920.833333	0.04001992
1920.916667	-0.44018008
1921	-0.75818008
1921.083333	-0.71158008
1921.166667	-0.69468008
1921.25	-0.64208008
1921.333333	-0.41238008
1921.416667	-0.41948008
1921.5	-0.64078008
1921.583333	-0.77598008
1921.666667	-0.76328008
1921.75	-0.38018008
1921.833333	-0.09088008
1921.916667	-0.13368008
1922	-0.44498008
1922.083333	-0.26298008
1922.166667	0.09781992
1922.25	0.62381992
1922.333333	1.00601992
1922.416667	0.88571992
1922.5	0.09621992
1922.583333	-1.05238008
1922.666667	-1.30618008
1922.75	-0.98958008
1922.833333	-0.90918008
1922.916667	-1.11058008
1923	-1.42838008
1923.083333	-1.28778008
1923.166667	-0.51788008
1923.25	0.46311992
1923.333333	0.88981992
1923.416667	0.83451992
1923.5	0.57401992
1923.583333	0.25561992
1923.666667	0.11721992
1923.75	0.40551992
1923.833333	0.37801992
1923.916667	0.08001992
1924	-0.00698008
1924.083333	0.06961992
1924.166667	0.35261992
1924.25	0.36501992
1924.333333	0.46091992
1924.416667	0.31401992
1924.5	-0.63448008
1924.583333	-1.59888008
1924.666667	-1.75238008
1924.75	-1.50588008
1924.833333	-1.54098008
1924.916667	-1.67148008
1925	-1.49358008
1925.083333	-1.08848008
1925.166667	-0.32938008
1925.25	0.38811992
1925.333333	0.52891992
1925.416667	0.47391992
1925.5	0.42461992
1925.583333	0.21251992
1925.666667	0.25761992
1925.75	0.65121992
1925.833333	0.77921992
1925.916667	0.76901992
1926	0.59661992
1926.083333	0.58391992
1926.166667	0.92311992
1926.25	1.31061992
1926.333333	1.31551992
1926.416667	1.04941992
1926.5	0.58461992
1926.583333	0.24121992
1926.666667	-0.07038008
1926.75	-0.21228008
1926.833333	-0.40898008
1926.916667	-0.55448008
1927	-0.68798008
1927.083333	-0.56748008
1927.166667	-0.20588008
1927.25	0.27141992
1927.333333	0.30541992
1927.416667	0.20441992
1927.5	-0.05708008
1927.583333	-0.16798008
1927.666667	-0.06858008
1927.75	0.13961992
1927.833333	0.01291992
1927.916667	-0.28808008
1928	-0.46528008
1928.083333	-0.29088008
1928.166667	-0.07888008
1928.25	0.08071992
1928.333333	0.22871992
1928.416667	0.39171992
1928.5	0.18221992
1928.583333	0.06141992
1928.666667	-0.08058008
1928.75	-0.10888008
1928.833333	-0.19378008
1928.916667	-0.40628008
1929	-0.63388008
1929.083333	-0.66918008
1929.166667	-0.24748008
1929.25	0.14531992
1929.333333	0.33721992
1929.416667	0.19011992
1929.5	-0.00818008
1929.583333	-0.07268008
1929.666667	0.02091992
1929.75	0.11161992
1929.833333	0.05861992
1929.916667	0.02291992
1930	0.04991992
1930.083333	0.15331992
1930.166667	0.47581992
1930.25	0.84841992
1930.333333	0.98351992
1930.416667	0.84801992
1930.5	0.72451992
1930.583333	0.54251992
1930.666667	0.62021992
1930.75	1.00051992
1930.833333	1.16421992
1930.916667	0.78841992
1931	0.60431992
1931.083333	0.60631992
1931.166667	0.95331992
1931.25	1.28031992
1931.333333	1.35741992
1931.416667	1.07711992
1931.5	0.82101992
1931.583333	0.26991992
1931.666667	-0.09688008
1931.75	-0.27798008
1931.833333	-0.41758008
1931.916667	-0.46988008
1932	-0.59468008
1932.083333	-0.30058008
1932.166667	0.12071992
1932.25	0.62581992
1932.333333	0.77651992
1932.416667	0.63591992
1932.5	0.28191992
1932.583333	-0.03868008
1932.666667	-0.21718008
1932.75	-0.17928008
1932.833333	-0.32828008
1932.916667	-0.58048008
1933	-0.73048008
1933.083333	-0.62058008
1933.166667	-0.35658008
1933.25	0.03661992
1933.333333	0.20261992
1933.416667	0.08791992
1933.5	-0.47588008
1933.583333	-1.09238008
1933.666667	-1.39298008
1933.75	-1.42468008
1933.833333	-1.37678008
1933.916667	-1.55188008
1934	-1.56968008
1934.083333	-1.07758008
1934.166667	-0.47358008
1934.25	-0.03228008
1934.333333	0.12041992
1934.416667	0.19201992
1934.5	0.20891992
1934.583333	-0.04078008
1934.666667	-0.18628008
1934.75	-0.05258008
1934.833333	-0.13028008
1934.916667	-0.36188008
1935	-0.55858008
1935.083333	-0.61548008
1935.166667	-0.46658008
1935.25	-0.02808008
1935.333333	0.23861992
1935.416667	0.20771992
1935.5	-0.30328008
1935.583333	-0.37238008
1935.666667	-0.36038008
1935.75	-0.09518008
1935.833333	-0.18928008
1935.916667	-0.43518008
1936	-0.44488008
1936.083333	-0.16338008
1936.166667	0.09601992
1936.25	0.55341992
1936.333333	0.66881992
1936.416667	0.41281992
1936.5	-0.11128008
1936.583333	-0.42058008
1936.666667	-0.41128008
1936.75	-0.35948008
1936.833333	-0.23318008
1936.916667	-0.23668008
1937	-0.33328008
1937.083333	-0.21928008
1937.166667	0.12481992
1937.25	0.54611992
1937.333333	0.58361992
1937.416667	0.20261992
1937.5	-0.16718008
1937.583333	-0.40808008
1937.666667	-0.21668008
1937.75	0.00601992
1937.833333	-0.03738008
1937.916667	-0.41788008
1938	-0.78248008
1938.083333	-1.00188008
1938.166667	-0.66818008
1938.25	-0.32608008
1938.333333	-0.11608008
1938.416667	-0.16368008
1938.5	-0.59588008
1938.583333	-1.11028008
1938.666667	-1.35048008
1938.75	-1.21048008
1938.833333	-1.00868008
1938.916667	-1.14898008
1939	-1.25468008
1939.083333	-0.96788008
1939.166667	-0.36938008
1939.25	0.20491992
1939.333333	0.51871992
1939.416667	0.58521992
1939.5	0.36051992
1939.583333	-0.36988008
1939.666667	-0.32338008
1939.75	-0.28958008
1939.833333	-0.37378008
1939.916667	-0.40888008
1940	-0.24728008
1940.083333	0.08831992
1940.166667	0.57841992
1940.25	1.15011992
1940.333333	1.23141992
1940.416667	1.12061992
1940.5	0.82421992
1940.583333	0.74891992
1940.666667	0.65981992
1940.75	0.61151992
1940.833333	0.45681992
1940.916667	0.43481992
1941	0.48711992
1941.083333	0.75621992
1941.166667	1.20101992
1941.25	1.53021992
1941.333333	1.70251992
1941.416667	1.49581992
1941.5	0.99611992
1941.583333	0.37491992
1941.666667	0.33611992
1941.75	0.40871992
1941.833333	0.63031992
1941.916667	0.57251992
1942	0.60581992
1942.083333	0.52861992
1942.166667	0.75231992
1942.25	1.01181992
1942.333333	0.88681992
1942.416667	0.60731992
1942.5	-0.03698008
1942.583333	-0.57208008
1942.666667	-0.99428008
1942.75	-1.12938008
1942.833333	-1.22808008
1942.916667	-1.39418008
1943	-1.43618008
1943.083333	-1.26738008
1943.166667	-0.68668008
1943.25	-0.16038008
1943.333333	0.09891992
1943.416667	0.31731992
1943.5	0.29231992
1943.583333	0.07641992
1943.666667	-0.39538008
1943.75	-0.52378008
1943.833333	-0.44708008
1943.916667	-0.55818008
1944	-0.68418008
1944.083333	-0.47118008
1944.166667	0.00681992
1944.25	0.46381992
1944.333333	0.87161992
1944.416667	0.83681992
1944.5	0.57491992
1944.583333	0.19401992
1944.666667	-0.00798008
1944.75	-0.22098008
1944.833333	-0.66498008
1944.916667	-0.82508008
1945	-0.85448008
1945.083333	-0.88458008
1945.166667	-0.66418008
1945.25	-0.35438008
1945.333333	0.40451992
1945.416667	0.44061992
1945.5	0.44551992
1945.583333	0.30471992
1945.666667	0.11031992
1945.75	0.32591992
1945.833333	0.22201992
1945.916667	0.29031992
1946	0.28481992
1946.083333	0.20751992
1946.166667	0.30911992
1946.25	0.62651992
1946.333333	0.84441992
1946.416667	0.79651992
1946.5	0.49231992
1946.583333	0.08961992
1946.666667	-0.10118008
1946.75	0.00101992
1946.833333	0.13151992
1946.916667	-0.03278008
1947	-0.04648008
1947.083333	0.05211992
1947.166667	0.20581992
1947.25	0.50491992
1947.333333	0.80621992
1947.416667	0.69171992
1947.5	0.40151992
1947.583333	0.02691992
1947.666667	-0.28128008
1947.75	-0.34868008
1947.833333	-0.41918008
1947.916667	-0.47288008
1948	-0.27778008
1948.083333	0.12071992
1948.166667	0.48951992
1948.25	0.96111992
1948.333333	1.09261992
1948.416667	1.14101992
1948.5	0.93691992
1948.583333	0.36341992
1948.666667	-0.16478008
1948.75	-0.51318008
1948.833333	-0.71308008
1948.916667	-0.71148008
1949	-0.53908008
1949.083333	-0.55798008
1949.166667	-0.08188008
1949.25	0.38771992
1949.333333	0.35961992
1949.416667	0.13671992
1949.5	-0.12828008
1949.583333	-0.33288008
1949.666667	-0.31708008
1949.75	-0.29138008
1949.833333	-0.61908008
1949.916667	-1.11388008
1950	-1.29998008
1950.083333	-1.30898008
1950.166667	-0.75818008
1950.25	-0.30578008
1950.333333	-0.25248008
1950.416667	-0.40078008
1950.5	-0.64498008
1950.583333	-0.89968008
1950.666667	-0.87838008
1950.75	-0.62668008
1950.833333	-0.75108008
1950.916667	-1.22618008
1951	-1.54228008
1951.083333	-1.46658008
1951.166667	-0.71008008
1951.25	0.04171992
1951.333333	0.47171992
1951.416667	0.40561992
1951.5	0.15251992
1951.583333	0.01861992
1951.666667	0.19161992
1951.75	0.38221992
1951.833333	0.47811992
1951.916667	0.12841992
1952	-0.14238008
1952.083333	-0.07318008
1952.166667	0.16361992
1952.25	0.48881992
1952.333333	0.29821992
1952.416667	-0.04138008
1952.5	-0.18228008
1952.583333	-0.16118008
1952.666667	-0.00518008
1952.75	0.15451992
1952.833333	0.05071992
1952.916667	-0.23228008
1953	-0.28698008
1953.083333	-0.11798008
1953.166667	0.12901992
1953.25	0.52151992
1953.333333	0.61231992
1953.416667	0.47331992
1953.5	0.24841992
1953.583333	0.03621992
1953.666667	0.29891992
1953.75	0.27481992
1953.833333	0.08341992
1953.916667	-0.28058008
1954	-0.30688008
1954.083333	-0.18238008
1954.166667	0.07391992
1954.25	0.20201992
1954.333333	0.04041992
1954.416667	-0.29108008
1954.5	-0.42018008
1954.583333	-0.90888008
1954.666667	-0.96978008
1954.75	-0.76078008
1954.833333	-0.68928008
1954.916667	-0.95128008
1955	-1.15768008
1955.083333	-0.94718008
1955.166667	-0.69608008
1955.25	-0.46288008
1955.333333	-0.25768008
1955.416667	-0.17698008
1955.5	-0.47218008
1955.583333	-0.73438008
1955.666667	-0.90878008
1955.75	-1.28068008
1955.833333	-1.74948008
1955.916667	-2.01078008
1956	-1.79108008
1956.083333	-1.24228008
1956.166667	-0.85898008
1956.25	-0.50138008
1956.333333	-0.18278008
1956.416667	-0.16548008
1956.5	-0.29328008
1956.583333	-0.72188008
1956.666667	-0.88038008
1956.75	-0.81838008
1956.833333	-0.85108008
1956.916667	-0.98888008
1957	-1.07938008
1957.083333	-0.78308008
1957.166667	-0.10748008
1957.25	0.56421992
1957.333333	0.87221992
1957.416667	0.78601992
1957.5	0.65481992
1957.583333	0.67021992
1957.666667	0.51041992
1957.75	0.58071992
1957.833333	0.48221992
1957.916667	0.80921992
1958	0.88951992
1958.083333	0.92421992
1958.166667	0.95971992
1958.25	0.89041992
1958.333333	0.78021992
1958.416667	0.60711992
1958.5	0.30941992
1958.583333	0.04611992
1958.666667	-0.06978008
1958.75	-0.13978008
1958.833333	-0.02688008
1958.916667	-0.06968008
1959	0.01861992
1959.083333	0.15951992
1959.166667	0.37661992
1959.25	0.61591992
1959.333333	0.63441992
1959.416667	0.33951992
1959.5	-0.08088008
1959.583333	-0.27788008
1959.666667	-0.41518008
1959.75	-0.43118008
1959.833333	-0.48218008
1959.916667	-0.74358008
1960	-0.98028008
1960.083333	-0.69518008
1960.166667	-0.17628008
1960.25	0.40991992
1960.333333	0.44381992
1960.416667	0.36571992
1960.5	0.16051992
1960.583333	0.01071992
1960.666667	-0.25318008
1960.75	-0.31948008
1960.833333	-0.33568008
1960.916667	-0.51208008
1961	-0.53558008
1961.083333	-0.45678008
1961.166667	-0.19178008
1961.25	0.13441992
1961.333333	0.35741992
1961.416667	0.50801992
1961.5	0.36891992
1961.583333	-0.05578008
1961.666667	-0.52038008
1961.75	-0.62668008
1961.833333	-0.42468008
1961.916667	-0.67468008
1962	-1.06508008
1962.083333	-0.98338008
1962.166667	-0.50428008
1962.25	-0.05438008
1962.333333	0.01691992
1962.416667	0.16231992
1962.5	0.12501992
1962.583333	-0.00228008
1962.666667	-0.45698008
1962.75	-0.69268008
1962.833333	-0.83148008
1962.916667	-1.01248008
1963	-1.00748008
1963.083333	-0.74808008
1963.166667	-0.29678008
1963.25	0.18871992
1963.333333	0.46041992
1963.416667	0.55141992
1963.5	0.64501992
1963.583333	0.49381992
1963.666667	0.42431992
1963.75	0.47661992
1963.833333	0.40201992
1963.916667	0.26031992
1964	0.24901992
1964.083333	0.20271992
1964.166667	0.11251992
1964.25	0.03461992
1964.333333	-0.10088008
1964.416667	-0.19988008
1964.5	-0.53318008
1964.583333	-0.77008008
1964.666667	-1.12538008
1964.75	-1.19608008
1964.833333	-1.39218008
1964.916667	-1.28248008
1965	-1.12708008
1965.083333	-0.83678008
1965.166667	-0.18788008
1965.25	0.10131992
1965.333333	0.39201992
1965.416667	0.62171992
1965.5	0.61871992
1965.583333	0.73651992
1965.666667	0.73171992
1965.75	0.79041992
1965.833333	0.84941992
1965.916667	0.47381992
1966	0.38021992
1966.083333	0.43251992
1966.166667	0.72851992
1966.25	0.86011992
1966.333333	0.58311992
1966.416667	0.52841992
1966.5	0.21191992
1966.583333	-0.05258008
1966.666667	-0.23358008
1966.75	-0.20708008
1966.833333	-0.35208008
1966.916667	-0.59218008
1967	-0.68408008
1967.083333	-0.55088008
1967.166667	-0.28448008
1967.25	0.04151992
1967.333333	0.22941992
1967.416667	0.32101992
1967.5	0.12751992
1967.583333	-0.19298008
1967.666667	-0.40978008
1967.75	-0.63728008
1967.833333	-0.49468008
1967.916667	-0.68698008
1968	-0.93438008
1968.083333	-1.10718008
1968.166667	-0.91458008
1968.25	-0.27018008
1968.333333	0.08111992
1968.416667	0.27411992
1968.5	0.31241992
1968.583333	0.03921992
1968.666667	-0.00778008
1968.75	0.07021992
1968.833333	-0.05398008
1968.916667	-0.07648008
1969	0.20691992
1969.083333	0.52291992
1969.166667	0.86541992
1969.25	0.84501992
1969.333333	0.75171992
1969.416667	0.42891992
1969.5	0.21971992
1969.583333	0.17641992
1969.666667	0.17141992
1969.75	0.35601992
1969.833333	0.33751992
1969.916667	0.22171992
1970	0.14281992
1970.083333	0.00401992
1970.166667	0.02171992
1970.25	0.36791992
1970.333333	0.32431992
1970.416667	-0.12778008
1970.5	-0.34418008
1970.583333	-0.55118008
1970.666667	-0.78148008
1970.75	-0.91848008
1970.833333	-0.97818008
1970.916667	-1.20088008
1971	-1.23398008
1971.083333	-1.19818008
1971.166667	-1.02248008
1971.25	-0.57898008
1971.333333	-0.31048008
1971.416667	-0.32788008
1971.5	-0.41038008
1971.583333	-0.49498008
1971.666667	-0.79318008
1971.75	-0.91728008
1971.833333	-1.04278008
1971.916667	-1.17878008
1972	-1.17348008
1972.083333	-0.81078008
1972.166667	-0.20688008
1972.25	0.40511992
1972.333333	0.51601992
1972.416667	0.59091992
1972.5	0.70741992
1972.583333	0.75001992
1972.666667	0.83041992
1972.75	1.23001992
1972.833333	1.38351992
1972.916667	1.10081992
1973	0.94341992
1973.083333	0.88071992
1973.166667	0.66311992
1973.25	0.50461992
1973.333333	0.21851992
1973.416667	0.00721992
1973.5	-0.25768008
1973.583333	-0.59128008
1973.666667	-1.08938008
1973.75	-1.23918008
1973.833333	-1.51418008
1973.916667	-1.92078008
1974	-1.93518008
1974.083333	-1.81178008
1974.166667	-1.19748008
1974.25	-0.60648008
1974.333333	-0.28998008
1974.416667	-0.30688008
1974.5	-0.45608008
1974.583333	-0.42768008
1974.666667	-0.49548008
1974.75	-0.68928008
1974.833333	-0.80198008
1974.916667	-0.94938008
1975	-0.95658008
1975.083333	-0.92498008
1975.166667	-0.74368008
1975.25	-0.48848008
1975.333333	-0.43188008
1975.416667	-0.64108008
1975.5	-0.84478008
1975.583333	-1.01608008
1975.666667	-1.26678008
1975.75	-1.35468008
1975.833333	-1.50708008
1975.916667	-1.69418008
1976	-1.76598008
1976.083333	-1.59948008
1976.166667	-1.00508008
1976.25	-0.35348008
1976.333333	-0.10248008
1976.416667	-0.08508008
1976.5	-0.00818008
1976.583333	-0.03908008
1976.666667	0.09441992
1976.75	0.31901992
1976.833333	0.22741992
1976.916667	0.01221992
1977	-0.13978008
1977.083333	-0.09468008
1977.166667	0.20311992
1977.25	0.35781992
1977.333333	0.56951992
1977.416667	0.77051992
1977.5	0.55791992
1977.583333	0.29661992
1977.666667	0.21661992
1977.75	0.38621992
1977.833333	0.52961992
1977.916667	0.53641992
1978	0.25791992
1978.083333	0.15851992
1978.166667	0.32311992
1978.25	0.39691992
1978.333333	0.17701992
1978.416667	0.06211992
1978.5	-0.01138008
1978.583333	-0.21578008
1978.666667	-0.23728008
1978.75	-0.32448008
1978.833333	-0.53888008
1978.916667	-0.76248008
1979	-0.88188008
1979.083333	-0.48198008
1979.166667	-0.06648008
1979.25	0.44911992
1979.333333	0.55481992
1979.416667	0.50191992
1979.5	0.20531992
1979.583333	0.04641992
1979.666667	0.30421992
1979.75	0.33421992
1979.833333	0.22941992
1979.916667	0.09831992
1980	0.17431992
1980.083333	0.28111992
1980.166667	0.32491992
1980.25	0.93281992
1980.333333	0.98181992
1980.416667	0.91271992
1980.5	0.58941992
1980.583333	0.27891992
1980.666667	0.02891992
1980.75	0.05761992
1980.833333	-0.14648008
1980.916667	-0.28628008
1981	-0.74208008
1981.083333	-0.73648008
1981.166667	-0.18628008
1981.25	0.28881992
1981.333333	0.39251992
1981.416667	0.37941992
1981.5	0.18321992
1981.583333	-0.25808008
1981.666667	-0.00448008
1981.75	-0.03328008
1981.833333	-0.40268008
1981.916667	-0.57388008
1982	-0.56798008
1982.083333	-0.33358008
1982.166667	-0.05368008
1982.25	0.42521992
1982.333333	0.83591992
1982.416667	0.75991992
1982.5	0.32171992
1982.583333	0.31381992
1982.666667	0.45011992
1982.75	0.84961992
1982.833333	1.13761992
1982.916667	0.98001992
1983	0.81351992
1983.083333	0.98391992
1983.166667	1.06631992
1983.25	1.21661992
1983.333333	1.51611992
1983.416667	1.32611992
1983.5	0.95261992
1983.583333	0.45281992
1983.666667	-0.05988008
1983.75	-0.12748008
1983.833333	-0.32628008
1983.916667	-0.35878008
1984	-0.47158008
1984.083333	-0.41938008
1984.166667	-0.11168008
1984.25	0.24511992
1984.333333	0.23691992
1984.416667	0.13021992
1984.5	-0.00178008
1984.583333	-0.10678008
1984.666667	-0.46708008
1984.75	-0.26568008
1984.833333	-0.25558008
1984.916667	-0.77808008
1985	-0.81828008
1985.083333	-0.72388008
1985.166667	-0.59508008
1985.25	-0.21588008
1985.333333	-0.09678008
1985.416667	-0.08888008
1985.5	-0.04508008
1985.583333	-0.00788008
1985.666667	-0.23158008
1985.75	-0.18548008
1985.833333	-0.35498008
1985.916667	-0.35778008
1986	-0.66558008
1986.083333	-0.28138008
1986.166667	-0.35338008
1986.25	0.29151992
1986.333333	0.53811992
1986.416667	0.27871992
1986.5	0.23941992
1986.583333	0.33571992
1986.666667	0.35791992
1986.75	0.32741992
1986.833333	0.66481992
1986.916667	0.43371992
1987	0.46241992
1987.083333	0.64371992
1987.166667	0.97011992
1987.25	1.08171992
1987.333333	1.44901992
1987.416667	1.35491992
1987.5	0.82341992
1987.583333	0.68561992
1987.666667	0.94071992
1987.75	1.06651992
1987.833333	0.97391992
1987.916667	0.56981992
1988	0.25371992
1988.083333	0.05441992
1988.166667	0.24451992
1988.25	0.50241992
1988.333333	0.19491992
1988.416667	-0.44368008
1988.5	-0.58668008
1988.583333	-0.95518008
1988.666667	-1.02028008
1988.75	-1.17548008
1988.833333	-1.30058008
1988.916667	-1.51728008
1989	-1.42598008
1989.083333	-1.20678008
1989.166667	-0.72168008
1989.25	-0.16468008
1989.333333	0.07611992
1989.416667	-0.07518008
1989.5	-0.09088008
1989.583333	-0.28798008
1989.666667	-0.21828008
1989.75	-0.17788008
1989.833333	-0.28418008
1989.916667	-0.18778008
1990	-0.25058008
1990.083333	-0.06968008
1990.166667	0.25631992
1990.25	0.66491992
1990.333333	0.76421992
1990.416667	0.49031992
1990.5	0.26551992
1990.583333	0.23421992
1990.666667	0.05981992
1990.75	0.05671992
1990.833333	0.08091992
1990.916667	-0.00308008
1991	0.18191992
1991.083333	0.10821992
1991.166667	0.33611992
1991.25	0.74291992
1991.333333	1.05931992
1991.416667	0.95541992
1991.5	0.75941992
1991.583333	0.48901992
1991.666667	0.41551992
1991.75	0.82261992
1991.833333	0.74421992
1991.916667	0.95821992
1992	0.77401992
1992.083333	1.03391992
1992.166667	1.04591992
1992.25	1.32541992
1992.333333	1.01641992
1992.416667	0.75461992
1992.5	0.68291992
1992.583333	-0.05618008
1992.666667	-0.12408008
1992.75	-0.12448008
1992.833333	-0.13508008
1992.916667	-0.16258008
1993	-0.15858008
1993.083333	-0.04158008
1993.166667	0.32171992
1993.25	0.87611992
1993.333333	0.96091992
1993.416667	0.98021992
1993.5	0.65491992
1993.583333	0.24241992
1993.666667	0.33001992
1993.75	0.40161992
1993.833333	0.24441992
1993.916667	0.06471992
1994	-0.08258008
1994.083333	-0.12058008
1994.166667	0.30421992
1994.25	0.70741992
1994.333333	0.94431992
1994.416667	0.89711992
1994.5	0.62861992
1994.583333	0.45051992
1994.666667	0.43351992
1994.75	0.69801992
1994.833333	0.81901992
1994.916667	0.48651992
1995	0.20141992
1995.083333	0.22061992
1995.166667	0.39581992
1995.25	0.54461992
1995.333333	0.57091992
1995.416667	0.56831992
1995.5	0.27061992
1995.583333	0.03761992
1995.666667	-0.50138008
1995.75	-0.68378008
1995.833333	-0.97618008
1995.916667	-1.24368008
1996	-1.18578008
1996.083333	-1.08758008
1996.166667	-0.57618008
1996.25	-0.05188008
1996.333333	0.03071992
1996.416667	0.09631992
1996.5	0.08551992
1996.583333	-0.20398008
1996.666667	-0.28808008
1996.75	-0.19638008
1996.833333	-0.15768008
1996.916667	-0.81448008
1997	-0.78128008
1997.083333	-0.46218008
1997.166667	-0.11138008
1997.25	0.42331992
1997.333333	0.94551992
1997.416667	1.37951992
1997.5	1.33721992
1997.583333	1.50891992
1997.666667	1.64701992
1997.75	1.98541992
1997.833333	2.11071992
1997.916667	2.00921992
1998	1.57141992
1998.083333	1.43941992
1998.166667	1.30821992
1998.25	1.36031992
1998.333333	1.40521992
1998.416667	0.11751992
1998.5	-0.35718008
1998.583333	-0.97188008
1998.666667	-0.95738008
1998.75	-0.88908008
1998.833333	-1.11588008
1998.916667	-1.62908008
1999	-1.37118008
1999.083333	-1.28458008
1999.166667	-0.86838008
1999.25	-0.30398008
1999.333333	-0.11418008
1999.416667	-0.16228008
1999.5	-0.22918008
1999.583333	-0.69388008
1999.666667	-0.92278008
1999.75	-0.82968008
1999.833333	-1.23498008
1999.916667	-1.49698008
2000	-1.74568008
2000.083333	-1.42408008
2000.166667	-0.77988008
2000.25	-0.06188008
2000.333333	0.14071992
2000.416667	0.21561992
2000.5	-0.07758008
2000.583333	-0.14038008
2000.666667	-0.46558008
2000.75	-0.56648008
2000.833333	-0.74388008
2000.916667	-0.90508008
2001	-0.92638008
2001.083333	-0.80978008
2001.166667	-0.21978008
2001.25	0.09361992
2001.333333	0.42971992
2001.416667	0.59221992
2001.5	0.55781992
2001.583333	0.27731992
2001.666667	0.08391992
2001.75	0.21241992
2001.833333	-0.09808008
2001.916667	-0.60438008
2002	-0.33928008
2002.083333	-0.13398008
2002.166667	0.07411992
2002.25	0.63481992
2002.333333	0.89261992
2002.416667	1.17291992
2002.5	0.93141992
2002.583333	0.81041992
2002.666667	0.86401992
2002.75	0.93141992
2002.833333	0.89941992
2002.916667	0.73651992
2003	0.31821992
2003.083333	0.31381992
2003.166667	0.71711992
2003.25	0.62081992
2003.333333	0.41441992
2003.416667	0.50841992
2003.5	0.41571992
2003.583333	0.06981992
2003.666667	0.30511992
2003.75	0.40421992
2003.833333	0.26541992
2003.916667	-0.03978008
2004	-0.17748008
2004.083333	0.01211992
2004.166667	0.03011992
2004.25	0.62181992
2004.333333	0.83781992
2004.416667	0.73271992
2004.5	0.76261992
2004.583333	0.73641992
2004.666667	0.79981992
2004.75	0.60191992
2004.833333	0.40961992
2004.916667	0.49101992
2005	0.16061992
2005.083333	-0.08758008
2005.166667	0.49161992
2005.25	0.74641992
2005.333333	0.97681992
2005.416667	0.94461992
2005.5	0.57271992
2005.583333	0.30551992
2005.666667	0.11991992
2005.75	0.20321992
2005.833333	-0.26598008
2005.916667	-0.56358008
2006	-0.88918008
2006.083333	-0.64158008
2006.166667	-0.35188008
2006.25	0.35461992
2006.333333	0.68571992
2006.416667	0.73951992
2006.5	0.23621992
2006.583333	0.31571992
2006.666667	0.54821992
2006.75	0.57061992
2006.833333	0.57931992
2006.916667	0.43211992
2007	0.06021992
2007.083333	-0.08088008
2007.166667	0.11071992
2007.25	0.42901992
2007.333333	0.40301992
2007.416667	0.43091992
2007.5	0.10401992
2007.583333	-0.18658008
2007.666667	-0.68268008
2007.75	-1.01488008
2007.833333	-1.25778008
2007.916667	-1.71618008
2008	-1.94788008
2008.083333	-1.62468008
2008.166667	-0.97298008
2008.25	-0.57038008
2008.333333	-0.21548008
2008.416667	-0.08368008
2008.5	-0.03498008
2008.583333	-0.14128008
2008.666667	-0.24578008
2008.75	-0.54298008
2008.833333	-0.67708008
2008.916667	-0.97368008
2009	-1.22748008
2009.083333	-0.86728008
2009.166667	-0.36548008
2009.25	0.32571992
2009.333333	0.80341992
2009.416667	0.93341992
2009.5	0.83811992
2009.583333	0.61031992
2009.666667	0.66251992
2009.75	0.78601992
2009.833333	1.15051992
2009.916667	1.07531992
2010	0.81301992
2010.083333	0.65911992
2010.166667	0.94561992
2010.25	1.06991992
2010.333333	0.56901992
2010.416667	0.20161992
2010.5	-0.47768008
2010.583333	-0.98488008
2010.666667	-1.17068008
2010.75	-1.33588008
2010.833333	-1.40288008
2010.916667	-1.75568008
2011	-1.93438008
2011.083333	-1.34388008
2011.166667	-0.89268008
2011.25	-0.29828008
2011.333333	0.06461992
2011.416667	0.14251992
2011.5	-0.14678008
2011.583333	-0.62058008
2011.666667	-0.74098008
2011.75	-0.90978008
2011.833333	-1.05048008
2011.916667	-1.06068008
2012	-1.06968008
2012.083333	-0.87018008
2012.166667	-0.29508008
2012.25	0.10691992
2012.333333	0.43141992
2012.416667	0.63831992
2012.5	0.51701992
2012.583333	0.55851992
2012.666667	0.21771992
2012.75	0.11271992
2012.833333	0.08691992
2012.916667	-0.28118008
2013	-0.50988008
2013.083333	-0.42508008
2013.166667	0.04901992
2013.25	0.43151992
2013.333333	0.51691992
2013.416667	0.45031992
2013.5	0.24851992
2013.583333	-0.12788008
2013.666667	-0.00018008
2013.75	-0.08178008
2013.833333	0.03291992
2013.916667	-0.22808008
2014	-0.62438008
2014.083333	-0.50338008
2014.166667	0.06841992
2014.25	0.65811992
2014.333333	0.90511992
2014.416667	0.75911992
2014.5	0.40211992
2014.583333	0.11181992
2014.666667	0.21011992
2014.75	0.38081992
2014.833333	0.60531992
2014.916667	0.36991992
2015	0.28461992
2015.083333	0.37471992
2015.166667	0.55241992
2015.25	1.03831992
2015.333333	1.37951992
2015.416667	1.42251992
2015.5	1.37861992
2015.583333	1.52061992
2015.666667	1.69621992
2015.75	1.74231992
2015.833333	2.01371992
2015.916667	1.83541992
