 1.91062500000000E+03  -2.77045000000000E+01
 1.91070830000000E+03  -1.67080000000000E+01
 1.91079170000000E+03  -2.91236000000000E+01
 1.91087500000000E+03  -3.99291000000000E+01
 1.91095830000000E+03  -5.04723000000000E+01
 1.91104170000000E+03  -4.24846000000000E+01
 1.91112500000000E+03  -4.48592000000000E+01
 1.91120830000000E+03  -2.65290000000000E+01
 1.91129170000000E+03  -1.74290000000000E+01
 1.91137500000000E+03   9.00700000000000E-01
 1.91145830000000E+03  -3.84670000000000E+00
 1.91154170000000E+03  -3.20900000000000E+00
 1.91162500000000E+03  -2.25724000000000E+01
 1.91170830000000E+03  -3.65513000000000E+01
 1.91179170000000E+03  -4.28374000000000E+01
 1.91187500000000E+03  -3.75861000000000E+01
 1.91195830000000E+03  -2.31043000000000E+01
 1.91204170000000E+03  -2.16989000000000E+01
 1.91212500000000E+03  -2.26022000000000E+01
 1.91220830000000E+03  -1.11980000000000E+01
 1.91229170000000E+03  -2.67164000000000E+01
 1.91237500000000E+03  -1.68512000000000E+01
 1.91245830000000E+03  -6.98630000000000E+00
 1.91254170000000E+03   8.26380000000000E+00
 1.91262500000000E+03   1.87437000000000E+01
 1.91270830000000E+03   5.05309000000000E+01
 1.91279170000000E+03   5.36264000000000E+01
 1.91287500000000E+03   4.03363000000000E+01
 1.91295830000000E+03   4.78151000000000E+01
 1.91304170000000E+03   4.59098000000000E+01
 1.91312500000000E+03   6.16189000000000E+01
 1.91320830000000E+03   4.50201000000000E+01
 1.91329170000000E+03   2.66525000000000E+01
 1.91337500000000E+03   5.07455000000000E+01
 1.91345830000000E+03   7.95305000000000E+01
 1.91354170000000E+03   7.05469000000000E+01
 1.91362500000000E+03   8.46391000000000E+01
 1.91370830000000E+03   8.20387000000000E+01
 1.91379170000000E+03   5.39774000000000E+01
 1.91387500000000E+03   6.19150000000000E+01
 1.91395830000000E+03   7.02370000000000E+01
 1.91404170000000E+03   6.24826000000000E+01
 1.91412500000000E+03   5.79579000000000E+01
 1.91420830000000E+03   5.07407000000000E+01
 1.91429170000000E+03   6.25240000000000E+01
 1.91437500000000E+03   6.23063000000000E+01
 1.91445830000000E+03   5.65498000000000E+01
 1.91454170000000E+03   1.01785000000000E+01
 1.91462500000000E+03  -1.98861000000000E+01
 1.91470830000000E+03  -5.31817000000000E+01
 1.91479170000000E+03  -5.36307000000000E+01
 1.91487500000000E+03  -5.25422000000000E+01
 1.91495830000000E+03  -5.93001000000000E+01
 1.91504170000000E+03  -4.94422000000000E+01
 1.91512500000000E+03  -3.86621000000000E+01
 1.91520830000000E+03  -3.42670000000000E+01
 1.91529170000000E+03  -5.45636000000000E+01
 1.91537500000000E+03  -6.60151000000000E+01
 1.91545830000000E+03  -5.34668000000000E+01
 1.91554170000000E+03  -5.14565000000000E+01
 1.91562500000000E+03  -3.36780000000000E+01
 1.91570830000000E+03  -4.77458000000000E+01
 1.91579170000000E+03  -4.84286000000000E+01
 1.91587500000000E+03  -6.00354000000000E+01
 1.91595830000000E+03  -6.23348000000000E+01
 1.91604170000000E+03  -6.02491000000000E+01
 1.91612500000000E+03  -6.18566000000000E+01
 1.91620830000000E+03  -6.44645000000000E+01
 1.91629170000000E+03  -5.83025000000000E+01
 1.91637500000000E+03  -3.58339000000000E+01
 1.91645830000000E+03  -2.84425000000000E+01
 1.91654170000000E+03  -4.15891000000000E+01
 1.91662500000000E+03  -7.05827000000000E+01
 1.91670830000000E+03  -1.03576700000000E+02
 1.91679170000000E+03  -8.54163000000000E+01
 1.91687500000000E+03  -8.25646000000000E+01
 1.91695830000000E+03  -8.14823000000000E+01
 1.91704170000000E+03  -8.43227000000000E+01
 1.91712500000000E+03  -9.40102000000000E+01
 1.91720830000000E+03  -8.47748000000000E+01
 1.91729170000000E+03  -6.57698000000000E+01
 1.91737500000000E+03  -5.63811000000000E+01
 1.91745830000000E+03  -2.39926000000000E+01
 1.91754170000000E+03  -7.29600000000000E+00
 1.91762500000000E+03   9.16880000000000E+00
 1.91770830000000E+03   8.47960000000000E+00
 1.91779170000000E+03   5.71390000000000E+00
 1.91787500000000E+03  -1.77451000000000E+01
 1.91795830000000E+03  -8.35810000000000E+00
 1.91804170000000E+03   6.87550000000000E+00
 1.91812500000000E+03   1.86465000000000E+01
 1.91820830000000E+03   4.99558000000000E+01
 1.91829170000000E+03   5.07271000000000E+01
 1.91837500000000E+03   2.96512000000000E+01
 1.91845830000000E+03   1.04982000000000E+01
 1.91854170000000E+03  -2.88851000000000E+01
 1.91862500000000E+03  -5.79617000000000E+01
 1.91870830000000E+03  -7.87309000000000E+01
 1.91879170000000E+03  -7.07303000000000E+01
 1.91887500000000E+03  -6.71923000000000E+01
 1.91895830000000E+03  -3.63468000000000E+01
 1.91904170000000E+03  -3.38085000000000E+01
 1.91912500000000E+03  -1.72713000000000E+01
 1.91920830000000E+03  -4.19580000000000E+00
 1.91929170000000E+03  -1.58890000000000E+01
 1.91937500000000E+03  -4.56602000000000E+01
 1.91945830000000E+03  -4.60470000000000E+01
 1.91954170000000E+03  -3.16640000000000E+01
 1.91962500000000E+03  -1.25129000000000E+01
 1.91970830000000E+03   1.69458000000000E+01
 1.91979170000000E+03   2.43279000000000E+01
 1.91987500000000E+03   3.20937000000000E+01
 1.91995830000000E+03   5.13978000000000E+01
 1.92004170000000E+03   5.57792000000000E+01
 1.92012500000000E+03   5.96212000000000E+01
 1.92020830000000E+03   3.96167000000000E+01
 1.92029170000000E+03   2.68970000000000E+00
 1.92037500000000E+03  -1.17767000000000E+01
 1.92045830000000E+03  -1.31665000000000E+01
 1.92054170000000E+03   2.52110000000000E+00
 1.92062500000000E+03  -6.40760000000000E+00
 1.92070830000000E+03  -9.95200000000000E+00
 1.92079170000000E+03  -1.98805000000000E+01
 1.92087500000000E+03  -1.98100000000000E+01
 1.92095830000000E+03  -1.94321000000000E+01
 1.92104170000000E+03  -6.20750000000000E+00
 1.92112500000000E+03   3.32380000000000E+00
 1.92120830000000E+03   8.47020000000000E+00
 1.92129170000000E+03   2.33094000000000E+01
 1.92137500000000E+03   4.88400000000000E+01
 1.92145830000000E+03   6.15241000000000E+01
 1.92154170000000E+03   9.39780000000000E+01
 1.92162500000000E+03   6.02770000000000E+01
 1.92170830000000E+03   5.89604000000000E+01
 1.92179170000000E+03   3.45673000000000E+01
 1.92187500000000E+03   3.15579000000000E+01
 1.92195830000000E+03   4.84713000000000E+01
 1.92204170000000E+03   5.36160000000000E+01
 1.92212500000000E+03   5.32981000000000E+01
 1.92220830000000E+03   4.02108000000000E+01
 1.92229170000000E+03   1.78932000000000E+01
 1.92237500000000E+03   1.10361000000000E+01
 1.92245830000000E+03   2.47172000000000E+01
 1.92254170000000E+03   3.20142000000000E+01
 1.92262500000000E+03   2.05410000000000E+01
 1.92270830000000E+03   6.52910000000000E+00
 1.92279170000000E+03  -2.83285000000000E+01
 1.92287500000000E+03  -1.88793000000000E+01
 1.92295830000000E+03  -2.50740000000000E+00
 1.92304170000000E+03  -4.42700000000000E-01
 1.92312500000000E+03   9.69800000000000E+00
 1.92320830000000E+03   1.61462000000000E+01
 1.92329170000000E+03   3.87486000000000E+01
 1.92337500000000E+03   7.55809000000000E+01
 1.92345830000000E+03   7.52590000000000E+01
 1.92354170000000E+03   4.78607000000000E+01
 1.92362500000000E+03   3.06922000000000E+01
 1.92370830000000E+03   2.01388000000000E+01
 1.92379170000000E+03   4.57398000000000E+01
 1.92387500000000E+03   6.88782000000000E+01
 1.92395830000000E+03   7.10933000000000E+01
 1.92404170000000E+03   6.72320000000000E+01
 1.92412500000000E+03   5.89851000000000E+01
 1.92420830000000E+03   5.07379000000000E+01
 1.92429170000000E+03   3.58758000000000E+01
 1.92437500000000E+03   1.72435000000000E+01
 1.92445830000000E+03  -1.69670000000000E+00
 1.92454170000000E+03   2.15174000000000E+01
 1.92462500000000E+03   5.03459000000000E+01
 1.92470830000000E+03   4.24818000000000E+01
 1.92479170000000E+03   4.14644000000000E+01
 1.92487500000000E+03   3.03690000000000E+01
 1.92495830000000E+03   4.06581000000000E+01
 1.92504170000000E+03   4.11784000000000E+01
 1.92512500000000E+03   3.43130000000000E+01
 1.92520830000000E+03   4.99860000000000E+01
 1.92529170000000E+03   5.40439000000000E+01
 1.92537500000000E+03   5.48702000000000E+01
 1.92545830000000E+03   5.87731000000000E+01
 1.92554170000000E+03   4.92919000000000E+01
 1.92562500000000E+03   2.19430000000000E+00
 1.92570830000000E+03  -1.18266000000000E+01
 1.92579170000000E+03  -1.17701000000000E+01
 1.92587500000000E+03  -1.68684000000000E+01
 1.92595830000000E+03  -8.42850000000000E+00
 1.92604170000000E+03  -1.46805000000000E+01
 1.92612500000000E+03  -4.93340000000000E+00
 1.92620830000000E+03   7.04420000000000E+00
 1.92629170000000E+03  -4.05460000000000E+00
 1.92637500000000E+03  -1.40006000000000E+01
 1.92645830000000E+03  -1.13315000000000E+01
 1.92654170000000E+03  -6.66180000000000E+00
 1.92662500000000E+03  -6.76240000000000E+00
 1.92670830000000E+03  -1.17090000000000E+00
 1.92679170000000E+03  -2.80970000000000E+00
 1.92687500000000E+03   1.30120000000000E+01
 1.92695830000000E+03   3.96028000000000E+01
 1.92704170000000E+03   4.81940000000000E+01
 1.92712500000000E+03   5.63227000000000E+01
 1.92720830000000E+03   5.73742000000000E+01
 1.92729170000000E+03   5.72723000000000E+01
 1.92737500000000E+03   6.09388000000000E+01
 1.92745830000000E+03   3.96818000000000E+01
 1.92754170000000E+03   3.32715000000000E+01
 1.92762500000000E+03   2.64757000000000E+01
 1.92770830000000E+03   1.41100000000000E-01
 1.92779170000000E+03  -9.88540000000000E+00
 1.92787500000000E+03  -3.25281000000000E+01
 1.92795830000000E+03  -3.22481000000000E+01
 1.92804170000000E+03  -2.06599000000000E+01
 1.92812500000000E+03  -5.68800000000000E+00
 1.92820830000000E+03  -1.25490000000000E+00
 1.92829170000000E+03  -2.89820000000000E+00
 1.92837500000000E+03  -1.12348000000000E+01
 1.92845830000000E+03  -9.26390000000000E+00
 1.92854170000000E+03  -2.13870000000000E+00
 1.92862500000000E+03  -3.21684000000000E+01
 1.92870830000000E+03  -5.29675000000000E+01
 1.92879170000000E+03  -3.29200000000000E+01
 1.92887500000000E+03  -2.01042000000000E+01
 1.92895830000000E+03   2.48050000000000E+00
 1.92904170000000E+03   6.21960000000000E+00
 1.92912500000000E+03  -7.50390000000000E+00
 1.92920830000000E+03  -1.34583000000000E+01
 1.92929170000000E+03  -2.58500000000000E-01
 1.92937500000000E+03   7.63270000000000E+00
 1.92945830000000E+03   1.56005000000000E+01
 1.92954170000000E+03   2.37227000000000E+01
 1.92962500000000E+03   2.37670000000000E+01
 1.92970830000000E+03   4.66572000000000E+01
 1.92979170000000E+03   3.75478000000000E+01
 1.92987500000000E+03   2.77452000000000E+01
 1.92995830000000E+03   2.51731000000000E+01
 1.93004170000000E+03   2.26784000000000E+01
 1.93012500000000E+03   2.12597000000000E+01
 1.93020830000000E+03  -1.46700000000000E+00
 1.93029170000000E+03  -9.11630000000000E+00
 1.93037500000000E+03   1.54110000000000E+00
 1.93045830000000E+03  -7.80170000000000E+00
 1.93054170000000E+03  -2.19133000000000E+01
 1.93062500000000E+03  -5.35644000000000E+01
 1.93070830000000E+03  -5.63695000000000E+01
 1.93079170000000E+03  -6.21741000000000E+01
 1.93087500000000E+03  -5.36721000000000E+01
 1.93095830000000E+03  -3.50933000000000E+01
 1.93104170000000E+03  -1.35910000000000E+01
 1.93112500000000E+03  -9.78200000000000E+00
 1.93120830000000E+03  -1.69732000000000E+01
 1.93129170000000E+03   1.13745000000000E+01
 1.93137500000000E+03   1.34904000000000E+01
 1.93145830000000E+03  -1.37785000000000E+01
 1.93154170000000E+03   1.01069000000000E+01
 1.93162500000000E+03   1.42991000000000E+01
 1.93170830000000E+03   1.51833000000000E+01
 1.93179170000000E+03   2.51449000000000E+01
 1.93187500000000E+03   2.61055000000000E+01
 1.93195830000000E+03   3.69120000000000E+01
 1.93204170000000E+03   3.65651000000000E+01
 1.93212500000000E+03   3.04481000000000E+01
 1.93220830000000E+03   4.23308000000000E+01
 1.93229170000000E+03   5.72139000000000E+01
 1.93237500000000E+03   4.62500000000000E+01
 1.93245830000000E+03   5.27473000000000E+01
 1.93254170000000E+03   4.61682000000000E+01
 1.93262500000000E+03   2.01266000000000E+01
 1.93270830000000E+03   1.61600000000000E-01
 1.93279170000000E+03   1.33510000000000E+01
 1.93287500000000E+03   4.53940000000000E+00
 1.93295830000000E+03   8.81300000000000E-01
 1.93304170000000E+03   9.37760000000000E+00
 1.93312500000000E+03   2.37191000000000E+01
 1.93320830000000E+03   9.75270000000000E+00
 1.93329170000000E+03  -1.33672000000000E+01
 1.93337500000000E+03  -3.78726000000000E+01
 1.93345830000000E+03  -5.76090000000000E+01
 1.93354170000000E+03  -6.24219000000000E+01
 1.93362500000000E+03  -4.53896000000000E+01
 1.93370830000000E+03  -4.72037000000000E+01
 1.93379170000000E+03  -6.05558000000000E+01
 1.93387500000000E+03  -6.76012000000000E+01
 1.93395830000000E+03  -5.52622000000000E+01
 1.93404170000000E+03  -4.06151000000000E+01
 1.93412500000000E+03  -3.62766000000000E+01
 1.93420830000000E+03  -5.21691000000000E+01
 1.93429170000000E+03  -2.13689000000000E+01
 1.93437500000000E+03  -2.03110000000000E+00
 1.93445830000000E+03   5.61410000000000E+00
 1.93454170000000E+03   1.34136000000000E+01
 1.93462500000000E+03   2.25967000000000E+01
 1.93470830000000E+03   2.39500000000000E+00
 1.93479170000000E+03   1.11680000000000E+00
 1.93487500000000E+03   1.29915000000000E+01
 1.93495830000000E+03   1.45583000000000E+01
 1.93504170000000E+03   2.38178000000000E+01
 1.93512500000000E+03   3.12302000000000E+01
 1.93520830000000E+03   2.77193000000000E+01
 1.93529170000000E+03   5.44396000000000E+01
 1.93537500000000E+03   4.05436000000000E+01
 1.93545830000000E+03   3.48781000000000E+01
 1.93554170000000E+03   4.12131000000000E+01
 1.93562500000000E+03   3.74701000000000E+01
 1.93570830000000E+03   8.03900000000000E-01
 1.93579170000000E+03  -3.55420000000000E+00
 1.93587500000000E+03  -2.34517000000000E+01
 1.93595830000000E+03  -1.70418000000000E+01
 1.93604170000000E+03  -1.29391000000000E+01
 1.93612500000000E+03  -1.54528000000000E+01
 1.93620830000000E+03  -2.51974000000000E+01
 1.93629170000000E+03  -2.97878000000000E+01
 1.93637500000000E+03  -4.26868000000000E+01
 1.93645830000000E+03  -2.56630000000000E+01
 1.93654170000000E+03  -2.81772000000000E+01
 1.93662500000000E+03  -5.51539000000000E+01
 1.93670830000000E+03  -6.15155000000000E+01
 1.93679170000000E+03  -6.11843000000000E+01
 1.93687500000000E+03  -6.62386000000000E+01
 1.93695830000000E+03  -5.06009000000000E+01
 1.93704170000000E+03  -3.83474000000000E+01
 1.93712500000000E+03  -4.22487000000000E+01
 1.93720830000000E+03  -3.62271000000000E+01
 1.93729170000000E+03  -3.47436000000000E+01
 1.93737500000000E+03  -3.57225000000000E+01
 1.93745830000000E+03  -6.27786000000000E+01
 1.93754170000000E+03  -8.62958000000000E+01
 1.93762500000000E+03  -7.61217000000000E+01
 1.93770830000000E+03  -3.53324000000000E+01
 1.93779170000000E+03   2.14970000000000E+00
 1.93787500000000E+03   2.18616000000000E+01
 1.93795830000000E+03   4.42655000000000E+01
 1.93804170000000E+03   5.80545000000000E+01
 1.93812500000000E+03   5.20733000000000E+01
 1.93820830000000E+03   5.83226000000000E+01
 1.93829170000000E+03   5.89570000000000E+01
 1.93837500000000E+03   8.60520000000000E+01
 1.93845830000000E+03   8.27622000000000E+01
 1.93854170000000E+03   8.80112000000000E+01
 1.93862500000000E+03   9.96439000000000E+01
 1.93870830000000E+03   7.47379000000000E+01
 1.93879170000000E+03   4.86785000000000E+01
 1.93887500000000E+03   1.02335000000000E+01
 1.93895830000000E+03   9.09600000000000E+00
 1.93904170000000E+03   6.34350000000000E+00
 1.93912500000000E+03  -6.79450000000000E+00
 1.93920830000000E+03  -2.20866000000000E+01
 1.93929170000000E+03  -4.92245000000000E+01
 1.93937500000000E+03  -7.07479000000000E+01
 1.93945830000000E+03  -9.24253000000000E+01
 1.93954170000000E+03  -9.33332000000000E+01
 1.93962500000000E+03  -1.10011200000000E+02
 1.93970830000000E+03  -1.33150900000000E+02
 1.93979170000000E+03  -1.35982600000000E+02
 1.93987500000000E+03  -1.51507500000000E+02
 1.93995830000000E+03  -1.44417200000000E+02
 1.94004170000000E+03  -1.42711200000000E+02
 1.94012500000000E+03  -1.30621400000000E+02
 1.94020830000000E+03  -1.01147300000000E+02
 1.94029170000000E+03  -8.20574000000000E+01
 1.94037500000000E+03  -5.48914000000000E+01
 1.94045830000000E+03  -3.72642000000000E+01
 1.94054170000000E+03  -5.99443000000000E+01
 1.94062500000000E+03  -7.93945000000000E+01
 1.94070830000000E+03  -6.80757000000000E+01
 1.94079170000000E+03  -7.99873000000000E+01
 1.94087500000000E+03  -8.79767000000000E+01
 1.94095830000000E+03  -7.83510000000000E+01
 1.94104170000000E+03  -7.00325000000000E+01
 1.94112500000000E+03  -6.24842000000000E+01
 1.94120830000000E+03  -7.10900000000000E+01
 1.94129170000000E+03  -1.02003100000000E+02
 1.94137500000000E+03  -1.16840200000000E+02
 1.94145830000000E+03  -1.15062100000000E+02
 1.94154170000000E+03  -1.33975900000000E+02
 1.94162500000000E+03  -1.38813700000000E+02
 1.94170830000000E+03  -1.37959500000000E+02
 1.94179170000000E+03  -1.41335600000000E+02
 1.94187500000000E+03  -1.34635700000000E+02
 1.94195830000000E+03  -1.14859200000000E+02
 1.94204170000000E+03  -9.60822000000000E+01
 1.94212500000000E+03  -9.34600000000000E+01
 1.94220830000000E+03  -9.32226000000000E+01
 1.94229170000000E+03  -8.11387000000000E+01
 1.94237500000000E+03  -6.39787000000000E+01
 1.94245830000000E+03  -2.92806000000000E+01
 1.94254170000000E+03  -3.36590000000000E+01
 1.94262500000000E+03   6.54100000000000E-01
 1.94270830000000E+03   3.98130000000000E+01
 1.94279170000000E+03   8.18954000000000E+01
 1.94287500000000E+03   1.04900000000000E+02
 1.94295830000000E+03   1.19519800000000E+02
 1.94304170000000E+03   1.26909100000000E+02
 1.94312500000000E+03   1.34682200000000E+02
 1.94320830000000E+03   1.42147300000000E+02
 1.94329170000000E+03   1.48382100000000E+02
 1.94337500000000E+03   1.30231400000000E+02
 1.94345830000000E+03   1.26541900000000E+02
 1.94354170000000E+03   1.35160500000000E+02
 1.94362500000000E+03   1.52393600000000E+02
 1.94370830000000E+03   1.30780400000000E+02
 1.94379170000000E+03   1.08859800000000E+02
 1.94387500000000E+03   9.12460000000000E+01
 1.94395830000000E+03   8.54012000000000E+01
 1.94404170000000E+03   8.35568000000000E+01
 1.94412500000000E+03   7.30961000000000E+01
 1.94420830000000E+03   6.70967000000000E+01
 1.94429170000000E+03   6.10208000000000E+01
 1.94437500000000E+03   4.74824000000000E+01
 1.94445830000000E+03   5.20976000000000E+01
 1.94454170000000E+03   4.84825000000000E+01
 1.94462500000000E+03   1.66357000000000E+01
 1.94470830000000E+03   6.48100000000000E+00
 1.94479170000000E+03   1.29420000000000E+01
 1.94487500000000E+03   1.92483000000000E+01
 1.94495830000000E+03   2.69390000000000E+01
 1.94504170000000E+03   3.40915000000000E+01
 1.94512500000000E+03   4.07817000000000E+01
 1.94520830000000E+03   3.95485000000000E+01
 1.94529170000000E+03   3.67773000000000E+01
 1.94537500000000E+03   3.26975000000000E+01
 1.94545830000000E+03   3.80790000000000E+01
 1.94554170000000E+03   3.69993000000000E+01
 1.94562500000000E+03   4.24572000000000E+01
 1.94570830000000E+03   3.64533000000000E+01
 1.94579170000000E+03   4.09113000000000E+01
 1.94587500000000E+03   2.10608000000000E+01
 1.94595830000000E+03   2.66715000000000E+01
 1.94604170000000E+03   1.95903000000000E+01
 1.94612500000000E+03   2.26621000000000E+01
 1.94620830000000E+03   3.01952000000000E+01
 1.94629170000000E+03   3.15748000000000E+01
 1.94637500000000E+03   2.01843000000000E+01
 1.94645830000000E+03   1.42551000000000E+01
 1.94654170000000E+03  -1.74430000000000E+01
 1.94662500000000E+03  -6.12958000000000E+01
 1.94670830000000E+03  -9.03027000000000E+01
 1.94679170000000E+03  -7.69245000000000E+01
 1.94687500000000E+03  -1.02393500000000E+02
 1.94695830000000E+03  -9.87088000000000E+01
 1.94704170000000E+03  -1.02639100000000E+02
 1.94712500000000E+03  -1.16185700000000E+02
 1.94720830000000E+03  -1.29194100000000E+02
 1.94729170000000E+03  -1.30509800000000E+02
 1.94737500000000E+03  -1.24134100000000E+02
 1.94745830000000E+03  -1.13989400000000E+02
 1.94754170000000E+03  -9.84597000000000E+01
 1.94762500000000E+03  -7.53924000000000E+01
 1.94770830000000E+03  -3.82484000000000E+01
 1.94779170000000E+03  -2.20271000000000E+01
 1.94787500000000E+03  -3.78068000000000E+01
 1.94795830000000E+03  -2.58943000000000E+01
 1.94804170000000E+03  -1.40584000000000E+01
 1.94812500000000E+03  -9.06950000000000E+00
 1.94820830000000E+03   1.73037000000000E+01
 1.94829170000000E+03   4.97542000000000E+01
 1.94837500000000E+03   5.78193000000000E+01
 1.94845830000000E+03   7.46533000000000E+01
 1.94854170000000E+03   9.56415000000000E+01
 1.94862500000000E+03   1.12244300000000E+02
 1.94870830000000E+03   1.21769900000000E+02
 1.94879170000000E+03   1.27142000000000E+02
 1.94887500000000E+03   1.31897800000000E+02
 1.94895830000000E+03   1.46576500000000E+02
 1.94904170000000E+03   1.48563300000000E+02
 1.94912500000000E+03   1.60856800000000E+02
 1.94920830000000E+03   1.50150100000000E+02
 1.94929170000000E+03   1.42674600000000E+02
 1.94937500000000E+03   1.16967400000000E+02
 1.94945830000000E+03   1.21029200000000E+02
 1.94954170000000E+03   1.04706800000000E+02
 1.94962500000000E+03   7.75373000000000E+01
 1.94970830000000E+03   6.06753000000000E+01
 1.94979170000000E+03   6.09675000000000E+01
 1.94987500000000E+03   4.62588000000000E+01
 1.94995830000000E+03   4.80883000000000E+01
 1.95004170000000E+03   5.00721000000000E+01
 1.95012500000000E+03   4.58242000000000E+01
 1.95020830000000E+03   4.23452000000000E+01
 1.95029170000000E+03   7.22513000000000E+01
 1.95037500000000E+03   6.66950000000000E+01
 1.95045830000000E+03   7.24461000000000E+01
 1.95054170000000E+03   4.44283000000000E+01
 1.95062500000000E+03   1.69482000000000E+01
 1.95070830000000E+03  -9.16800000000000E-01
 1.95079170000000E+03  -5.78150000000000E+00
 1.95087500000000E+03  -2.98778000000000E+01
 1.95095830000000E+03  -3.15128000000000E+01
 1.95104170000000E+03  -2.79936000000000E+01
 1.95112500000000E+03  -3.26291000000000E+01
 1.95120830000000E+03  -2.70341000000000E+01
 1.95129170000000E+03  -5.19002000000000E+01
 1.95137500000000E+03  -8.99211000000000E+01
 1.95145830000000E+03  -5.47884000000000E+01
 1.95154170000000E+03  -3.71937000000000E+01
 1.95162500000000E+03  -1.92923000000000E+01
 1.95170830000000E+03  -7.46800000000000E+00
 1.95179170000000E+03   1.12590000000000E+00
 1.95187500000000E+03  -1.43580000000000E+01
 1.95195830000000E+03   1.75424000000000E+01
 1.95204170000000E+03   3.95202000000000E+01
 1.95212500000000E+03   3.60355000000000E+01
 1.95220830000000E+03   5.04737000000000E+01
 1.95229170000000E+03   5.46815000000000E+01
 1.95237500000000E+03   6.61192000000000E+01
 1.95245830000000E+03   8.34797000000000E+01
 1.95254170000000E+03   4.29944000000000E+01
 1.95262500000000E+03   1.97390000000000E+01
 1.95270830000000E+03   6.79100000000000E+00
 1.95279170000000E+03   2.29973000000000E+01
 1.95287500000000E+03   2.36643000000000E+01
 1.95295830000000E+03   2.94848000000000E+01
 1.95304170000000E+03   1.79980000000000E+01
 1.95312500000000E+03   2.47411000000000E+01
 1.95320830000000E+03   3.73301000000000E+01
 1.95329170000000E+03   2.84580000000000E+01
 1.95337500000000E+03   3.00465000000000E+01
 1.95345830000000E+03   3.93271000000000E+01
 1.95354170000000E+03   4.41465000000000E+01
 1.95362500000000E+03   1.98881000000000E+01
 1.95370830000000E+03  -8.13970000000000E+00
 1.95379170000000E+03  -2.17057000000000E+01
 1.95387500000000E+03  -4.57341000000000E+01
 1.95395830000000E+03  -4.68396000000000E+01
 1.95404170000000E+03  -2.91755000000000E+01
 1.95412500000000E+03  -2.22816000000000E+01
 1.95420830000000E+03  -1.96955000000000E+01
 1.95429170000000E+03  -1.26476000000000E+01
 1.95437500000000E+03  -1.13900000000000E+00
 1.95445830000000E+03   6.44630000000000E+00
 1.95454170000000E+03   8.72420000000000E+00
 1.95462500000000E+03  -1.52500000000000E-01
 1.95470830000000E+03   1.55089000000000E+01
 1.95479170000000E+03   3.05553000000000E+01
 1.95487500000000E+03   5.06009000000000E+01
 1.95495830000000E+03   6.87231000000000E+01
 1.95504170000000E+03   7.52304000000000E+01
 1.95512500000000E+03   5.77367000000000E+01
 1.95520830000000E+03   5.27813000000000E+01
 1.95529170000000E+03   4.79801000000000E+01
 1.95537500000000E+03   3.57164000000000E+01
 1.95545830000000E+03   4.39910000000000E+01
 1.95554170000000E+03   5.19583000000000E+01
 1.95562500000000E+03   2.46939000000000E+01
 1.95570830000000E+03   1.03524000000000E+01
 1.95579170000000E+03   7.70350000000000E+00
 1.95587500000000E+03   1.75153000000000E+01
 1.95595830000000E+03   1.05576000000000E+01
 1.95604170000000E+03   1.41387000000000E+01
 1.95612500000000E+03   3.21806000000000E+01
 1.95620830000000E+03   4.32221000000000E+01
 1.95629170000000E+03   5.46487000000000E+01
 1.95637500000000E+03   3.65359000000000E+01
 1.95645830000000E+03   4.14998000000000E+01
 1.95654170000000E+03   2.14641000000000E+01
 1.95662500000000E+03   9.81210000000000E+00
 1.95670830000000E+03   1.29291000000000E+01
 1.95679170000000E+03   1.18157000000000E+01
 1.95687500000000E+03   1.70860000000000E+01
 1.95695830000000E+03   1.41253000000000E+01
 1.95704170000000E+03   1.60112000000000E+01
 1.95712500000000E+03   2.08192000000000E+01
 1.95720830000000E+03   2.33963000000000E+01
 1.95729170000000E+03   4.59736000000000E+01
 1.95737500000000E+03   4.40117000000000E+01
 1.95745830000000E+03   6.39726000000000E+01
 1.95754170000000E+03   6.10877000000000E+01
 1.95762500000000E+03   6.09712000000000E+01
 1.95770830000000E+03   4.06237000000000E+01
 1.95779170000000E+03   3.13534000000000E+01
 1.95787500000000E+03   4.96977000000000E+01
 1.95795830000000E+03   5.17340000000000E+01
 1.95804170000000E+03   5.69245000000000E+01
 1.95812500000000E+03   6.34988000000000E+01
 1.95820830000000E+03   4.83036000000000E+01
 1.95829170000000E+03   3.51088000000000E+01
 1.95837500000000E+03   1.11439000000000E+01
 1.95845830000000E+03  -1.12900000000000E+00
 1.95854170000000E+03  -3.63230000000000E+00
 1.95862500000000E+03  -1.53672000000000E+01
 1.95870830000000E+03  -2.48715000000000E+01
 1.95879170000000E+03  -2.25294000000000E+01
 1.95887500000000E+03  -1.92651000000000E+01
 1.95895830000000E+03  -2.29240000000000E+01
 1.95904170000000E+03  -1.68904000000000E+01
 1.95912500000000E+03  -2.63960000000000E+01
 1.95920830000000E+03  -3.35172000000000E+01
 1.95929170000000E+03  -2.72535000000000E+01
 1.95937500000000E+03  -3.60676000000000E+01
 1.95945830000000E+03  -6.31127000000000E+01
 1.95954170000000E+03  -7.44651000000000E+01
 1.95962500000000E+03  -1.03664600000000E+02
 1.95970830000000E+03  -1.37864200000000E+02
 1.95979170000000E+03  -1.58063600000000E+02
 1.95987500000000E+03  -1.63033000000000E+02
 1.95995830000000E+03  -1.45771900000000E+02
 1.96004170000000E+03  -1.38972000000000E+02
 1.96012500000000E+03  -1.31096000000000E+02
 1.96020830000000E+03  -1.21220200000000E+02
 1.96029170000000E+03  -1.40651900000000E+02
 1.96037500000000E+03  -1.49392000000000E+02
 1.96045830000000E+03  -1.33747800000000E+02
 1.96054170000000E+03  -1.15795500000000E+02
 1.96062500000000E+03  -9.96903000000000E+01
 1.96070830000000E+03  -6.58929000000000E+01
 1.96079170000000E+03  -2.41722000000000E+01
 1.96087500000000E+03  -3.68310000000000E+00
 1.96095830000000E+03   1.76520000000000E+01
 1.96104170000000E+03   3.79873000000000E+01
 1.96112500000000E+03   5.37065000000000E+01
 1.96120830000000E+03   5.86562000000000E+01
 1.96129170000000E+03   5.31446000000000E+01
 1.96137500000000E+03   8.08630000000000E+01
 1.96145830000000E+03   1.05504300000000E+02
 1.96154170000000E+03   1.19145800000000E+02
 1.96162500000000E+03   1.45863500000000E+02
 1.96170830000000E+03   1.27350100000000E+02
 1.96179170000000E+03   9.78371000000000E+01
 1.96187500000000E+03   8.14771000000000E+01
 1.96195830000000E+03   8.69630000000000E+01
 1.96204170000000E+03   8.57569000000000E+01
 1.96212500000000E+03   7.85499000000000E+01
 1.96220830000000E+03   7.71889000000000E+01
 1.96229170000000E+03   7.20590000000000E+01
 1.96237500000000E+03   7.00821000000000E+01
 1.96245830000000E+03   6.90280000000000E+01
 1.96254170000000E+03   4.20512000000000E+01
 1.96262500000000E+03   4.07360000000000E+00
 1.96270830000000E+03  -3.35966000000000E+01
 1.96279170000000E+03  -4.64204000000000E+01
 1.96287500000000E+03  -5.13988000000000E+01
 1.96295830000000E+03  -5.73774000000000E+01
 1.96304170000000E+03  -5.76634000000000E+01
 1.96312500000000E+03  -6.59503000000000E+01
 1.96320830000000E+03  -7.67758000000000E+01
 1.96329170000000E+03  -7.52164000000000E+01
 1.96337500000000E+03  -7.08886000000000E+01
 1.96345830000000E+03  -5.96380000000000E+01
 1.96354170000000E+03  -5.93101000000000E+01
 1.96362500000000E+03  -3.83677000000000E+01
 1.96370830000000E+03  -5.27332000000000E+01
 1.96379170000000E+03  -5.73292000000000E+01
 1.96387500000000E+03  -3.50029000000000E+01
 1.96395830000000E+03  -2.13691000000000E+01
 1.96404170000000E+03   3.41880000000000E+00
 1.96412500000000E+03   8.89820000000000E+00
 1.96420830000000E+03   2.24542000000000E+01
 1.96429170000000E+03   2.57799000000000E+01
 1.96437500000000E+03   1.32585000000000E+01
 1.96445830000000E+03   2.35061000000000E+01
 1.96454170000000E+03   2.53695000000000E+01
 1.96462500000000E+03   1.20781000000000E+01
 1.96470830000000E+03  -4.13650000000000E+00
 1.96479170000000E+03   1.24184000000000E+01
 1.96487500000000E+03   1.84340000000000E+01
 1.96495830000000E+03   1.28339000000000E+01
 1.96504170000000E+03   2.84650000000000E+01
 1.96512500000000E+03   1.64030000000000E+01
 1.96520830000000E+03   1.28791000000000E+01
 1.96529170000000E+03   8.94000000000000E-01
 1.96537500000000E+03  -1.98611000000000E+01
 1.96545830000000E+03  -4.84626000000000E+01
 1.96554170000000E+03  -6.25254000000000E+01
 1.96579170000000E+03  -8.24085000000000E+01
 1.96587500000000E+03  -8.90113000000000E+01
 1.96595830000000E+03  -8.45374000000000E+01
 1.96604170000000E+03  -6.33709000000000E+01
 1.96612500000000E+03  -4.05128000000000E+01
 1.96620830000000E+03  -1.67320000000000E+01
 1.96629170000000E+03  -2.74893000000000E+01
 1.96637500000000E+03  -3.22474000000000E+01
 1.96645830000000E+03  -3.01596000000000E+01
 1.96654170000000E+03  -2.73023000000000E+01
 1.96662500000000E+03   1.84773000000000E+01
 1.96670830000000E+03   4.74874000000000E+01
 1.96679170000000E+03   3.82671000000000E+01
 1.96687500000000E+03   5.05844000000000E+01
 1.96695830000000E+03   6.85938000000000E+01
 1.96704170000000E+03   8.08342000000000E+01
 1.96720830000000E+03   7.63902000000000E+01
 1.96729170000000E+03   9.77837000000000E+01
 1.96737500000000E+03   1.02099500000000E+02
 1.96745830000000E+03   1.21645900000000E+02
 1.96754170000000E+03   1.36038700000000E+02
 1.96762500000000E+03   1.41353700000000E+02
 1.96770830000000E+03   1.44899300000000E+02
 1.96779170000000E+03   1.10291300000000E+02
 1.96787500000000E+03   1.04221000000000E+02
 1.96795830000000E+03   9.76890000000000E+01
 1.96804170000000E+03   8.00033000000000E+01
 1.96820830000000E+03   7.73994000000000E+01
 1.96829170000000E+03   6.23284000000000E+01
 1.96837500000000E+03   5.37182000000000E+01
 1.96854170000000E+03   1.11129000000000E+01
 1.96862500000000E+03  -2.25751000000000E+01
 1.96870830000000E+03  -7.52633000000000E+01
 1.96879170000000E+03  -9.53357000000000E+01
 1.96887500000000E+03  -1.22639800000000E+02
 1.96895830000000E+03  -1.41867200000000E+02
 1.96904170000000E+03  -1.31786600000000E+02
 1.96912500000000E+03  -1.47091400000000E+02
 1.96920830000000E+03  -1.36165700000000E+02
 1.96929170000000E+03  -1.04855100000000E+02
 1.96937500000000E+03  -7.01606000000000E+01
 1.96945830000000E+03  -6.20818000000000E+01
 1.96954170000000E+03  -8.18489000000000E+01
 1.96962500000000E+03  -8.30014000000000E+01
 1.96970830000000E+03  -8.29233000000000E+01
 1.96979170000000E+03  -5.36142000000000E+01
 1.96987500000000E+03  -5.16905000000000E+01
 1.96995830000000E+03  -4.44593000000000E+01
 1.97004170000000E+03  -2.26125000000000E+01
 1.97012500000000E+03  -3.02280000000000E+01
 1.97020830000000E+03  -1.40745000000000E+01
 1.97029170000000E+03  -9.15150000000000E+00
 1.97037500000000E+03  -5.99850000000000E+00
 1.97045830000000E+03  -3.51535000000000E+01
 1.97054170000000E+03  -3.06928000000000E+01
 1.97062500000000E+03  -7.46360000000000E+00
 1.97070830000000E+03  -7.73200000000000E-01
 1.97079170000000E+03  -3.69780000000000E+00
 1.97087500000000E+03  -1.90079000000000E+01
 1.97095830000000E+03  -2.20105000000000E+01
 1.97104170000000E+03  -8.39740000000000E+00
 1.97112500000000E+03  -2.02467000000000E+01
 1.97120830000000E+03  -1.71731000000000E+01
 1.97129170000000E+03  -8.33000000000000E+00
 1.97137500000000E+03   8.89690000000000E+00
 1.97145830000000E+03   1.33543000000000E+01
 1.97154170000000E+03  -1.02649000000000E+01
 1.97162500000000E+03  -4.39618000000000E+01
 1.97170830000000E+03  -7.12744000000000E+01
 1.97179170000000E+03  -6.58943000000000E+01
 1.97187500000000E+03  -6.87459000000000E+01
 1.97195830000000E+03  -5.54438000000000E+01
 1.97204170000000E+03  -4.89106000000000E+01
 1.97212500000000E+03  -6.10706000000000E+01
 1.97220830000000E+03  -6.61539000000000E+01
 1.97229170000000E+03  -6.90061000000000E+01
 1.97237500000000E+03  -5.62437000000000E+01
 1.97245830000000E+03  -5.28662000000000E+01
 1.97254170000000E+03  -7.64115000000000E+01
 1.97262500000000E+03  -4.77268000000000E+01
 1.97270830000000E+03  -1.46577000000000E+01
 1.97279170000000E+03   2.25655000000000E+01
 1.97287500000000E+03   2.07879000000000E+01
 1.97295830000000E+03   3.63947000000000E+01
 1.97304170000000E+03   3.92325000000000E+01
 1.97312500000000E+03   4.94542000000000E+01
 1.97320830000000E+03   5.72910000000000E+01
 1.97329170000000E+03   6.04357000000000E+01
 1.97337500000000E+03   8.11182000000000E+01
 1.97345830000000E+03   8.30312000000000E+01
 1.97354170000000E+03   6.45598000000000E+01
 1.97362500000000E+03   7.04723000000000E+01
 1.97370830000000E+03   2.68461000000000E+01
 1.97379170000000E+03  -3.47220000000000E+00
 1.97387500000000E+03  -4.05605000000000E+01
 1.97395830000000E+03  -3.54182000000000E+01
 1.97404170000000E+03  -1.12757000000000E+01
 1.97412500000000E+03  -1.21090000000000E+00
 1.97420830000000E+03   3.92100000000000E-01
 1.97429170000000E+03   2.14930000000000E+00
 1.97437500000000E+03   1.19057000000000E+01
 1.97445830000000E+03   2.72772000000000E+01
 1.97454170000000E+03   4.18798000000000E+01
 1.97462500000000E+03   3.70200000000000E+01
 1.97470830000000E+03   2.20062000000000E+01
 1.97479170000000E+03   3.97618000000000E+01
 1.97487500000000E+03   5.38244000000000E+01
 1.97495830000000E+03   7.75021000000000E+01
 1.97504170000000E+03   7.15647000000000E+01
 1.97512500000000E+03   4.88573000000000E+01
 1.97520830000000E+03   4.84574000000000E+01
 1.97529170000000E+03   4.61346000000000E+01
 1.97537500000000E+03   4.05803000000000E+01
 1.97545830000000E+03   5.37950000000000E+01
 1.97554170000000E+03   5.60099000000000E+01
 1.97562500000000E+03   8.30100000000000E+00
 1.97570830000000E+03  -1.37927000000000E+01
 1.97579170000000E+03  -8.04010000000000E+00
 1.97587500000000E+03  -9.98050000000000E+00
 1.97595830000000E+03  -4.22890000000000E+00
 1.97604170000000E+03  -6.16930000000000E+00
 1.97612500000000E+03  -4.11040000000000E+00
 1.97620830000000E+03  -1.18211000000000E+01
 1.97629170000000E+03  -4.96853000000000E+01
 1.97637500000000E+03  -6.61657000000000E+01
 1.97645830000000E+03  -5.76463000000000E+01
 1.97654170000000E+03  -8.38190000000000E+01
 1.97662500000000E+03  -1.38377000000000E+02
 1.97670830000000E+03  -1.41627600000000E+02
 1.97679170000000E+03  -1.25262600000000E+02
 1.97687500000000E+03  -1.31052100000000E+02
 1.97695830000000E+03  -1.27380400000000E+02
 1.97704170000000E+03  -1.16862300000000E+02
 1.97712500000000E+03  -1.21421800000000E+02
 1.97720830000000E+03  -1.12673900000000E+02
 1.97729170000000E+03  -9.88489000000000E+01
 1.97737500000000E+03  -4.31015000000000E+01
 1.97745830000000E+03  -2.92774000000000E+01
 1.97754170000000E+03  -2.38377000000000E+01
 1.97762500000000E+03  -4.23218000000000E+01
 1.97770830000000E+03  -3.38062000000000E+01
 1.97779170000000E+03  -4.49826000000000E+01
 1.97787500000000E+03  -7.66982000000000E+01
 1.97795830000000E+03  -7.72603000000000E+01
 1.97804170000000E+03  -6.76682000000000E+01
 1.97812500000000E+03  -7.73846000000000E+01
 1.97820830000000E+03  -4.29474000000000E+01
 1.97829170000000E+03  -3.34330000000000E+01
 1.97837500000000E+03  -6.76550000000000E+00
 1.97845830000000E+03  -4.41752000000000E+01
 1.97854170000000E+03  -6.52770000000000E+01
 1.97862500000000E+03  -8.73025000000000E+01
 1.97870830000000E+03  -7.00207000000000E+01
 1.97879170000000E+03  -8.24309000000000E+01
 1.97887500000000E+03  -6.86880000000000E+01
 1.97895830000000E+03  -4.64838000000000E+01
 1.97904170000000E+03  -1.98947000000000E+01
 1.97912500000000E+03  -1.33064000000000E+01
 1.97920830000000E+03   9.66630000000000E+00
 1.97929170000000E+03  -1.40531000000000E+01
 1.97937500000000E+03  -2.56963000000000E+01
 1.97945830000000E+03  -4.15705000000000E+01
 1.97954170000000E+03  -4.36753000000000E+01
 1.97962500000000E+03  -4.35500000000000E+01
 1.97970830000000E+03  -6.37327000000000E+01
 1.97979170000000E+03  -7.12997000000000E+01
 1.97987500000000E+03  -6.73290000000000E+01
 1.97995830000000E+03  -7.03586000000000E+01
 1.98004170000000E+03  -6.43110000000000E+01
 1.98012500000000E+03  -8.34949000000000E+01
 1.98020830000000E+03  -8.43714000000000E+01
 1.98029170000000E+03  -9.01707000000000E+01
 1.98037500000000E+03  -8.14323000000000E+01
 1.98045830000000E+03  -5.48480000000000E+01
 1.98054170000000E+03  -4.14173000000000E+01
 1.98062500000000E+03  -1.22950000000000E+01
 1.98070830000000E+03  -5.17300000000000E+00
 1.98079170000000E+03   1.06416000000000E+01
 1.98087500000000E+03   1.09170000000000E+01
 1.98095830000000E+03   2.94998000000000E+01
 1.98104170000000E+03   4.54675000000000E+01
 1.98112500000000E+03   5.63575000000000E+01
 1.98120830000000E+03   5.63242000000000E+01
 1.98129170000000E+03   6.35219000000000E+01
 1.98137500000000E+03   8.01034000000000E+01
 1.98145830000000E+03   9.17617000000000E+01
 1.98154170000000E+03   5.88048000000000E+01
 1.98162500000000E+03   2.66164000000000E+01
 1.98170830000000E+03   7.19690000000000E+00
 1.98179170000000E+03   2.33931000000000E+01
 1.98187500000000E+03   4.14347000000000E+01
 1.98195830000000E+03   4.33223000000000E+01
 1.98204170000000E+03   3.57485000000000E+01
 1.98212500000000E+03   3.04047000000000E+01
 1.98220830000000E+03   4.05992000000000E+01
 1.98229170000000E+03   3.21016000000000E+01
 1.98237500000000E+03   3.59109000000000E+01
 1.98245830000000E+03   3.24123000000000E+01
 1.98254170000000E+03   5.86832000000000E+01
 1.98262500000000E+03   8.02610000000000E+01
 1.98270830000000E+03   8.44540000000000E+01
 1.98279170000000E+03   7.99549000000000E+01
 1.98287500000000E+03   6.13012000000000E+01
 1.98295830000000E+03   5.27241000000000E+01
 1.98304170000000E+03   6.57627000000000E+01
 1.98312500000000E+03   7.18006000000000E+01
 1.98320830000000E+03   7.93767000000000E+01
 1.98329170000000E+03   9.60299000000000E+01
 1.98337500000000E+03   1.35605500000000E+02
 1.98345830000000E+03   1.35565400000000E+02
 1.98354170000000E+03   1.43217900000000E+02
 1.98362500000000E+03   8.97927000000000E+01
 1.98370830000000E+03   4.56750000000000E+01
 1.98379170000000E+03   2.77114000000000E+01
 1.98387500000000E+03   1.78239000000000E+01
 1.98395830000000E+03   2.51670000000000E+01
 1.98404170000000E+03   3.90487000000000E+01
 1.98412500000000E+03   3.43144000000000E+01
 1.98420830000000E+03   3.86567000000000E+01
 1.98429170000000E+03   4.66915000000000E+01
 1.98437500000000E+03   1.10333000000000E+01
 1.98445830000000E+03  -1.51636000000000E+01
 1.98454170000000E+03  -5.16679000000000E+01
 1.98462500000000E+03  -9.77884000000000E+01
 1.98470830000000E+03  -1.11370700000000E+02
 1.98479170000000E+03  -9.58758000000000E+01
 1.98487500000000E+03  -9.32278000000000E+01
 1.98495830000000E+03  -8.21185000000000E+01
 1.98504170000000E+03  -7.31628000000000E+01
 1.98512500000000E+03  -7.27463000000000E+01
 1.98520830000000E+03  -4.97916000000000E+01
 1.98529170000000E+03  -4.17597000000000E+01
 1.98537500000000E+03  -4.78056000000000E+01
 1.98545830000000E+03  -3.70824000000000E+01
 1.98554170000000E+03  -3.28974000000000E+01
 1.98562500000000E+03  -3.93286000000000E+01
 1.98570830000000E+03  -4.38369000000000E+01
 1.98579170000000E+03  -4.31143000000000E+01
 1.98587500000000E+03  -4.20077000000000E+01
 1.98595830000000E+03  -3.69014000000000E+01
 1.98604170000000E+03  -2.77180000000000E+01
 1.98612500000000E+03  -3.13045000000000E+01
 1.98620830000000E+03  -2.28912000000000E+01
 1.98629170000000E+03  -2.34778000000000E+01
 1.98637500000000E+03  -7.91120000000000E+00
 1.98645830000000E+03   1.42440000000000E+00
 1.98654170000000E+03  -2.00090000000000E+01
 1.98662500000000E+03  -2.41355000000000E+01
 1.98670830000000E+03  -2.21853000000000E+01
 1.98679170000000E+03  -2.33887000000000E+01
 1.98687500000000E+03  -1.07467000000000E+01
 1.98695830000000E+03  -3.79730000000000E+00
 1.98704170000000E+03   7.46010000000000E+00
 1.98712500000000E+03   1.21783000000000E+01
 1.98720830000000E+03   2.81270000000000E+01
 1.98729170000000E+03   1.67683000000000E+01
 1.98737500000000E+03  -3.05280000000000E+00
 1.98745830000000E+03  -2.48740000000000E+01
 1.98754170000000E+03  -2.33105000000000E+01
 1.98762500000000E+03  -8.97840000000000E+00
 1.98770830000000E+03  -1.30312000000000E+01
 1.98779170000000E+03   2.68550000000000E+00
 1.98787500000000E+03   2.95553000000000E+01
 1.98795830000000E+03   3.68094000000000E+01
 1.98804170000000E+03   5.44484000000000E+01
 1.98812500000000E+03   5.53174000000000E+01
 1.98820830000000E+03   5.76478000000000E+01
 1.98829170000000E+03   5.01322000000000E+01
 1.98887500000000E+03   5.78982000000000E+01
 1.98954170000000E+03   8.60557000000000E+01
 1.98962500000000E+03   1.15074100000000E+02
 1.98970830000000E+03   1.38938400000000E+02
 1.98979170000000E+03   1.45879800000000E+02
 1.98987500000000E+03   1.40666700000000E+02
 1.98995830000000E+03   1.42068700000000E+02
 1.99004170000000E+03   1.40932500000000E+02
 1.99012500000000E+03   1.45641700000000E+02
 1.99020830000000E+03   1.34196800000000E+02
 1.99029170000000E+03   1.41598200000000E+02
 1.99037500000000E+03   1.30845200000000E+02
 1.99045830000000E+03   1.29014900000000E+02
 1.99054170000000E+03   1.33338700000000E+02
 1.99062500000000E+03   9.15079000000000E+01
 1.99070830000000E+03   3.62923000000000E+01
 1.99079170000000E+03  -2.36154000000000E+01
 1.99087500000000E+03  -4.36777000000000E+01
 1.99095830000000E+03  -3.19710000000000E+01
 1.99104170000000E+03  -2.16487000000000E+01
 1.99112500000000E+03  -2.41733000000000E+01
 1.99120830000000E+03  -2.25442000000000E+01
 1.99129170000000E+03  -1.90688000000000E+01
 1.99137500000000E+03  -1.85172000000000E+01
 1.99145830000000E+03  -5.65820000000000E+00
 1.99154170000000E+03   1.94319000000000E+01
 1.99162500000000E+03   1.74443000000000E+01
 1.99170830000000E+03   4.66872000000000E+01
 1.99179170000000E+03   6.09303000000000E+01
 1.99187500000000E+03   7.24804000000000E+01
 1.99195830000000E+03   6.45687000000000E+01
 1.99204170000000E+03   5.62727000000000E+01
 1.99212500000000E+03   6.48220000000000E+01
 1.99220830000000E+03   6.56788000000000E+01
 1.99229170000000E+03   4.66128000000000E+01
 1.99237500000000E+03   5.13921000000000E+01
 1.99245830000000E+03   5.90174000000000E+01
 1.99254170000000E+03   7.46429000000000E+01
 1.99262500000000E+03   6.56523000000000E+01
 1.99270830000000E+03   5.28922000000000E+01
 1.99279170000000E+03   2.56708000000000E+01
 1.99287500000000E+03   1.02180000000000E+01
 1.99295830000000E+03   9.91870000000000E+00
 1.99304170000000E+03   4.16965000000000E+01
 1.99312500000000E+03   5.66275000000000E+01
 1.99320830000000E+03   3.45582000000000E+01
 1.99329170000000E+03   1.04892000000000E+01
 1.99337500000000E+03   1.72710000000000E+00
 1.99345830000000E+03  -8.49680000000000E+00
 1.99354170000000E+03  -1.89512000000000E+01
 1.99362500000000E+03  -5.83294000000000E+01
 1.99370830000000E+03  -7.86310000000000E+01
 1.99379170000000E+03  -8.39323000000000E+01
 1.99387500000000E+03  -8.71574000000000E+01
 1.99395830000000E+03  -5.52289000000000E+01
 1.99404170000000E+03  -5.93002000000000E+01
 1.99412500000000E+03  -8.14492000000000E+01
 1.99420830000000E+03  -9.42137000000000E+01
 1.99429170000000E+03  -7.56704000000000E+01
 1.99437500000000E+03  -5.31278000000000E+01
 1.99445830000000E+03  -7.66240000000000E+00
 1.99454170000000E+03   1.31879000000000E+01
 1.99462500000000E+03   3.78067000000000E+01
 1.99470830000000E+03   6.43483000000000E+01
 1.99479170000000E+03   7.75825000000000E+01
 1.99487500000000E+03   7.68928000000000E+01
 1.99495830000000E+03   9.08952000000000E+01
 1.99504170000000E+03   8.08209000000000E+01
 1.99512500000000E+03   7.74382000000000E+01
 1.99520830000000E+03   7.42091000000000E+01
 1.99529170000000E+03   8.72879000000000E+01
 1.99537500000000E+03   8.52121000000000E+01
 1.99545830000000E+03   6.59053000000000E+01
 1.99554170000000E+03   1.69834000000000E+01
 1.99562500000000E+03  -3.80162000000000E+01
 1.99570830000000E+03  -1.03323700000000E+02
 1.99579170000000E+03  -1.42015700000000E+02
 1.99587500000000E+03  -1.70323700000000E+02
 1.99595830000000E+03  -1.67478100000000E+02
 1.99604170000000E+03  -1.54170800000000E+02
 1.99612500000000E+03  -1.65787300000000E+02
 1.99620830000000E+03  -1.80557900000000E+02
 1.99629170000000E+03  -1.71943600000000E+02
 1.99637500000000E+03  -1.64868500000000E+02
 1.99645830000000E+03  -1.72178300000000E+02
 1.99654170000000E+03  -1.62103300000000E+02
 1.99662500000000E+03  -1.23182800000000E+02
 1.99670830000000E+03  -7.76471000000000E+01
 1.99679170000000E+03  -3.61113000000000E+01
 1.99687500000000E+03  -1.91146000000000E+01
 1.99695830000000E+03  -1.54259000000000E+01
 1.99704170000000E+03  -2.87370000000000E+01
 1.99712500000000E+03  -5.12026000000000E+01
 1.99720830000000E+03  -2.71300000000000E+01
 1.99729170000000E+03   1.28658000000000E+01
 1.99737500000000E+03   1.24764000000000E+01
 1.99745830000000E+03  -1.79133000000000E+01
 1.99754170000000E+03  -1.46105000000000E+01
 1.99762500000000E+03   8.84550000000000E+00
 1.99770830000000E+03   9.99350000000000E+00
 1.99779170000000E+03  -2.56275000000000E+01
 1.99787500000000E+03  -4.66339000000000E+01
 1.99795830000000E+03  -4.38712000000000E+01
 1.99804170000000E+03  -1.85699000000000E+01
 1.99812500000000E+03   1.34230000000000E+01
 1.99820830000000E+03   2.97234000000000E+01
 1.99829170000000E+03   1.71778000000000E+01
 1.99837500000000E+03   1.46315000000000E+01
 1.99845830000000E+03   2.61619000000000E+01
 1.99854170000000E+03   5.06925000000000E+01
 1.99862500000000E+03   6.18377000000000E+01
 1.99870830000000E+03   4.02135000000000E+01
 1.99879170000000E+03   2.23587000000000E+01
 1.99887500000000E+03   3.26571000000000E+01
 1.99895830000000E+03   3.66475000000000E+01
 1.99904170000000E+03   3.78689000000000E+01
 1.99912500000000E+03   1.69358000000000E+01
 1.99920830000000E+03  -9.30530000000000E+00
 1.99929170000000E+03  -5.39240000000000E+00
 1.99937500000000E+03  -4.03200000000000E-01
 1.99945830000000E+03   1.63550000000000E+01
 1.99954170000000E+03   3.06518000000000E+01
 1.99962500000000E+03   5.03325000000000E+01
 1.99970830000000E+03   5.50130000000000E+01
 1.99979170000000E+03   4.75398000000000E+01
 1.99987500000000E+03   3.59890000000000E+01
 1.99995830000000E+03   5.44380000000000E+01
 2.00004170000000E+03   7.28872000000000E+01
 2.00012500000000E+03   8.07203000000000E+01
 2.00020830000000E+03   7.63223000000000E+01
 2.00029170000000E+03   7.52323000000000E+01
 2.00037500000000E+03   6.69108000000000E+01
 2.00045830000000E+03   6.92813000000000E+01
 2.00054170000000E+03   3.61905000000000E+01
 2.00062500000000E+03   3.56050000000000E+00
 2.00070830000000E+03  -4.06081000000000E+01
 2.00079170000000E+03  -7.35458000000000E+01
 2.00087500000000E+03  -7.40996000000000E+01
 2.00095830000000E+03  -5.61921000000000E+01
 2.00104170000000E+03  -6.35921000000000E+01
 2.00112500000000E+03  -6.71466000000000E+01
 2.00120830000000E+03  -6.42399000000000E+01
 2.00129170000000E+03  -5.07175000000000E+01
 2.00137500000000E+03  -1.66574000000000E+01
 2.00145830000000E+03  -1.33668000000000E+01
 2.00154170000000E+03  -5.22980000000000E+00
 2.00162500000000E+03   3.65218000000000E+01
 2.00170830000000E+03   7.58886000000000E+01
 2.00179170000000E+03   7.62556000000000E+01
 2.00187500000000E+03   7.66219000000000E+01
 2.00195830000000E+03   9.65264000000000E+01
 2.00204170000000E+03   8.16619000000000E+01
 2.00212500000000E+03   7.23352000000000E+01
 2.00220830000000E+03   5.04697000000000E+01
 2.00229170000000E+03   2.99121000000000E+01
 2.00237500000000E+03  -5.95390000000000E+00
 2.00254170000000E+03  -2.85323000000000E+01
 2.00262500000000E+03  -3.67836000000000E+01
 2.00270830000000E+03  -7.31890000000000E+01
 2.00279170000000E+03  -1.29286600000000E+02
 2.00287500000000E+03  -1.64538600000000E+02
 2.00295830000000E+03  -1.51406400000000E+02
 2.00304170000000E+03  -1.36812300000000E+02
 2.00312500000000E+03  -1.45449800000000E+02
 2.00320830000000E+03  -1.31395200000000E+02
 2.00329170000000E+03  -1.14801900000000E+02
 2.00337500000000E+03  -1.03209300000000E+02
 2.00345830000000E+03  -8.25401000000000E+01
 2.00354170000000E+03  -4.73322000000000E+01
 2.00362500000000E+03  -4.07404000000000E+01
 2.00370830000000E+03  -4.27642000000000E+01
 2.00379170000000E+03  -3.74032000000000E+01
 2.00387500000000E+03  -3.05813000000000E+01
 2.00395830000000E+03  -1.93751000000000E+01
 2.00404170000000E+03  -7.47640000000000E+00
 2.00412500000000E+03  -1.25784000000000E+01
 2.00420830000000E+03  -1.42200000000000E-01
 2.00429170000000E+03   2.75580000000000E+00
 2.00437500000000E+03   7.34540000000000E+00
 2.00445830000000E+03   3.67808000000000E+01
 2.00454170000000E+03   6.87550000000000E+01
 2.00462500000000E+03   7.11130000000000E+01
 2.00470830000000E+03   4.46247000000000E+01
 2.00479170000000E+03   3.45981000000000E+01
 2.00487500000000E+03   3.94169000000000E+01
 2.00495830000000E+03   5.00817000000000E+01
 2.00504170000000E+03   4.73620000000000E+01
 2.00512500000000E+03   4.81032000000000E+01
 2.00520830000000E+03   5.97672000000000E+01
 2.00529170000000E+03   4.46621000000000E+01
 2.00537500000000E+03   5.04795000000000E+01
 2.00545830000000E+03   4.12197000000000E+01
 2.00554170000000E+03   3.96000000000000E+00
 2.00562500000000E+03  -5.11464000000000E+01
 2.00570830000000E+03  -8.15609000000000E+01
 2.00579170000000E+03  -6.66674000000000E+01
 2.00587500000000E+03  -6.03900000000000E+01
 2.00595830000000E+03  -5.21898000000000E+01
 2.00604170000000E+03  -6.06817000000000E+01
 2.00612500000000E+03  -6.80204000000000E+01
 2.00620830000000E+03  -7.61287000000000E+01
 2.00629170000000E+03  -7.73906000000000E+01
 2.00637500000000E+03  -5.00377000000000E+01
 2.00645830000000E+03  -2.60698000000000E+01
 2.00654170000000E+03   1.80522000000000E+01
 2.00662500000000E+03   3.98658000000000E+01
 2.00670830000000E+03   5.69099000000000E+01
 2.00679170000000E+03   8.20312000000000E+01
 2.00687500000000E+03   8.79979000000000E+01
 2.00695830000000E+03   9.33489000000000E+01
 2.00704170000000E+03   1.07161700000000E+02
 2.00712500000000E+03   1.24204600000000E+02
 2.00720830000000E+03   1.51016500000000E+02
 2.00729170000000E+03   1.48059300000000E+02
 2.00737500000000E+03   1.54562900000000E+02
 2.00745830000000E+03   1.46681700000000E+02
 2.00754170000000E+03   1.24723800000000E+02
 2.00762500000000E+03   1.01765200000000E+02
 2.00770830000000E+03   1.14575500000000E+02
 2.00779170000000E+03   1.01232200000000E+02
 2.00787500000000E+03   8.38113000000000E+01
 2.00795830000000E+03   7.50825000000000E+01
 2.00804170000000E+03   8.64307000000000E+01
 2.00812500000000E+03   7.84706000000000E+01
 2.00820830000000E+03   5.78179000000000E+01
 2.00829170000000E+03   5.86269000000000E+01
 2.00837500000000E+03   7.72045000000000E+01
 2.00845830000000E+03   7.60127000000000E+01
 2.00854170000000E+03   5.98209000000000E+01
 2.00862500000000E+03   3.22439000000000E+01
 2.00870830000000E+03   3.59000000000000E-01
 2.00879170000000E+03  -4.00642000000000E+01
 2.00887500000000E+03  -4.14881000000000E+01
 2.00895830000000E+03  -2.74508000000000E+01
 2.00904170000000E+03  -1.81824000000000E+01
 2.00912500000000E+03  -1.88378000000000E+01
 2.00920830000000E+03  -1.20320000000000E+01
 2.00929170000000E+03   9.62020000000000E+00
 2.00937500000000E+03  -2.09590000000000E+01
 2.00945830000000E+03  -4.71539000000000E+01
 2.00954170000000E+03  -8.52717000000000E+01
 2.00962500000000E+03  -1.09928600000000E+02
 2.00970830000000E+03  -1.02355000000000E+02
 2.00979170000000E+03  -1.00858200000000E+02
 2.00987500000000E+03  -8.87466000000000E+01
 2.00995830000000E+03  -7.97122000000000E+01
 2.01004170000000E+03  -7.82161000000000E+01
 2.01012500000000E+03  -7.91053000000000E+01
 2.01020830000000E+03  -8.39178000000000E+01
 2.01029170000000E+03  -1.01268600000000E+02
 2.01037500000000E+03  -1.05158600000000E+02
 2.01045830000000E+03  -1.07741100000000E+02
 2.01054170000000E+03  -1.03631100000000E+02
 2.01062500000000E+03  -7.85218000000000E+01
 2.01070830000000E+03  -6.68743000000000E+01
 2.01079170000000E+03  -6.01496000000000E+01
 2.01087500000000E+03  -6.16565000000000E+01
 2.01095830000000E+03  -5.38558000000000E+01
 2.01104170000000E+03  -5.42858000000000E+01
 2.01112500000000E+03  -5.05626000000000E+01
 2.01120830000000E+03  -3.70704000000000E+01
 2.01129170000000E+03  -1.59627000000000E+01
 2.01137500000000E+03  -1.04710000000000E+01
 2.01145830000000E+03   2.58666000000000E+01
 2.01154170000000E+03   6.62043000000000E+01
 2.01162500000000E+03   6.00030000000000E+01
 2.01170830000000E+03   6.41090000000000E+01
 2.01179170000000E+03   7.71383000000000E+01
 2.01187500000000E+03   6.81670000000000E+01
 2.01195830000000E+03   7.78877000000000E+01
 2.01204170000000E+03   7.93778000000000E+01
 2.01212500000000E+03   8.26364000000000E+01
 2.01220830000000E+03   1.00510200000000E+02
 2.01229170000000E+03   1.03384200000000E+02
 2.01237500000000E+03   9.80267000000000E+01
 2.01245830000000E+03   9.14383000000000E+01
 2.01254170000000E+03   4.33115000000000E+01
 2.01262500000000E+03   5.03020000000000E+00
 2.01270830000000E+03  -2.14821000000000E+01
 2.01279170000000E+03  -4.16097000000000E+01
 2.01287500000000E+03  -5.48917000000000E+01
 2.01295830000000E+03  -5.60202000000000E+01
 2.01304170000000E+03  -6.02254000000000E+01
 2.01312500000000E+03  -6.45082000000000E+01
 2.01320830000000E+03  -6.87912000000000E+01
 2.01329170000000E+03  -9.68433000000000E+01
 2.01337500000000E+03  -9.32807000000000E+01
 2.01345830000000E+03  -7.59491000000000E+01
 2.01354170000000E+03  -6.69250000000000E+01
 2.01362500000000E+03  -7.55170000000000E+01
 2.01370830000000E+03  -6.77246000000000E+01
 2.01379170000000E+03  -4.26244000000000E+01
 2.01387500000000E+03  -3.89094000000000E+01
 2.01395830000000E+03  -3.92716000000000E+01
 2.01404170000000E+03  -3.96337000000000E+01
 2.01412500000000E+03  -3.35349000000000E+01
 2.01420830000000E+03  -4.35132000000000E+01
 2.01429170000000E+03  -4.45683000000000E+01
 2.01437500000000E+03  -4.66241000000000E+01
 2.01445830000000E+03  -6.02955000000000E+01
 2.01454170000000E+03  -5.83514000000000E+01
 2.01462500000000E+03  -4.81771000000000E+01
 2.01470830000000E+03  -3.59262000000000E+01
 2.01479170000000E+03  -3.14443000000000E+01
 2.01487500000000E+03  -1.68862000000000E+01
 2.01495830000000E+03   7.90240000000000E+00
 2.01504170000000E+03   3.06143000000000E+01
 2.01512500000000E+03   3.46332000000000E+01
 2.01520830000000E+03   2.59596000000000E+01
 2.01529170000000E+03   2.24399000000000E+01
 2.01537500000000E+03   4.29965000000000E+01
 2.01545830000000E+03   9.48606000000000E+01
 2.01554170000000E+03   8.34171000000000E+01
 2.01562500000000E+03   7.10499000000000E+01
 2.01570830000000E+03   5.07594000000000E+01
 2.01579170000000E+03   4.76998000000000E+01
 2.01587500000000E+03   3.47934000000000E+01
 2.01595830000000E+03   1.22713000000000E+01
 2.01604170000000E+03   6.36480000000000E+00
 2.01612500000000E+03   8.61150000000000E+00
 2.01620830000000E+03   1.57041000000000E+01
 2.01629170000000E+03  -1.04930000000000E+00
 2.01637500000000E+03   3.81200000000000E+00
 2.01645830000000E+03   3.51920000000000E+00
 2.01654170000000E+03  -1.74657000000000E+01
 2.01662500000000E+03  -2.66052000000000E+01
 2.01670830000000E+03  -4.64372000000000E+01
 2.01679170000000E+03  -3.33459000000000E+01
 2.01687500000000E+03  -4.14861000000000E+01
 2.01695830000000E+03  -2.63958000000000E+01
 2.01704170000000E+03  -4.22840000000000E+00
 2.01712500000000E+03  -2.83080000000000E+00
 2.01720830000000E+03  -1.26643000000000E+01
 2.01729170000000E+03  -7.95920000000000E+00
 2.01737500000000E+03   4.05914000000000E+01
 2.01745830000000E+03   8.08341000000000E+01
 2.01754170000000E+03   7.56923000000000E+01
 2.01762500000000E+03   4.73961000000000E+01
 2.01770830000000E+03   3.14842000000000E+01
 2.01779170000000E+03   9.80320000000000E+00
 2.01787500000000E+03  -1.14169000000000E+01
 2.01795830000000E+03  -1.12526000000000E+01
 2.01804170000000E+03  -2.45498000000000E+01
 2.01812500000000E+03  -2.80014000000000E+01
 2.01820830000000E+03  -2.47610000000000E+01
 2.01829170000000E+03  -7.44350000000000E+00
 2.01837500000000E+03  -1.95881000000000E+01
 2.01845830000000E+03  -5.03484000000000E+01
 2.01854170000000E+03  -7.66471000000000E+01
 2.01862500000000E+03  -8.77925000000000E+01
 2.01870830000000E+03  -6.81689000000000E+01
 2.01879170000000E+03  -5.74683000000000E+01
 2.01887500000000E+03  -4.36914000000000E+01
 2.01895830000000E+03  -3.37609000000000E+01
 2.01904170000000E+03  -1.93687000000000E+01
 2.01912500000000E+03  -1.52849000000000E+01
 2.01920830000000E+03  -7.20130000000000E+00
 2.01929170000000E+03  -8.57910000000000E+00
 2.01937500000000E+03  -3.98037000000000E+01
 2.01945830000000E+03  -2.04131000000000E+01
 2.01954170000000E+03   1.94391000000000E+01
 2.01962500000000E+03   5.62907000000000E+01
 2.01970830000000E+03   7.60651000000000E+01
 2.01979170000000E+03   6.79935000000000E+01
 2.01987500000000E+03   8.98443000000000E+01
 2.01995830000000E+03   8.80795000000000E+01
 2.02004170000000E+03   1.07699500000000E+02
 2.02012500000000E+03   1.07703400000000E+02
 2.02020830000000E+03   1.18784000000000E+02
 2.02029170000000E+03   1.03172400000000E+02
 2.02037500000000E+03   1.14637200000000E+02
 2.02045830000000E+03   1.29178500000000E+02
 2.02054170000000E+03   1.09181600000000E+02
 2.02062500000000E+03   5.78763000000000E+01
 2.02070830000000E+03   1.45708000000000E+01
 2.02079170000000E+03   3.47000000000000E-02
 2.02087500000000E+03  -8.11750000000000E+00
 2.02095830000000E+03  -1.87314000000000E+01
 2.02104170000000E+03  -1.98837000000000E+01
 2.02112500000000E+03  -2.78828000000000E+01
 2.02120830000000E+03  -3.86513000000000E+01
 2.02129170000000E+03  -3.45736000000000E+01
 2.02137500000000E+03  -1.02657000000000E+01
 2.02145830000000E+03  -3.08811000000000E+01
 2.02154170000000E+03  -2.89580000000000E+01
 2.02162500000000E+03   8.19530000000000E+00
 2.02170830000000E+03   1.64252000000000E+01
 2.02179170000000E+03   3.80920000000000E+00
 2.02187500000000E+03  -1.19614000000000E+01
 2.02195830000000E+03  -6.88600000000000E+00
 2.02204170000000E+03   3.88180000000000E+00
 2.02212500000000E+03   7.80280000000000E+00
 2.02220830000000E+03  -1.86610000000000E+01
 2.02229170000000E+03  -5.66320000000000E+00
 2.02237500000000E+03  -1.98199000000000E+01
 2.02245830000000E+03  -5.31306000000000E+01
 2.02254170000000E+03  -3.72105000000000E+01
 2.02262500000000E+03  -2.84448000000000E+01
 2.02270830000000E+03  -5.25256000000000E+01
 2.02279170000000E+03  -6.19908000000000E+01
 2.02287500000000E+03  -6.14566000000000E+01
 2.02295830000000E+03  -6.30766000000000E+01
 2.02304170000000E+03  -5.24656000000000E+01
 2.02312500000000E+03  -4.01630000000000E+01
 2.02320830000000E+03  -2.76298000000000E+01
 2.02329170000000E+03   8.67270000000000E+00
 2.02337500000000E+03   7.51300000000000E+00
 2.02345830000000E+03   1.38147000000000E+01
 2.02354170000000E+03   3.87318000000000E+01
 2.02362500000000E+03   4.41099000000000E+01
 2.02370830000000E+03   1.68723000000000E+01
 2.02379170000000E+03   7.32710000000000E+00
 2.02387500000000E+03   4.08910000000000E+00
 2.02395830000000E+03   1.64661000000000E+01
 2.02404170000000E+03   3.57664000000000E+01
 2.02412500000000E+03   3.41430000000000E+01
 2.02420830000000E+03   1.55193000000000E+01
 2.02429170000000E+03   1.12034000000000E+01
 2.02437500000000E+03   1.11946000000000E+01
 2.02445830000000E+03   2.21086000000000E+01
 2.02454170000000E+03   2.19907000000000E+01
 2.02462500000000E+03   1.27964000000000E+01
 2.02470830000000E+03  -1.04966000000000E+01
 2.02479170000000E+03   9.63470000000000E+00
 2.02487500000000E+03   1.82238000000000E+01
 2.02495830000000E+03   6.37531000000000E+01
