 1.92254170000000E+03   8.18598000000000E+01
 1.92262500000000E+03   7.61641000000000E+01
 1.92270830000000E+03   2.23294000000000E+01
 1.92279170000000E+03  -2.56019000000000E+01
 1.92287500000000E+03  -2.70596000000000E+01
 1.92295830000000E+03  -9.91140000000000E+00
 1.92304170000000E+03   1.01140000000000E+00
 1.92312500000000E+03   1.39202000000000E+01
 1.92320830000000E+03   2.36750000000000E+01
 1.92329170000000E+03   4.52766000000000E+01
 1.92337500000000E+03   8.10309000000000E+01
 1.92345830000000E+03   7.65543000000000E+01
 1.92354170000000E+03   5.11552000000000E+01
 1.92362500000000E+03   2.46012000000000E+01
 1.92370830000000E+03   8.66240000000000E+00
 1.92379170000000E+03   3.11089000000000E+01
 1.92387500000000E+03   5.74004000000000E+01
 1.92395830000000E+03   5.27687000000000E+01
 1.92404170000000E+03   4.76760000000000E+01
 1.92412500000000E+03   3.87361000000000E+01
 1.92420830000000E+03   3.64114000000000E+01
 1.92429170000000E+03   2.21642000000000E+01
 1.92437500000000E+03   6.06990000000000E+00
 1.92445830000000E+03   2.59070000000000E+00
 1.92454170000000E+03   3.68813000000000E+01
 1.92462500000000E+03   6.40940000000000E+01
 1.92470830000000E+03   5.44603000000000E+01
 1.92479170000000E+03   5.74426000000000E+01
 1.92487500000000E+03   4.91931000000000E+01
 1.92495830000000E+03   5.59434000000000E+01
 1.92504170000000E+03   5.81558000000000E+01
 1.92512500000000E+03   4.84442000000000E+01
 1.92520830000000E+03   6.25784000000000E+01
 1.92529170000000E+03   6.10979000000000E+01
 1.92537500000000E+03   5.80779000000000E+01
 1.92545830000000E+03   5.48269000000000E+01
 1.92554170000000E+03   3.68842000000000E+01
 1.92562500000000E+03  -2.05980000000000E+01
 1.92570830000000E+03  -3.55419000000000E+01
 1.92579170000000E+03  -3.20237000000000E+01
 1.92587500000000E+03  -4.16604000000000E+01
 1.92595830000000E+03  -3.46819000000000E+01
 1.92604170000000E+03  -3.87029000000000E+01
 1.92612500000000E+03  -2.98017000000000E+01
 1.92620830000000E+03  -1.34393000000000E+01
 1.92629170000000E+03  -2.76916000000000E+01
 1.92637500000000E+03  -3.30219000000000E+01
 1.92645830000000E+03  -2.64293000000000E+01
 1.92654170000000E+03  -1.48361000000000E+01
 1.92662500000000E+03  -1.54747000000000E+01
 1.92670830000000E+03  -1.00366000000000E+01
 1.92679170000000E+03  -1.52902000000000E+01
 1.92687500000000E+03  -2.69870000000000E+00
 1.92695830000000E+03   2.75080000000000E+01
 1.92704170000000E+03   3.29460000000000E+01
 1.92712500000000E+03   3.68446000000000E+01
 1.92720830000000E+03   3.88968000000000E+01
 1.92729170000000E+03   3.69496000000000E+01
 1.92737500000000E+03   4.49244000000000E+01
 1.92745830000000E+03   1.88221000000000E+01
 1.92754170000000E+03   1.34896000000000E+01
 1.92762500000000E+03   8.54080000000000E+00
 1.92770830000000E+03  -1.75622000000000E+01
 1.92779170000000E+03  -2.82030000000000E+01
 1.92787500000000E+03  -5.23833000000000E+01
 1.92795830000000E+03  -5.17945000000000E+01
 1.92804170000000E+03  -3.70514000000000E+01
 1.92812500000000E+03  -2.15400000000000E+01
 1.92820830000000E+03  -1.16442000000000E+01
 1.92829170000000E+03  -1.21325000000000E+01
 1.92837500000000E+03  -2.08525000000000E+01
 1.92845830000000E+03  -1.65728000000000E+01
 1.92854170000000E+03  -8.52320000000000E+00
 1.92862500000000E+03  -3.99362000000000E+01
 1.92870830000000E+03  -6.41186000000000E+01
 1.92879170000000E+03  -5.22235000000000E+01
 1.92887500000000E+03  -3.90218000000000E+01
 1.92895830000000E+03  -1.32818000000000E+01
 1.92904170000000E+03  -7.38740000000000E+00
 1.92912500000000E+03  -2.07247000000000E+01
 1.92920830000000E+03  -2.08315000000000E+01
 1.92929170000000E+03  -5.70700000000000E+00
 1.92937500000000E+03   9.95510000000000E+00
 1.92945830000000E+03   2.61553000000000E+01
 1.92954170000000E+03   4.06638000000000E+01
 1.92962500000000E+03   4.48637000000000E+01
 1.92970830000000E+03   6.63710000000000E+01
 1.92979170000000E+03   5.27250000000000E+01
 1.92987500000000E+03   4.63857000000000E+01
 1.92995830000000E+03   4.52770000000000E+01
 1.93004170000000E+03   3.67073000000000E+01
 1.93012500000000E+03   2.92905000000000E+01
 1.93020830000000E+03   1.02720000000000E+00
 1.93029170000000E+03  -7.92770000000000E+00
 1.93037500000000E+03   8.85600000000000E-01
 1.93045830000000E+03  -8.68600000000000E+00
 1.93054170000000E+03  -3.11031000000000E+01
 1.93062500000000E+03  -6.86751000000000E+01
 1.93070830000000E+03  -7.61703000000000E+01
 1.93079170000000E+03  -8.52035000000000E+01
 1.93087500000000E+03  -7.30838000000000E+01
 1.93095830000000E+03  -5.14259000000000E+01
 1.93104170000000E+03  -3.00751000000000E+01
 1.93112500000000E+03  -1.84176000000000E+01
 1.93120830000000E+03  -2.31449000000000E+01
 1.93129170000000E+03   1.32053000000000E+01
 1.93137500000000E+03   2.07852000000000E+01
 1.93145830000000E+03  -7.25040000000000E+00
 1.93154170000000E+03   1.73299000000000E+01
 1.93162500000000E+03   2.20630000000000E+01
 1.93170830000000E+03   1.72575000000000E+01
 1.93179170000000E+03   2.90679000000000E+01
 1.93187500000000E+03   2.81850000000000E+01
 1.93195830000000E+03   3.63788000000000E+01
 1.93204170000000E+03   3.53424000000000E+01
 1.93212500000000E+03   3.00743000000000E+01
 1.93220830000000E+03   4.75752000000000E+01
 1.93229170000000E+03   6.69228000000000E+01
 1.93237500000000E+03   5.51155000000000E+01
 1.93245830000000E+03   6.36157000000000E+01
 1.93254170000000E+03   6.79627000000000E+01
 1.93262500000000E+03   3.62317000000000E+01
 1.93270830000000E+03   1.85775000000000E+01
 1.93279170000000E+03   3.11545000000000E+01
 1.93287500000000E+03   1.71152000000000E+01
 1.93295830000000E+03   1.47680000000000E+01
 1.93304170000000E+03   2.75752000000000E+01
 1.93312500000000E+03   4.09968000000000E+01
 1.93320830000000E+03   2.14951000000000E+01
 1.93329170000000E+03  -4.77530000000000E+00
 1.93337500000000E+03  -2.77389000000000E+01
 1.93345830000000E+03  -5.19336000000000E+01
 1.93354170000000E+03  -5.03584000000000E+01
 1.93362500000000E+03  -4.16304000000000E+01
 1.93370830000000E+03  -4.45950000000000E+01
 1.93379170000000E+03  -5.80205000000000E+01
 1.93387500000000E+03  -6.23700000000000E+01
 1.93395830000000E+03  -4.51814000000000E+01
 1.93404170000000E+03  -3.42998000000000E+01
 1.93412500000000E+03  -3.38808000000000E+01
 1.93420830000000E+03  -4.78466000000000E+01
 1.93429170000000E+03  -1.23503000000000E+01
 1.93437500000000E+03   6.14500000000000E+00
 1.93445830000000E+03   1.78708000000000E+01
 1.93454170000000E+03   3.05203000000000E+01
 1.93462500000000E+03   2.83227000000000E+01
 1.93470830000000E+03   4.74020000000000E+00
 1.93479170000000E+03   1.23520000000000E+00
 1.93487500000000E+03   1.23446000000000E+01
 1.93495830000000E+03   1.52999000000000E+01
 1.93504170000000E+03   2.15635000000000E+01
 1.93512500000000E+03   3.15184000000000E+01
 1.93520830000000E+03   2.44731000000000E+01
 1.93529170000000E+03   4.96591000000000E+01
 1.93537500000000E+03   4.33826000000000E+01
 1.93545830000000E+03   3.61828000000000E+01
 1.93554170000000E+03   3.46759000000000E+01
 1.93562500000000E+03   2.27833000000000E+01
 1.93570830000000E+03  -1.84940000000000E+01
 1.93579170000000E+03  -2.63862000000000E+01
 1.93587500000000E+03  -4.84332000000000E+01
 1.93595830000000E+03  -4.17882000000000E+01
 1.93604170000000E+03  -3.75272000000000E+01
 1.93612500000000E+03  -3.54210000000000E+01
 1.93620830000000E+03  -4.44689000000000E+01
 1.93629170000000E+03  -4.64393000000000E+01
 1.93637500000000E+03  -5.09491000000000E+01
 1.93645830000000E+03  -2.95361000000000E+01
 1.93654170000000E+03  -2.23533000000000E+01
 1.93662500000000E+03  -4.93253000000000E+01
 1.93670830000000E+03  -5.77591000000000E+01
 1.93679170000000E+03  -5.84231000000000E+01
 1.93687500000000E+03  -5.98573000000000E+01
 1.93695830000000E+03  -3.89071000000000E+01
 1.93704170000000E+03  -3.21103000000000E+01
 1.93712500000000E+03  -4.22374000000000E+01
 1.93720830000000E+03  -4.09033000000000E+01
 1.93729170000000E+03  -3.16455000000000E+01
 1.93737500000000E+03  -3.08502000000000E+01
 1.93745830000000E+03  -7.02090000000000E+01
 1.93754170000000E+03  -1.03567200000000E+02
 1.93762500000000E+03  -9.97726000000000E+01
 1.93770830000000E+03  -5.67474000000000E+01
 1.93779170000000E+03  -1.62601000000000E+01
 1.93787500000000E+03   4.22610000000000E+00
 1.93795830000000E+03   2.82507000000000E+01
 1.93804170000000E+03   4.01989000000000E+01
 1.93812500000000E+03   4.15307000000000E+01
 1.93820830000000E+03   5.40161000000000E+01
 1.93829170000000E+03   5.99636000000000E+01
 1.93837500000000E+03   8.73717000000000E+01
 1.93845830000000E+03   9.37026000000000E+01
 1.93854170000000E+03   1.02341800000000E+02
 1.93862500000000E+03   1.13210800000000E+02
 1.93870830000000E+03   8.16180000000000E+01
 1.93879170000000E+03   5.50258000000000E+01
 1.93887500000000E+03   1.56634000000000E+01
 1.93895830000000E+03   1.69930000000000E+01
 1.93904170000000E+03   1.07078000000000E+01
 1.93912500000000E+03  -1.80910000000000E+00
 1.93920830000000E+03  -2.04031000000000E+01
 1.93929170000000E+03  -4.98428000000000E+01
 1.93937500000000E+03  -6.62835000000000E+01
 1.93945830000000E+03  -9.16474000000000E+01
 1.93954170000000E+03  -1.03472300000000E+02
 1.93962500000000E+03  -1.18067500000000E+02
 1.93970830000000E+03  -1.45124400000000E+02
 1.93979170000000E+03  -1.44257600000000E+02
 1.93987500000000E+03  -1.60238000000000E+02
 1.93995830000000E+03  -1.49987800000000E+02
 1.94004170000000E+03  -1.47814100000000E+02
 1.94012500000000E+03  -1.30872000000000E+02
 1.94020830000000E+03  -1.01853300000000E+02
 1.94029170000000E+03  -7.88340000000000E+01
 1.94037500000000E+03  -5.18157000000000E+01
 1.94045830000000E+03  -3.91822000000000E+01
 1.94054170000000E+03  -6.07789000000000E+01
 1.94062500000000E+03  -7.92997000000000E+01
 1.94070830000000E+03  -7.20515000000000E+01
 1.94079170000000E+03  -8.30335000000000E+01
 1.94087500000000E+03  -9.37856000000000E+01
 1.94095830000000E+03  -8.29996000000000E+01
 1.94104170000000E+03  -7.47515000000000E+01
 1.94112500000000E+03  -7.25043000000000E+01
 1.94120830000000E+03  -8.44112000000000E+01
 1.94129170000000E+03  -1.16779100000000E+02
 1.94137500000000E+03  -1.28301800000000E+02
 1.94145830000000E+03  -1.27517100000000E+02
 1.94154170000000E+03  -1.50039400000000E+02
 1.94162500000000E+03  -1.56255100000000E+02
 1.94170830000000E+03  -1.55932500000000E+02
 1.94179170000000E+03  -1.56455600000000E+02
 1.94187500000000E+03  -1.48979600000000E+02
 1.94195830000000E+03  -1.29273000000000E+02
 1.94204170000000E+03  -1.12027500000000E+02
 1.94212500000000E+03  -1.05321300000000E+02
 1.94220830000000E+03  -9.46154000000000E+01
 1.94229170000000E+03  -8.27551000000000E+01
 1.94237500000000E+03  -6.51266000000000E+01
 1.94245830000000E+03  -3.29598000000000E+01
 1.94254170000000E+03  -3.80232000000000E+01
 1.94262500000000E+03   1.45090000000000E+00
 1.94270830000000E+03   4.54632000000000E+01
 1.94279170000000E+03   9.09376000000000E+01
 1.94287500000000E+03   1.12872600000000E+02
 1.94295830000000E+03   1.25961200000000E+02
 1.94304170000000E+03   1.31358000000000E+02
 1.94312500000000E+03   1.39830800000000E+02
 1.94320830000000E+03   1.45226400000000E+02
 1.94329170000000E+03   1.51161100000000E+02
 1.94337500000000E+03   1.36633200000000E+02
 1.94345830000000E+03   1.37182000000000E+02
 1.94354170000000E+03   1.41654500000000E+02
 1.94362500000000E+03   1.62279800000000E+02
 1.94370830000000E+03   1.34443400000000E+02
 1.94379170000000E+03   1.05069100000000E+02
 1.94387500000000E+03   8.07707000000000E+01
 1.94395830000000E+03   7.22414000000000E+01
 1.94404170000000E+03   6.81741000000000E+01
 1.94412500000000E+03   6.09520000000000E+01
 1.94420830000000E+03   5.71912000000000E+01
 1.94429170000000E+03   5.45079000000000E+01
 1.94437500000000E+03   3.71313000000000E+01
 1.94445830000000E+03   4.72160000000000E+01
 1.94454170000000E+03   3.81475000000000E+01
 1.94462500000000E+03   9.46250000000000E+00
 1.94470830000000E+03  -5.37650000000000E+00
 1.94479170000000E+03   1.59000000000000E-02
 1.94487500000000E+03   5.63800000000000E+00
 1.94495830000000E+03   1.79522000000000E+01
 1.94504170000000E+03   2.23439000000000E+01
 1.94512500000000E+03   2.63500000000000E+01
 1.94520830000000E+03   2.05097000000000E+01
 1.94529170000000E+03   1.58238000000000E+01
 1.94537500000000E+03   8.59850000000000E+00
 1.94545830000000E+03   1.32960000000000E+01
 1.94554170000000E+03   5.45570000000000E+00
 1.94562500000000E+03   7.22970000000000E+00
 1.94570830000000E+03   1.57400000000000E-01
 1.94579170000000E+03   8.62400000000000E+00
 1.94587500000000E+03  -9.29490000000000E+00
 1.94595830000000E+03  -1.98320000000000E+00
 1.94604170000000E+03  -7.51720000000000E+00
 1.94612500000000E+03  -3.59800000000000E-01
 1.94620830000000E+03   1.27973000000000E+01
 1.94629170000000E+03   2.02627000000000E+01
 1.94637500000000E+03   1.38810000000000E+01
 1.94645830000000E+03   1.28067000000000E+01
 1.94654170000000E+03  -2.03439000000000E+01
 1.94662500000000E+03  -6.71109000000000E+01
 1.94670830000000E+03  -9.28781000000000E+01
 1.94679170000000E+03  -8.12602000000000E+01
 1.94687500000000E+03  -1.06720100000000E+02
 1.94695830000000E+03  -1.01103400000000E+02
 1.94704170000000E+03  -1.03024500000000E+02
 1.94712500000000E+03  -1.19792800000000E+02
 1.94720830000000E+03  -1.24407500000000E+02
 1.94729170000000E+03  -1.20790800000000E+02
 1.94737500000000E+03  -1.22098200000000E+02
 1.94745830000000E+03  -1.21021200000000E+02
 1.94754170000000E+03  -1.15020600000000E+02
 1.94762500000000E+03  -9.08671000000000E+01
 1.94770830000000E+03  -5.05599000000000E+01
 1.94779170000000E+03  -2.95599000000000E+01
 1.94787500000000E+03  -4.36378000000000E+01
 1.94795830000000E+03  -3.36390000000000E+01
 1.94804170000000E+03  -2.51012000000000E+01
 1.94812500000000E+03  -2.57952000000000E+01
 1.94820830000000E+03   4.04910000000000E+00
 1.94829170000000E+03   3.28171000000000E+01
 1.94837500000000E+03   4.08148000000000E+01
 1.94845830000000E+03   7.18892000000000E+01
 1.94854170000000E+03   9.91181000000000E+01
 1.94862500000000E+03   1.20961300000000E+02
 1.94870830000000E+03   1.30573600000000E+02
 1.94879170000000E+03   1.33647900000000E+02
 1.94887500000000E+03   1.35721300000000E+02
 1.94895830000000E+03   1.42486700000000E+02
 1.94904170000000E+03   1.64175800000000E+02
 1.94912500000000E+03   1.62248500000000E+02
 1.94920830000000E+03   1.72167200000000E+02
 1.94929170000000E+03   1.59932500000000E+02
 1.94937500000000E+03   1.53696900000000E+02
 1.94945830000000E+03   1.32538000000000E+02
 1.94962500000000E+03   1.02989500000000E+02
 1.94970830000000E+03   8.51377000000000E+01
 1.94979170000000E+03   6.49787000000000E+01
 1.94987500000000E+03   4.68187000000000E+01
 1.94995830000000E+03   4.58893000000000E+01
 1.95004170000000E+03   4.35758000000000E+01
 1.95012500000000E+03   4.11075000000000E+01
 1.95020830000000E+03   3.26390000000000E+01
 1.95029170000000E+03   6.07094000000000E+01
 1.95037500000000E+03   4.96251000000000E+01
 1.95045830000000E+03   5.70790000000000E+01
 1.95054170000000E+03   2.73026000000000E+01
 1.95062500000000E+03   3.29460000000000E+00
 1.95070830000000E+03  -1.44829000000000E+01
 1.95079170000000E+03  -2.06445000000000E+01
 1.95087500000000E+03  -4.66532000000000E+01
 1.95095830000000E+03  -4.65852000000000E+01
 1.95104170000000E+03  -4.01320000000000E+01
 1.95112500000000E+03  -3.51414000000000E+01
 1.95120830000000E+03  -2.76894000000000E+01
 1.95129170000000E+03  -3.85446000000000E+01
 1.95137500000000E+03  -7.94777000000000E+01
 1.95145830000000E+03  -3.91032000000000E+01
 1.95154170000000E+03  -2.27283000000000E+01
 1.95162500000000E+03  -3.66200000000000E+00
 1.95170830000000E+03   4.78870000000000E+00
 1.95179170000000E+03   1.55476000000000E+01
 1.95187500000000E+03  -4.61750000000000E+00
 1.95195830000000E+03   3.20633000000000E+01
 1.95204170000000E+03   5.62831000000000E+01
 1.95212500000000E+03   4.97327000000000E+01
 1.95220830000000E+03   6.04898000000000E+01
 1.95229170000000E+03   5.46320000000000E+01
 1.95237500000000E+03   5.46964000000000E+01
 1.95245830000000E+03   6.86836000000000E+01
 1.95254170000000E+03   2.85945000000000E+01
 1.95262500000000E+03   1.35050000000000E+00
 1.95270830000000E+03  -1.02783000000000E+01
 1.95279170000000E+03   1.30165000000000E+01
 1.95287500000000E+03   1.30026000000000E+01
 1.95295830000000E+03   1.93732000000000E+01
 1.95304170000000E+03   3.05200000000000E+00
 1.95312500000000E+03   3.34520000000000E+00
 1.95320830000000E+03   1.50228000000000E+01
 1.95329170000000E+03   1.04701000000000E+01
 1.95337500000000E+03   3.09165000000000E+01
 1.95345830000000E+03   5.29781000000000E+01
 1.95354170000000E+03   5.97325000000000E+01
 1.95362500000000E+03   3.53321000000000E+01
 1.95370830000000E+03   8.47000000000000E+00
 1.95379170000000E+03  -8.62240000000000E+00
 1.95387500000000E+03  -4.14850000000000E+01
 1.95395830000000E+03  -3.88863000000000E+01
 1.95404170000000E+03  -2.14408000000000E+01
 1.95412500000000E+03  -1.43810000000000E+01
 1.95420830000000E+03  -7.32130000000000E+00
 1.95429170000000E+03   1.43110000000000E+00
 1.95437500000000E+03   9.72110000000000E+00
 1.95445830000000E+03   1.46263000000000E+01
 1.95454170000000E+03   6.14730000000000E+00
 1.95462500000000E+03  -6.87100000000000E+00
 1.95470830000000E+03   4.64890000000000E+00
 1.95479170000000E+03   1.97078000000000E+01
 1.95487500000000E+03   3.97657000000000E+01
 1.95495830000000E+03   6.25157000000000E+01
 1.95504170000000E+03   6.46509000000000E+01
 1.95512500000000E+03   5.25543000000000E+01
 1.95520830000000E+03   4.79191000000000E+01
 1.95529170000000E+03   4.20536000000000E+01
 1.95537500000000E+03   2.48025000000000E+01
 1.95545830000000E+03   3.03974000000000E+01
 1.95554170000000E+03   2.99159000000000E+01
 1.95562500000000E+03  -1.25890000000000E+00
 1.95570830000000E+03  -1.11262000000000E+01
 1.95579170000000E+03  -1.59160000000000E+01
 1.95587500000000E+03  -2.09140000000000E+00
 1.95595830000000E+03  -5.26700000000000E+00
 1.95604170000000E+03  -8.44220000000000E+00
 1.95612500000000E+03   3.53560000000000E+00
 1.95620830000000E+03   1.34363000000000E+01
 1.95629170000000E+03   2.63374000000000E+01
 1.95637500000000E+03   3.46840000000000E+00
 1.95645830000000E+03   1.45992000000000E+01
 1.95654170000000E+03  -9.61800000000000E-01
 1.95662500000000E+03  -1.24468000000000E+01
 1.95670830000000E+03  -4.54750000000000E+00
 1.95679170000000E+03  -7.64760000000000E+00
 1.95687500000000E+03  -1.05640000000000E+00
 1.95695830000000E+03  -5.69610000000000E+00
 1.95704170000000E+03  -1.01815000000000E+01
 1.95712500000000E+03  -1.51390000000000E+00
 1.95720830000000E+03   6.14900000000000E-01
 1.95729170000000E+03   2.32827000000000E+01
 1.95737500000000E+03   2.57958000000000E+01
 1.95745830000000E+03   4.51547000000000E+01
 1.95754170000000E+03   3.96681000000000E+01
 1.95762500000000E+03   3.15651000000000E+01
 1.95770830000000E+03   9.46190000000000E+00
 1.95779170000000E+03  -2.64080000000000E+00
 1.95787500000000E+03   1.46401000000000E+01
 1.95795830000000E+03   1.85363000000000E+01
 1.95804170000000E+03   2.28176000000000E+01
 1.95812500000000E+03   3.17133000000000E+01
 1.95820830000000E+03   1.72242000000000E+01
 1.95829170000000E+03   7.19710000000000E+00
 1.95837500000000E+03  -1.13693000000000E+01
 1.95845830000000E+03  -3.18591000000000E+01
 1.95854170000000E+03  -3.58868000000000E+01
 1.95862500000000E+03  -4.26078000000000E+01
 1.95870830000000E+03  -4.30212000000000E+01
 1.95879170000000E+03  -4.02034000000000E+01
 1.95887500000000E+03  -3.43866000000000E+01
 1.95895830000000E+03  -3.43391000000000E+01
 1.95904170000000E+03  -2.73681000000000E+01
 1.95912500000000E+03  -3.83981000000000E+01
 1.95920830000000E+03  -4.57359000000000E+01
 1.95929170000000E+03  -4.03809000000000E+01
 1.95937500000000E+03  -4.22576000000000E+01
 1.95945830000000E+03  -7.05192000000000E+01
 1.95954170000000E+03  -8.33956000000000E+01
 1.95962500000000E+03  -1.04042200000000E+02
 1.95970830000000E+03  -1.41458300000000E+02
 1.95979170000000E+03  -1.65796900000000E+02
 1.95987500000000E+03  -1.68367200000000E+02
 1.95995830000000E+03  -1.51245400000000E+02
 1.96004170000000E+03  -1.48430900000000E+02
 1.96012500000000E+03  -1.45001800000000E+02
 1.96020830000000E+03  -1.37034500000000E+02
 1.96029170000000E+03  -1.59528300000000E+02
 1.96037500000000E+03  -1.70715300000000E+02
 1.96045830000000E+03  -1.57133300000000E+02
 1.96054170000000E+03  -1.45704600000000E+02
 1.96062500000000E+03  -1.21969100000000E+02
 1.96070830000000E+03  -8.94647000000000E+01
 1.96079170000000E+03  -4.82674000000000E+01
 1.96087500000000E+03  -3.09172000000000E+01
 1.96095830000000E+03  -9.33650000000000E+00
 1.96104170000000E+03   9.16780000000000E+00
 1.96112500000000E+03   2.29020000000000E+01
 1.96120830000000E+03   3.38667000000000E+01
 1.96129170000000E+03   5.12934000000000E+01
 1.96137500000000E+03   8.43346000000000E+01
 1.96145830000000E+03   1.22375600000000E+02
 1.96154170000000E+03   9.94940000000000E+01
 1.96162500000000E+03   9.55346000000000E+01
 1.96170830000000E+03   8.04980000000000E+01
 1.96187500000000E+03   6.86557000000000E+01
 1.96195830000000E+03   6.80800000000000E+01
 1.96204170000000E+03   9.03510000000000E+01
 1.96220830000000E+03   9.64293000000000E+01
 1.96229170000000E+03   8.65458000000000E+01
 1.96237500000000E+03   7.06614000000000E+01
 1.96245830000000E+03   6.98536000000000E+01
 1.96254170000000E+03   3.82002000000000E+01
 1.96262500000000E+03   1.25459000000000E+01
 1.96270830000000E+03  -3.01086000000000E+01
 1.96279170000000E+03  -4.39934000000000E+01
 1.96287500000000E+03  -4.61099000000000E+01
 1.96295830000000E+03  -5.59959000000000E+01
 1.96304170000000E+03  -5.61890000000000E+01
 1.96312500000000E+03  -5.80754000000000E+01
 1.96320830000000E+03  -4.97312000000000E+01
 1.96329170000000E+03  -5.52327000000000E+01
 1.96337500000000E+03  -5.40428000000000E+01
 1.96345830000000E+03  -4.19300000000000E+01
 1.96354170000000E+03  -5.10475000000000E+01
 1.96370830000000E+03  -6.49769000000000E+01
 1.96379170000000E+03  -7.50951000000000E+01
 1.96387500000000E+03  -5.69834000000000E+01
 1.96395830000000E+03  -3.14104000000000E+01
 1.96404170000000E+03  -6.83000000000000E-01
 1.96412500000000E+03   2.19665000000000E+01
 1.96420830000000E+03   3.06927000000000E+01
 1.96429170000000E+03   2.98810000000000E+01
 1.96437500000000E+03   1.65299000000000E+01
 1.96445830000000E+03   3.57939000000000E+01
 1.96454170000000E+03   3.42892000000000E+01
 1.96462500000000E+03   9.70670000000000E+00
 1.96470830000000E+03  -2.18380000000000E+00
 1.96479170000000E+03   1.45416000000000E+01
 1.96487500000000E+03   2.21892000000000E+01
 1.96495830000000E+03   1.77597000000000E+01
 1.96504170000000E+03   2.50229000000000E+01
 1.96512500000000E+03   1.62083000000000E+01
 1.96520830000000E+03   1.61627000000000E+01
 1.96529170000000E+03   4.04070000000000E+00
 1.96537500000000E+03  -7.85150000000000E+00
 1.96545830000000E+03  -3.38977000000000E+01
 1.96562500000000E+03  -8.36055000000000E+01
 1.96570830000000E+03  -8.85754000000000E+01
 1.96579170000000E+03  -9.03910000000000E+01
 1.96587500000000E+03  -8.74383000000000E+01
 1.96595830000000E+03  -6.76397000000000E+01
 1.96604170000000E+03  -3.91483000000000E+01
 1.96612500000000E+03  -1.84270000000000E+01
 1.96620830000000E+03  -1.90136000000000E+01
 1.96637500000000E+03  -2.41098000000000E+01
 1.96645830000000E+03  -2.06202000000000E+01
 1.96654170000000E+03  -2.13608000000000E+01
 1.96662500000000E+03  -1.54100000000000E+01
 1.96670830000000E+03   3.26944000000000E+01
 1.96679170000000E+03   6.21839000000000E+01
 1.96687500000000E+03   4.85956000000000E+01
 1.96695830000000E+03   6.33916000000000E+01
 1.96704170000000E+03   7.18036000000000E+01
 1.96712500000000E+03   7.09069000000000E+01
 1.96720830000000E+03   8.92408000000000E+01
 1.96729170000000E+03   1.00652100000000E+02
 1.96737500000000E+03   1.08524000000000E+02
 1.96745830000000E+03   1.20780300000000E+02
 1.96762500000000E+03   1.06369900000000E+02
 1.96770830000000E+03   9.80102000000000E+01
 1.96779170000000E+03   9.59587000000000E+01
 1.96787500000000E+03   4.12140000000000E+01
 1.96795830000000E+03   2.86998000000000E+01
 1.96820830000000E+03   5.90797000000000E+01
 1.96837500000000E+03   9.42808000000000E+01
 1.96845830000000E+03   9.96115000000000E+01
 1.96854170000000E+03   7.12503000000000E+01
 1.96870830000000E+03   2.68337000000000E+01
 1.96970830000000E+03  -7.83540000000000E+00
 1.96979170000000E+03  -2.67382000000000E+01
 1.96987500000000E+03  -5.24881000000000E+01
 1.96995830000000E+03  -5.53920000000000E+01
 1.97004170000000E+03  -3.82186000000000E+01
 1.97012500000000E+03  -3.99692000000000E+01
 1.97020830000000E+03  -1.41814000000000E+01
 1.97029170000000E+03  -1.08560000000000E+00
 1.97037500000000E+03  -7.06750000000000E+00
 1.97045830000000E+03  -3.33574000000000E+01
 1.97054170000000E+03  -3.39545000000000E+01
 1.97062500000000E+03  -1.69371000000000E+01
 1.97070830000000E+03  -1.52276000000000E+01
 1.97079170000000E+03  -1.69791000000000E+01
 1.97087500000000E+03  -2.92701000000000E+01
 1.97095830000000E+03  -3.10227000000000E+01
 1.97104170000000E+03  -1.86981000000000E+01
 1.97112500000000E+03  -2.86050000000000E+01
 1.97120830000000E+03  -2.10506000000000E+01
 1.97129170000000E+03  -8.88040000000000E+00
 1.97137500000000E+03   7.44270000000000E+00
 1.97145830000000E+03   1.43811000000000E+01
 1.97154170000000E+03  -6.75700000000000E+00
 1.97162500000000E+03  -4.38191000000000E+01
 1.97170830000000E+03  -6.80353000000000E+01
 1.97179170000000E+03  -6.53279000000000E+01
 1.97187500000000E+03  -7.22368000000000E+01
 1.97195830000000E+03  -5.83766000000000E+01
 1.97204170000000E+03  -5.05930000000000E+01
 1.97212500000000E+03  -6.18102000000000E+01
 1.97220830000000E+03  -7.02584000000000E+01
 1.97229170000000E+03  -7.45523000000000E+01
 1.97237500000000E+03  -6.09240000000000E+01
 1.97245830000000E+03  -4.35267000000000E+01
 1.97254170000000E+03  -5.67443000000000E+01
 1.97262500000000E+03  -3.91936000000000E+01
 1.97270830000000E+03  -1.74123000000000E+01
 1.97279170000000E+03   1.02156000000000E+01
 1.97287500000000E+03   1.78426000000000E+01
 1.97295830000000E+03   4.97770000000000E+01
 1.97320830000000E+03   4.99645000000000E+01
 1.97329170000000E+03   4.98988000000000E+01
 1.97337500000000E+03   6.80629000000000E+01
 1.97345830000000E+03   1.21457700000000E+02
 1.97354170000000E+03   1.23314400000000E+02
 1.97362500000000E+03   8.35549000000000E+01
 1.97370830000000E+03   2.60259000000000E+01
 1.97379170000000E+03   7.34350000000000E+00
 1.97387500000000E+03  -3.87820000000000E+00
 1.97504170000000E+03   1.84460000000000E+00
 1.97512500000000E+03   5.15810000000000E+00
 1.97520830000000E+03   3.39330000000000E+01
 1.97529170000000E+03   6.14775000000000E+01
 1.97537500000000E+03   6.55596000000000E+01
 1.97545830000000E+03   5.06415000000000E+01
 1.97554170000000E+03   4.07238000000000E+01
 1.97587500000000E+03  -1.04894000000000E+01
 1.97595830000000E+03  -1.07934000000000E+01
 1.97604170000000E+03   5.69000000000000E-02
 1.97612500000000E+03   3.95986000000000E+01
 1.97620830000000E+03   5.86786000000000E+01
 1.97645830000000E+03   8.03794000000000E+01
 1.97654170000000E+03   6.46899000000000E+01
 1.97770830000000E+03   4.57775000000000E+01
 1.97779170000000E+03  -1.52998000000000E+01
 1.97787500000000E+03  -6.76087000000000E+01
 1.97795830000000E+03  -7.09948000000000E+01
 1.97804170000000E+03  -6.20728000000000E+01
 1.97812500000000E+03  -4.86900000000000E+01
 1.97829170000000E+03  -2.70784000000000E+01
 1.97837500000000E+03   4.07290000000000E+00
 1.97845830000000E+03  -1.04683000000000E+01
 1.97854170000000E+03  -5.77014000000000E+01
 1.97862500000000E+03  -7.30892000000000E+01
 1.97870830000000E+03  -1.14169500000000E+02
 1.97879170000000E+03  -7.13263000000000E+01
 1.97887500000000E+03  -5.20993000000000E+01
 1.97895830000000E+03  -1.43341000000000E+01
 1.97904170000000E+03   2.09699000000000E+01
 1.97920830000000E+03   9.88390000000000E+00
 1.97929170000000E+03  -1.29665000000000E+01
 1.97970830000000E+03  -4.49166000000000E+01
 1.97979170000000E+03  -8.06914000000000E+01
 1.97987500000000E+03  -1.22005500000000E+02
 1.97995830000000E+03  -1.20165900000000E+02
 1.98004170000000E+03  -1.10249000000000E+02
 1.98020830000000E+03  -9.61864000000000E+01
 1.98029170000000E+03  -4.82701000000000E+01
 1.98037500000000E+03  -8.27393000000000E+01
 1.98045830000000E+03  -9.59780000000000E+01
 1.98054170000000E+03  -1.14754700000000E+02
 1.98062500000000E+03  -1.34839900000000E+02
 1.98070830000000E+03  -1.10848500000000E+02
 1.98095830000000E+03  -8.11055000000000E+01
 1.98120830000000E+03  -5.02875000000000E+01
 1.98129170000000E+03  -6.29690000000000E+00
 1.98137500000000E+03   1.58467000000000E+01
 1.98145830000000E+03   2.55285000000000E+01
 1.98154170000000E+03   3.45185000000000E+01
 1.98170830000000E+03   3.03426000000000E+01
 1.98179170000000E+03   1.05627000000000E+01
 1.98187500000000E+03   1.03204000000000E+01
 1.98195830000000E+03   2.33856000000000E+01
 1.98212500000000E+03   4.24390000000000E+01
 1.98220830000000E+03   6.60420000000000E+01
 1.98229170000000E+03   4.49531000000000E+01
 1.98237500000000E+03   6.95557000000000E+01
 1.98245830000000E+03   8.65426000000000E+01
 1.98254170000000E+03   1.08683800000000E+02
 1.98262500000000E+03   9.39011000000000E+01
 1.98270830000000E+03   8.46567000000000E+01
 1.98279170000000E+03   7.01819000000000E+01
 1.98287500000000E+03   6.17062000000000E+01
 1.98295830000000E+03   5.89996000000000E+01
 1.98304170000000E+03   7.54472000000000E+01
 1.98320830000000E+03   8.96483000000000E+01
 1.98329170000000E+03   1.22326100000000E+02
 1.98337500000000E+03   1.23695300000000E+02
 1.98345830000000E+03   1.50295100000000E+02
 1.98354170000000E+03   1.63126000000000E+02
 1.98362500000000E+03   1.32417700000000E+02
 1.98370830000000E+03   5.60937000000000E+01
 1.98379170000000E+03   3.83856000000000E+01
 1.98387500000000E+03   2.97535000000000E+01
 1.98395830000000E+03   4.58905000000000E+01
 1.98404170000000E+03   5.62586000000000E+01
 1.98412500000000E+03   4.91643000000000E+01
 1.98420830000000E+03   4.12237000000000E+01
 1.98429170000000E+03   4.39758000000000E+01
 1.98437500000000E+03   1.38040000000000E+01
 1.98445830000000E+03  -5.59880000000000E+00
 1.98454170000000E+03  -4.50781000000000E+01
 1.98462500000000E+03  -9.68659000000000E+01
 1.98470830000000E+03  -1.18730900000000E+02
 1.98479170000000E+03  -1.03441600000000E+02
 1.98487500000000E+03  -9.27686000000000E+01
 1.98495830000000E+03  -7.69419000000000E+01
 1.98504170000000E+03  -6.54225000000000E+01
 1.98512500000000E+03  -5.08270000000000E+01
 1.98520830000000E+03  -3.10779000000000E+01
 1.98529170000000E+03  -1.33284000000000E+01
 1.98545830000000E+03  -1.96004000000000E+01
 1.98554170000000E+03  -2.54669000000000E+01
 1.98562500000000E+03  -5.74112000000000E+01
 1.98570830000000E+03  -4.63557000000000E+01
 1.98579170000000E+03  -5.19921000000000E+01
 1.98587500000000E+03  -3.78600000000000E+01
 1.98595830000000E+03  -2.19590000000000E+01
 1.98604170000000E+03   9.78860000000000E+00
 1.98612500000000E+03   4.53815000000000E+01
 1.98620830000000E+03   1.65127000000000E+01
 1.98629170000000E+03  -3.20190000000000E+00
 1.98645830000000E+03  -4.52484000000000E+01
 1.98654170000000E+03  -7.73482000000000E+01
 1.98679170000000E+03  -9.41887000000000E+01
 1.98687500000000E+03  -9.99054000000000E+01
 1.98704170000000E+03  -7.39543000000000E+01
 1.98712500000000E+03  -5.84409000000000E+01
 1.98720830000000E+03  -2.55430000000000E+01
 1.98729170000000E+03   9.70600000000000E-01
 1.98737500000000E+03  -3.82430000000000E+00
 1.98745830000000E+03  -2.54656000000000E+01
 1.98754170000000E+03  -3.14911000000000E+01
 1.98762500000000E+03  -1.58252000000000E+01
 1.98770830000000E+03  -2.23132000000000E+01
 1.98779170000000E+03  -5.72400000000000E+00
 1.98787500000000E+03  -4.98170000000000E+00
 1.98795830000000E+03  -8.54740000000000E+00
 1.98804170000000E+03  -8.57420000000000E+00
 1.98812500000000E+03  -1.44800000000000E+00
 1.98820830000000E+03   1.66011000000000E+01
 1.98829170000000E+03   2.09583000000000E+01
 1.98837500000000E+03   1.30839000000000E+01
 1.98845830000000E+03   3.40554000000000E+01
 1.98854170000000E+03   7.44889000000000E+01
 1.98862500000000E+03   9.43061000000000E+01
 1.98870830000000E+03   1.19507800000000E+02
 1.98879170000000E+03   1.16171400000000E+02
 1.98887500000000E+03   1.33295700000000E+02
 1.98895830000000E+03   1.48419800000000E+02
 1.98904170000000E+03   1.63698100000000E+02
 1.98912500000000E+03   1.80129500000000E+02
 1.98920830000000E+03   1.80637500000000E+02
 1.98929170000000E+03   1.69761300000000E+02
 1.98937500000000E+03   1.62884400000000E+02
 1.98945830000000E+03   1.64391800000000E+02
 1.98954170000000E+03   1.67284200000000E+02
 1.98962500000000E+03   1.64945000000000E+02
 1.98970830000000E+03   1.67067200000000E+02
 1.98979170000000E+03   1.51728200000000E+02
 1.98987500000000E+03   1.53696100000000E+02
 1.98995830000000E+03   1.37125300000000E+02
 1.99004170000000E+03   1.42478000000000E+02
 1.99012500000000E+03   1.45522100000000E+02
 1.99020830000000E+03   1.31181400000000E+02
 1.99029170000000E+03   1.36610400000000E+02
 1.99037500000000E+03   1.21653900000000E+02
 1.99045830000000E+03   1.27466500000000E+02
 1.99054170000000E+03   1.32048600000000E+02
 1.99062500000000E+03   8.84761000000000E+01
 1.99070830000000E+03   2.50572000000000E+01
 1.99079170000000E+03  -3.88997000000000E+01
 1.99087500000000E+03  -6.20113000000000E+01
 1.99095830000000E+03  -5.19693000000000E+01
 1.99104170000000E+03  -3.79269000000000E+01
 1.99112500000000E+03  -3.45776000000000E+01
 1.99120830000000E+03  -3.08440000000000E+01
 1.99129170000000E+03  -9.41760000000000E+00
 1.99137500000000E+03  -8.29970000000000E+00
 1.99145830000000E+03   2.81256000000000E+01
 1.99154170000000E+03   3.03975000000000E+01
 1.99170830000000E+03   2.84010000000000E+01
 1.99179170000000E+03   3.51338000000000E+01
 1.99187500000000E+03   5.87119000000000E+01
 1.99195830000000E+03   5.40590000000000E+01
 1.99204170000000E+03   6.52527000000000E+01
 1.99212500000000E+03   7.57532000000000E+01
 1.99220830000000E+03   7.45613000000000E+01
 1.99229170000000E+03   4.64466000000000E+01
 1.99237500000000E+03   4.59465000000000E+01
 1.99245830000000E+03   5.80616000000000E+01
 1.99254170000000E+03   8.11002000000000E+01
 1.99262500000000E+03   7.36763000000000E+01
 1.99270830000000E+03   5.96369000000000E+01
 1.99279170000000E+03   2.99825000000000E+01
 1.99287500000000E+03   2.28658000000000E+01
 1.99295830000000E+03   1.70565000000000E+01
 1.99304170000000E+03   4.47091000000000E+01
 1.99312500000000E+03   5.34379000000000E+01
 1.99320830000000E+03   2.77049000000000E+01
 1.99329170000000E+03   8.81840000000000E+00
 1.99337500000000E+03   1.83157000000000E+01
 1.99345830000000E+03   1.45821000000000E+01
 1.99354170000000E+03  -1.05358000000000E+01
 1.99362500000000E+03  -5.72699000000000E+01
 1.99370830000000E+03  -8.30042000000000E+01
 1.99379170000000E+03  -8.82765000000000E+01
 1.99387500000000E+03  -9.23959000000000E+01
 1.99395830000000E+03  -5.80539000000000E+01
 1.99404170000000E+03  -6.03269000000000E+01
 1.99412500000000E+03  -8.06776000000000E+01
 1.99420830000000E+03  -9.06440000000000E+01
 1.99429170000000E+03  -6.72253000000000E+01
 1.99437500000000E+03  -4.39613000000000E+01
 1.99445830000000E+03   1.14860000000000E+00
 1.99454170000000E+03   2.59512000000000E+01
 1.99462500000000E+03   5.57530000000000E+01
 1.99470830000000E+03   8.50162000000000E+01
 1.99479170000000E+03   9.76643000000000E+01
 1.99487500000000E+03   9.21578000000000E+01
 1.99495830000000E+03   1.05189500000000E+02
 1.99504170000000E+03   9.47601000000000E+01
 1.99512500000000E+03   9.35606000000000E+01
 1.99520830000000E+03   8.80532000000000E+01
 1.99529170000000E+03   1.07084700000000E+02
 1.99537500000000E+03   1.00346100000000E+02
 1.99545830000000E+03   8.04535000000000E+01
 1.99554170000000E+03   2.82535000000000E+01
 1.99562500000000E+03  -3.38703000000000E+01
 1.99570830000000E+03  -1.02455900000000E+02
 1.99579170000000E+03  -1.46041100000000E+02
 1.99587500000000E+03  -1.78396400000000E+02
 1.99595830000000E+03  -1.70213400000000E+02
 1.99604170000000E+03  -1.55799300000000E+02
 1.99612500000000E+03  -1.67078200000000E+02
 1.99620830000000E+03  -1.86511300000000E+02
 1.99629170000000E+03  -1.66790100000000E+02
 1.99637500000000E+03  -1.64069700000000E+02
 1.99645830000000E+03  -1.72426400000000E+02
 1.99654170000000E+03  -1.64321300000000E+02
 1.99662500000000E+03  -1.31601500000000E+02
 1.99670830000000E+03  -8.51128000000000E+01
 1.99679170000000E+03  -4.60082000000000E+01
 1.99687500000000E+03  -3.04430000000000E+01
 1.99695830000000E+03  -2.51087000000000E+01
 1.99704170000000E+03  -4.33125000000000E+01
 1.99712500000000E+03  -6.61325000000000E+01
 1.99720830000000E+03  -4.25681000000000E+01
 1.99729170000000E+03  -5.84950000000000E+00
 1.99737500000000E+03  -1.35933000000000E+01
 1.99745830000000E+03  -4.27218000000000E+01
 1.99754170000000E+03  -3.86192000000000E+01
 1.99762500000000E+03  -1.66713000000000E+01
 1.99770830000000E+03  -1.33389000000000E+01
 1.99779170000000E+03  -5.32370000000000E+01
 1.99787500000000E+03  -7.29820000000000E+01
 1.99795830000000E+03  -7.32657000000000E+01
 1.99804170000000E+03  -4.79336000000000E+01
 1.99812500000000E+03  -1.66793000000000E+01
 1.99820830000000E+03  -8.09800000000000E-01
 1.99829170000000E+03  -1.46322000000000E+01
 1.99837500000000E+03  -7.22460000000000E+00
 1.99845830000000E+03   7.10580000000000E+00
 1.99854170000000E+03   2.98981000000000E+01
 1.99862500000000E+03   4.06127000000000E+01
 1.99870830000000E+03   1.95578000000000E+01
 1.99879170000000E+03  -5.73600000000000E-01
 1.99887500000000E+03   1.10635000000000E+01
 1.99895830000000E+03   1.72387000000000E+01
 1.99904170000000E+03   2.68759000000000E+01
 1.99912500000000E+03   8.58920000000000E+00
 1.99920830000000E+03  -1.20054000000000E+01
 1.99929170000000E+03  -9.36880000000000E+00
 1.99937500000000E+03   4.03620000000000E+00
 1.99945830000000E+03   1.22101000000000E+01
 1.99954170000000E+03   2.62307000000000E+01
 1.99962500000000E+03   5.10965000000000E+01
 1.99970830000000E+03   5.85006000000000E+01
 1.99979170000000E+03   5.01359000000000E+01
 1.99987500000000E+03   4.04627000000000E+01
 1.99995830000000E+03   6.30969000000000E+01
 2.00004170000000E+03   7.55007000000000E+01
 2.00012500000000E+03   8.07499000000000E+01
 2.00020830000000E+03   8.36912000000000E+01
 2.00029170000000E+03   8.47867000000000E+01
 2.00037500000000E+03   7.94199000000000E+01
 2.00045830000000E+03   7.17452000000000E+01
 2.00054170000000E+03   4.43016000000000E+01
 2.00062500000000E+03   2.24180000000000E+00
 2.00070830000000E+03  -5.02797000000000E+01
 2.00079170000000E+03  -8.50317000000000E+01
 2.00087500000000E+03  -8.63998000000000E+01
 2.00095830000000E+03  -6.99989000000000E+01
 2.00104170000000E+03  -7.81361000000000E+01
 2.00112500000000E+03  -7.46587000000000E+01
 2.00120830000000E+03  -7.67200000000000E+01
 2.00129170000000E+03  -6.88578000000000E+01
 2.00137500000000E+03  -3.63041000000000E+01
 2.00145830000000E+03  -3.39045000000000E+01
 2.00154170000000E+03  -2.56584000000000E+01
 2.00162500000000E+03   1.71254000000000E+01
 2.00170830000000E+03   6.22167000000000E+01
 2.00179170000000E+03   6.58468000000000E+01
 2.00187500000000E+03   6.76299000000000E+01
 2.00195830000000E+03   7.37206000000000E+01
 2.00204170000000E+03   8.22731000000000E+01
 2.00212500000000E+03   7.22864000000000E+01
 2.00220830000000E+03   5.22995000000000E+01
 2.00229170000000E+03   2.86206000000000E+01
 2.00237500000000E+03   4.94090000000000E+00
 2.00245830000000E+03  -5.31236000000000E+01
 2.00254170000000E+03  -5.28031000000000E+01
 2.00262500000000E+03  -6.97911000000000E+01
 2.00270830000000E+03  -1.26625500000000E+02
 2.00279170000000E+03  -1.72998000000000E+02
 2.00287500000000E+03  -1.65986600000000E+02
 2.00295830000000E+03  -1.53437000000000E+02
 2.00304170000000E+03  -1.47733200000000E+02
 2.00312500000000E+03  -1.64876300000000E+02
 2.00320830000000E+03  -1.47173500000000E+02
 2.00329170000000E+03  -1.31624200000000E+02
 2.00337500000000E+03  -1.13614100000000E+02
 2.00345830000000E+03  -8.02197000000000E+01
 2.00354170000000E+03  -4.09787000000000E+01
 2.00362500000000E+03  -3.40462000000000E+01
 2.00370830000000E+03  -4.40370000000000E+01
 2.00379170000000E+03  -4.39505000000000E+01
 2.00387500000000E+03  -3.83263000000000E+01
 2.00395830000000E+03  -2.93178000000000E+01
 2.00404170000000E+03  -1.56935000000000E+01
 2.00412500000000E+03  -2.23776000000000E+01
 2.00420830000000E+03  -2.98510000000000E+00
 2.00429170000000E+03   3.30900000000000E-01
 2.00437500000000E+03   1.11845000000000E+01
 2.00445830000000E+03   4.58841000000000E+01
 2.00454170000000E+03   7.60456000000000E+01
 2.00462500000000E+03   7.79755000000000E+01
 2.00470830000000E+03   4.80591000000000E+01
 2.00479170000000E+03   4.12199000000000E+01
 2.00487500000000E+03   4.76877000000000E+01
 2.00495830000000E+03   6.03860000000000E+01
 2.00504170000000E+03   5.64692000000000E+01
 2.00512500000000E+03   5.78594000000000E+01
 2.00520830000000E+03   8.16340000000000E+01
 2.00529170000000E+03   7.32551000000000E+01
 2.00537500000000E+03   7.95677000000000E+01
 2.00545830000000E+03   6.21109000000000E+01
 2.00554170000000E+03   2.43467000000000E+01
 2.00562500000000E+03  -3.14183000000000E+01
 2.00570830000000E+03  -6.95680000000000E+01
 2.00579170000000E+03  -5.37175000000000E+01
 2.00587500000000E+03  -4.94062000000000E+01
 2.00595830000000E+03  -3.99412000000000E+01
 2.00604170000000E+03  -4.46297000000000E+01
 2.00612500000000E+03  -5.60114000000000E+01
 2.00620830000000E+03  -6.57009000000000E+01
 2.00629170000000E+03  -8.29285000000000E+01
 2.00637500000000E+03  -6.23877000000000E+01
 2.00645830000000E+03  -3.73856000000000E+01
 2.00654170000000E+03   9.15530000000000E+00
 2.00662500000000E+03   2.10801000000000E+01
 2.00670830000000E+03   3.56970000000000E+01
 2.00679170000000E+03   6.45450000000000E+01
 2.00687500000000E+03   7.19307000000000E+01
 2.00695830000000E+03   7.53931000000000E+01
 2.00704170000000E+03   7.95481000000000E+01
 2.00712500000000E+03   9.44716000000000E+01
 2.00720830000000E+03   1.28318000000000E+02
 2.00729170000000E+03   1.32010800000000E+02
 2.00737500000000E+03   1.45626000000000E+02
 2.00745830000000E+03   1.41164000000000E+02
 2.00754170000000E+03   1.15010000000000E+02
 2.00762500000000E+03   9.23169000000000E+01
 2.00770830000000E+03   1.03161900000000E+02
 2.00779170000000E+03   8.47766000000000E+01
 2.00787500000000E+03   6.50828000000000E+01
 2.00795830000000E+03   5.43118000000000E+01
 2.00804170000000E+03   6.65412000000000E+01
 2.00812500000000E+03   5.94621000000000E+01
 2.00820830000000E+03   3.93059000000000E+01
 2.00829170000000E+03   4.13039000000000E+01
 2.00837500000000E+03   5.36857000000000E+01
 2.00845830000000E+03   5.53750000000000E+01
 2.00854170000000E+03   3.55262000000000E+01
 2.00862500000000E+03   6.21500000000000E+00
 2.00870830000000E+03  -2.57117000000000E+01
 2.00879170000000E+03  -6.22535000000000E+01
 2.00887500000000E+03  -5.69499000000000E+01
 2.00895830000000E+03  -4.46465000000000E+01
 2.00904170000000E+03  -3.64966000000000E+01
 2.00912500000000E+03  -3.30398000000000E+01
 2.00920830000000E+03  -1.19678000000000E+01
 2.00929170000000E+03   5.33530000000000E+00
 2.00937500000000E+03  -2.43624000000000E+01
 2.00945830000000E+03  -4.97526000000000E+01
 2.00954170000000E+03  -9.06809000000000E+01
 2.00962500000000E+03  -1.19071500000000E+02
 2.00970830000000E+03  -1.14462400000000E+02
 2.00979170000000E+03  -1.14160600000000E+02
 2.00987500000000E+03  -1.05167200000000E+02
 2.00995830000000E+03  -9.85587000000000E+01
 2.01004170000000E+03  -9.20268000000000E+01
 2.01012500000000E+03  -9.55726000000000E+01
 2.01020830000000E+03  -1.04657000000000E+02
 2.01029170000000E+03  -1.24048800000000E+02
 2.01037500000000E+03  -1.32441300000000E+02
 2.01045830000000E+03  -1.41911000000000E+02
 2.01054170000000E+03  -1.37072700000000E+02
 2.01062500000000E+03  -1.13542800000000E+02
 2.01070830000000E+03  -9.61670000000000E+01
 2.01079170000000E+03  -8.59447000000000E+01
 2.01087500000000E+03  -8.61847000000000E+01
 2.01095830000000E+03  -7.68865000000000E+01
 2.01104170000000E+03  -8.38187000000000E+01
 2.01112500000000E+03  -8.36747000000000E+01
 2.01120830000000E+03  -6.53771000000000E+01
 2.01129170000000E+03  -3.51561000000000E+01
 2.01137500000000E+03  -2.84743000000000E+01
 2.01145830000000E+03   2.07458000000000E+01
 2.01154170000000E+03   6.11200000000000E+01
 2.01162500000000E+03   5.80319000000000E+01
 2.01170830000000E+03   6.55590000000000E+01
 2.01179170000000E+03   7.27787000000000E+01
 2.01187500000000E+03   6.38438000000000E+01
 2.01195830000000E+03   7.12933000000000E+01
 2.01204170000000E+03   7.36663000000000E+01
 2.01212500000000E+03   8.30384000000000E+01
 2.01220830000000E+03   1.06410400000000E+02
 2.01229170000000E+03   1.07398100000000E+02
 2.01237500000000E+03   9.98465000000000E+01
 2.01245830000000E+03   8.23717000000000E+01
 2.01254170000000E+03   2.90510000000000E+01
 2.01262500000000E+03  -8.19350000000000E+00
 2.01270830000000E+03  -3.99767000000000E+01
 2.01279170000000E+03  -5.99903000000000E+01
 2.01287500000000E+03  -7.28508000000000E+01
 2.01295830000000E+03  -7.77116000000000E+01
 2.01304170000000E+03  -8.01874000000000E+01
 2.01312500000000E+03  -8.32793000000000E+01
 2.01320830000000E+03  -8.91407000000000E+01
 2.01329170000000E+03  -1.15617100000000E+02
 2.01337500000000E+03  -1.05171300000000E+02
 2.01345830000000E+03  -8.67256000000000E+01
 2.01354170000000E+03  -7.38950000000000E+01
 2.01362500000000E+03  -7.69113000000000E+01
 2.01370830000000E+03  -6.25432000000000E+01
 2.01379170000000E+03  -3.20979000000000E+01
 2.01387500000000E+03  -3.49610000000000E+01
 2.01395830000000E+03  -3.79781000000000E+01
 2.01404170000000E+03  -3.73027000000000E+01
 2.01412500000000E+03  -3.24741000000000E+01
 2.01420830000000E+03  -3.98765000000000E+01
 2.01429170000000E+03  -3.35863000000000E+01
 2.01437500000000E+03  -3.55276000000000E+01
 2.01445830000000E+03  -4.67769000000000E+01
 2.01454170000000E+03  -5.09488000000000E+01
 2.01462500000000E+03  -3.48908000000000E+01
 2.01470830000000E+03  -2.29868000000000E+01
 2.01479170000000E+03  -2.27748000000000E+01
 2.01487500000000E+03  -1.06405000000000E+01
 2.01495830000000E+03   2.14167000000000E+01
 2.01504170000000E+03   4.63973000000000E+01
 2.01512500000000E+03   5.46848000000000E+01
 2.01520830000000E+03   4.82798000000000E+01
 2.01529170000000E+03   4.84905000000000E+01
 2.01537500000000E+03   6.89313000000000E+01
 2.01545830000000E+03   1.21525600000000E+02
 2.01554170000000E+03   9.97357000000000E+01
 2.01562500000000E+03   8.93296000000000E+01
 2.01570830000000E+03   6.48464000000000E+01
 2.01579170000000E+03   5.43635000000000E+01
 2.01587500000000E+03   3.92645000000000E+01
 2.01595830000000E+03   1.41653000000000E+01
 2.01604170000000E+03   5.91250000000000E+00
 2.01612500000000E+03   1.11206000000000E+01
 2.01620830000000E+03   1.65591000000000E+01
 2.01629170000000E+03  -6.17300000000000E-01
 2.01637500000000E+03  -4.79460000000000E+00
 2.01645830000000E+03  -5.27970000000000E+00
 2.01654170000000E+03  -2.17645000000000E+01
 2.01662500000000E+03  -2.70193000000000E+01
 2.01670830000000E+03  -4.52743000000000E+01
 2.01679170000000E+03  -3.63752000000000E+01
 2.01687500000000E+03  -4.33998000000000E+01
 2.01695830000000E+03  -2.74247000000000E+01
 2.01704170000000E+03  -4.75700000000000E+00
 2.01712500000000E+03  -2.32080000000000E+00
 2.01720830000000E+03  -1.67309000000000E+01
 2.01729170000000E+03  -1.70638000000000E+01
 2.01737500000000E+03   3.59102000000000E+01
 2.01745830000000E+03   7.93456000000000E+01
 2.01754170000000E+03   7.23198000000000E+01
 2.01762500000000E+03   3.10624000000000E+01
 2.01770830000000E+03   1.30356000000000E+01
 2.01779170000000E+03  -1.21448000000000E+01
 2.01787500000000E+03  -3.11720000000000E+01
 2.01795830000000E+03  -2.85841000000000E+01
 2.01804170000000E+03  -4.35343000000000E+01
 2.01812500000000E+03  -4.07930000000000E+01
 2.01820830000000E+03  -3.48210000000000E+01
 2.01829170000000E+03  -8.84880000000000E+00
 2.01837500000000E+03  -9.95430000000000E+00
 2.01845830000000E+03  -4.04446000000000E+01
 2.01854170000000E+03  -7.05499000000000E+01
 2.01862500000000E+03  -8.31176000000000E+01
 2.01870830000000E+03  -6.03777000000000E+01
 2.01879170000000E+03  -5.20991000000000E+01
 2.01887500000000E+03  -3.77443000000000E+01
 2.01895830000000E+03  -2.43897000000000E+01
 2.01904170000000E+03  -1.66502000000000E+01
 2.01912500000000E+03  -7.83450000000000E+00
 2.01920830000000E+03  -4.17290000000000E+00
 2.01929170000000E+03  -1.45109000000000E+01
 2.01937500000000E+03  -5.43882000000000E+01
 2.01945830000000E+03  -3.91118000000000E+01
 2.01954170000000E+03   3.54950000000000E+00
 2.01962500000000E+03   4.89793000000000E+01
 2.01970830000000E+03   7.29473000000000E+01
 2.01979170000000E+03   6.34542000000000E+01
 2.01987500000000E+03   8.97295000000000E+01
 2.01995830000000E+03   8.73892000000000E+01
 2.02004170000000E+03   1.03279900000000E+02
 2.02012500000000E+03   1.11400800000000E+02
 2.02020830000000E+03   1.21982900000000E+02
 2.02029170000000E+03   1.03257700000000E+02
 2.02037500000000E+03   1.27377800000000E+02
 2.02045830000000E+03   1.50036200000000E+02
 2.02054170000000E+03   1.20925700000000E+02
 2.02062500000000E+03   5.88145000000000E+01
 2.02070830000000E+03   1.09338000000000E+01
 2.02079170000000E+03  -9.71580000000000E+00
 2.02087500000000E+03  -2.07508000000000E+01
 2.02095830000000E+03  -3.09398000000000E+01
 2.02104170000000E+03  -2.88977000000000E+01
 2.02112500000000E+03  -4.19333000000000E+01
 2.02120830000000E+03  -5.61999000000000E+01
 2.02129170000000E+03  -5.00047000000000E+01
 2.02137500000000E+03  -2.33486000000000E+01
 2.02145830000000E+03  -5.39235000000000E+01
 2.02154170000000E+03  -4.99597000000000E+01
 2.02162500000000E+03  -8.42700000000000E-01
 2.02170830000000E+03   1.95817000000000E+01
 2.02179170000000E+03   1.00064000000000E+01
 2.02187500000000E+03   2.96890000000000E+00
 2.02195830000000E+03   1.80850000000000E+01
 2.02204170000000E+03   3.51245000000000E+01
 2.02212500000000E+03   4.51632000000000E+01
 2.02220830000000E+03   2.58941000000000E+01
 2.02229170000000E+03   5.03175000000000E+01
 2.02237500000000E+03   3.87402000000000E+01
 2.02245830000000E+03   1.13166000000000E+01
 2.02254170000000E+03   3.58932000000000E+01
 2.02262500000000E+03   4.21615000000000E+01
 2.02270830000000E+03   8.66030000000000E+00
 2.02279170000000E+03  -1.78407000000000E+01
 2.02287500000000E+03  -1.74962000000000E+01
 2.02295830000000E+03  -2.60749000000000E+01
 2.02304170000000E+03  -2.44996000000000E+01
 2.02312500000000E+03  -2.03865000000000E+01
 2.02320830000000E+03  -1.10428000000000E+01
 2.02329170000000E+03   1.93011000000000E+01
 2.02337500000000E+03  -6.89410000000000E+00
 2.02345830000000E+03  -1.15511000000000E+01
 2.02354170000000E+03   9.63830000000000E+00
 2.02362500000000E+03   1.18271000000000E+01
 2.02370830000000E+03  -1.85998000000000E+01
 2.02379170000000E+03  -3.11802000000000E+01
 2.02387500000000E+03  -2.58383000000000E+01
 2.02395830000000E+03  -1.58812000000000E+01
 2.02404170000000E+03   3.15320000000000E+00
 2.02412500000000E+03   7.10980000000000E+00
 2.02420830000000E+03  -6.39520000000000E+00
 2.02429170000000E+03  -9.36160000000000E+00
 2.02437500000000E+03  -7.40550000000000E+00
 2.02445830000000E+03   2.09349000000000E+01
 2.02454170000000E+03   2.71154000000000E+01
 2.02462500000000E+03   1.74338000000000E+01
 2.02470830000000E+03  -8.96760000000000E+00
 2.02479170000000E+03   1.20049000000000E+01
 2.02487500000000E+03   3.29907000000000E+01
 2.02495830000000E+03   8.12817000000000E+01
