 1.88704170000000E+03  -6.22026000000000E+01
 1.88712500000000E+03  -3.53296000000000E+01
 1.88720830000000E+03  -2.43692000000000E+01
 1.88729170000000E+03  -1.05475000000000E+01
 1.88737500000000E+03  -6.46350000000000E+00
 1.88745830000000E+03   1.28174000000000E+01
 1.88754170000000E+03   9.17330000000000E+00
 1.88762500000000E+03   1.32852000000000E+01
 1.88770830000000E+03  -9.52600000000000E+00
 1.88779170000000E+03  -2.92600000000000E+01
 1.88787500000000E+03  -2.59175000000000E+01
 1.88795830000000E+03  -2.94980000000000E+01
 1.88804170000000E+03  -2.84628000000000E+01
 1.88812500000000E+03  -3.12742000000000E+01
 1.88820830000000E+03  -4.87010000000000E+01
 1.88829170000000E+03  -4.38198000000000E+01
 1.88837500000000E+03  -5.12466000000000E+01
 1.88845830000000E+03  -4.02119000000000E+01
 1.88854170000000E+03  -5.91769000000000E+01
 1.88862500000000E+03  -4.35269000000000E+01
 1.88870830000000E+03  -4.71077000000000E+01
 1.88879170000000E+03  -2.91498000000000E+01
 1.88887500000000E+03  -2.96537000000000E+01
 1.88895830000000E+03  -3.78500000000000E+01
 1.88904170000000E+03  -2.75844000000000E+01
 1.88912500000000E+03  -1.34730000000000E+01
 1.88920830000000E+03  -1.16694000000000E+01
 1.88929170000000E+03  -8.32700000000000E+00
 1.88937500000000E+03  -2.19080000000000E+01
 1.88945830000000E+03  -2.77968000000000E+01
 1.88954170000000E+03  -3.44545000000000E+01
 1.88962500000000E+03  -3.72663000000000E+01
 1.88970830000000E+03  -5.62321000000000E+01
 1.88979170000000E+03  -5.21206000000000E+01
 1.88987500000000E+03  -5.41634000000000E+01
 1.88995830000000E+03  -2.54369000000000E+01
 1.89004170000000E+03  -5.17170000000000E+00
 1.89012500000000E+03  -1.82990000000000E+00
 1.89020830000000E+03  -1.38728000000000E+01
 1.89029170000000E+03   1.77700000000000E+00
 1.89037500000000E+03   1.05033000000000E+01
 1.89045830000000E+03   7.68000000000000E-01
 1.89054170000000E+03  -8.19770000000000E+00
 1.89062500000000E+03  -1.87023000000000E+01
 1.89070830000000E+03  -1.22837000000000E+01
 1.89079170000000E+03  -2.74034000000000E+01
 1.89087500000000E+03  -3.17542000000000E+01
 1.89095830000000E+03  -3.07204000000000E+01
 1.89104170000000E+03  -4.04555000000000E+01
 1.89112500000000E+03  -4.24987000000000E+01
 1.89120830000000E+03  -4.06958000000000E+01
 1.89129170000000E+03  -4.12002000000000E+01
 1.89137500000000E+03  -7.09358000000000E+01
 1.89145830000000E+03  -7.29791000000000E+01
 1.89154170000000E+03  -5.34836000000000E+01
 1.89162500000000E+03  -2.86039000000000E+01
 1.89170830000000E+03  -4.91088000000000E+01
 1.89179170000000E+03  -6.03827000000000E+01
 1.89187500000000E+03  -4.16569000000000E+01
 1.89195830000000E+03  -2.98542000000000E+01
 1.89204170000000E+03  -6.51280000000000E+00
 1.89212500000000E+03   2.98210000000000E+00
 1.89220830000000E+03   1.70780000000000E+00
 1.89229170000000E+03  -8.02780000000000E+00
 1.89237500000000E+03  -2.31483000000000E+01
 1.89245830000000E+03  -1.21150000000000E+01
 1.89254170000000E+03  -2.80046000000000E+01
 1.89262500000000E+03  -4.54329000000000E+01
 1.89270830000000E+03  -5.43997000000000E+01
 1.89279170000000E+03  -3.41354000000000E+01
 1.89287500000000E+03  -4.00254000000000E+01
 1.89295830000000E+03  -4.13000000000000E+01
 1.89304170000000E+03  -4.41127000000000E+01
 1.89312500000000E+03  -5.07720000000000E+01
 1.89320830000000E+03  -3.58928000000000E+01
 1.89329170000000E+03  -2.48595000000000E+01
 1.89337500000000E+03  -3.82660000000000E+00
 1.89345830000000E+03   2.02833000000000E+01
 1.89354170000000E+03   1.74703000000000E+01
 1.89362500000000E+03   5.54263000000000E+01
 1.89370830000000E+03   7.26130000000000E+01
 1.89379170000000E+03   4.82615000000000E+01
 1.89387500000000E+03   3.69866000000000E+01
 1.89395830000000E+03   4.41732000000000E+01
 1.89404170000000E+03   4.59754000000000E+01
 1.89412500000000E+03   5.31620000000000E+01
 1.89420830000000E+03   5.57331000000000E+01
 1.89429170000000E+03   2.59968000000000E+01
 1.89437500000000E+03   1.01063000000000E+01
 1.89445830000000E+03  -1.93800000000000E+00
 1.89454170000000E+03  -1.62898000000000E+01
 1.89462500000000E+03  -3.75649000000000E+01
 1.89470830000000E+03  -7.26863000000000E+01
 1.89479170000000E+03  -8.01151000000000E+01
 1.89487500000000E+03  -7.44673000000000E+01
 1.89495830000000E+03  -7.11272000000000E+01
 1.89504170000000E+03  -5.54791000000000E+01
 1.89512500000000E+03  -4.82929000000000E+01
 1.89520830000000E+03  -3.95683000000000E+01
 1.89529170000000E+03  -3.31511000000000E+01
 1.89537500000000E+03  -1.59650000000000E+01
 1.89545830000000E+03  -1.57020000000000E+01
 1.89554170000000E+03  -2.54387000000000E+01
 1.89562500000000E+03  -1.36373000000000E+01
 1.89570830000000E+03   8.16410000000000E+00
 1.89579170000000E+03   8.42730000000000E+00
 1.89587500000000E+03   7.15170000000000E+00
 1.89595830000000E+03   2.12606000000000E+01
 1.89604170000000E+03   4.22930000000000E+01
 1.89612500000000E+03   3.87096000000000E+01
 1.89620830000000E+03   3.05108000000000E+01
 1.89629170000000E+03   1.61584000000000E+01
 1.89637500000000E+03   2.67200000000000E-01
 1.89645830000000E+03  -2.48548000000000E+01
 1.89654170000000E+03  -4.61303000000000E+01
 1.89662500000000E+03  -5.43292000000000E+01
 1.89670830000000E+03  -7.17590000000000E+01
 1.89679170000000E+03  -7.91885000000000E+01
 1.89687500000000E+03  -7.81567000000000E+01
 1.89695830000000E+03  -8.17404000000000E+01
 1.89704170000000E+03  -7.45546000000000E+01
 1.89712500000000E+03  -8.50614000000000E+01
 1.89720830000000E+03  -8.01836000000000E+01
 1.89729170000000E+03  -7.06902000000000E+01
 1.89737500000000E+03  -7.42740000000000E+01
 1.89745830000000E+03  -6.47810000000000E+01
 1.89754170000000E+03  -3.52876000000000E+01
 1.89762500000000E+03   8.82080000000000E+00
 1.89770830000000E+03   2.06214000000000E+01
 1.89779170000000E+03   1.70378000000000E+01
 1.89787500000000E+03   1.34538000000000E+01
 1.89795830000000E+03   1.75620000000000E+01
 1.89804170000000E+03   4.09014000000000E+01
 1.89812500000000E+03   4.42403000000000E+01
 1.89820830000000E+03   5.52716000000000E+01
 1.89829170000000E+03   3.86108000000000E+01
 1.89837500000000E+03   3.11805000000000E+01
 1.89845830000000E+03   6.14424000000000E+01
 1.89854170000000E+03   7.78585000000000E+01
 1.89862500000000E+03   7.65819000000000E+01
 1.89870830000000E+03   6.22284000000000E+01
 1.89879170000000E+03   7.01829000000000E+01
 1.89887500000000E+03   7.50600000000000E+01
 1.89895830000000E+03   8.76295000000000E+01
 1.89904170000000E+03   8.63531000000000E+01
 1.89912500000000E+03   7.96917000000000E+01
 1.89920830000000E+03   8.68765000000000E+01
 1.89929170000000E+03   9.48307000000000E+01
 1.89937500000000E+03   1.30477000000000E+02
 1.89945830000000E+03   1.44584700000000E+02
 1.89954170000000E+03   1.04846600000000E+02
 1.89962500000000E+03   6.74158000000000E+01
 1.89970830000000E+03   4.38312000000000E+01
 1.89979170000000E+03   1.94776000000000E+01
 1.89987500000000E+03   9.73900000000000E+00
 1.89995830000000E+03   1.30774000000000E+01
 1.90004170000000E+03   1.48775000000000E+01
 1.90012500000000E+03   2.12927000000000E+01
 1.90020830000000E+03   1.46310000000000E+01
 1.90029170000000E+03   1.72003000000000E+01
 1.90037500000000E+03  -4.07690000000000E+00
 1.90045830000000E+03  -2.30464000000000E+01
 1.90054170000000E+03  -3.89388000000000E+01
 1.90062500000000E+03  -2.25237000000000E+01
 1.90070830000000E+03  -2.45703000000000E+01
 1.90079170000000E+03  -2.12319000000000E+01
 1.90087500000000E+03  -2.63554000000000E+01
 1.90095830000000E+03  -2.84021000000000E+01
 1.90104170000000E+03  -2.96792000000000E+01
 1.90112500000000E+03  -3.55720000000000E+01
 1.90120830000000E+03  -4.60803000000000E+01
 1.90129170000000E+03  -5.42805000000000E+01
 1.90137500000000E+03  -6.63273000000000E+01
 1.90145830000000E+03  -5.22203000000000E+01
 1.90154170000000E+03  -4.11899000000000E+01
 1.90162500000000E+03  -3.86213000000000E+01
 1.90170830000000E+03  -4.98990000000000E+01
 1.90179170000000E+03  -5.34841000000000E+01
 1.90187500000000E+03  -5.39926000000000E+01
 1.90195830000000E+03  -4.06549000000000E+01
 1.90204170000000E+03  -2.80862000000000E+01
 1.90212500000000E+03  -7.82560000000000E+00
 1.90220830000000E+03   3.20430000000000E+00
 1.90229170000000E+03   8.84980000000000E+00
 1.90237500000000E+03   9.87960000000000E+00
 1.90245830000000E+03  -9.09060000000000E+00
 1.90254170000000E+03  -1.49836000000000E+01
 1.90262500000000E+03  -7.80010000000000E+00
 1.90270830000000E+03   3.22960000000000E+00
 1.90279170000000E+03   2.65673000000000E+01
 1.90287500000000E+03   4.45200000000000E+01
 1.90295830000000E+03   4.78572000000000E+01
 1.90304170000000E+03   5.96564000000000E+01
 1.90312500000000E+03   7.22244000000000E+01
 1.90320830000000E+03   7.40231000000000E+01
 1.90329170000000E+03   6.81298000000000E+01
 1.90337500000000E+03   7.99285000000000E+01
 1.90345830000000E+03   8.09579000000000E+01
 1.90354170000000E+03   8.35261000000000E+01
 1.90362500000000E+03   7.14785000000000E+01
 1.90370830000000E+03   1.94309000000000E+01
 1.90379170000000E+03  -6.46250000000000E+00
 1.90387500000000E+03  -2.46640000000000E+01
 1.90395830000000E+03  -2.28656000000000E+01
 1.90404170000000E+03  -3.37450000000000E+00
 1.90412500000000E+03   4.57780000000000E+00
 1.90420830000000E+03  -1.97777000000000E+01
 1.90429170000000E+03  -3.87483000000000E+01
 1.90437500000000E+03  -3.07961000000000E+01
 1.90445830000000E+03  -2.05362000000000E+01
 1.90454170000000E+03  -4.12230000000000E+00
 1.90462500000000E+03   2.38298000000000E+01
 1.90470830000000E+03   1.79357000000000E+01
 1.90479170000000E+03   3.28111000000000E+01
 1.90487500000000E+03   3.92247000000000E+01
 1.90495830000000E+03   3.17920000000000E+01
 1.90504170000000E+03   3.97443000000000E+01
 1.90512500000000E+03   3.92346000000000E+01
 1.90520830000000E+03   3.79558000000000E+01
 1.90529170000000E+03   5.20618000000000E+01
 1.90537500000000E+03   4.92444000000000E+01
 1.90545830000000E+03   5.10423000000000E+01
 1.90554170000000E+03   4.20713000000000E+01
 1.90562500000000E+03   3.69461000000000E+01
 1.90570830000000E+03   3.56671000000000E+01
 1.90579170000000E+03   4.36191000000000E+01
 1.90587500000000E+03   4.00322000000000E+01
 1.90595830000000E+03   4.87531000000000E+01
 1.90604170000000E+03   6.74742000000000E+01
 1.90612500000000E+03   7.23489000000000E+01
 1.90620830000000E+03   6.33773000000000E+01
 1.90629170000000E+03   4.44061000000000E+01
 1.90637500000000E+03   2.54345000000000E+01
 1.90645830000000E+03   4.80013000000000E+01
 1.90654170000000E+03   4.13376000000000E+01
 1.90662500000000E+03   2.92890000000000E+01
 1.90670830000000E+03   2.87788000000000E+01
 1.90679170000000E+03   3.65350000000000E+00
 1.90687500000000E+03   7.75870000000000E+00
 1.90695830000000E+03   1.64792000000000E+01
 1.90704170000000E+03   2.36615000000000E+01
 1.90712500000000E+03   3.85358000000000E+01
 1.90720830000000E+03   4.34101000000000E+01
 1.90729170000000E+03   3.67461000000000E+01
 1.90737500000000E+03   2.93126000000000E+01
 1.90745830000000E+03   2.72637000000000E+01
 1.90754170000000E+03   7.52280000000000E+00
 1.90762500000000E+03   2.23969000000000E+01
 1.90770830000000E+03   4.96330000000000E+00
 1.90779170000000E+03  -2.55470000000000E+01
 1.90787500000000E+03  -2.68268000000000E+01
 1.90795830000000E+03  -3.50297000000000E+01
 1.90804170000000E+03  -3.70785000000000E+01
 1.90812500000000E+03  -3.98969000000000E+01
 1.90820830000000E+03  -5.27153000000000E+01
 1.90829170000000E+03  -7.78411000000000E+01
 1.90837500000000E+03  -8.14288000000000E+01
 1.90845830000000E+03  -6.11703000000000E+01
 1.90854170000000E+03  -5.09116000000000E+01
 1.90862500000000E+03  -4.83456000000000E+01
 1.90870830000000E+03  -8.57795000000000E+01
 1.90879170000000E+03  -8.16747000000000E+01
 1.90887500000000E+03  -6.75703000000000E+01
 1.90895830000000E+03  -5.80813000000000E+01
 1.90904170000000E+03  -4.08996000000000E+01
 1.90912500000000E+03  -1.52568000000000E+01
 1.90920830000000E+03  -1.65371000000000E+01
 1.90929170000000E+03  -2.55094000000000E+01
 1.90937500000000E+03  -8.32820000000000E+00
 1.90945830000000E+03   3.46830000000000E+00
 1.90954170000000E+03   1.98805000000000E+01
 1.90962500000000E+03   2.70616000000000E+01
 1.90970830000000E+03   2.42427000000000E+01
 1.90979170000000E+03   3.45010000000000E+01
 1.90987500000000E+03   4.55281000000000E+01
 1.90995830000000E+03   4.65553000000000E+01
 1.91004170000000E+03   5.45058000000000E+01
 1.91012500000000E+03   4.86098000000000E+01
 1.91020830000000E+03   2.50215000000000E+01
 1.91029170000000E+03   2.06642000000000E+01
 1.91037500000000E+03   2.24604000000000E+01
 1.91045830000000E+03   6.56430000000000E+00
 1.91054170000000E+03   1.17454000000000E+01
 1.91062500000000E+03  -8.43100000000000E-01
 1.91070830000000E+03  -3.73930000000000E+00
 1.91079170000000E+03  -6.25060000000000E+00
 1.91087500000000E+03  -4.45460000000000E+00
 1.91095830000000E+03  -9.42780000000000E+00
 1.91104170000000E+03   4.59930000000000E+00
 1.91112500000000E+03  -3.06630000000000E+00
 1.91120830000000E+03   1.04220000000000E+01
 1.91129170000000E+03   1.94489000000000E+01
 1.91137500000000E+03   3.58602000000000E+01
 1.91145830000000E+03   2.80407000000000E+01
 1.91154170000000E+03   2.52214000000000E+01
 1.91162500000000E+03   1.04787000000000E+01
 1.91170830000000E+03  -4.26400000000000E+00
 1.91179170000000E+03  -4.77560000000000E+00
 1.91187500000000E+03   9.43100000000000E-01
 1.91195830000000E+03   1.31234000000000E+01
 1.91204170000000E+03   1.47655000000000E+01
 1.91212500000000E+03   1.47919000000000E+01
 1.91220830000000E+03   2.78952000000000E+01
 1.91229170000000E+03   7.76800000000000E+00
 1.91237500000000E+03   6.94810000000000E+00
 1.91245830000000E+03   1.32821000000000E+01
 1.91254170000000E+03   2.31548000000000E+01
 1.91262500000000E+03   3.03348000000000E+01
 1.91270830000000E+03   5.22071000000000E+01
 1.91279170000000E+03   5.82336000000000E+01
 1.91287500000000E+03   4.22597000000000E+01
 1.91295830000000E+03   4.71320000000000E+01
 1.91304170000000E+03   5.02352000000000E+01
 1.91312500000000E+03   6.82613000000000E+01
 1.91320830000000E+03   5.20565000000000E+01
 1.91329170000000E+03   2.75443000000000E+01
 1.91337500000000E+03   4.31856000000000E+01
 1.91345830000000E+03   8.07500000000000E+01
 1.91354170000000E+03   7.63147000000000E+01
 1.91362500000000E+03   8.94175000000000E+01
 1.91370830000000E+03   9.42894000000000E+01
 1.91379170000000E+03   7.24694000000000E+01
 1.91387500000000E+03   7.65721000000000E+01
 1.91395830000000E+03   8.49824000000000E+01
 1.91404170000000E+03   7.92392000000000E+01
 1.91412500000000E+03   7.41110000000000E+01
 1.91420830000000E+03   6.72136000000000E+01
 1.91429170000000E+03   7.93165000000000E+01
 1.91437500000000E+03   7.68805000000000E+01
 1.91445830000000E+03   7.65215000000000E+01
 1.91454170000000E+03   3.27012000000000E+01
 1.91462500000000E+03   6.49590000000000E+00
 1.91470830000000E+03  -1.96325000000000E+01
 1.91479170000000E+03  -2.29144000000000E+01
 1.91487500000000E+03  -2.25044000000000E+01
 1.91495830000000E+03  -2.67867000000000E+01
 1.91504170000000E+03  -1.78380000000000E+01
 1.91512500000000E+03  -6.88960000000000E+00
 1.91520830000000E+03  -2.01810000000000E+00
 1.91529170000000E+03  -2.18387000000000E+01
 1.91537500000000E+03  -3.26596000000000E+01
 1.91545830000000E+03  -1.23267000000000E+01
 1.91554170000000E+03  -7.14740000000000E+00
 1.91562500000000E+03   6.33930000000000E+00
 1.91570830000000E+03  -6.09710000000000E+00
 1.91579170000000E+03  -6.22550000000000E+00
 1.91587500000000E+03  -1.36620000000000E+01
 1.91595830000000E+03  -6.86770000000000E+00
 1.91604170000000E+03  -2.84240000000000E+00
 1.91612500000000E+03   1.95180000000000E+00
 1.91620830000000E+03  -3.71560000000000E+00
 1.91629170000000E+03  -3.92110000000000E+00
 1.91637500000000E+03   9.71920000000000E+00
 1.91645830000000E+03   1.45133000000000E+01
 1.91654170000000E+03  -1.15390000000000E+00
 1.91662500000000E+03  -3.22060000000000E+01
 1.91670830000000E+03  -6.18736000000000E+01
 1.91679170000000E+03  -4.66947000000000E+01
 1.91687500000000E+03  -4.72084000000000E+01
 1.91695830000000E+03  -4.96453000000000E+01
 1.91704170000000E+03  -5.68511000000000E+01
 1.91712500000000E+03  -6.74418000000000E+01
 1.91720830000000E+03  -6.76480000000000E+01
 1.91729170000000E+03  -5.50077000000000E+01
 1.91737500000000E+03  -4.85986000000000E+01
 1.91745830000000E+03  -1.57279000000000E+01
 1.91754170000000E+03   2.19900000000000E-01
 1.91762500000000E+03   1.14752000000000E+01
 1.91770830000000E+03   1.15765000000000E+01
 1.91779170000000E+03   8.67810000000000E+00
 1.91787500000000E+03  -1.43744000000000E+01
 1.91795830000000E+03  -1.58090000000000E+00
 1.91804170000000E+03   1.74437000000000E+01
 1.91812500000000E+03   2.92373000000000E+01
 1.91820830000000E+03   5.28000000000000E+01
 1.91829170000000E+03   5.37476000000000E+01
 1.91837500000000E+03   3.40025000000000E+01
 1.91845830000000E+03   1.76421000000000E+01
 1.91854170000000E+03  -1.92566000000000E+01
 1.91862500000000E+03  -4.70017000000000E+01
 1.91870830000000E+03  -6.77469000000000E+01
 1.91879170000000E+03  -5.97994000000000E+01
 1.91887500000000E+03  -5.70831000000000E+01
 1.91895830000000E+03  -2.66745000000000E+01
 1.91904170000000E+03  -2.36503000000000E+01
 1.91912500000000E+03  -1.10879000000000E+01
 1.91920830000000E+03  -8.37170000000000E+00
 1.91929170000000E+03  -1.35013000000000E+01
 1.91937500000000E+03  -4.02467000000000E+01
 1.91945830000000E+03  -3.48383000000000E+01
 1.91954170000000E+03  -2.48142000000000E+01
 1.91962500000000E+03  -1.08674000000000E+01
 1.91970830000000E+03   1.03871000000000E+01
 1.91979170000000E+03   1.97188000000000E+01
 1.91987500000000E+03   2.71271000000000E+01
 1.91995830000000E+03   4.56122000000000E+01
 1.92004170000000E+03   4.62515000000000E+01
 1.92012500000000E+03   4.97366000000000E+01
 1.92020830000000E+03   3.06063000000000E+01
 1.92029170000000E+03   2.55320000000000E+00
 1.92037500000000E+03  -2.18848000000000E+01
 1.92045830000000E+03  -2.68614000000000E+01
 1.92054170000000E+03  -1.48376000000000E+01
 1.92062500000000E+03  -1.95065000000000E+01
 1.92070830000000E+03  -2.27139000000000E+01
 1.92079170000000E+03  -2.63826000000000E+01
 1.92087500000000E+03  -2.72054000000000E+01
 1.92095830000000E+03  -2.37975000000000E+01
 1.92104170000000E+03  -9.31240000000000E+00
 1.92112500000000E+03   1.55690000000000E+00
 1.92120830000000E+03   4.19550000000000E+00
 1.92129170000000E+03   1.60651000000000E+01
 1.92137500000000E+03   4.25498000000000E+01
 1.92145830000000E+03   6.22652000000000E+01
 1.92154170000000E+03   1.00750200000000E+02
 1.92162500000000E+03   7.06194000000000E+01
 1.92170830000000E+03   7.06424000000000E+01
 1.92179170000000E+03   5.46657000000000E+01
 1.92187500000000E+03   4.99963000000000E+01
 1.92195830000000E+03   6.80962000000000E+01
 1.92204170000000E+03   7.20425000000000E+01
 1.92212500000000E+03   6.94500000000000E+01
 1.92220830000000E+03   6.04728000000000E+01
 1.92229170000000E+03   4.20344000000000E+01
 1.92237500000000E+03   3.38264000000000E+01
 1.92245830000000E+03   4.07722000000000E+01
 1.92254170000000E+03   4.47953000000000E+01
 1.92262500000000E+03   3.00487000000000E+01
 1.92270830000000E+03   1.55329000000000E+01
 1.92279170000000E+03  -1.80595000000000E+01
 1.92287500000000E+03  -1.21138000000000E+01
 1.92295830000000E+03   2.98570000000000E+00
 1.92304170000000E+03   3.93160000000000E+00
 1.92312500000000E+03   1.62618000000000E+01
 1.92320830000000E+03   1.75920000000000E+01
 1.92329170000000E+03   3.46148000000000E+01
 1.92337500000000E+03   6.75603000000000E+01
 1.92345830000000E+03   7.07366000000000E+01
 1.92354170000000E+03   4.78362000000000E+01
 1.92362500000000E+03   3.72431000000000E+01
 1.92370830000000E+03   2.71116000000000E+01
 1.92379170000000E+03   5.36726000000000E+01
 1.92387500000000E+03   7.34641000000000E+01
 1.92395830000000E+03   7.77171000000000E+01
 1.92404170000000E+03   7.68166000000000E+01
 1.92412500000000E+03   6.90695000000000E+01
 1.92420830000000E+03   5.14763000000000E+01
 1.92429170000000E+03   3.93448000000000E+01
 1.92437500000000E+03   2.12900000000000E+01
 1.92445830000000E+03  -6.30330000000000E+00
 1.92454170000000E+03   1.00267000000000E+01
 1.92462500000000E+03   3.43564000000000E+01
 1.92470830000000E+03   2.66860000000000E+01
 1.92479170000000E+03   2.48621000000000E+01
 1.92487500000000E+03   1.38840000000000E+01
 1.92495830000000E+03   2.69059000000000E+01
 1.92504170000000E+03   2.71588000000000E+01
 1.92512500000000E+03   2.21037000000000E+01
 1.92520830000000E+03   3.92024000000000E+01
 1.92529170000000E+03   5.19937000000000E+01
 1.92537500000000E+03   5.72462000000000E+01
 1.92545830000000E+03   6.25756000000000E+01
 1.92554170000000E+03   6.25976000000000E+01
 1.92562500000000E+03   2.26193000000000E+01
 1.92570830000000E+03   1.00255000000000E+01
 1.92579170000000E+03   9.12430000000000E+00
 1.92587500000000E+03   7.37660000000000E+00
 1.92595830000000E+03   1.73982000000000E+01
 1.92604170000000E+03   1.14969000000000E+01
 1.92612500000000E+03   2.25184000000000E+01
 1.92620830000000E+03   3.10014000000000E+01
 1.92629170000000E+03   2.14077000000000E+01
 1.92637500000000E+03   7.35210000000000E+00
 1.92645830000000E+03   6.98890000000000E+00
 1.92654170000000E+03   8.85670000000000E+00
 1.92662500000000E+03   7.18560000000000E+00
 1.92670830000000E+03   1.36685000000000E+01
 1.92679170000000E+03   1.26131000000000E+01
 1.92687500000000E+03   2.88650000000000E+01
 1.92695830000000E+03   5.20401000000000E+01
 1.92704170000000E+03   6.05231000000000E+01
 1.92712500000000E+03   6.76980000000000E+01
 1.92720830000000E+03   6.58730000000000E+01
 1.92729170000000E+03   6.55097000000000E+01
 1.92737500000000E+03   6.83769000000000E+01
 1.92745830000000E+03   5.27825000000000E+01
 1.92754170000000E+03   4.33423000000000E+01
 1.92762500000000E+03   3.62094000000000E+01
 1.92770830000000E+03   8.76870000000000E+00
 1.92779170000000E+03  -1.51780000000000E+00
 1.92787500000000E+03  -1.95738000000000E+01
 1.92795830000000E+03  -2.07069000000000E+01
 1.92804170000000E+03  -1.26858000000000E+01
 1.92812500000000E+03   1.48890000000000E+00
 1.92820830000000E+03   5.81730000000000E+00
 1.92829170000000E+03   5.37680000000000E+00
 1.92837500000000E+03  -1.83330000000000E+00
 1.92845830000000E+03  -3.58190000000000E+00
 1.92854170000000E+03   2.82360000000000E+00
 1.92862500000000E+03  -2.28481000000000E+01
 1.92870830000000E+03  -4.19044000000000E+01
 1.92879170000000E+03  -1.78836000000000E+01
 1.92887500000000E+03  -4.55540000000000E+00
 1.92895830000000E+03   1.46959000000000E+01
 1.92904170000000E+03   1.87935000000000E+01
 1.92912500000000E+03   2.96780000000000E+00
 1.92920830000000E+03  -7.24260000000000E+00
 1.92929170000000E+03  -9.14200000000000E-01
 1.92937500000000E+03   1.83000000000000E-01
 1.92945830000000E+03   6.64900000000000E-01
 1.92954170000000E+03   3.77700000000000E-01
 1.92962500000000E+03  -3.90970000000000E+00
 1.92970830000000E+03   1.45720000000000E+01
 1.92979170000000E+03   1.09771000000000E+01
 1.92987500000000E+03  -1.56500000000000E-01
 1.92995830000000E+03  -5.21330000000000E+00
 1.93004170000000E+03  -4.50060000000000E+00
 1.93012500000000E+03  -2.78830000000000E+00
 1.93020830000000E+03  -1.43067000000000E+01
 1.93029170000000E+03  -1.89018000000000E+01
 1.93037500000000E+03  -5.80490000000000E+00
 1.93045830000000E+03  -1.28618000000000E+01
 1.93054170000000E+03  -1.68416000000000E+01
 1.93062500000000E+03  -4.00525000000000E+01
 1.93070830000000E+03  -3.76480000000000E+01
 1.93079170000000E+03  -3.84740000000000E+01
 1.93087500000000E+03  -3.23773000000000E+01
 1.93095830000000E+03  -1.75883000000000E+01
 1.93104170000000E+03   3.43180000000000E+00
 1.93112500000000E+03   3.22070000000000E+00
 1.93120830000000E+03  -2.52880000000000E+00
 1.93129170000000E+03   1.75681000000000E+01
 1.93137500000000E+03   1.65108000000000E+01
 1.93145830000000E+03  -7.39270000000000E+00
 1.93154170000000E+03   1.17041000000000E+01
 1.93162500000000E+03   1.60313000000000E+01
 1.93170830000000E+03   1.91278000000000E+01
 1.93179170000000E+03   2.42245000000000E+01
 1.93187500000000E+03   2.64747000000000E+01
 1.93195830000000E+03   3.68787000000000E+01
 1.93204170000000E+03   4.06676000000000E+01
 1.93212500000000E+03   3.66870000000000E+01
 1.93220830000000E+03   4.30140000000000E+01
 1.93229170000000E+03   5.14952000000000E+01
 1.93237500000000E+03   3.97452000000000E+01
 1.93245830000000E+03   4.15337000000000E+01
 1.93254170000000E+03   2.83994000000000E+01
 1.93262500000000E+03   9.34170000000000E+00
 1.93270830000000E+03  -1.55622000000000E+01
 1.93279170000000E+03  -1.23510000000000E+00
 1.93287500000000E+03  -5.67760000000000E+00
 1.93295830000000E+03  -9.50460000000000E+00
 1.93304170000000E+03  -3.33140000000000E+00
 1.93312500000000E+03   9.68760000000000E+00
 1.93320830000000E+03   1.93730000000000E+00
 1.93329170000000E+03  -1.57357000000000E+01
 1.93337500000000E+03  -3.76399000000000E+01
 1.93345830000000E+03  -5.29287000000000E+01
 1.93354170000000E+03  -6.01403000000000E+01
 1.93362500000000E+03  -3.97368000000000E+01
 1.93370830000000E+03  -4.12565000000000E+01
 1.93379170000000E+03  -5.42374000000000E+01
 1.93387500000000E+03  -6.48340000000000E+01
 1.93395830000000E+03  -5.44307000000000E+01
 1.93404170000000E+03  -3.83348000000000E+01
 1.93412500000000E+03  -3.34699000000000E+01
 1.93420830000000E+03  -5.04513000000000E+01
 1.93429170000000E+03  -3.23555000000000E+01
 1.93437500000000E+03  -1.41061000000000E+01
 1.93445830000000E+03  -1.10876000000000E+01
 1.93454170000000E+03  -7.06880000000000E+00
 1.93462500000000E+03   7.33440000000000E+00
 1.93470830000000E+03  -1.05703000000000E+01
 1.93479170000000E+03  -9.93610000000000E+00
 1.93487500000000E+03   4.54380000000000E+00
 1.93495830000000E+03   6.33140000000000E+00
 1.93504170000000E+03   1.78885000000000E+01
 1.93512500000000E+03   2.63684000000000E+01
 1.93520830000000E+03   2.53866000000000E+01
 1.93529170000000E+03   4.96360000000000E+01
 1.93537500000000E+03   3.88080000000000E+01
 1.93545830000000E+03   3.35955000000000E+01
 1.93554170000000E+03   4.36139000000000E+01
 1.93562500000000E+03   5.00167000000000E+01
 1.93570830000000E+03   1.91117000000000E+01
 1.93579170000000E+03   1.80532000000000E+01
 1.93587500000000E+03   1.48200000000000E-01
 1.93595830000000E+03   6.78160000000000E+00
 1.93604170000000E+03   1.10306000000000E+01
 1.93612500000000E+03   3.43320000000000E+00
 1.93620830000000E+03  -6.85660000000000E+00
 1.93629170000000E+03  -8.45370000000000E+00
 1.93637500000000E+03  -2.07436000000000E+01
 1.93645830000000E+03  -1.04949000000000E+01
 1.93654170000000E+03  -1.58614000000000E+01
 1.93662500000000E+03  -4.19206000000000E+01
 1.93670830000000E+03  -5.18259000000000E+01
 1.93679170000000E+03  -5.01925000000000E+01
 1.93687500000000E+03  -5.77902000000000E+01
 1.93695830000000E+03  -4.61571000000000E+01
 1.93704170000000E+03  -3.14469000000000E+01
 1.93712500000000E+03  -2.82754000000000E+01
 1.93720830000000E+03  -2.51040000000000E+01
 1.93729170000000E+03  -2.96246000000000E+01
 1.93737500000000E+03  -3.41455000000000E+01
 1.93745830000000E+03  -5.09742000000000E+01
 1.93754170000000E+03  -6.68026000000000E+01
 1.93762500000000E+03  -5.44005000000000E+01
 1.93770830000000E+03  -1.89216000000000E+01
 1.93779170000000E+03   1.73269000000000E+01
 1.93787500000000E+03   3.27289000000000E+01
 1.93795830000000E+03   5.12846000000000E+01
 1.93804170000000E+03   6.50715000000000E+01
 1.93812500000000E+03   5.28580000000000E+01
 1.93820830000000E+03   5.12598000000000E+01
 1.93829170000000E+03   5.26619000000000E+01
 1.93837500000000E+03   7.20637000000000E+01
 1.93845830000000E+03   6.53116000000000E+01
 1.93854170000000E+03   6.37137000000000E+01
 1.93862500000000E+03   7.34231000000000E+01
 1.93870830000000E+03   5.35170000000000E+01
 1.93879170000000E+03   2.97651000000000E+01
 1.93887500000000E+03  -8.14090000000000E+00
 1.93895830000000E+03  -7.58550000000000E+00
 1.93904170000000E+03  -8.10670000000000E+00
 1.93912500000000E+03  -2.02437000000000E+01
 1.93920830000000E+03  -2.98422000000000E+01
 1.93929170000000E+03  -5.01327000000000E+01
 1.93937500000000E+03  -7.42697000000000E+01
 1.93945830000000E+03  -8.85606000000000E+01
 1.93954170000000E+03  -8.48513000000000E+01
 1.93962500000000E+03  -1.01526800000000E+02
 1.93970830000000E+03  -1.19433200000000E+02
 1.93979170000000E+03  -1.27493200000000E+02
 1.93987500000000E+03  -1.39476500000000E+02
 1.93995830000000E+03  -1.33229100000000E+02
 1.94004170000000E+03  -1.32135300000000E+02
 1.94012500000000E+03  -1.21657200000000E+02
 1.94020830000000E+03  -9.64868000000000E+01
 1.94029170000000E+03  -8.20085000000000E+01
 1.94037500000000E+03  -6.15305000000000E+01
 1.94045830000000E+03  -3.87448000000000E+01
 1.94054170000000E+03  -5.90358000000000E+01
 1.94062500000000E+03  -7.89425000000000E+01
 1.94070830000000E+03  -6.71569000000000E+01
 1.94079170000000E+03  -7.95249000000000E+01
 1.94087500000000E+03  -8.30470000000000E+01
 1.94095830000000E+03  -7.47231000000000E+01
 1.94104170000000E+03  -6.64758000000000E+01
 1.94112500000000E+03  -6.06134000000000E+01
 1.94120830000000E+03  -6.59049000000000E+01
 1.94129170000000E+03  -8.87346000000000E+01
 1.94137500000000E+03  -1.03872300000000E+02
 1.94145830000000E+03  -9.85486000000000E+01
 1.94154170000000E+03  -1.12916800000000E+02
 1.94162500000000E+03  -1.18362300000000E+02
 1.94170830000000E+03  -1.20500200000000E+02
 1.94179170000000E+03  -1.26330000000000E+02
 1.94187500000000E+03  -1.18544900000000E+02
 1.94195830000000E+03  -9.88366000000000E+01
 1.94204170000000E+03  -7.98204000000000E+01
 1.94212500000000E+03  -7.98046000000000E+01
 1.94220830000000E+03  -8.27888000000000E+01
 1.94229170000000E+03  -7.59265000000000E+01
 1.94237500000000E+03  -6.30646000000000E+01
 1.94245830000000E+03  -3.07411000000000E+01
 1.94254170000000E+03  -3.78790000000000E+01
 1.94262500000000E+03  -1.40941000000000E+01
 1.94270830000000E+03   1.87677000000000E+01
 1.94279170000000E+03   5.63221000000000E+01
 1.94287500000000E+03   7.97223000000000E+01
 1.94295830000000E+03   9.33533000000000E+01
 1.94304170000000E+03   1.01599900000000E+02
 1.94312500000000E+03   1.09230800000000E+02
 1.94320830000000E+03   1.14938600000000E+02
 1.94329170000000E+03   1.19569700000000E+02
 1.94337500000000E+03   1.01662100000000E+02
 1.94345830000000E+03   9.32159000000000E+01
 1.94354170000000E+03   1.02385400000000E+02
 1.94362500000000E+03   1.20323800000000E+02
 1.94370830000000E+03   1.06108400000000E+02
 1.94379170000000E+03   8.88162000000000E+01
 1.94387500000000E+03   8.05238000000000E+01
 1.94395830000000E+03   7.66929000000000E+01
 1.94404170000000E+03   7.54776000000000E+01
 1.94412500000000E+03   6.10312000000000E+01
 1.94420830000000E+03   4.94309000000000E+01
 1.94429170000000E+03   4.33694000000000E+01
 1.94437500000000E+03   3.59999000000000E+01
 1.94445830000000E+03   3.90149000000000E+01
 1.94454170000000E+03   3.97994000000000E+01
 1.94462500000000E+03   9.35290000000000E+00
 1.94470830000000E+03  -9.37000000000000E-02
 1.94479170000000E+03   5.38310000000000E+00
 1.94487500000000E+03   1.36287000000000E+01
 1.94495830000000E+03   1.62590000000000E+01
 1.94504170000000E+03   2.46587000000000E+01
 1.94512500000000E+03   3.25197000000000E+01
 1.94520830000000E+03   3.68422000000000E+01
 1.94529170000000E+03   4.05495000000000E+01
 1.94537500000000E+03   3.88719000000000E+01
 1.94545830000000E+03   4.54251000000000E+01
 1.94554170000000E+03   4.55939000000000E+01
 1.94562500000000E+03   5.52239000000000E+01
 1.94570830000000E+03   5.05462000000000E+01
 1.94579170000000E+03   5.11764000000000E+01
 1.94587500000000E+03   3.23448000000000E+01
 1.94595830000000E+03   3.42824000000000E+01
 1.94604170000000E+03   2.90664000000000E+01
 1.94612500000000E+03   2.94655000000000E+01
 1.94620830000000E+03   3.16338000000000E+01
 1.94629170000000E+03   3.14177000000000E+01
 1.94637500000000E+03   1.27398000000000E+01
 1.94645830000000E+03   1.21570000000000E+00
 1.94654170000000E+03  -3.13082000000000E+01
 1.94662500000000E+03  -7.07555000000000E+01
 1.94670830000000E+03  -1.03125800000000E+02
 1.94679170000000E+03  -9.37267000000000E+01
 1.94687500000000E+03  -1.16251000000000E+02
 1.94695830000000E+03  -1.13852200000000E+02
 1.94704170000000E+03  -1.16222400000000E+02
 1.94712500000000E+03  -1.23977500000000E+02
 1.94720830000000E+03  -1.39655700000000E+02
 1.94729170000000E+03  -1.42256800000000E+02
 1.94737500000000E+03  -1.36627400000000E+02
 1.94745830000000E+03  -1.18998000000000E+02
 1.94754170000000E+03  -9.72914000000000E+01
 1.94762500000000E+03  -7.60467000000000E+01
 1.94770830000000E+03  -4.27251000000000E+01
 1.94779170000000E+03  -2.99417000000000E+01
 1.94787500000000E+03  -4.13125000000000E+01
 1.94795830000000E+03  -2.91448000000000E+01
 1.94804170000000E+03  -1.80538000000000E+01
 1.94812500000000E+03  -1.12708000000000E+01
 1.94820830000000E+03   6.58900000000000E+00
 1.94829170000000E+03   3.62953000000000E+01
 1.94837500000000E+03   4.28475000000000E+01
 1.94845830000000E+03   4.78611000000000E+01
 1.94854170000000E+03   5.92596000000000E+01
 1.94862500000000E+03   6.95040000000000E+01
 1.94870830000000E+03   7.83637000000000E+01
 1.94879170000000E+03   8.42236000000000E+01
 1.94887500000000E+03   8.92371000000000E+01
 1.94895830000000E+03   1.06250600000000E+02
 1.94904170000000E+03   1.11648900000000E+02
 1.94912500000000E+03   1.23354700000000E+02
 1.94920830000000E+03   1.10598800000000E+02
 1.94929170000000E+03   9.91509000000000E+01
 1.94937500000000E+03   7.72411000000000E+01
 1.94945830000000E+03   8.23314000000000E+01
 1.94954170000000E+03   7.54218000000000E+01
 1.94962500000000E+03   5.26658000000000E+01
 1.94970830000000E+03   3.80636000000000E+01
 1.94979170000000E+03   3.81540000000000E+01
 1.94987500000000E+03   2.71672000000000E+01
 1.94995830000000E+03   3.12572000000000E+01
 1.95004170000000E+03   3.21937000000000E+01
 1.95012500000000E+03   2.63606000000000E+01
 1.95020830000000E+03   2.25274000000000E+01
 1.95029170000000E+03   5.10792000000000E+01
 1.95037500000000E+03   5.29383000000000E+01
 1.95045830000000E+03   5.87974000000000E+01
 1.95054170000000E+03   3.58875000000000E+01
 1.95062500000000E+03   9.59270000000000E+00
 1.95070830000000E+03  -3.85600000000000E+00
 1.95079170000000E+03  -8.99670000000000E+00
 1.95087500000000E+03  -2.72916000000000E+01
 1.95095830000000E+03  -2.90481000000000E+01
 1.95104170000000E+03  -2.63427000000000E+01
 1.95112500000000E+03  -3.53300000000000E+01
 1.95120830000000E+03  -3.46251000000000E+01
 1.95129170000000E+03  -6.19198000000000E+01
 1.95137500000000E+03  -9.65995000000000E+01
 1.95145830000000E+03  -6.98946000000000E+01
 1.95154170000000E+03  -5.31895000000000E+01
 1.95162500000000E+03  -3.88692000000000E+01
 1.95170830000000E+03  -2.62413000000000E+01
 1.95179170000000E+03  -2.02286000000000E+01
 1.95187500000000E+03  -2.86777000000000E+01
 1.95195830000000E+03  -2.66530000000000E+00
 1.95204170000000E+03   1.81936000000000E+01
 1.95212500000000E+03   1.50521000000000E+01
 1.95220830000000E+03   3.12952000000000E+01
 1.95229170000000E+03   4.46154000000000E+01
 1.95237500000000E+03   6.41662000000000E+01
 1.95245830000000E+03   8.06399000000000E+01
 1.95254170000000E+03   4.50371000000000E+01
 1.95262500000000E+03   2.62031000000000E+01
 1.95270830000000E+03   1.29845000000000E+01
 1.95279170000000E+03   2.36892000000000E+01
 1.95287500000000E+03   2.61628000000000E+01
 1.95295830000000E+03   3.04056000000000E+01
 1.95304170000000E+03   1.99564000000000E+01
 1.95312500000000E+03   2.54300000000000E+01
 1.95320830000000E+03   3.99804000000000E+01
 1.95329170000000E+03   3.10696000000000E+01
 1.95337500000000E+03   1.90045000000000E+01
 1.95345830000000E+03   1.90934000000000E+01
 1.95354170000000E+03   2.49517000000000E+01
 1.95362500000000E+03   1.88660000000000E+00
 1.95370830000000E+03  -3.13324000000000E+01
 1.95379170000000E+03  -4.33203000000000E+01
 1.95387500000000E+03  -6.23855000000000E+01
 1.95395830000000E+03  -6.75277000000000E+01
 1.95404170000000E+03  -5.29772000000000E+01
 1.95412500000000E+03  -4.66579000000000E+01
 1.95420830000000E+03  -4.95693000000000E+01
 1.95429170000000E+03  -4.82498000000000E+01
 1.95437500000000E+03  -3.90844000000000E+01
 1.95445830000000E+03  -2.81497000000000E+01
 1.95454170000000E+03  -2.53687000000000E+01
 1.95462500000000E+03  -3.31265000000000E+01
 1.95470830000000E+03  -1.81919000000000E+01
 1.95479170000000E+03   1.97360000000000E+00
 1.95487500000000E+03   2.21388000000000E+01
 1.95495830000000E+03   3.73040000000000E+01
 1.95504170000000E+03   4.94695000000000E+01
 1.95512500000000E+03   3.54039000000000E+01
 1.95520830000000E+03   3.09536000000000E+01
 1.95529170000000E+03   3.08882000000000E+01
 1.95537500000000E+03   2.19764000000000E+01
 1.95545830000000E+03   3.25260000000000E+01
 1.95554170000000E+03   4.50759000000000E+01
 1.95562500000000E+03   2.60871000000000E+01
 1.95570830000000E+03   9.32890000000000E+00
 1.95579170000000E+03   1.07249000000000E+01
 1.95587500000000E+03   1.66590000000000E+01
 1.95595830000000E+03   9.28540000000000E+00
 1.95604170000000E+03   1.76044000000000E+01
 1.95612500000000E+03   3.41538000000000E+01
 1.95620830000000E+03   4.13955000000000E+01
 1.95629170000000E+03   5.19451000000000E+01
 1.95637500000000E+03   3.77252000000000E+01
 1.95645830000000E+03   4.03514000000000E+01
 1.95654170000000E+03   1.60548000000000E+01
 1.95662500000000E+03   1.52710000000000E+00
 1.95670830000000E+03   7.63000000000000E-02
 1.95679170000000E+03  -1.43400000000000E-01
 1.95687500000000E+03   2.71340000000000E+00
 1.95695830000000E+03  -1.22100000000000E-01
 1.95704170000000E+03   3.19650000000000E+00
 1.95712500000000E+03   4.82250000000000E+00
 1.95720830000000E+03   5.06390000000000E+00
 1.95729170000000E+03   2.26901000000000E+01
 1.95737500000000E+03   1.76237000000000E+01
 1.95745830000000E+03   2.76342000000000E+01
 1.95754170000000E+03   2.55680000000000E+01
 1.95762500000000E+03   3.21938000000000E+01
 1.95770830000000E+03   1.61273000000000E+01
 1.95779170000000E+03   8.83020000000000E+00
 1.95787500000000E+03   2.57636000000000E+01
 1.95795830000000E+03   2.88509000000000E+01
 1.95804170000000E+03   3.58614000000000E+01
 1.95812500000000E+03   4.04101000000000E+01
 1.95820830000000E+03   2.59588000000000E+01
 1.95829170000000E+03   1.44308000000000E+01
 1.95837500000000E+03  -6.32820000000000E+00
 1.95845830000000E+03  -1.18566000000000E+01
 1.95854170000000E+03  -3.38460000000000E+00
 1.95862500000000E+03  -1.63745000000000E+01
 1.95870830000000E+03  -3.10568000000000E+01
 1.95879170000000E+03  -2.98927000000000E+01
 1.95887500000000E+03  -2.68827000000000E+01
 1.95895830000000E+03  -3.07189000000000E+01
 1.95904170000000E+03  -2.40933000000000E+01
 1.95912500000000E+03  -2.96988000000000E+01
 1.95920830000000E+03  -3.22273000000000E+01
 1.95929170000000E+03  -2.66788000000000E+01
 1.95937500000000E+03  -3.81305000000000E+01
 1.95945830000000E+03  -6.21976000000000E+01
 1.95954170000000E+03  -7.15722000000000E+01
 1.95962500000000E+03  -1.04408600000000E+02
 1.95970830000000E+03  -1.33552800000000E+02
 1.95979170000000E+03  -1.50542800000000E+02
 1.95987500000000E+03  -1.55994700000000E+02
 1.95995830000000E+03  -1.40523600000000E+02
 1.96004170000000E+03  -1.32052200000000E+02
 1.96012500000000E+03  -1.25273400000000E+02
 1.96020830000000E+03  -1.16263900000000E+02
 1.96029170000000E+03  -1.33715600000000E+02
 1.96037500000000E+03  -1.41090800000000E+02
 1.96045830000000E+03  -1.22927500000000E+02
 1.96054170000000E+03  -1.06840900000000E+02
 1.96062500000000E+03  -9.97546000000000E+01
 1.96070830000000E+03  -6.82068000000000E+01
 1.96079170000000E+03  -2.95049000000000E+01
 1.96087500000000E+03  -7.80330000000000E+00
 1.96095830000000E+03   1.03598000000000E+01
 1.96104170000000E+03   2.99078000000000E+01
 1.96112500000000E+03   4.31477000000000E+01
 1.96120830000000E+03   4.69261000000000E+01
 1.96129170000000E+03   3.38586000000000E+01
 1.96137500000000E+03   5.23293000000000E+01
 1.96145830000000E+03   7.14153000000000E+01
 1.96154170000000E+03   8.01939000000000E+01
 1.96162500000000E+03   1.08895200000000E+02
 1.96170830000000E+03   9.68273000000000E+01
 1.96179170000000E+03   7.16827000000000E+01
 1.96187500000000E+03   5.77685000000000E+01
 1.96195830000000E+03   6.12390000000000E+01
 1.96204170000000E+03   6.60174000000000E+01
 1.96212500000000E+03   5.85647000000000E+01
 1.96220830000000E+03   5.99581000000000E+01
 1.96229170000000E+03   5.17364000000000E+01
 1.96237500000000E+03   5.38221000000000E+01
 1.96245830000000E+03   5.47539000000000E+01
 1.96254170000000E+03   3.30706000000000E+01
 1.96262500000000E+03   3.10000000000000E-01
 1.96270830000000E+03  -3.74506000000000E+01
 1.96279170000000E+03  -5.07494000000000E+01
 1.96287500000000E+03  -5.75869000000000E+01
 1.96295830000000E+03  -6.38092000000000E+01
 1.96304170000000E+03  -6.47234000000000E+01
 1.96312500000000E+03  -7.60226000000000E+01
 1.96320830000000E+03  -8.98603000000000E+01
 1.96329170000000E+03  -9.36977000000000E+01
 1.96337500000000E+03  -8.66893000000000E+01
 1.96345830000000E+03  -7.84502000000000E+01
 1.96354170000000E+03  -8.04415000000000E+01
 1.96362500000000E+03  -5.93563000000000E+01
 1.96370830000000E+03  -7.27326000000000E+01
 1.96379170000000E+03  -7.80318000000000E+01
 1.96387500000000E+03  -5.71774000000000E+01
 1.96395830000000E+03  -4.43999000000000E+01
 1.96404170000000E+03  -2.41607000000000E+01
 1.96412500000000E+03  -1.85372000000000E+01
 1.96420830000000E+03  -8.22140000000000E+00
 1.96429170000000E+03  -1.59760000000000E+00
 1.96437500000000E+03  -1.22819000000000E+01
 1.96445830000000E+03  -5.88920000000000E+00
 1.96454170000000E+03  -3.03480000000000E+00
 1.96462500000000E+03  -6.33450000000000E+00
 1.96470830000000E+03  -2.62496000000000E+01
 1.96479170000000E+03  -1.07799000000000E+01
 1.96487500000000E+03  -2.92590000000000E+00
 1.96495830000000E+03  -7.84110000000000E+00
 1.96504170000000E+03   8.78240000000000E+00
 1.96512500000000E+03   8.17480000000000E+00
 1.96520830000000E+03   5.79800000000000E+00
 1.96529170000000E+03  -6.50170000000000E+00
 1.96537500000000E+03  -2.18630000000000E+00
 1.96545830000000E+03  -3.40940000000000E+00
 1.96554170000000E+03  -3.14015000000000E+01
 1.96562500000000E+03  -5.37785000000000E+01
 1.96570830000000E+03  -4.70016000000000E+01
 1.96579170000000E+03  -4.48399000000000E+01
 1.96587500000000E+03  -4.34478000000000E+01
 1.96595830000000E+03  -3.15941000000000E+01
 1.96604170000000E+03  -1.59710000000000E+01
 1.96612500000000E+03  -2.51943000000000E+01
 1.96620830000000E+03  -1.86484000000000E+01
 1.96629170000000E+03  -2.04100000000000E+01
 1.96637500000000E+03  -2.79411000000000E+01
 1.96645830000000E+03  -3.01646000000000E+01
 1.96654170000000E+03  -2.94647000000000E+01
 1.96662500000000E+03  -2.06882000000000E+01
 1.96670830000000E+03   1.82422000000000E+01
 1.96679170000000E+03   1.97881000000000E+01
 1.96687500000000E+03   2.73338000000000E+01
 1.96695830000000E+03   3.71871000000000E+01
 1.96704170000000E+03   4.42714000000000E+01
 1.96712500000000E+03   4.43554000000000E+01
 1.96720830000000E+03   4.43625000000000E+01
 1.96729170000000E+03   5.07544000000000E+01
 1.96737500000000E+03   6.38383000000000E+01
 1.96745830000000E+03   9.50761000000000E+01
 1.96754170000000E+03   9.87756000000000E+01
 1.96762500000000E+03   9.92441000000000E+01
 1.96770830000000E+03   1.08789400000000E+02
 1.96779170000000E+03   8.96427000000000E+01
 1.96787500000000E+03   7.59573000000000E+01
 1.96795830000000E+03   6.52717000000000E+01
 1.96804170000000E+03   6.76634000000000E+01
 1.96812500000000E+03   5.82855000000000E+01
 1.96820830000000E+03   3.90615000000000E+01
 1.96829170000000E+03   3.89915000000000E+01
 1.96837500000000E+03   1.39213000000000E+01
 1.96845830000000E+03  -8.45670000000000E+00
 1.96854170000000E+03  -4.74498000000000E+01
 1.96862500000000E+03  -6.82894000000000E+01
 1.96870830000000E+03  -1.06590600000000E+02
 1.96879170000000E+03  -1.23968400000000E+02
 1.96887500000000E+03  -1.40269600000000E+02
 1.96895830000000E+03  -1.44570900000000E+02
 1.96904170000000E+03  -1.27410300000000E+02
 1.96912500000000E+03  -1.38173100000000E+02
 1.96920830000000E+03  -1.28628300000000E+02
 1.96929170000000E+03  -1.06006300000000E+02
 1.96937500000000E+03  -7.58462000000000E+01
 1.96945830000000E+03  -7.25322000000000E+01
 1.96954170000000E+03  -8.64487000000000E+01
 1.96962500000000E+03  -8.41348000000000E+01
 1.96970830000000E+03  -8.48979000000000E+01
 1.96979170000000E+03  -5.21991000000000E+01
 1.96987500000000E+03  -4.87315000000000E+01
 1.96995830000000E+03  -4.15715000000000E+01
 1.97004170000000E+03  -2.64882000000000E+01
 1.97012500000000E+03  -3.03284000000000E+01
 1.97020830000000E+03  -1.48608000000000E+01
 1.97029170000000E+03  -1.19315000000000E+01
 1.97037500000000E+03  -4.38700000000000E+00
 1.97045830000000E+03  -2.98427000000000E+01
 1.97054170000000E+03  -2.85288000000000E+01
 1.97062500000000E+03  -5.52290000000000E+00
 1.97070830000000E+03   1.71370000000000E+00
 1.97079170000000E+03  -2.03300000000000E-01
 1.97087500000000E+03  -1.68129000000000E+01
 1.97095830000000E+03  -1.88072000000000E+01
 1.97104170000000E+03  -5.80120000000000E+00
 1.97112500000000E+03  -1.35647000000000E+01
 1.97120830000000E+03  -1.26360000000000E+01
 1.97129170000000E+03  -7.47620000000000E+00
 1.97137500000000E+03   8.22170000000000E+00
 1.97145830000000E+03   9.15040000000000E+00
 1.97154170000000E+03  -1.50746000000000E+01
 1.97162500000000E+03  -4.28383000000000E+01
 1.97170830000000E+03  -7.39097000000000E+01
 1.97179170000000E+03  -6.85194000000000E+01
 1.97187500000000E+03  -7.05139000000000E+01
 1.97195830000000E+03  -5.80470000000000E+01
 1.97204170000000E+03  -5.08106000000000E+01
 1.97212500000000E+03  -6.11899000000000E+01
 1.97220830000000E+03  -6.21846000000000E+01
 1.97229170000000E+03  -6.46405000000000E+01
 1.97237500000000E+03  -5.23276000000000E+01
 1.97245830000000E+03  -5.72454000000000E+01
 1.97254170000000E+03  -8.39323000000000E+01
 1.97262500000000E+03  -5.72348000000000E+01
 1.97270830000000E+03  -2.66143000000000E+01
 1.97279170000000E+03   9.69880000000000E+00
 1.97287500000000E+03   5.39620000000000E+00
 1.97295830000000E+03   1.79397000000000E+01
 1.97304170000000E+03   2.23296000000000E+01
 1.97312500000000E+03   2.64885000000000E+01
 1.97320830000000E+03   3.38780000000000E+01
 1.97329170000000E+03   3.43448000000000E+01
 1.97337500000000E+03   5.42728000000000E+01
 1.97345830000000E+03   5.68930000000000E+01
 1.97354170000000E+03   4.37443000000000E+01
 1.97362500000000E+03   5.17491000000000E+01
 1.97370830000000E+03   1.30616000000000E+01
 1.97379170000000E+03  -1.24718000000000E+01
 1.97387500000000E+03  -4.36210000000000E+01
 1.97395830000000E+03  -3.71547000000000E+01
 1.97404170000000E+03  -1.37652000000000E+01
 1.97412500000000E+03  -5.99130000000000E+00
 1.97420830000000E+03  -8.83280000000000E+00
 1.97429170000000E+03  -5.52030000000000E+00
 1.97437500000000E+03   3.94580000000000E+00
 1.97445830000000E+03   1.41811000000000E+01
 1.97454170000000E+03   2.38013000000000E+01
 1.97462500000000E+03   2.21134000000000E+01
 1.97470830000000E+03   1.11179000000000E+01
 1.97479170000000E+03   2.88148000000000E+01
 1.97487500000000E+03   4.15115000000000E+01
 1.97495830000000E+03   6.13620000000000E+01
 1.97504170000000E+03   5.72897000000000E+01
 1.97512500000000E+03   3.76786000000000E+01
 1.97520830000000E+03   2.97598000000000E+01
 1.97529170000000E+03   3.32258000000000E+01
 1.97537500000000E+03   1.74608000000000E+01
 1.97545830000000E+03   2.42342000000000E+01
 1.97554170000000E+03   2.96233000000000E+01
 1.97562500000000E+03  -1.56034000000000E+01
 1.97570830000000E+03  -3.39070000000000E+01
 1.97579170000000E+03  -2.82104000000000E+01
 1.97587500000000E+03  -2.96679000000000E+01
 1.97595830000000E+03  -2.25100000000000E+01
 1.97604170000000E+03  -2.18904000000000E+01
 1.97612500000000E+03  -1.87326000000000E+01
 1.97620830000000E+03  -2.57287000000000E+01
 1.97629170000000E+03  -5.38015000000000E+01
 1.97637500000000E+03  -7.04899000000000E+01
 1.97645830000000E+03  -5.30246000000000E+01
 1.97654170000000E+03  -7.47897000000000E+01
 1.97662500000000E+03  -1.23555200000000E+02
 1.97670830000000E+03  -1.22859200000000E+02
 1.97679170000000E+03  -1.08162900000000E+02
 1.97687500000000E+03  -1.11851500000000E+02
 1.97695830000000E+03  -1.08617100000000E+02
 1.97704170000000E+03  -9.71517000000000E+01
 1.97712500000000E+03  -1.00994200000000E+02
 1.97720830000000E+03  -9.65291000000000E+01
 1.97729170000000E+03  -8.73715000000000E+01
 1.97737500000000E+03  -3.57526000000000E+01
 1.97745830000000E+03  -2.18260000000000E+01
 1.97754170000000E+03  -2.33608000000000E+01
 1.97762500000000E+03  -3.65881000000000E+01
 1.97770830000000E+03  -2.99694000000000E+01
 1.97779170000000E+03  -3.79657000000000E+01
 1.97787500000000E+03  -6.48086000000000E+01
 1.97795830000000E+03  -6.50360000000000E+01
 1.97804170000000E+03  -5.28017000000000E+01
 1.97812500000000E+03  -5.94908000000000E+01
 1.97820830000000E+03  -2.41799000000000E+01
 1.97829170000000E+03  -1.58688000000000E+01
 1.97837500000000E+03   6.44210000000000E+00
 1.97845830000000E+03  -2.38625000000000E+01
 1.97854170000000E+03  -4.00899000000000E+01
 1.97862500000000E+03  -5.88561000000000E+01
 1.97870830000000E+03  -4.73146000000000E+01
 1.97879170000000E+03  -6.00805000000000E+01
 1.97887500000000E+03  -5.15391000000000E+01
 1.97895830000000E+03  -3.43054000000000E+01
 1.97904170000000E+03  -9.37910000000000E+00
 1.97912500000000E+03  -5.83770000000000E+00
 1.97920830000000E+03   7.24200000000000E+00
 1.97929170000000E+03  -2.15241000000000E+01
 1.97937500000000E+03  -3.52136000000000E+01
 1.97945830000000E+03  -4.71339000000000E+01
 1.97954170000000E+03  -5.09001000000000E+01
 1.97962500000000E+03  -5.52820000000000E+01
 1.97970830000000E+03  -7.26640000000000E+01
 1.97979170000000E+03  -7.60456000000000E+01
 1.97987500000000E+03  -7.06584000000000E+01
 1.97995830000000E+03  -6.95020000000000E+01
 1.98004170000000E+03  -5.84222000000000E+01
 1.98012500000000E+03  -7.34197000000000E+01
 1.98020830000000E+03  -7.59556000000000E+01
 1.98029170000000E+03  -7.58759000000000E+01
 1.98037500000000E+03  -6.49504000000000E+01
 1.98045830000000E+03  -3.72557000000000E+01
 1.98054170000000E+03  -2.36376000000000E+01
 1.98062500000000E+03   4.51860000000000E+00
 1.98070830000000E+03   1.44440000000000E+01
 1.98079170000000E+03   2.83696000000000E+01
 1.98087500000000E+03   2.79873000000000E+01
 1.98095830000000E+03   4.29895000000000E+01
 1.98104170000000E+03   5.56074000000000E+01
 1.98112500000000E+03   6.56096000000000E+01
 1.98120830000000E+03   6.28425000000000E+01
 1.98129170000000E+03   6.90757000000000E+01
 1.98137500000000E+03   8.37701000000000E+01
 1.98145830000000E+03   9.94645000000000E+01
 1.98154170000000E+03   7.00822000000000E+01
 1.98162500000000E+03   3.80842000000000E+01
 1.98170830000000E+03   1.50092000000000E+01
 1.98179170000000E+03   2.88576000000000E+01
 1.98187500000000E+03   4.51672000000000E+01
 1.98195830000000E+03   5.06307000000000E+01
 1.98204170000000E+03   4.65559000000000E+01
 1.98212500000000E+03   4.09423000000000E+01
 1.98220830000000E+03   4.24057000000000E+01
 1.98229170000000E+03   3.26385000000000E+01
 1.98237500000000E+03   3.02556000000000E+01
 1.98245830000000E+03   2.15650000000000E+01
 1.98254170000000E+03   3.79516000000000E+01
 1.98262500000000E+03   5.99533000000000E+01
 1.98270830000000E+03   6.64934000000000E+01
 1.98279170000000E+03   6.63414000000000E+01
 1.98287500000000E+03   5.06507000000000E+01
 1.98295830000000E+03   4.40368000000000E+01
 1.98304170000000E+03   5.43463000000000E+01
 1.98312500000000E+03   5.97324000000000E+01
 1.98320830000000E+03   6.85031000000000E+01
 1.98329170000000E+03   8.38125000000000E+01
 1.98337500000000E+03   1.22967700000000E+02
 1.98345830000000E+03   1.27738300000000E+02
 1.98354170000000E+03   1.38893800000000E+02
 1.98362500000000E+03   8.79720000000000E+01
 1.98370830000000E+03   4.47425000000000E+01
 1.98379170000000E+03   2.74363000000000E+01
 1.98387500000000E+03   1.75914000000000E+01
 1.98395830000000E+03   2.57464000000000E+01
 1.98404170000000E+03   4.09017000000000E+01
 1.98412500000000E+03   3.77490000000000E+01
 1.98420830000000E+03   4.39809000000000E+01
 1.98429170000000E+03   5.12899000000000E+01
 1.98437500000000E+03   2.02910000000000E+01
 1.98445830000000E+03  -8.40030000000000E+00
 1.98454170000000E+03  -3.37067000000000E+01
 1.98462500000000E+03  -7.34750000000000E+01
 1.98470830000000E+03  -8.42433000000000E+01
 1.98479170000000E+03  -6.81652000000000E+01
 1.98487500000000E+03  -6.29336000000000E+01
 1.98495830000000E+03  -5.03943000000000E+01
 1.98504170000000E+03  -4.11624000000000E+01
 1.98512500000000E+03  -4.60847000000000E+01
 1.98520830000000E+03  -2.84686000000000E+01
 1.98529170000000E+03  -2.70060000000000E+01
 1.98537500000000E+03  -3.14669000000000E+01
 1.98545830000000E+03  -1.90816000000000E+01
 1.98554170000000E+03  -6.46530000000000E+00
 1.98562500000000E+03  -1.63878000000000E+01
 1.98570830000000E+03  -2.90026000000000E+01
 1.98579170000000E+03  -2.54633000000000E+01
 1.98587500000000E+03  -2.96936000000000E+01
 1.98595830000000E+03  -2.57700000000000E+01
 1.98604170000000E+03  -1.79231000000000E+01
 1.98612500000000E+03  -2.03842000000000E+01
 1.98620830000000E+03  -8.69150000000000E+00
 1.98629170000000E+03  -1.21524000000000E+01
 1.98637500000000E+03  -1.76740000000000E+00
 1.98645830000000E+03   1.05406000000000E+01
 1.98654170000000E+03  -5.22810000000000E+00
 1.98662500000000E+03  -1.75355000000000E+01
 1.98670830000000E+03  -1.76122000000000E+01
 1.98679170000000E+03  -1.39194000000000E+01
 1.98687500000000E+03  -2.15000000000000E+00
 1.98695830000000E+03   7.38860000000000E+00
 1.98704170000000E+03   1.80812000000000E+01
 1.98712500000000E+03   2.41582000000000E+01
 1.98720830000000E+03   3.61583000000000E+01
 1.98729170000000E+03   1.95432000000000E+01
 1.98737500000000E+03   6.62010000000000E+00
 1.98745830000000E+03  -6.61070000000000E+00
 1.98754170000000E+03  -1.35335000000000E+01
 1.98762500000000E+03  -3.14900000000000E+00
 1.98770830000000E+03  -2.91840000000000E+00
 1.98779170000000E+03   1.26202000000000E+01
 1.98787500000000E+03   1.43892000000000E+01
 1.98795830000000E+03   1.26967000000000E+01
 1.98804170000000E+03   9.85060000000000E+00
 1.98812500000000E+03   1.88503000000000E+01
 1.98820830000000E+03   1.83885000000000E+01
 1.98829170000000E+03   1.17731000000000E+01
 1.98837500000000E+03   1.90804000000000E+01
 1.98845830000000E+03   3.86954000000000E+01
 1.98854170000000E+03   6.24645000000000E+01
 1.98862500000000E+03   7.97717000000000E+01
 1.98870830000000E+03   9.39251000000000E+01
 1.98879170000000E+03   8.90787000000000E+01
 1.98887500000000E+03   9.58474000000000E+01
 1.98895830000000E+03   1.08077600000000E+02
 1.98904170000000E+03   1.17077300000000E+02
 1.98912500000000E+03   1.37230500000000E+02
 1.98920830000000E+03   1.26999100000000E+02
 1.98929170000000E+03   1.26844900000000E+02
 1.98937500000000E+03   1.27074900000000E+02
 1.98945830000000E+03   1.30151100000000E+02
 1.98954170000000E+03   1.30612200000000E+02
 1.98962500000000E+03   1.28996000000000E+02
 1.98970830000000E+03   1.36302800000000E+02
 1.98979170000000E+03   1.27071500000000E+02
 1.98987500000000E+03   1.25532100000000E+02
 1.98995830000000E+03   1.21685100000000E+02
 1.99004170000000E+03   1.34684400000000E+02
 1.99012500000000E+03   1.37760400000000E+02
 1.99020830000000E+03   1.32528600000000E+02
 1.99029170000000E+03   1.40989400000000E+02
 1.99037500000000E+03   1.34372900000000E+02
 1.99045830000000E+03   1.28064100000000E+02
 1.99054170000000E+03   1.28832500000000E+02
 1.99062500000000E+03   9.42160000000000E+01
 1.99070830000000E+03   4.48302000000000E+01
 1.99079170000000E+03  -9.09380000000000E+00
 1.99087500000000E+03  -2.58643000000000E+01
 1.99095830000000E+03  -1.57117000000000E+01
 1.99104170000000E+03  -8.09730000000000E+00
 1.99112500000000E+03  -1.14063000000000E+01
 1.99120830000000E+03  -1.11000000000000E+01
 1.99129170000000E+03  -1.47165000000000E+01
 1.99137500000000E+03  -2.07948000000000E+01
 1.99145830000000E+03  -1.48732000000000E+01
 1.99154170000000E+03   8.04870000000000E+00
 1.99162500000000E+03   7.58570000000000E+00
 1.99170830000000E+03   2.95072000000000E+01
 1.99179170000000E+03   4.73521000000000E+01
 1.99187500000000E+03   5.64274000000000E+01
 1.99195830000000E+03   4.88874000000000E+01
 1.99204170000000E+03   4.19629000000000E+01
 1.99212500000000E+03   4.67305000000000E+01
 1.99220830000000E+03   4.82672000000000E+01
 1.99229170000000E+03   3.58042000000000E+01
 1.99237500000000E+03   4.17255000000000E+01
 1.99245830000000E+03   4.83391000000000E+01
 1.99254170000000E+03   5.68761000000000E+01
 1.99262500000000E+03   5.13357000000000E+01
 1.99270830000000E+03   3.91800000000000E+01
 1.99279170000000E+03   1.88707000000000E+01
 1.99287500000000E+03   2.94570000000000E+00
 1.99295830000000E+03   7.55910000000000E+00
 1.99304170000000E+03   3.86343000000000E+01
 1.99312500000000E+03   5.34784000000000E+01
 1.99320830000000E+03   4.12456000000000E+01
 1.99329170000000E+03   1.62438000000000E+01
 1.99337500000000E+03   4.72500000000000E-01
 1.99345830000000E+03  -1.10681000000000E+01
 1.99354170000000E+03  -1.35316000000000E+01
 1.99362500000000E+03  -3.99953000000000E+01
 1.99370830000000E+03  -5.92283000000000E+01
 1.99379170000000E+03  -6.26918000000000E+01
 1.99387500000000E+03  -6.60018000000000E+01
 1.99395830000000E+03  -3.77734000000000E+01
 1.99404170000000E+03  -4.25447000000000E+01
 1.99412500000000E+03  -6.10086000000000E+01
 1.99420830000000E+03  -7.16264000000000E+01
 1.99429170000000E+03  -6.33208000000000E+01
 1.99437500000000E+03  -4.30156000000000E+01
 1.99445830000000E+03  -3.40270000000000E+00
 1.99454170000000E+03   1.42873000000000E+01
 1.99462500000000E+03   3.24386000000000E+01
 1.99470830000000E+03   5.33591000000000E+01
 1.99479170000000E+03   6.88953000000000E+01
 1.99487500000000E+03   6.95849000000000E+01
 1.99495830000000E+03   8.21977000000000E+01
 1.99504170000000E+03   7.22722000000000E+01
 1.99512500000000E+03   7.01156000000000E+01
 1.99520830000000E+03   6.50359000000000E+01
 1.99529170000000E+03   6.97257000000000E+01
 1.99537500000000E+03   7.38767000000000E+01
 1.99545830000000E+03   5.56431000000000E+01
 1.99554170000000E+03   1.40251000000000E+01
 1.99562500000000E+03  -3.52855000000000E+01
 1.99570830000000E+03  -9.24422000000000E+01
 1.99579170000000E+03  -1.26675700000000E+02
 1.99587500000000E+03  -1.51832500000000E+02
 1.99595830000000E+03  -1.47220200000000E+02
 1.99604170000000E+03  -1.34992200000000E+02
 1.99612500000000E+03  -1.43456800000000E+02
 1.99620830000000E+03  -1.55844500000000E+02
 1.99629170000000E+03  -1.54385800000000E+02
 1.99637500000000E+03  -1.45927400000000E+02
 1.99645830000000E+03  -1.55853700000000E+02
 1.99654170000000E+03  -1.45241300000000E+02
 1.99662500000000E+03  -1.11244500000000E+02
 1.99670830000000E+03  -6.97863000000000E+01
 1.99679170000000E+03  -2.93278000000000E+01
 1.99687500000000E+03  -1.23311000000000E+01
 1.99695830000000E+03  -9.41140000000000E+00
 1.99704170000000E+03  -2.11838000000000E+01
 1.99712500000000E+03  -4.18026000000000E+01
 1.99720830000000E+03  -2.12676000000000E+01
 1.99729170000000E+03   1.73446000000000E+01
 1.99737500000000E+03   2.33411000000000E+01
 1.99745830000000E+03  -1.12400000000000E+00
 1.99754170000000E+03   5.18040000000000E+00
 1.99762500000000E+03   2.47153000000000E+01
 1.99770830000000E+03   3.00962000000000E+01
 1.99779170000000E+03   2.01590000000000E+00
 1.99787500000000E+03  -1.76031000000000E+01
 1.99795830000000E+03  -1.41453000000000E+01
 1.99804170000000E+03   8.00510000000000E+00
 1.99812500000000E+03   3.60013000000000E+01
 1.99820830000000E+03   5.33821000000000E+01
 1.99829170000000E+03   4.03016000000000E+01
 1.99837500000000E+03   3.33747000000000E+01
 1.99845830000000E+03   3.85246000000000E+01
 1.99854170000000E+03   6.09825000000000E+01
 1.99862500000000E+03   7.12093000000000E+01
 1.99870830000000E+03   5.45899000000000E+01
 1.99879170000000E+03   3.75862000000000E+01
 1.99887500000000E+03   4.49668000000000E+01
 1.99895830000000E+03   4.81935000000000E+01
 1.99904170000000E+03   4.52666000000000E+01
 1.99912500000000E+03   2.82624000000000E+01
 1.99920830000000E+03   1.79670000000000E+00
 1.99929170000000E+03   2.48510000000000E+00
 1.99937500000000E+03   4.86550000000000E+00
 1.99945830000000E+03   2.03228000000000E+01
 1.99954170000000E+03   3.58573000000000E+01
 1.99962500000000E+03   5.12376000000000E+01
 1.99970830000000E+03   5.54640000000000E+01
 1.99979170000000E+03   4.93061000000000E+01
 1.99987500000000E+03   3.81479000000000E+01
 1.99995830000000E+03   5.40665000000000E+01
 2.00004170000000E+03   7.57547000000000E+01
 2.00012500000000E+03   8.59809000000000E+01
 2.00020830000000E+03   7.94380000000000E+01
 2.00029170000000E+03   7.80491000000000E+01
 2.00037500000000E+03   6.96599000000000E+01
 2.00045830000000E+03   7.54245000000000E+01
 2.00054170000000E+03   4.41125000000000E+01
 2.00062500000000E+03   2.02617000000000E+01
 2.00070830000000E+03  -1.57430000000000E+01
 2.00079170000000E+03  -4.70551000000000E+01
 2.00087500000000E+03  -4.69060000000000E+01
 2.00095830000000E+03  -2.74493000000000E+01
 2.00104170000000E+03  -3.29922000000000E+01
 2.00112500000000E+03  -4.20740000000000E+01
 2.00120830000000E+03  -3.63865000000000E+01
 2.00129170000000E+03  -2.67758000000000E+01
 2.00137500000000E+03   8.83470000000000E+00
 2.00145830000000E+03   1.59067000000000E+01
 2.00154170000000E+03   2.44404000000000E+01
 2.00162500000000E+03   6.28970000000000E+01
 2.00170830000000E+03   9.58919000000000E+01
 2.00179170000000E+03   9.61948000000000E+01
 2.00187500000000E+03   9.64205000000000E+01
 2.00195830000000E+03   9.68769000000000E+01
 2.00204170000000E+03   9.69490000000000E+01
 2.00212500000000E+03   8.97130000000000E+01
 2.00220830000000E+03   7.50924000000000E+01
 2.00229170000000E+03   5.26259000000000E+01
 2.00237500000000E+03   4.63899000000000E+01
 2.00245830000000E+03  -6.46160000000000E+00
 2.00254170000000E+03  -1.06974000000000E+01
 2.00262500000000E+03  -3.57028000000000E+01
 2.00270830000000E+03  -9.23235000000000E+01
 2.00279170000000E+03  -1.31867100000000E+02
 2.00287500000000E+03  -1.31334100000000E+02
 2.00295830000000E+03  -1.17647300000000E+02
 2.00304170000000E+03  -1.05575600000000E+02
 2.00312500000000E+03  -1.08735000000000E+02
 2.00320830000000E+03  -9.84328000000000E+01
 2.00329170000000E+03  -8.20535000000000E+01
 2.00337500000000E+03  -7.63669000000000E+01
 2.00345830000000E+03  -6.20648000000000E+01
 2.00354170000000E+03  -3.19933000000000E+01
 2.00362500000000E+03  -2.60759000000000E+01
 2.00370830000000E+03  -2.40817000000000E+01
 2.00379170000000E+03  -1.70872000000000E+01
 2.00387500000000E+03  -1.34006000000000E+01
 2.00395830000000E+03  -2.18000000000000E-02
 2.00404170000000E+03   1.13572000000000E+01
 2.00412500000000E+03   3.81280000000000E+00
 2.00420830000000E+03   1.04223000000000E+01
 2.00429170000000E+03   1.82628000000000E+01
 2.00437500000000E+03   1.91030000000000E+01
 2.00445830000000E+03   4.31739000000000E+01
 2.00454170000000E+03   7.04758000000000E+01
 2.00462500000000E+03   7.20852000000000E+01
 2.00470830000000E+03   4.95406000000000E+01
 2.00479170000000E+03   3.86117000000000E+01
 2.00487500000000E+03   4.20671000000000E+01
 2.00495830000000E+03   5.28302000000000E+01
 2.00504170000000E+03   5.21319000000000E+01
 2.00512500000000E+03   5.22795000000000E+01
 2.00520830000000E+03   5.61963000000000E+01
 2.00529170000000E+03   4.02672000000000E+01
 2.00537500000000E+03   3.58763000000000E+01
 2.00545830000000E+03   2.87930000000000E+01
 2.00554170000000E+03  -6.67460000000000E+00
 2.00562500000000E+03  -5.59118000000000E+01
 2.00570830000000E+03  -8.03798000000000E+01
 2.00579170000000E+03  -6.95398000000000E+01
 2.00587500000000E+03  -6.27771000000000E+01
 2.00595830000000E+03  -5.49374000000000E+01
 2.00604170000000E+03  -6.37899000000000E+01
 2.00612500000000E+03  -6.88734000000000E+01
 2.00620830000000E+03  -8.86364000000000E+01
 2.00629170000000E+03  -9.71241000000000E+01
 2.00637500000000E+03  -9.79546000000000E+01
 2.00645830000000E+03  -1.15352700000000E+02
 2.00654170000000E+03  -1.30406200000000E+02
 2.00662500000000E+03  -1.19110800000000E+02
