 1.86504170000000E+03  -5.84155000000000E+01
 1.86512500000000E+03  -5.02400000000000E+01
 1.86520830000000E+03  -4.83346000000000E+01
 1.86529170000000E+03  -4.38181000000000E+01
 1.86537500000000E+03  -3.92210000000000E+01
 1.86545830000000E+03  -4.62300000000000E+01
 1.86554170000000E+03  -3.06285000000000E+01
 1.86562500000000E+03  -2.75911000000000E+01
 1.86570830000000E+03  -2.91693000000000E+01
 1.86579170000000E+03  -3.38245000000000E+01
 1.86587500000000E+03  -2.46337000000000E+01
 1.86595830000000E+03  -2.54429000000000E+01
 1.86604170000000E+03  -1.47139000000000E+01
 1.86612500000000E+03  -7.83110000000000E+00
 1.86620830000000E+03  -1.79200000000000E-01
 1.86629170000000E+03  -7.91210000000000E+00
 1.86637500000000E+03   1.89703000000000E+01
 1.86645830000000E+03   3.58526000000000E+01
 1.86654170000000E+03   4.42732000000000E+01
 1.86662500000000E+03   4.80784000000000E+01
 1.86670830000000E+03   2.11142000000000E+01
 1.86679170000000E+03   4.87652000000000E+01
 1.86687500000000E+03   5.48777000000000E+01
 1.86695830000000E+03   6.02208000000000E+01
 1.86704170000000E+03   7.40253000000000E+01
 1.86712500000000E+03   6.62912000000000E+01
 1.86720830000000E+03   6.62494000000000E+01
 1.86729170000000E+03   7.08228000000000E+01
 1.86737500000000E+03   1.01549900000000E+02
 1.86745830000000E+03   8.38154000000000E+01
 1.86754170000000E+03   6.30038000000000E+01
 1.86762500000000E+03   8.37306000000000E+01
 1.86770830000000E+03   6.90726000000000E+01
 1.86779170000000E+03   7.67222000000000E+01
 1.86787500000000E+03   5.82178000000000E+01
 1.86795830000000E+03   6.58672000000000E+01
 1.86804170000000E+03   6.58241000000000E+01
 1.86812500000000E+03   6.11656000000000E+01
 1.86820830000000E+03   6.18915000000000E+01
 1.86829170000000E+03   6.72327000000000E+01
 1.86837500000000E+03   6.25738000000000E+01
 1.86845830000000E+03   4.25301000000000E+01
 1.86854170000000E+03   2.40247000000000E+01
 1.86862500000000E+03   4.62886000000000E+01
 1.86870830000000E+03   1.16292000000000E+01
 1.86879170000000E+03  -3.03040000000000E+00
 1.86887500000000E+03  -3.07470000000000E+00
 1.86895830000000E+03   6.11170000000000E+00
 1.86904170000000E+03   1.45180000000000E+00
 1.86912500000000E+03   3.71490000000000E+00
 1.86920830000000E+03   1.13625000000000E+01
 1.86929170000000E+03   3.36253000000000E+01
 1.86937500000000E+03   5.28111000000000E+01
 1.86945830000000E+03   5.04583000000000E+01
 1.86954170000000E+03   4.50284000000000E+01
 1.86962500000000E+03   2.11369000000000E+01
 1.86970830000000E+03  -3.52390000000000E+00
 1.86979170000000E+03   4.12280000000000E+00
 1.86987500000000E+03   1.40771000000000E+01
 1.86995830000000E+03   1.71082000000000E+01
 1.87004170000000E+03   1.09084000000000E+01
 1.87012500000000E+03   2.08623000000000E+01
 1.87020830000000E+03   2.31239000000000E+01
 1.87029170000000E+03   2.30775000000000E+01
 1.87037500000000E+03   5.33880000000000E+00
 1.87045830000000E+03  -3.62462000000000E+01
 1.87054170000000E+03  -5.86006000000000E+01
 1.87062500000000E+03  -6.40320000000000E+01
 1.87070830000000E+03  -3.79250000000000E+01
 1.87079170000000E+03  -3.41259000000000E+01
 1.87087500000000E+03  -2.95577000000000E+01
 1.87095830000000E+03  -2.42203000000000E+01
 1.87104170000000E+03  -1.88831000000000E+01
 1.87112500000000E+03  -1.27768000000000E+01
 1.87120830000000E+03  -1.66705000000000E+01
 1.87129170000000E+03  -2.59491000000000E+01
 1.87137500000000E+03  -3.98431000000000E+01
 1.87145830000000E+03  -3.83526000000000E+01
 1.87154170000000E+03  -3.37853000000000E+01
 1.87162500000000E+03  -3.69105000000000E+01
 1.87170830000000E+03  -3.08050000000000E+01
 1.87179170000000E+03  -2.31612000000000E+01
 1.87187500000000E+03  -2.32097000000000E+01
 1.87195830000000E+03  -2.32584000000000E+01
 1.87204170000000E+03  -2.17688000000000E+01
 1.87212500000000E+03  -2.25870000000000E+01
 1.87220830000000E+03  -5.71290000000000E+00
 1.87229170000000E+03  -4.22370000000000E+00
 1.87237500000000E+03   9.57310000000000E+00
 1.87245830000000E+03   9.52370000000000E+00
 1.87254170000000E+03   7.16650000000000E+00
 1.87262500000000E+03  -2.11400000000000E+00
 1.87270830000000E+03  -6.25300000000000E-01
 1.87279170000000E+03  -5.29060000000000E+00
 1.87287500000000E+03  -6.10980000000000E+00
 1.87295830000000E+03  -7.75400000000000E-01
 1.87304170000000E+03   6.09740000000000E+00
 1.87312500000000E+03   1.22009000000000E+01
 1.87320830000000E+03   2.21504000000000E+01
 1.87329170000000E+03   1.59459000000000E+01
 1.87337500000000E+03   2.51259000000000E+01
 1.87345830000000E+03   2.96905000000000E+01
 1.87354170000000E+03   4.81010000000000E+01
 1.87362500000000E+03   3.57422000000000E+01
 1.87370830000000E+03   5.56910000000000E+01
 1.87379170000000E+03   7.33319000000000E+01
 1.87387500000000E+03   7.32804000000000E+01
 1.87395830000000E+03   7.55366000000000E+01
 1.87404170000000E+03   7.24079000000000E+01
 1.87412500000000E+03   7.62022000000000E+01
 1.87420830000000E+03   7.46118000000000E+01
 1.87429170000000E+03   7.45597000000000E+01
 1.87437500000000E+03   6.52768000000000E+01
 1.87445830000000E+03   5.52245000000000E+01
 1.87454170000000E+03   4.12490000000000E+01
 1.87462500000000E+03   5.04260000000000E+00
 1.87470830000000E+03   3.45150000000000E+00
 1.87479170000000E+03  -1.15244000000000E+01
 1.87487500000000E+03  -1.42696000000000E+01
 1.87495830000000E+03  -7.93800000000000E+00
 1.87504170000000E+03  -1.32989000000000E+01
 1.87512500000000E+03  -1.34291000000000E+01
 1.87520830000000E+03  -1.90209000000000E+01
 1.87529170000000E+03  -3.35360000000000E+01
 1.87537500000000E+03  -3.92819000000000E+01
 1.87545830000000E+03  -3.74126000000000E+01
 1.87554170000000E+03  -5.82357000000000E+01
 1.87562500000000E+03  -5.97512000000000E+01
 1.87570830000000E+03  -2.67284000000000E+01
 1.87579170000000E+03  -2.75519000000000E+01
 1.87587500000000E+03  -2.88370000000000E+01
 1.87595830000000E+03  -2.69684000000000E+01
 1.87604170000000E+03  -1.95615000000000E+01
 1.87612500000000E+03  -9.69310000000000E+00
 1.87620830000000E+03   1.86750000000000E+00
 1.87629170000000E+03   2.73560000000000E+00
 1.87637500000000E+03   7.91130000000000E+00
 1.87645830000000E+03  -5.68240000000000E+00
 1.87654170000000E+03   1.23392000000000E+01
 1.87662500000000E+03   5.84376000000000E+01
 1.87670830000000E+03   7.37667000000000E+01
 1.87679170000000E+03   5.75572000000000E+01
 1.87687500000000E+03   6.90399000000000E+01
 1.87695830000000E+03   8.35994000000000E+01
 1.87704170000000E+03   9.43125000000000E+01
 1.87712500000000E+03   1.00410200000000E+02
 1.87720830000000E+03   1.03430900000000E+02
 1.87729170000000E+03   1.07220600000000E+02
 1.87737500000000E+03   1.16394900000000E+02
 1.87745830000000E+03   1.19415200000000E+02
 1.87754170000000E+03   1.33204600000000E+02
 1.87762500000000E+03   1.04686200000000E+02
 1.87770830000000E+03   9.92446000000000E+01
 1.87779170000000E+03   7.76490000000000E+01
 1.87787500000000E+03   8.06687000000000E+01
 1.87795830000000E+03   8.52267000000000E+01
 1.87804170000000E+03   9.13231000000000E+01
 1.87812500000000E+03   8.66501000000000E+01
 1.87820830000000E+03   8.81309000000000E+01
 1.87829170000000E+03   8.19191000000000E+01
 1.87837500000000E+03   6.64766000000000E+01
 1.87845830000000E+03   5.56493000000000E+01
 1.87854170000000E+03   4.02065000000000E+01
 1.87862500000000E+03   2.55328000000000E+01
 1.87870830000000E+03   1.85513000000000E+01
 1.87879170000000E+03  -1.07381000000000E+01
 1.87887500000000E+03  -1.07967000000000E+01
 1.87895830000000E+03  -7.00930000000000E+00
 1.87904170000000E+03  -3.22220000000000E+00
 1.87912500000000E+03  -1.09735000000000E+01
 1.87920830000000E+03  -1.33403000000000E+01
 1.87929170000000E+03  -2.03227000000000E+01
 1.87937500000000E+03  -1.96128000000000E+01
 1.87945830000000E+03  -2.19800000000000E+01
 1.87954170000000E+03  -3.05012000000000E+01
 1.87962500000000E+03  -1.74841000000000E+01
 1.87970830000000E+03  -2.44670000000000E+01
 1.87979170000000E+03  -1.83732000000000E+01
 1.87987500000000E+03  -1.76640000000000E+01
 1.87995830000000E+03  -7.72420000000000E+00
 1.88004170000000E+03  -1.00923000000000E+01
 1.88012500000000E+03  -1.86143000000000E+01
 1.88020830000000E+03  -1.86749000000000E+01
 1.88029170000000E+03  -1.02741000000000E+01
 1.88037500000000E+03   4.34300000000000E-01
 1.88045830000000E+03   2.57580000000000E+01
 1.88054170000000E+03   2.56968000000000E+01
 1.88062500000000E+03   1.62511000000000E+01
 1.88070830000000E+03   8.49750000000000E+00
 1.88079170000000E+03   8.28210000000000E+00
 1.88087500000000E+03   9.89800000000000E-01
 1.88095830000000E+03   3.54360000000000E+00
 1.88104170000000E+03   3.02020000000000E+00
 1.88112500000000E+03   1.45737000000000E+01
 1.88120830000000E+03   9.35780000000000E+00
 1.88129170000000E+03   9.60330000000000E+00
 1.88137500000000E+03   6.00260000000000E+00
 1.88145830000000E+03  -5.59830000000000E+00
 1.88154170000000E+03  -3.14300000000000E+01
 1.88162500000000E+03  -2.30311000000000E+01
 1.88170830000000E+03  -3.32460000000000E+00
 1.88179170000000E+03  -6.84910000000000E+00
 1.88187500000000E+03   5.49500000000000E-01
 1.88195830000000E+03   1.65633000000000E+01
 1.88204170000000E+03   1.96539000000000E+01
 1.88212500000000E+03   3.38982000000000E+01
 1.88220830000000E+03   1.60655000000000E+01
 1.88229170000000E+03   1.50019000000000E+01
 1.88237500000000E+03   1.92459000000000E+01
 1.88245830000000E+03  -2.27950000000000E+00
 1.88254170000000E+03  -1.50358000000000E+01
 1.88262500000000E+03  -2.97152000000000E+01
 1.88270830000000E+03  -4.97794000000000E+01
 1.88279170000000E+03  -7.40745000000000E+01
 1.88287500000000E+03  -7.10620000000000E+01
 1.88295830000000E+03  -7.92035000000000E+01
 1.88304170000000E+03  -8.38836000000000E+01
 1.88312500000000E+03  -8.54868000000000E+01
 1.88320830000000E+03  -1.05551700000000E+02
 1.88329170000000E+03  -9.63860000000000E+01
 1.88337500000000E+03  -7.83742000000000E+01
 1.88345830000000E+03  -6.76703000000000E+01
 1.88354170000000E+03  -3.88896000000000E+01
 1.88362500000000E+03  -4.39551000000000E+01
 1.88370830000000E+03  -4.82514000000000E+01
 1.88379170000000E+03  -4.98557000000000E+01
 1.88387500000000E+03  -3.45369000000000E+01
 1.88395830000000E+03  -2.96029000000000E+01
 1.88404170000000E+03  -2.04383000000000E+01
 1.88412500000000E+03  -2.55045000000000E+01
 1.88420830000000E+03  -2.51862000000000E+01
 1.88429170000000E+03  -8.32970000000000E+00
 1.88437500000000E+03  -1.76270000000000E+01
 1.88445830000000E+03  -1.96168000000000E+01
 1.88454170000000E+03  -5.29914000000000E+01
 1.88462500000000E+03  -6.88276000000000E+01
 1.88470830000000E+03  -5.88946000000000E+01
 1.88479170000000E+03  -5.68849000000000E+01
 1.88487500000000E+03  -4.26445000000000E+01
 1.88495830000000E+03  -4.13273000000000E+01
 1.88504170000000E+03  -4.43950000000000E+01
 1.88512500000000E+03  -3.75395000000000E+01
 1.88520830000000E+03  -2.66073000000000E+01
 1.88529170000000E+03  -1.62907000000000E+01
 1.88537500000000E+03  -4.02048000000000E+01
 1.88545830000000E+03  -2.30422000000000E+01
 1.88554170000000E+03  -3.31875000000000E+01
 1.88562500000000E+03  -3.76404000000000E+01
 1.88570830000000E+03  -5.45551000000000E+01
 1.88579170000000E+03  -6.07007000000000E+01
 1.88587500000000E+03  -5.70002000000000E+01
 1.88595830000000E+03  -5.51460000000000E+01
 1.88604170000000E+03  -4.92151000000000E+01
 1.88612500000000E+03  -4.16688000000000E+01
 1.88620830000000E+03  -4.25072000000000E+01
 1.88629170000000E+03  -5.86535000000000E+01
 1.88637500000000E+03  -6.55692000000000E+01
 1.88645830000000E+03  -3.85618000000000E+01
 1.88654170000000E+03  -6.36316000000000E+01
 1.88662500000000E+03  -7.60860000000000E+01
 1.88670830000000E+03  -6.55406000000000E+01
 1.88679170000000E+03  -5.72261000000000E+01
 1.88687500000000E+03  -5.52193000000000E+01
 1.88695830000000E+03  -5.10589000000000E+01
 1.88704170000000E+03  -5.42832000000000E+01
 1.88712500000000E+03  -5.13537000000000E+01
 1.88720830000000E+03  -4.61167000000000E+01
 1.88729170000000E+03  -2.94952000000000E+01
 1.88737500000000E+03  -1.76431000000000E+01
 1.88745830000000E+03  -6.09870000000000E+00
 1.88754170000000E+03  -2.74776000000000E+01
 1.88762500000000E+03  -3.53181000000000E+01
 1.88770830000000E+03  -3.69279000000000E+01
 1.88779170000000E+03  -3.93841000000000E+01
 1.88787500000000E+03  -3.59173000000000E+01
 1.88795830000000E+03  -3.80659000000000E+01
 1.88804170000000E+03  -2.41379000000000E+01
 1.88812500000000E+03  -1.52868000000000E+01
 1.88820830000000E+03  -2.45896000000000E+01
 1.88829170000000E+03  -2.16619000000000E+01
 1.88837500000000E+03  -4.22727000000000E+01
 1.88845830000000E+03  -3.99606000000000E+01
 1.88854170000000E+03  -6.00332000000000E+01
 1.88862500000000E+03  -4.06444000000000E+01
 1.88870830000000E+03  -2.34864000000000E+01
 1.88879170000000E+03  -2.04056000000000E+01
 1.88887500000000E+03  -1.96325000000000E+01
 1.88895830000000E+03  -1.94749000000000E+01
 1.88904170000000E+03  -8.93290000000000E+00
 1.88912500000000E+03  -8.39090000000000E+00
 1.88920830000000E+03  -6.15680000000000E+00
 1.88929170000000E+03  -8.84590000000000E+00
 1.88937500000000E+03  -1.46120000000000E+01
 1.88945830000000E+03  -1.59936000000000E+01
 1.88954170000000E+03  -8.14460000000000E+00
 1.88962500000000E+03  -2.68341000000000E+01
 1.88970830000000E+03  -4.11391000000000E+01
 1.88979170000000E+03  -4.33675000000000E+01
 1.88987500000000E+03  -3.67496000000000E+01
 1.88995830000000E+03  -2.90550000000000E+01
 1.89004170000000E+03  -1.88222000000000E+01
 1.89012500000000E+03  -1.85893000000000E+01
 1.89020830000000E+03  -3.31258000000000E+01
 1.89029170000000E+03  -2.36626000000000E+01
 1.89037500000000E+03  -1.83532000000000E+01
 1.89045830000000E+03  -4.68900000000000E+01
 1.89054170000000E+03  -4.54271000000000E+01
 1.89062500000000E+03  -6.92719000000000E+01
 1.89070830000000E+03  -3.58861000000000E+01
 1.89079170000000E+03  -5.18851000000000E+01
 1.89087500000000E+03  -5.37302000000000E+01
 1.89095830000000E+03  -5.60370000000000E+01
 1.89104170000000E+03  -5.04210000000000E+01
 1.89112500000000E+03  -4.74204000000000E+01
 1.89120830000000E+03  -4.36506000000000E+01
 1.89129170000000E+03  -3.98042000000000E+01
 1.89137500000000E+03  -6.14962000000000E+01
 1.89145830000000E+03  -4.59576000000000E+01
 1.89154170000000E+03  -1.48038000000000E+01
 1.89162500000000E+03  -1.01885000000000E+01
 1.89170830000000E+03  -1.11118000000000E+01
 1.89179170000000E+03  -2.64200000000000E+01
 1.89187500000000E+03  -1.53435000000000E+01
 1.89195830000000E+03  -8.80560000000000E+00
 1.89204170000000E+03  -4.34480000000000E+00
 1.89212500000000E+03  -6.34570000000000E+00
 1.89220830000000E+03  -1.23466000000000E+01
 1.89229170000000E+03  -1.41170000000000E+01
 1.89237500000000E+03  -1.69643000000000E+01
 1.89245830000000E+03  -6.19640000000000E+00
 1.89254170000000E+03  -2.53517000000000E+01
 1.89262500000000E+03  -2.53532000000000E+01
 1.89270830000000E+03  -2.00472000000000E+01
 1.89279170000000E+03  -1.56644000000000E+01
 1.89287500000000E+03  -1.42048000000000E+01
 1.89295830000000E+03  -1.28991000000000E+01
 1.89304170000000E+03  -1.49013000000000E+01
 1.89312500000000E+03  -9.21130000000000E+00
 1.89320830000000E+03  -1.21370000000000E+00
 1.89329170000000E+03   1.64761000000000E+01
 1.89337500000000E+03   2.00119000000000E+01
 1.89345830000000E+03   2.72399000000000E+01
 1.89354170000000E+03   1.25447000000000E+01
 1.89362500000000E+03   2.79263000000000E+01
 1.89370830000000E+03   1.80771000000000E+01
 1.89379170000000E+03  -3.54160000000000E+00
 1.89387500000000E+03  -3.62190000000000E+00
 1.89395830000000E+03  -8.56100000000000E-01
 1.89404170000000E+03   5.24900000000000E-01
 1.89412500000000E+03   8.05960000000000E+00
 1.89420830000000E+03   5.05580000000000E+00
 1.89429170000000E+03  -7.10210000000000E+00
 1.89437500000000E+03  -1.96446000000000E+01
 1.89445830000000E+03  -7.95640000000000E+00
 1.89454170000000E+03  -2.63455000000000E+01
 1.89462500000000E+03  -3.11960000000000E+01
 1.89470830000000E+03  -4.52006000000000E+01
 1.89479170000000E+03  -4.42822000000000E+01
 1.89487500000000E+03  -3.48255000000000E+01
 1.89495830000000E+03  -2.85996000000000E+01
 1.89504170000000E+03  -1.80662000000000E+01
 1.89512500000000E+03  -1.14560000000000E+01
 1.89520830000000E+03  -1.76920000000000E+01
 1.89529170000000E+03  -4.77440000000000E+00
 1.89537500000000E+03  -8.47220000000000E+00
 1.89545830000000E+03  -5.86240000000000E+00
 1.89554170000000E+03  -2.34837000000000E+01
 1.89562500000000E+03  -2.06434000000000E+01
 1.89570830000000E+03  -3.34160000000000E+00
 1.89579170000000E+03  -1.17100000000000E-01
 1.89587500000000E+03  -1.35400000000000E+00
 1.89595830000000E+03   4.17810000000000E+00
 1.89604170000000E+03   9.63310000000000E+00
 1.89612500000000E+03   3.31880000000000E+00
 1.89620830000000E+03   6.92750000000000E+00
 1.89629170000000E+03   7.68980000000000E+00
 1.89637500000000E+03  -8.54790000000000E+00
 1.89645830000000E+03  -1.03242000000000E+01
 1.89654170000000E+03  -3.34084000000000E+01
 1.89662500000000E+03  -3.70311000000000E+01
 1.89670830000000E+03  -2.29615000000000E+01
 1.89679170000000E+03  -3.56615000000000E+01
 1.89687500000000E+03  -3.35922000000000E+01
 1.89695830000000E+03  -3.25231000000000E+01
 1.89704170000000E+03  -2.75311000000000E+01
 1.89712500000000E+03  -2.71545000000000E+01
 1.89720830000000E+03  -1.80087000000000E+01
 1.89729170000000E+03  -2.95556000000000E+01
 1.89737500000000E+03  -3.07178000000000E+01
 1.89745830000000E+03  -2.88032000000000E+01
 1.89754170000000E+03  -1.03504000000000E+01
 1.89762500000000E+03   2.55640000000000E+01
 1.89770830000000E+03   2.18628000000000E+01
 1.89779170000000E+03   1.02383000000000E+01
 1.89787500000000E+03   2.16908000000000E+01
 1.89795830000000E+03   1.94508000000000E+01
 1.89804170000000E+03   3.20567000000000E+01
 1.89812500000000E+03   2.95858000000000E+01
 1.89820830000000E+03   2.93454000000000E+01
 1.89829170000000E+03   8.87410000000000E+00
 1.89837500000000E+03   6.78730000000000E+00
 1.89845830000000E+03   3.20851000000000E+01
 1.89854170000000E+03   4.23057000000000E+01
 1.89862500000000E+03   2.93725000000000E+01
 1.89870830000000E+03   6.36220000000000E+00
 1.89879170000000E+03   1.01978000000000E+01
 1.89887500000000E+03   1.51103000000000E+01
 1.89895830000000E+03   7.40740000000000E+00
 1.89904170000000E+03   7.24260000000000E+00
 1.89912500000000E+03  -3.38360000000000E+00
 1.89920830000000E+03   8.06690000000000E+00
 1.89929170000000E+03   1.09787000000000E+01
 1.89937500000000E+03   3.71213000000000E+01
 1.89945830000000E+03   3.14946000000000E+01
 1.89954170000000E+03   5.25220000000000E+00
 1.89962500000000E+03  -1.23748000000000E+01
 1.89970830000000E+03  -1.83865000000000E+01
 1.89979170000000E+03  -2.67831000000000E+01
 1.89987500000000E+03  -3.08720000000000E+01
 1.89995830000000E+03  -3.17303000000000E+01
 1.90004170000000E+03  -2.81272000000000E+01
 1.90012500000000E+03  -2.79088000000000E+01
 1.90020830000000E+03  -1.93828000000000E+01
 1.90029170000000E+03  -1.49339000000000E+01
 1.90037500000000E+03  -2.44851000000000E+01
 1.90045830000000E+03  -2.61133000000000E+01
 1.90054170000000E+03  -1.50494000000000E+01
 1.90062500000000E+03  -1.78317000000000E+01
 1.90070830000000E+03  -2.26910000000000E+01
 1.90079170000000E+03  -1.87813000000000E+01
 1.90087500000000E+03  -2.24871000000000E+01
 1.90095830000000E+03  -2.05006000000000E+01
 1.90104170000000E+03  -2.27451000000000E+01
 1.90112500000000E+03  -2.09897000000000E+01
 1.90120830000000E+03  -2.52343000000000E+01
 1.90129170000000E+03  -2.67869000000000E+01
 1.90137500000000E+03  -2.90318000000000E+01
 1.90145830000000E+03  -1.65076000000000E+01
 1.90154170000000E+03  -6.13750000000000E+00
 1.90162500000000E+03  -2.70751000000000E+01
 1.90170830000000E+03  -1.97051000000000E+01
 1.90179170000000E+03  -2.24122000000000E+01
 1.90187500000000E+03  -1.68117000000000E+01
 1.90195830000000E+03  -9.13430000000000E+00
 1.90204170000000E+03  -8.41900000000000E-01
 1.90212500000000E+03   8.21980000000000E+00
 1.90220830000000E+03  -2.79550000000000E+00
 1.90229170000000E+03  -1.88800000000000E+00
 1.90237500000000E+03  -3.60574000000000E+01
 1.90245830000000E+03  -5.66885000000000E+01
 1.90254170000000E+03  -6.05506000000000E+01
 1.90262500000000E+03  -6.80280000000000E+01
 1.90270830000000E+03  -4.65056000000000E+01
 1.90279170000000E+03  -3.48296000000000E+01
 1.90287500000000E+03  -2.46921000000000E+01
 1.90295830000000E+03  -3.09392000000000E+01
 1.90304170000000E+03  -2.02636000000000E+01
 1.90312500000000E+03  -1.11264000000000E+01
 1.90320830000000E+03  -1.10662000000000E+01
 1.90329170000000E+03   1.09937000000000E+01
 1.90337500000000E+03   3.53613000000000E+01
 1.90345830000000E+03   5.08826000000000E+01
 1.90354170000000E+03   5.19421000000000E+01
 1.90362500000000E+03   5.03094000000000E+01
 1.90370830000000E+03   1.41380000000000E+01
 1.90379170000000E+03   1.61972000000000E+01
 1.90387500000000E+03  -3.12820000000000E+00
 1.90395830000000E+03   2.38600000000000E-01
 1.90404170000000E+03  -8.72000000000000E-02
 1.90412500000000E+03  -5.18220000000000E+00
 1.90420830000000E+03  -3.32774000000000E+01
 1.90429170000000E+03  -3.36035000000000E+01
 1.90437500000000E+03  -3.58527000000000E+01
 1.90445830000000E+03  -5.01021000000000E+01
 1.90454170000000E+03  -3.69671000000000E+01
 1.90462500000000E+03  -3.52166000000000E+01
 1.90470830000000E+03  -5.38510000000000E+01
 1.90479170000000E+03  -4.14086000000000E+01
 1.90487500000000E+03  -5.57355000000000E+01
 1.90495830000000E+03  -6.01394000000000E+01
 1.90504170000000E+03  -5.94666000000000E+01
 1.90512500000000E+03  -5.80246000000000E+01
 1.90520830000000E+03  -6.19673000000000E+01
 1.90529170000000E+03  -4.00641000000000E+01
 1.90537500000000E+03  -6.29302000000000E+01
 1.90545830000000E+03  -9.02579000000000E+01
 1.90554170000000E+03  -9.56628000000000E+01
 1.90562500000000E+03  -9.95292000000000E+01
 1.90570830000000E+03  -8.74726000000000E+01
 1.90579170000000E+03  -9.11086000000000E+01
 1.90587500000000E+03  -9.86677000000000E+01
 1.90595830000000E+03  -9.32269000000000E+01
 1.90604170000000E+03  -8.39402000000000E+01
 1.90612500000000E+03  -8.00381000000000E+01
 1.90620830000000E+03  -7.83669000000000E+01
 1.90629170000000E+03  -7.45421000000000E+01
 1.90637500000000E+03  -7.57172000000000E+01
 1.90645830000000E+03  -4.07387000000000E+01
 1.90654170000000E+03  -2.04527000000000E+01
 1.90662500000000E+03  -1.70129000000000E+01
 1.90670830000000E+03  -1.64193000000000E+01
 1.90679170000000E+03  -3.70567000000000E+01
 1.90687500000000E+03  -2.27711000000000E+01
 1.90695830000000E+03  -9.71640000000000E+00
 1.90704170000000E+03  -4.12340000000000E+00
 1.90712500000000E+03   2.70030000000000E+00
 1.90720830000000E+03  -5.55300000000000E+00
 1.90729170000000E+03  -7.19110000000000E+00
 1.90737500000000E+03  -1.54447000000000E+01
 1.90745830000000E+03  -2.48522000000000E+01
 1.90754170000000E+03  -3.39522000000000E+01
 1.90762500000000E+03  -2.27446000000000E+01
 1.90770830000000E+03  -3.95371000000000E+01
 1.90779170000000E+03  -4.10991000000000E+01
 1.90787500000000E+03  -3.61995000000000E+01
 1.90795830000000E+03  -3.51462000000000E+01
 1.90804170000000E+03  -3.66316000000000E+01
 1.90812500000000E+03  -3.06554000000000E+01
 1.90820830000000E+03  -4.16794000000000E+01
 1.90829170000000E+03  -5.08575000000000E+01
 1.90837500000000E+03  -3.64201000000000E+01
 1.90845830000000E+03  -3.46753000000000E+01
 1.90854170000000E+03  -2.43152000000000E+01
 1.90862500000000E+03  -3.40321000000000E+01
 1.90870830000000E+03  -5.82106000000000E+01
 1.90879170000000E+03  -5.01587000000000E+01
 1.90887500000000E+03  -5.52605000000000E+01
 1.90895830000000E+03  -5.35164000000000E+01
 1.90904170000000E+03  -3.97724000000000E+01
 1.90912500000000E+03  -3.12593000000000E+01
 1.90920830000000E+03  -3.34385000000000E+01
 1.90929170000000E+03  -2.07719000000000E+01
 1.90937500000000E+03   5.89480000000000E+00
 1.90945830000000E+03   2.56130000000000E+00
 1.90954170000000E+03   2.41507000000000E+01
 1.90962500000000E+03   2.18939000000000E+01
 1.90970830000000E+03   1.94062000000000E+01
 1.90979170000000E+03   2.64567000000000E+01
 1.90987500000000E+03   2.68919000000000E+01
 1.90995830000000E+03   3.79423000000000E+01
 1.91004170000000E+03   4.74540000000000E+01
 1.91012500000000E+03   4.05042000000000E+01
 1.91020830000000E+03   3.61697000000000E+01
 1.91029170000000E+03   2.39887000000000E+01
 1.91037500000000E+03   3.02693000000000E+01
 1.91045830000000E+03   2.53960000000000E+01
 1.91054170000000E+03   1.87531000000000E+01
 1.91062500000000E+03   2.21872000000000E+01
 1.91070830000000E+03   1.08519000000000E+01
 1.91079170000000E+03   2.02856000000000E+01
 1.91087500000000E+03   1.84117000000000E+01
 1.91095830000000E+03   2.20760000000000E+01
 1.91104170000000E+03   2.04325000000000E+01
 1.91112500000000E+03   1.96350000000000E+01
 1.91120830000000E+03   2.55298000000000E+01
 1.91129170000000E+03   2.77320000000000E+01
 1.91137500000000E+03   4.75497000000000E+01
 1.91145830000000E+03   3.62133000000000E+01
 1.91154170000000E+03   1.78767000000000E+01
 1.91162500000000E+03   2.53863000000000E+01
 1.91170830000000E+03   1.83573000000000E+01
 1.91179170000000E+03   3.08665000000000E+01
 1.91187500000000E+03   3.38372000000000E+01
 1.91195830000000E+03   4.16540000000000E+01
 1.91204170000000E+03   4.30090000000000E+01
 1.91212500000000E+03   5.43640000000000E+01
 1.91220830000000E+03   5.87958000000000E+01
 1.91229170000000E+03   5.78427000000000E+01
 1.91237500000000E+03   7.70435000000000E+01
 1.91245830000000E+03   9.29365000000000E+01
 1.91254170000000E+03   7.52907000000000E+01
 1.91262500000000E+03   9.01835000000000E+01
 1.91270830000000E+03   9.09222000000000E+01
 1.91279170000000E+03   7.46608000000000E+01
 1.91287500000000E+03   5.83993000000000E+01
 1.91295830000000E+03   5.79839000000000E+01
 1.91304170000000E+03   5.95682000000000E+01
 1.91312500000000E+03   6.17679000000000E+01
 1.91320830000000E+03   4.57367000000000E+01
 1.91329170000000E+03   3.83207000000000E+01
 1.91337500000000E+03   5.78277000000000E+01
 1.91345830000000E+03   6.05654000000000E+01
 1.91354170000000E+03   3.45336000000000E+01
 1.91362500000000E+03   5.25787000000000E+01
 1.91370830000000E+03   5.47776000000000E+01
 1.91379170000000E+03   4.39762000000000E+01
 1.91387500000000E+03   4.67133000000000E+01
 1.91395830000000E+03   5.62965000000000E+01
 1.91404170000000E+03   5.84178000000000E+01
 1.91412500000000E+03   5.16930000000000E+01
 1.91420830000000E+03   6.33527000000000E+01
 1.91429170000000E+03   6.45506000000000E+01
 1.91437500000000E+03   7.50562000000000E+01
 1.91445830000000E+03   6.37924000000000E+01
 1.91454170000000E+03   5.16053000000000E+01
 1.91462500000000E+03   4.27260000000000E+01
 1.91470830000000E+03   4.01542000000000E+01
 1.91479170000000E+03   2.99667000000000E+01
 1.91487500000000E+03   2.41639000000000E+01
 1.91495830000000E+03   2.16687000000000E+01
 1.91504170000000E+03   2.84040000000000E+01
 1.91512500000000E+03   3.01392000000000E+01
 1.91520830000000E+03   3.16437000000000E+01
 1.91529170000000E+03   1.91700000000000E+00
 1.91537500000000E+03   1.71904000000000E+01
 1.91545830000000E+03   1.30791000000000E+01
 1.91554170000000E+03   3.29675000000000E+01
 1.91562500000000E+03   2.13944000000000E+01
 1.91570830000000E+03   2.87442000000000E+01
 1.91579170000000E+03   2.74015000000000E+01
 1.91587500000000E+03   2.99049000000000E+01
 1.91595830000000E+03   4.39467000000000E+01
 1.91604170000000E+03   4.93728000000000E+01
 1.91612500000000E+03   5.07221000000000E+01
 1.91620830000000E+03   4.86866000000000E+01
 1.91629170000000E+03   5.75739000000000E+01
 1.91637500000000E+03   7.23843000000000E+01
 1.91645830000000E+03   7.12715000000000E+01
 1.91654170000000E+03   5.25431000000000E+01
 1.91662500000000E+03   7.35320000000000E+00
 1.91670830000000E+03  -5.37540000000000E+00
 1.91679170000000E+03  -4.41180000000000E+00
 1.91687500000000E+03  -1.65252000000000E+01
 1.91695830000000E+03  -1.84849000000000E+01
 1.91704170000000E+03  -2.28294000000000E+01
 1.91712500000000E+03  -2.00970000000000E+01
 1.91720830000000E+03  -1.52109000000000E+01
 1.91729170000000E+03  -3.01730000000000E+00
 1.91737500000000E+03   5.86860000000000E+00
 1.91745830000000E+03   1.29851000000000E+01
 1.91754170000000E+03   1.27937000000000E+01
 1.91762500000000E+03   2.40639000000000E+01
 1.91770830000000E+03   1.47185000000000E+01
 1.91779170000000E+03   1.54498000000000E+01
 1.91787500000000E+03   1.56580000000000E+00
 1.91795830000000E+03   1.72970000000000E+01
 1.91804170000000E+03   2.24126000000000E+01
 1.91812500000000E+03   2.33743000000000E+01
 1.91820830000000E+03   3.37975000000000E+01
 1.91829170000000E+03   2.22973000000000E+01
 1.91837500000000E+03  -9.72100000000000E-01
 1.91845830000000E+03  -3.85700000000000E+00
 1.91854170000000E+03  -2.12037000000000E+01
 1.91862500000000E+03  -3.87811000000000E+01
 1.91870830000000E+03  -4.42818000000000E+01
 1.91879170000000E+03  -3.17057000000000E+01
 1.91887500000000E+03  -3.83605000000000E+01
 1.91895830000000E+03  -1.70922000000000E+01
 1.91904170000000E+03  -2.04397000000000E+01
 1.91912500000000E+03  -1.47870000000000E+01
 1.91920830000000E+03  -1.08269000000000E+01
 1.91929170000000E+03  -2.56362000000000E+01
 1.91937500000000E+03  -3.42147000000000E+01
 1.91945830000000E+03  -2.10241000000000E+01
 1.91954170000000E+03  -2.06799000000000E+01
 1.91962500000000E+03  -1.81900000000000E-01
 1.91970830000000E+03   4.16220000000000E+00
 1.91979170000000E+03   7.65980000000000E+00
 1.91987500000000E+03   9.08060000000000E+00
 1.91995830000000E+03   2.31166000000000E+01
 1.92004170000000E+03   2.12293000000000E+01
 1.92012500000000E+03   2.77266000000000E+01
 1.92020830000000E+03   2.32238000000000E+01
 1.92029170000000E+03   1.25920000000000E+00
 1.92037500000000E+03  -5.55150000000000E+00
 1.92045830000000E+03  -4.13160000000000E+00
 1.92054170000000E+03   1.79804000000000E+01
 1.92062500000000E+03  -7.52300000000000E+00
 1.92070830000000E+03  -1.63343000000000E+01
 1.92079170000000E+03  -1.96073000000000E+01
 1.92087500000000E+03  -2.57264000000000E+01
 1.92095830000000E+03  -1.33841000000000E+01
 1.92104170000000E+03  -1.11191000000000E+01
 1.92112500000000E+03  -1.13924000000000E+01
 1.92120830000000E+03  -1.75120000000000E+01
 1.92129170000000E+03  -4.55500000000000E+00
 1.92137500000000E+03   1.00175000000000E+01
 1.92145830000000E+03   4.07436000000000E+01
 1.92154170000000E+03   4.00849000000000E+01
 1.92162500000000E+03   5.80100000000000E-01
 1.92170830000000E+03   1.06136000000000E+01
 1.92179170000000E+03   3.03140000000000E+00
 1.92187500000000E+03   8.14160000000000E+00
 1.92195830000000E+03   1.74055000000000E+01
 1.92204170000000E+03   1.54384000000000E+01
 1.92212500000000E+03   1.70098000000000E+01
 1.92220830000000E+03   1.21964000000000E+01
 1.92229170000000E+03   1.15200000000000E+00
 1.92237500000000E+03   2.72300000000000E+00
 1.92245830000000E+03   1.62169000000000E+01
 1.92254170000000E+03   6.94140000000000E+00
 1.92262500000000E+03  -6.10330000000000E+00
 1.92270830000000E+03  -1.22251000000000E+01
 1.92279170000000E+03  -2.58856000000000E+01
 1.92287500000000E+03  -2.23154000000000E+01
 1.92295830000000E+03  -1.21298000000000E+01
 1.92304170000000E+03  -1.31753000000000E+01
 1.92312500000000E+03  -8.60540000000000E+00
 1.92320830000000E+03  -7.42020000000000E+00
 1.92329170000000E+03   1.20724000000000E+01
 1.92337500000000E+03   3.56420000000000E+01
 1.92345830000000E+03   2.45960000000000E+01
 1.92354170000000E+03   1.78060000000000E+00
 1.92362500000000E+03  -1.37271000000000E+01
 1.92370830000000E+03   4.45730000000000E+00
 1.92379170000000E+03   1.54877000000000E+01
 1.92387500000000E+03   2.34412000000000E+01
 1.92395830000000E+03   2.42406000000000E+01
 1.92404170000000E+03   1.85014000000000E+01
 1.92412500000000E+03   1.98391000000000E+01
 1.92420830000000E+03   2.14844000000000E+01
 1.92429170000000E+03   1.86679000000000E+01
 1.92437500000000E+03  -3.22550000000000E+00
 1.92445830000000E+03  -1.32729000000000E+01
 1.92454170000000E+03  -4.78210000000000E+00
 1.92462500000000E+03   1.07856000000000E+01
 1.92470830000000E+03   1.18918000000000E+01
 1.92479170000000E+03   6.92070000000000E+00
 1.92487500000000E+03   3.87270000000000E+00
 1.92495830000000E+03   1.65938000000000E+01
 1.92504170000000E+03   1.61608000000000E+01
 1.92512500000000E+03   1.81894000000000E+01
 1.92520830000000E+03   3.08332000000000E+01
 1.92529170000000E+03   3.00922000000000E+01
 1.92537500000000E+03   3.75820000000000E+01
 1.92545830000000E+03   5.86101000000000E+01
 1.92554170000000E+03   5.28687000000000E+01
 1.92562500000000E+03   3.34350000000000E+01
 1.92570830000000E+03   3.82320000000000E+01
 1.92579170000000E+03   3.21056000000000E+01
 1.92587500000000E+03   3.79023000000000E+01
 1.92595830000000E+03   4.86220000000000E+01
 1.92604170000000E+03   4.98029000000000E+01
 1.92612500000000E+03   6.10609000000000E+01
 1.92620830000000E+03   6.36263000000000E+01
 1.92629170000000E+03   6.46531000000000E+01
 1.92637500000000E+03   5.63722000000000E+01
 1.92645830000000E+03   6.04758000000000E+01
 1.92654170000000E+03   4.81944000000000E+01
 1.92662500000000E+03   4.25286000000000E+01
 1.92670830000000E+03   4.59395000000000E+01
 1.92679170000000E+03   4.99655000000000E+01
 1.92687500000000E+03   5.73762000000000E+01
 1.92695830000000E+03   6.12483000000000E+01
 1.92704170000000E+03   6.01970000000000E+01
 1.92712500000000E+03   5.96842000000000E+01
 1.92720830000000E+03   6.17867000000000E+01
 1.92729170000000E+03   6.58121000000000E+01
 1.92737500000000E+03   4.59912000000000E+01
 1.92745830000000E+03   2.82472000000000E+01
 1.92754170000000E+03   2.50414000000000E+01
 1.92762500000000E+03   2.26048000000000E+01
 1.92770830000000E+03   8.70660000000000E+00
 1.92779170000000E+03   3.50040000000000E+00
 1.92787500000000E+03  -1.53980000000000E+01
 1.92795830000000E+03  -1.06043000000000E+01
 1.92804170000000E+03  -7.42620000000000E+00
 1.92812500000000E+03  -2.70970000000000E+00
 1.92820830000000E+03  -6.83940000000000E+00
 1.92829170000000E+03  -1.02770000000000E+01
 1.92837500000000E+03   7.43920000000000E+00
 1.92845830000000E+03   1.30014000000000E+01
 1.92854170000000E+03   1.81018000000000E+01
 1.92862500000000E+03  -2.07208000000000E+01
 1.92870830000000E+03  -3.04666000000000E+01
 1.92879170000000E+03  -1.09050000000000E+01
 1.92887500000000E+03  -1.27280000000000E+01
 1.92895830000000E+03  -2.85870000000000E+00
 1.92904170000000E+03  -8.06670000000000E+00
 1.92912500000000E+03  -1.18131000000000E+01
 1.92920830000000E+03  -8.94430000000000E+00
 1.92929170000000E+03   5.92430000000000E+00
 1.92937500000000E+03   5.10060000000000E+00
 1.92945830000000E+03  -9.41550000000000E+00
 1.92954170000000E+03  -5.47040000000000E+00
 1.92962500000000E+03  -1.53714000000000E+01
 1.92970830000000E+03   8.03520000000000E+00
 1.92979170000000E+03   1.82610000000000E+00
 1.92987500000000E+03  -8.44400000000000E-01
 1.92995830000000E+03   1.94640000000000E+00
 1.93004170000000E+03   4.12160000000000E+00
 1.93012500000000E+03   1.21430000000000E+01
 1.93020830000000E+03   1.26258000000000E+01
 1.93029170000000E+03   2.13391000000000E+01
 1.93037500000000E+03   3.32832000000000E+01
 1.93045830000000E+03   2.27656000000000E+01
 1.93054170000000E+03   2.42478000000000E+01
 1.93062500000000E+03   1.03453000000000E+01
 1.93070830000000E+03   2.12890000000000E+01
 1.93079170000000E+03   2.32323000000000E+01
 1.93087500000000E+03   3.00218000000000E+01
 1.93095830000000E+03   3.40420000000000E+01
 1.93104170000000E+03   5.08311000000000E+01
 1.93112500000000E+03   5.00049000000000E+01
 1.93120830000000E+03   4.99478000000000E+01
 1.93129170000000E+03   6.50443000000000E+01
 1.93137500000000E+03   4.32946000000000E+01
 1.93145830000000E+03   3.03910000000000E+01
 1.93154170000000E+03   4.31794000000000E+01
 1.93162500000000E+03   1.71217000000000E+01
 1.93170830000000E+03   1.54485000000000E+01
 1.93179170000000E+03   2.84673000000000E+01
 1.93187500000000E+03   3.34092000000000E+01
 1.93195830000000E+03   3.72741000000000E+01
 1.93204170000000E+03   4.37541000000000E+01
 1.93212500000000E+03   3.25419000000000E+01
 1.93220830000000E+03   3.89448000000000E+01
 1.93229170000000E+03   4.71937000000000E+01
 1.93237500000000E+03   3.35195000000000E+01
 1.93245830000000E+03   3.43837000000000E+01
 1.93254170000000E+03   1.04014000000000E+01
 1.93262500000000E+03   4.03460000000000E+00
 1.93270830000000E+03   6.59070000000000E+00
 1.93279170000000E+03   1.33773000000000E+01
 1.93287500000000E+03   7.93320000000000E+00
 1.93295830000000E+03   1.05659000000000E+01
 1.93304170000000E+03   1.42752000000000E+01
 1.93312500000000E+03   1.49846000000000E+01
 1.93320830000000E+03   1.35400000000000E+01
 1.93329170000000E+03   1.00182000000000E+01
 1.93337500000000E+03  -9.81130000000000E+00
 1.93345830000000E+03  -2.81024000000000E+01
 1.93354170000000E+03  -2.20092000000000E+01
 1.93362500000000E+03  -9.53130000000000E+00
 1.93370830000000E+03  -1.99766000000000E+01
 1.93379170000000E+03  -2.75761000000000E+01
 1.93387500000000E+03  -2.84832000000000E+01
 1.93395830000000E+03  -2.97750000000000E+01
 1.93404170000000E+03  -3.01441000000000E+01
 1.93412500000000E+03  -3.15131000000000E+01
 1.93420830000000E+03  -3.61130000000000E+01
 1.93429170000000E+03  -1.13285000000000E+01
 1.93437500000000E+03  -1.86979000000000E+01
 1.93445830000000E+03  -2.03750000000000E+01
 1.93454170000000E+03  -1.36020000000000E+00
 1.93462500000000E+03   1.55778000000000E+01
 1.93470830000000E+03  -5.33050000000000E+00
 1.93479170000000E+03   4.29940000000000E+00
 1.93487500000000E+03   6.16010000000000E+00
 1.93495830000000E+03   5.55910000000000E+00
 1.93504170000000E+03   1.94963000000000E+01
 1.93512500000000E+03   1.39720000000000E+01
 1.93520830000000E+03   2.89091000000000E+01
 1.93529170000000E+03   4.88460000000000E+01
 1.93537500000000E+03   2.61675000000000E+01
 1.93545830000000E+03   2.84889000000000E+01
 1.93554170000000E+03   4.66561000000000E+01
 1.93562500000000E+03   4.02850000000000E+01
 1.93570830000000E+03   9.22140000000000E+00
 1.93579170000000E+03   3.02344000000000E+01
 1.93587500000000E+03   1.83245000000000E+01
 1.93595830000000E+03   2.81067000000000E+01
 1.93604170000000E+03   3.61194000000000E+01
 1.93612500000000E+03   2.82090000000000E+01
 1.93620830000000E+03   3.05293000000000E+01
 1.93629170000000E+03   3.65416000000000E+01
 1.93637500000000E+03   1.68617000000000E+01
 1.93645830000000E+03   3.30278000000000E+01
 1.93654170000000E+03   6.11670000000000E+00
 1.93662500000000E+03   6.97490000000000E+00
 1.93670830000000E+03   3.67910000000000E+00
 1.93679170000000E+03   1.46138000000000E+01
 1.93687500000000E+03   4.85620000000000E+00
 1.93695830000000E+03   1.99446000000000E+01
 1.93704170000000E+03   3.03405000000000E+01
 1.93712500000000E+03   2.83518000000000E+01
 1.93720830000000E+03   3.52091000000000E+01
 1.93729170000000E+03   3.41431000000000E+01
 1.93737500000000E+03   1.96156000000000E+01
 1.93745830000000E+03   1.21648000000000E+01
 1.93754170000000E+03   1.39446000000000E+01
 1.93762500000000E+03   3.53398000000000E+01
 1.93770830000000E+03   2.68118000000000E+01
 1.93779170000000E+03   3.81296000000000E+01
 1.93787500000000E+03   3.31399000000000E+01
 1.93795830000000E+03   4.14576000000000E+01
 1.93804170000000E+03   3.39290000000000E+01
 1.93812500000000E+03   2.83235000000000E+01
 1.93820830000000E+03   2.51024000000000E+01
 1.93829170000000E+03   3.45734000000000E+01
 1.93837500000000E+03   5.15060000000000E+01
 1.93845830000000E+03   2.93615000000000E+01
 1.93854170000000E+03   3.78321000000000E+01
 1.93862500000000E+03   2.21490000000000E+01
 1.93870830000000E+03   2.30811000000000E+01
 1.93879170000000E+03   1.90128000000000E+01
 1.93887500000000E+03   3.25240000000000E+00
 1.93895830000000E+03   5.64570000000000E+00
 1.93904170000000E+03   2.50020000000000E+00
 1.93912500000000E+03   2.50860000000000E+00
 1.93920830000000E+03   7.47700000000000E-01
 1.93929170000000E+03  -1.23982000000000E+01
 1.93937500000000E+03  -2.12363000000000E+01
 1.93945830000000E+03  -3.77668000000000E+01
 1.93954170000000E+03  -4.26822000000000E+01
 1.93962500000000E+03  -6.47515000000000E+01
 1.93970830000000E+03  -6.05901000000000E+01
 1.93979170000000E+03  -6.39674000000000E+01
 1.93987500000000E+03  -6.97293000000000E+01
 1.93995830000000E+03  -6.39528000000000E+01
 1.94004170000000E+03  -5.83305000000000E+01
 1.94012500000000E+03  -4.52466000000000E+01
 1.94020830000000E+03  -2.80090000000000E+01
 1.94029170000000E+03  -3.50025000000000E+01
 1.94037500000000E+03   8.50300000000000E-01
 1.94045830000000E+03  -8.60470000000000E+00
 1.94054170000000E+03  -3.16755000000000E+01
 1.94062500000000E+03  -1.82846000000000E+01
 1.94070830000000E+03  -5.20150000000000E+00
 1.94079170000000E+03  -2.79649000000000E+01
 1.94087500000000E+03  -3.44975000000000E+01
 1.94095830000000E+03  -3.44148000000000E+01
 1.94104170000000E+03  -3.35632000000000E+01
 1.94112500000000E+03  -2.70961000000000E+01
 1.94120830000000E+03  -4.45522000000000E+01
 1.94129170000000E+03  -4.57009000000000E+01
 1.94137500000000E+03  -5.39265000000000E+01
 1.94145830000000E+03  -5.59215000000000E+01
 1.94154170000000E+03  -8.39167000000000E+01
 1.94162500000000E+03  -7.76042000000000E+01
 1.94170830000000E+03  -9.49072000000000E+01
 1.94179170000000E+03  -1.04056700000000E+02
 1.94187500000000E+03  -9.13599000000000E+01
 1.94195830000000E+03  -8.12017000000000E+01
 1.94204170000000E+03  -7.18900000000000E+01
 1.94212500000000E+03  -6.85782000000000E+01
 1.94220830000000E+03  -7.04204000000000E+01
 1.94229170000000E+03  -4.94167000000000E+01
 1.94237500000000E+03  -4.81822000000000E+01
 1.94245830000000E+03  -1.97940000000000E+01
 1.94254170000000E+03  -4.25599000000000E+01
 1.94262500000000E+03   8.28100000000000E-01
 1.94270830000000E+03   1.21390000000000E+01
 1.94279170000000E+03   4.90651000000000E+01
 1.94287500000000E+03   5.59142000000000E+01
 1.94295830000000E+03   5.85325000000000E+01
 1.94304170000000E+03   6.08428000000000E+01
 1.94312500000000E+03   6.54608000000000E+01
 1.94320830000000E+03   6.69249000000000E+01
 1.94329170000000E+03   5.99271000000000E+01
 1.94337500000000E+03   5.44679000000000E+01
 1.94345830000000E+03   3.78547000000000E+01
 1.94354170000000E+03   4.62412000000000E+01
 1.94362500000000E+03   5.32431000000000E+01
 1.94370830000000E+03   4.77065000000000E+01
 1.94379170000000E+03   5.01695000000000E+01
 1.94387500000000E+03   3.61711000000000E+01
 1.94395830000000E+03   4.67110000000000E+01
 1.94404170000000E+03   4.82506000000000E+01
 1.94412500000000E+03   4.52518000000000E+01
 1.94420830000000E+03   4.19452000000000E+01
 1.94429170000000E+03   3.80999000000000E+01
 1.94437500000000E+03   5.33315000000000E+01
 1.94445830000000E+03   4.75630000000000E+01
 1.94454170000000E+03   5.04096000000000E+01
 1.94462500000000E+03   3.58716000000000E+01
 1.94470830000000E+03   3.86412000000000E+01
 1.94479170000000E+03   3.11797000000000E+01
 1.94487500000000E+03   3.44876000000000E+01
 1.94495830000000E+03   4.01030000000000E+01
 1.94504170000000E+03   4.39488000000000E+01
 1.94512500000000E+03   5.17178000000000E+01
 1.94520830000000E+03   5.41021000000000E+01
 1.94529170000000E+03   5.54861000000000E+01
 1.94537500000000E+03   6.20239000000000E+01
 1.94545830000000E+03   5.57925000000000E+01
 1.94554170000000E+03   5.07145000000000E+01
 1.94562500000000E+03   7.67136000000000E+01
 1.94570830000000E+03   6.06356000000000E+01
 1.94579170000000E+03   5.57111000000000E+01
 1.94587500000000E+03   4.86329000000000E+01
 1.94595830000000E+03   5.81699000000000E+01
 1.94604170000000E+03   5.54759000000000E+01
 1.94612500000000E+03   5.50127000000000E+01
 1.94620830000000E+03   5.84725000000000E+01
 1.94629170000000E+03   5.58550000000000E+01
 1.94637500000000E+03   4.68529000000000E+01
 1.94645830000000E+03   3.41585000000000E+01
 1.94654170000000E+03   6.17600000000000E-01
 1.94662500000000E+03  -3.49233000000000E+01
 1.94670830000000E+03  -6.35412000000000E+01
 1.94679170000000E+03  -5.11594000000000E+01
 1.94687500000000E+03  -7.24698000000000E+01
 1.94695830000000E+03  -7.23957000000000E+01
 1.94704170000000E+03  -8.40912000000000E+01
 1.94712500000000E+03  -9.45559000000000E+01
 1.94720830000000E+03  -9.33283000000000E+01
 1.94729170000000E+03  -1.15793400000000E+02
 1.94737500000000E+03  -9.18738000000000E+01
 1.94745830000000E+03  -8.18774000000000E+01
 1.94754170000000E+03  -6.63428000000000E+01
 1.94762500000000E+03  -4.98082000000000E+01
 1.94770830000000E+03  -2.20429000000000E+01
 1.94779170000000E+03  -2.36625000000000E+01
 1.94787500000000E+03  -3.47437000000000E+01
 1.94795830000000E+03  -1.36710000000000E+01
 1.94804170000000E+03  -4.67570000000000E+00
 1.94812500000000E+03   5.70440000000000E+00
 1.94820830000000E+03   2.83151000000000E+01
 1.94829170000000E+03   3.06178000000000E+01
 1.94837500000000E+03   4.43822000000000E+01
 1.94845830000000E+03   2.25310000000000E+01
 1.94854170000000E+03   2.77564000000000E+01
 1.94862500000000E+03   2.94435000000000E+01
 1.94870830000000E+03   2.84381000000000E+01
 1.94879170000000E+03   4.16631000000000E+01
 1.94887500000000E+03   3.91960000000000E+01
 1.94895830000000E+03   4.48825000000000E+01
 1.94904170000000E+03   4.26457000000000E+01
 1.94912500000000E+03   3.99474000000000E+01
 1.94920830000000E+03   2.98644000000000E+01
 1.94929170000000E+03   2.11656000000000E+01
 1.94937500000000E+03   1.63131000000000E+01
 1.94945830000000E+03   3.49990000000000E+01
 1.94954170000000E+03   2.52999000000000E+01
 1.94962500000000E+03   2.05240000000000E+01
 1.94970830000000E+03   9.13250000000000E+00
 1.94979170000000E+03   2.46638000000000E+01
 1.94987500000000E+03   9.88750000000000E+00
 1.94995830000000E+03   1.30342000000000E+01
 1.95004170000000E+03   1.23344000000000E+01
 1.95012500000000E+03   1.07885000000000E+01
 1.95020830000000E+03   2.30886000000000E+01
 1.95029170000000E+03   3.02346000000000E+01
 1.95037500000000E+03   2.84576000000000E+01
 1.95045830000000E+03   2.36805000000000E+01
 1.95054170000000E+03   4.13380000000000E+00
 1.95062500000000E+03   2.58720000000000E+00
 1.95070830000000E+03  -1.21134000000000E+01
 1.95079170000000E+03  -1.23528000000000E+01
 1.95087500000000E+03  -3.10536000000000E+01
 1.95095830000000E+03  -2.76007000000000E+01
 1.95104170000000E+03  -2.83019000000000E+01
 1.95112500000000E+03  -2.56954000000000E+01
 1.95120830000000E+03  -2.10121000000000E+01
 1.95129170000000E+03  -4.73291000000000E+01
 1.95137500000000E+03  -4.19537000000000E+01
 1.95145830000000E+03  -2.62707000000000E+01
 1.95154170000000E+03  -1.31265000000000E+01
 1.95162500000000E+03  -6.52070000000000E+00
 1.95170830000000E+03  -1.10689000000000E+01
 1.95179170000000E+03  -1.15405000000000E+01
 1.95187500000000E+03  -1.22427000000000E+01
 1.95195830000000E+03   3.28570000000000E+00
 1.95204170000000E+03   7.27530000000000E+00
 1.95212500000000E+03   1.24957000000000E+01
 1.95220830000000E+03   2.15622000000000E+01
 1.95229170000000E+03   2.57053000000000E+01
 1.95237500000000E+03   4.53870000000000E+01
 1.95245830000000E+03   3.84531000000000E+01
 1.95254170000000E+03   1.92112000000000E+01
 1.95262500000000E+03   1.04310000000000E+01
 1.95270830000000E+03  -7.73400000000000E+00
 1.95279170000000E+03  -1.59170000000000E+00
 1.95287500000000E+03   2.01230000000000E+00
 1.95295830000000E+03   2.15470000000000E+00
 1.95304170000000E+03   1.83520000000000E+00
 1.95312500000000E+03   9.97730000000000E+00
 1.95320830000000E+03   1.43500000000000E+01
 1.95329170000000E+03   5.56860000000000E+00
 1.95337500000000E+03   1.94110000000000E+00
 1.95345830000000E+03  -7.60960000000000E+00
 1.95354170000000E+03  -1.63914000000000E+01
 1.95362500000000E+03  -4.40962000000000E+01
 1.95370830000000E+03  -5.59549000000000E+01
 1.95379170000000E+03  -5.49678000000000E+01
 1.95387500000000E+03  -5.56730000000000E+01
 1.95395830000000E+03  -5.50705000000000E+01
 1.95404170000000E+03  -4.40069000000000E+01
 1.95412500000000E+03  -4.23277000000000E+01
 1.95420830000000E+03  -3.57257000000000E+01
 1.95429170000000E+03  -2.90470000000000E+01
 1.95437500000000E+03  -2.75221000000000E+01
 1.95445830000000E+03  -8.53570000000000E+00
 1.95454170000000E+03  -1.26267000000000E+01
 1.95462500000000E+03  -1.14098000000000E+01
 1.95470830000000E+03   6.34540000000000E+00
 1.95479170000000E+03   7.10030000000000E+00
 1.95487500000000E+03   1.68552000000000E+01
 1.95495830000000E+03   2.32255000000000E+01
 1.95504170000000E+03   2.50569000000000E+01
 1.95512500000000E+03   1.71961000000000E+01
 1.95520830000000E+03   2.13352000000000E+01
 1.95529170000000E+03   2.13971000000000E+01
 1.95537500000000E+03   1.64590000000000E+01
 1.95545830000000E+03   3.57516000000000E+01
 1.95554170000000E+03   1.85823000000000E+01
 1.95562500000000E+03   2.56700000000000E+00
 1.95570830000000E+03  -2.52540000000000E+00
 1.95579170000000E+03   2.07420000000000E+00
 1.95587500000000E+03   4.28920000000000E+00
 1.95595830000000E+03   3.50300000000000E-01
 1.95604170000000E+03   7.56490000000000E+00
 1.95612500000000E+03   1.53950000000000E+01
 1.95620830000000E+03   1.44557000000000E+01
 1.95629170000000E+03   1.33623000000000E+01
 1.95637500000000E+03   3.26890000000000E+00
 1.95645830000000E+03  -7.90140000000000E+00
 1.95654170000000E+03  -2.60722000000000E+01
 1.95662500000000E+03  -2.65505000000000E+01
 1.95670830000000E+03  -9.41360000000000E+00
 1.95679170000000E+03  -1.17385000000000E+01
 1.95687500000000E+03  -1.67556000000000E+01
 1.95695830000000E+03  -1.63114000000000E+01
 1.95704170000000E+03  -1.47136000000000E+01
 1.95712500000000E+03  -1.51926000000000E+01
 1.95720830000000E+03  -1.13641000000000E+01
 1.95729170000000E+03  -1.38210000000000E+00
 1.95737500000000E+03  -1.18615000000000E+01
 1.95745830000000E+03  -1.48025000000000E+01
 1.95754170000000E+03  -7.74390000000000E+00
 1.95762500000000E+03   5.45500000000000E-01
 1.95770830000000E+03  -2.06267000000000E+01
 1.95779170000000E+03  -2.53377000000000E+01
 1.95787500000000E+03  -2.08178000000000E+01
 1.95795830000000E+03  -1.83750000000000E+01
 1.95804170000000E+03  -1.03171000000000E+01
 1.95812500000000E+03  -8.18220000000000E+00
 1.95820830000000E+03  -1.14320000000000E+01
 1.95829170000000E+03  -1.39899000000000E+01
 1.95837500000000E+03  -2.93169000000000E+01
 1.95845830000000E+03  -2.09517000000000E+01
 1.95854170000000E+03  -4.74070000000000E+00
 1.95862500000000E+03  -2.12988000000000E+01
 1.95870830000000E+03  -4.64725000000000E+01
 1.95879170000000E+03  -3.24926000000000E+01
 1.95887500000000E+03  -3.58203000000000E+01
 1.95895830000000E+03  -3.10712000000000E+01
 1.95904170000000E+03  -2.40917000000000E+01
 1.95912500000000E+03  -2.79582000000000E+01
 1.95920830000000E+03  -3.19788000000000E+01
 1.95929170000000E+03  -2.78458000000000E+01
 1.95937500000000E+03  -4.77896000000000E+01
 1.95945830000000E+03  -5.03489000000000E+01
 1.95954170000000E+03  -5.72932000000000E+01
 1.95962500000000E+03  -8.16220000000000E+01
 1.95970830000000E+03  -9.31048000000000E+01
 1.95979170000000E+03  -8.41263000000000E+01
 1.95987500000000E+03  -8.89170000000000E+01
 1.95995830000000E+03  -7.76309000000000E+01
 1.96004170000000E+03  -6.97298000000000E+01
 1.96012500000000E+03  -6.07516000000000E+01
 1.96020830000000E+03  -5.77736000000000E+01
 1.96029170000000E+03  -5.18728000000000E+01
 1.96037500000000E+03  -4.12026000000000E+01
 1.96045830000000E+03  -2.16865000000000E+01
 1.96054170000000E+03  -1.95553000000000E+01
 1.96062500000000E+03  -1.24240000000000E+01
 1.96070830000000E+03   1.10149000000000E+01
 1.96079170000000E+03   3.19919000000000E+01
 1.96087500000000E+03   4.35074000000000E+01
 1.96095830000000E+03   5.94844000000000E+01
 1.96104170000000E+03   7.62303000000000E+01
 1.96112500000000E+03   8.58993000000000E+01
 1.96120830000000E+03   8.44144000000000E+01
 1.96129170000000E+03   8.96214000000000E+01
 1.96137500000000E+03   9.33670000000000E+01
 1.96145830000000E+03   8.71894000000000E+01
 1.96154170000000E+03   9.67038000000000E+01
 1.96162500000000E+03   1.11449000000000E+02
 1.96170830000000E+03   9.79634000000000E+01
 1.96179170000000E+03   7.72466000000000E+01
 1.96187500000000E+03   8.06838000000000E+01
 1.96195830000000E+03   7.41978000000000E+01
 1.96204170000000E+03   6.73268000000000E+01
 1.96212500000000E+03   6.01483000000000E+01
 1.96220830000000E+03   4.82773000000000E+01
 1.96229170000000E+03   4.38675000000000E+01
 1.96237500000000E+03   2.83809000000000E+01
 1.96245830000000E+03   2.05865000000000E+01
 1.96254170000000E+03  -1.52083000000000E+01
 1.96262500000000E+03  -5.34645000000000E+01
 1.96270830000000E+03  -7.42593000000000E+01
 1.96279170000000E+03  -7.73621000000000E+01
 1.96287500000000E+03  -7.93879000000000E+01
 1.96295830000000E+03  -7.91830000000000E+01
 1.96304170000000E+03  -8.02093000000000E+01
 1.96312500000000E+03  -7.44662000000000E+01
 1.96320830000000E+03  -7.38771000000000E+01
 1.96329170000000E+03  -6.43652000000000E+01
 1.96337500000000E+03  -4.33917000000000E+01
 1.96345830000000E+03  -3.36491000000000E+01
 1.96354170000000E+03  -3.52915000000000E+01
 1.96362500000000E+03  -6.93370000000000E+00
 1.96370830000000E+03  -1.64223000000000E+01
 1.96379170000000E+03  -1.28342000000000E+01
 1.96387500000000E+03  -4.86150000000000E+00
 1.96395830000000E+03   2.03430000000000E+00
 1.96404170000000E+03   5.62200000000000E+00
 1.96412500000000E+03   9.97900000000000E+00
 1.96420830000000E+03   1.16436000000000E+01
 1.96429170000000E+03  -3.07500000000000E-01
 1.96437500000000E+03  -1.04700000000000E-01
 1.96445830000000E+03  -1.72097000000000E+01
 1.96454170000000E+03  -1.40074000000000E+01
 1.96462500000000E+03  -9.95880000000000E+00
 1.96470830000000E+03  -2.36795000000000E+01
 1.96479170000000E+03  -1.78520000000000E+00
 1.96487500000000E+03  -1.89080000000000E+00
 1.96495830000000E+03  -1.68880000000000E+00
 1.96504170000000E+03   2.43590000000000E+00
 1.96512500000000E+03  -5.13160000000000E+00
 1.96520830000000E+03  -7.93000000000000E+00
 1.96529170000000E+03  -1.64210000000000E+01
 1.96537500000000E+03  -9.45040000000000E+00
 1.96545830000000E+03  -1.94150000000000E+00
 1.96554170000000E+03  -2.26636000000000E+01
 1.96562500000000E+03  -3.03857000000000E+01
 1.96570830000000E+03  -1.94925000000000E+01
 1.96579170000000E+03  -2.00612000000000E+01
 1.96587500000000E+03  -1.68605000000000E+01
 1.96595830000000E+03  -4.66000000000000E+00
 1.96604170000000E+03   4.77100000000000E+00
 1.96612500000000E+03   5.12510000000000E+00
 1.96620830000000E+03   1.81715000000000E+01
 1.96629170000000E+03   1.78328000000000E+01
 1.96637500000000E+03   1.93405000000000E+01
 1.96645830000000E+03   3.53864000000000E+01
 1.96654170000000E+03   2.32013000000000E+01
 1.96662500000000E+03   5.34778000000000E+01
 1.96670830000000E+03   7.86003000000000E+01
 1.96679170000000E+03   6.54148000000000E+01
 1.96687500000000E+03   7.26910000000000E+01
 1.96695830000000E+03   7.35824000000000E+01
 1.96704170000000E+03   6.62427000000000E+01
 1.96712500000000E+03   6.12108000000000E+01
 1.96720830000000E+03   5.94864000000000E+01
 1.96729170000000E+03   7.44540000000000E+01
 1.96737500000000E+03   7.85756000000000E+01
 1.96745830000000E+03   1.01850900000000E+02
 1.96754170000000E+03   9.65105000000000E+01
 1.96762500000000E+03   8.24009000000000E+01
 1.96770830000000E+03   7.69836000000000E+01
 1.96779170000000E+03   5.04889000000000E+01
 1.96787500000000E+03   4.51482000000000E+01
 1.96795830000000E+03   4.97305000000000E+01
 1.96804170000000E+03   5.24663000000000E+01
 1.96812500000000E+03   5.95098000000000E+01
 1.96820830000000E+03   6.20148000000000E+01
 1.96829170000000E+03   7.23656000000000E+01
 1.96837500000000E+03   4.73319000000000E+01
 1.96845830000000E+03   4.32212000000000E+01
 1.96854170000000E+03   1.84177000000000E+01
 1.96862500000000E+03   1.22980000000000E+00
 1.96870830000000E+03  -2.29582000000000E+01
 1.96879170000000E+03  -3.19158000000000E+01
 1.96887500000000E+03  -3.15657000000000E+01
 1.96895830000000E+03  -2.50617000000000E+01
 1.96904170000000E+03  -2.22505000000000E+01
 1.96912500000000E+03  -1.51314000000000E+01
 1.96920830000000E+03  -1.27048000000000E+01
 1.96929170000000E+03  -4.43240000000000E+00
 1.96937500000000E+03   1.32248000000000E+01
 1.96945830000000E+03  -5.04130000000000E+00
 1.96954170000000E+03  -2.18461000000000E+01
 1.96962500000000E+03  -1.98047000000000E+01
 1.96970830000000E+03  -1.05327000000000E+01
 1.96979170000000E+03   2.95083000000000E+01
 1.96987500000000E+03   2.23955000000000E+01
 1.96995830000000E+03   2.28210000000000E+01
 1.97004170000000E+03   3.34770000000000E+01
 1.97012500000000E+03   3.10561000000000E+01
 1.97020830000000E+03   3.10198000000000E+01
 1.97029170000000E+03   4.51369000000000E+01
 1.97037500000000E+03   4.99465000000000E+01
 1.97045830000000E+03   1.93713000000000E+01
 1.97054170000000E+03   4.05650000000000E+01
 1.97062500000000E+03   5.99896000000000E+01
 1.97070830000000E+03   5.18756000000000E+01
 1.97079170000000E+03   3.77613000000000E+01
 1.97087500000000E+03   1.97239000000000E+01
 1.97095830000000E+03   2.68403000000000E+01
 1.97104170000000E+03   3.14949000000000E+01
 1.97112500000000E+03   2.29957000000000E+01
 1.97120830000000E+03   2.26502000000000E+01
 1.97129170000000E+03   2.02274000000000E+01
 1.97137500000000E+03   1.91125000000000E+01
 1.97145830000000E+03   4.38200000000000E+00
 1.97154170000000E+03  -2.89642000000000E+01
 1.97162500000000E+03  -4.96180000000000E+01
 1.97170830000000E+03  -6.75027000000000E+01
 1.97179170000000E+03  -6.43877000000000E+01
 1.97187500000000E+03  -6.06572000000000E+01
 1.97195830000000E+03  -5.25422000000000E+01
 1.97204170000000E+03  -5.71199000000000E+01
 1.97212500000000E+03  -5.91590000000000E+01
 1.97220830000000E+03  -6.34290000000000E+01
 1.97229170000000E+03  -6.36994000000000E+01
 1.97237500000000E+03  -5.14312000000000E+01
 1.97245830000000E+03  -7.30862000000000E+01
 1.97254170000000E+03  -8.72800000000000E+01
 1.97262500000000E+03  -5.34736000000000E+01
 1.97270830000000E+03  -4.50521000000000E+01
 1.97279170000000E+03  -2.81693000000000E+01
 1.97287500000000E+03  -3.56710000000000E+01
 1.97295830000000E+03  -4.11729000000000E+01
 1.97304170000000E+03  -3.83674000000000E+01
 1.97312500000000E+03  -4.04079000000000E+01
 1.97320830000000E+03  -3.74486000000000E+01
 1.97329170000000E+03  -3.56435000000000E+01
 1.97337500000000E+03   8.54100000000000E-01
 1.97345830000000E+03   4.12070000000000E+00
 1.97354170000000E+03   7.77160000000000E+00
 1.97362500000000E+03   1.46534000000000E+01
 1.97370830000000E+03  -8.69570000000000E+00
 1.97379170000000E+03  -1.61989000000000E+01
 1.97387500000000E+03  -2.59329000000000E+01
 1.97395830000000E+03  -1.58977000000000E+01
 1.97404170000000E+03   2.36790000000000E+00
 1.97412500000000E+03  -3.36640000000000E+00
 1.97420830000000E+03   8.28370000000000E+00
 1.97429170000000E+03   1.60105000000000E+01
 1.97437500000000E+03   2.48912000000000E+01
 1.97445830000000E+03   2.31564000000000E+01
 1.97454170000000E+03   2.12675000000000E+01
 1.97462500000000E+03   7.63200000000000E-01
 1.97470830000000E+03  -1.66430000000000E+00
 1.97479170000000E+03   1.18310000000000E+01
 1.97487500000000E+03   2.21726000000000E+01
 1.97495830000000E+03   2.44371000000000E+01
 1.97504170000000E+03   2.32397000000000E+01
 1.97512500000000E+03   1.25808000000000E+01
 1.97520830000000E+03   2.29219000000000E+01
 1.97529170000000E+03   1.60318000000000E+01
 1.97537500000000E+03   8.21880000000000E+00
 1.97545830000000E+03   7.94410000000000E+00
 1.97554170000000E+03  -2.79250000000000E+00
 1.97562500000000E+03  -3.73751000000000E+01
 1.97570830000000E+03  -3.53424000000000E+01
 1.97579170000000E+03  -3.96178000000000E+01
 1.97587500000000E+03  -4.01239000000000E+01
 1.97595830000000E+03  -3.90147000000000E+01
 1.97604170000000E+03  -3.45212000000000E+01
 1.97612500000000E+03  -3.82584000000000E+01
 1.97620830000000E+03  -4.01496000000000E+01
 1.97629170000000E+03  -4.95026000000000E+01
 1.97637500000000E+03  -4.35478000000000E+01
 1.97645830000000E+03  -4.45163000000000E+01
 1.97654170000000E+03  -5.65620000000000E+01
 1.97662500000000E+03  -8.17614000000000E+01
 1.97670830000000E+03  -6.80379000000000E+01
 1.97679170000000E+03  -4.35455000000000E+01
 1.97687500000000E+03  -4.78992000000000E+01
 1.97695830000000E+03  -4.43299000000000E+01
 1.97704170000000E+03  -4.04532000000000E+01
 1.97712500000000E+03  -4.95765000000000E+01
 1.97720830000000E+03  -4.46229000000000E+01
 1.97729170000000E+03  -3.82851000000000E+01
 1.97737500000000E+03  -6.56250000000000E+00
 1.97745830000000E+03  -1.81478000000000E+01
 1.97754170000000E+03  -1.48873000000000E+01
 1.97762500000000E+03  -2.97035000000000E+01
 1.97770830000000E+03  -1.93661000000000E+01
 1.97779170000000E+03  -3.08751000000000E+01
 1.97787500000000E+03  -4.70764000000000E+01
 1.97795830000000E+03  -3.18931000000000E+01
 1.97804170000000E+03  -2.63256000000000E+01
 1.97812500000000E+03  -2.12195000000000E+01
 1.97820830000000E+03   7.11720000000000E+00
 1.97829170000000E+03   1.14536000000000E+01
 1.97837500000000E+03   1.87132000000000E+01
 1.97845830000000E+03  -2.97197000000000E+01
 1.97854170000000E+03  -3.86145000000000E+01
 1.97862500000000E+03  -5.88168000000000E+01
 1.97870830000000E+03  -4.04038000000000E+01
 1.97879170000000E+03  -5.43759000000000E+01
 1.97887500000000E+03  -4.75016000000000E+01
 1.97895830000000E+03  -4.22429000000000E+01
 1.97904170000000E+03  -3.85230000000000E+01
 1.97912500000000E+03  -3.61106000000000E+01
 1.97920830000000E+03  -3.35446000000000E+01
 1.97929170000000E+03  -6.71327000000000E+01
 1.97937500000000E+03  -6.09515000000000E+01
 1.97945830000000E+03  -5.86166000000000E+01
 1.97954170000000E+03  -5.05128000000000E+01
 1.97962500000000E+03  -4.87935000000000E+01
 1.97970830000000E+03  -4.83050000000000E+01
 1.97979170000000E+03  -4.51247000000000E+01
 1.97987500000000E+03  -5.27134000000000E+01
 1.97995830000000E+03  -4.19946000000000E+01
 1.98004170000000E+03  -3.24300000000000E+01
 1.98012500000000E+03  -2.53267000000000E+01
 1.98020830000000E+03  -2.02237000000000E+01
 1.98029170000000E+03  -1.06594000000000E+01
 1.98037500000000E+03   6.75110000000000E+00
 1.98045830000000E+03   1.27000000000000E+01
 1.98054170000000E+03   1.44947000000000E+01
 1.98062500000000E+03   2.10587000000000E+01
 1.98070830000000E+03   3.53919000000000E+01
 1.98079170000000E+03   3.85708000000000E+01
 1.98087500000000E+03   3.22114000000000E+01
 1.98095830000000E+03   5.03134000000000E+01
 1.98104170000000E+03   5.01843000000000E+01
 1.98112500000000E+03   5.02860000000000E+01
 1.98120830000000E+03   3.93877000000000E+01
 1.98129170000000E+03   5.09505000000000E+01
 1.98137500000000E+03   6.49750000000000E+01
 1.98145830000000E+03   7.01532000000000E+01
 1.98154170000000E+03   5.67926000000000E+01
 1.98162500000000E+03   3.33552000000000E+01
 1.98170830000000E+03   4.13022000000000E+01
 1.98179170000000E+03   4.70182000000000E+01
 1.98187500000000E+03   5.49650000000000E+01
 1.98195830000000E+03   5.72194000000000E+01
 1.98204170000000E+03   4.97042000000000E+01
 1.98212500000000E+03   5.33430000000000E+01
 1.98220830000000E+03   5.07509000000000E+01
 1.98229170000000E+03   5.29277000000000E+01
 1.98237500000000E+03   4.63354000000000E+01
 1.98245830000000E+03   3.33583000000000E+01
 1.98254170000000E+03   6.23808000000000E+01
 1.98262500000000E+03   5.13266000000000E+01
 1.98270830000000E+03   6.45030000000000E+01
 1.98279170000000E+03   6.13714000000000E+01
 1.98287500000000E+03   5.61629000000000E+01
 1.98295830000000E+03   5.75697000000000E+01
 1.98304170000000E+03   5.62069000000000E+01
 1.98312500000000E+03   5.69981000000000E+01
 1.98320830000000E+03   6.20200000000000E+01
 1.98329170000000E+03   8.13492000000000E+01
 1.98337500000000E+03   8.99092000000000E+01
 1.98345830000000E+03   8.52384000000000E+01
 1.98354170000000E+03   8.84134000000000E+01
 1.98362500000000E+03   3.78961000000000E+01
 1.98370830000000E+03   2.65326000000000E+01
 1.98379170000000E+03   1.06303000000000E+01
 1.98387500000000E+03   5.18970000000000E+00
 1.98395830000000E+03   7.67200000000000E+00
 1.98404170000000E+03   1.06924000000000E+01
 1.98412500000000E+03   8.09750000000000E+00
 1.98420830000000E+03   1.78871000000000E+01
 1.98429170000000E+03   2.12149000000000E+01
 1.98437500000000E+03  -1.61110000000000E+00
 1.98445830000000E+03  -1.48988000000000E+01
 1.98454170000000E+03  -2.92637000000000E+01
 1.98462500000000E+03  -6.40901000000000E+01
 1.98470830000000E+03  -5.72242000000000E+01
 1.98479170000000E+03  -3.30511000000000E+01
 1.98487500000000E+03  -2.92624000000000E+01
 1.98495830000000E+03  -2.23200000000000E+01
 1.98504170000000E+03  -2.56087000000000E+01
 1.98512500000000E+03  -2.08204000000000E+01
 1.98520830000000E+03  -8.80150000000000E+00
 1.98529170000000E+03  -1.91675000000000E+01
 1.98537500000000E+03  -2.54565000000000E+01
 1.98545830000000E+03  -1.28994000000000E+01
 1.98554170000000E+03  -1.34270000000000E+00
 1.98562500000000E+03  -3.38628000000000E+01
 1.98570830000000E+03  -2.87676000000000E+01
 1.98579170000000E+03  -3.45959000000000E+01
 1.98587500000000E+03  -4.53472000000000E+01
 1.98595830000000E+03  -4.30216000000000E+01
 1.98604170000000E+03  -4.34656000000000E+01
 1.98612500000000E+03  -4.59095000000000E+01
 1.98620830000000E+03  -4.98151000000000E+01
 1.98629170000000E+03  -4.71056000000000E+01
 1.98637500000000E+03  -3.67806000000000E+01
 1.98645830000000E+03  -3.01481000000000E+01
 1.98654170000000E+03  -6.06698000000000E+01
 1.98662500000000E+03  -7.61913000000000E+01
 1.98670830000000E+03  -5.14053000000000E+01
 1.98679170000000E+03  -5.23888000000000E+01
 1.98687500000000E+03  -4.12954000000000E+01
 1.98695830000000E+03  -3.69712000000000E+01
 1.98704170000000E+03  -3.01090000000000E+01
 1.98712500000000E+03  -2.41697000000000E+01
 1.98720830000000E+03  -1.17690000000000E+01
 1.98729170000000E+03  -1.70610000000000E+01
 1.98737500000000E+03  -1.75836000000000E+01
 1.98745830000000E+03  -2.11064000000000E+01
 1.98754170000000E+03  -2.60910000000000E+01
 1.98762500000000E+03   1.21552000000000E+01
 1.98770830000000E+03   2.73244000000000E+01
 1.98779170000000E+03   3.04163000000000E+01
 1.98787500000000E+03   3.05853000000000E+01
 1.98795830000000E+03   3.11388000000000E+01
 1.98804170000000E+03   3.60765000000000E+01
 1.98812500000000E+03   3.88605000000000E+01
 1.98820830000000E+03   4.21828000000000E+01
 1.98829170000000E+03   2.91971000000000E+01
 1.98837500000000E+03   3.99807000000000E+01
 1.98845830000000E+03   4.76873000000000E+01
 1.98854170000000E+03   4.93935000000000E+01
 1.98862500000000E+03   5.23306000000000E+01
 1.98870830000000E+03   4.17292000000000E+01
 1.98879170000000E+03   1.63581000000000E+01
 1.98887500000000E+03   1.86795000000000E+01
 1.98895830000000E+03   2.35392000000000E+01
 1.98904170000000E+03   2.23985000000000E+01
 1.98912500000000E+03   2.61041000000000E+01
 1.98920830000000E+03   2.07327000000000E+01
 1.98929170000000E+03   2.06686000000000E+01
 1.98937500000000E+03   2.31431000000000E+01
 1.98945830000000E+03   2.44637000000000E+01
 1.98954170000000E+03   2.18607000000000E+01
 1.98962500000000E+03   4.61810000000000E+01
 1.98970830000000E+03   4.71166000000000E+01
 1.98979170000000E+03   3.26672000000000E+01
 1.98987500000000E+03   3.68332000000000E+01
 1.98995830000000E+03   4.06915000000000E+01
 1.99004170000000E+03   4.69340000000000E+01
 1.99012500000000E+03   5.10228000000000E+01
 1.99020830000000E+03   5.48038000000000E+01
 1.99029170000000E+03   5.92767000000000E+01
 1.99037500000000E+03   5.52113000000000E+01
 1.99045830000000E+03   5.93766000000000E+01
 1.99054170000000E+03   5.07722000000000E+01
 1.99062500000000E+03   1.15526000000000E+01
 1.99070830000000E+03  -3.45133000000000E+01
 1.99079170000000E+03  -5.78103000000000E+01
 1.99087500000000E+03  -6.07995000000000E+01
 1.99095830000000E+03  -4.84042000000000E+01
 1.99104170000000E+03  -5.10093000000000E+01
 1.99112500000000E+03  -5.26912000000000E+01
 1.99120830000000E+03  -5.12193000000000E+01
 1.99129170000000E+03  -5.95940000000000E+01
 1.99137500000000E+03  -5.69685000000000E+01
 1.99145830000000E+03  -5.51124000000000E+01
 1.99154170000000E+03  -6.34874000000000E+01
 1.99162500000000E+03  -5.97854000000000E+01
 1.99170830000000E+03  -3.22373000000000E+01
 1.99179170000000E+03  -1.87666000000000E+01
 1.99187500000000E+03  -2.08341000000000E+01
 1.99195830000000E+03  -1.95172000000000E+01
 1.99204170000000E+03  -2.08161000000000E+01
 1.99212500000000E+03  -1.01147000000000E+01
 1.99220830000000E+03  -1.08751000000000E+01
 1.99229170000000E+03  -1.77128000000000E+01
 1.99237500000000E+03  -2.24260000000000E+00
 1.99245830000000E+03  -8.15710000000000E+00
 1.99254170000000E+03   7.00490000000000E+00
 1.99262500000000E+03   1.17824000000000E+01
 1.99270830000000E+03  -5.59410000000000E+00
 1.99279170000000E+03  -2.26632000000000E+01
 1.99287500000000E+03  -3.01938000000000E+01
 1.99295830000000E+03  -2.09552000000000E+01
 1.99304170000000E+03  -1.01786000000000E+01
 1.99312500000000E+03  -5.78640000000000E+00
 1.99320830000000E+03  -1.20866000000000E+01
 1.99329170000000E+03  -1.38488000000000E+01
 1.99337500000000E+03  -2.39955000000000E+01
 1.99345830000000E+03  -2.27576000000000E+01
 1.99354170000000E+03  -3.05860000000000E+00
 1.99362500000000E+03  -5.45902000000000E+01
 1.99370830000000E+03  -4.41220000000000E+01
 1.99379170000000E+03  -3.54233000000000E+01
 1.99387500000000E+03  -2.62630000000000E+01
 1.99395830000000E+03  -1.45643000000000E+01
 1.99404170000000E+03  -2.00199000000000E+01
 1.99412500000000E+03  -1.91676000000000E+01
 1.99420830000000E+03  -1.47770000000000E+01
 1.99429170000000E+03  -1.36176000000000E+01
 1.99437500000000E+03  -2.68870000000000E+00
 1.99445830000000E+03   2.73169000000000E+01
 1.99454170000000E+03   2.27837000000000E+01
 1.99462500000000E+03   2.52506000000000E+01
 1.99470830000000E+03   6.50252000000000E+01
 1.99479170000000E+03   5.07993000000000E+01
 1.99487500000000E+03   4.96505000000000E+01
 1.99495830000000E+03   5.41169000000000E+01
 1.99504170000000E+03   4.88907000000000E+01
 1.99512500000000E+03   5.56646000000000E+01
 1.99520830000000E+03   5.88999000000000E+01
 1.99529170000000E+03   5.59041000000000E+01
 1.99537500000000E+03   6.22161000000000E+01
 1.99545830000000E+03   3.81434000000000E+01
 1.99554170000000E+03  -1.48528000000000E+01
 1.99562500000000E+03  -4.80027000000000E+01
 1.99570830000000E+03  -9.47681000000000E+01
 1.99579170000000E+03  -1.20072300000000E+02
 1.99587500000000E+03  -1.23684100000000E+02
 1.99595830000000E+03  -1.19065200000000E+02
 1.99604170000000E+03  -1.20523700000000E+02
 1.99612500000000E+03  -1.22289700000000E+02
 1.99620830000000E+03  -1.25978900000000E+02
 1.99629170000000E+03  -1.28899200000000E+02
 1.99637500000000E+03  -1.17742500000000E+02
 1.99645830000000E+03  -1.30970500000000E+02
 1.99654170000000E+03  -1.28506600000000E+02
 1.99662500000000E+03  -8.10425000000000E+01
 1.99670830000000E+03  -6.33478000000000E+01
 1.99679170000000E+03  -3.94228000000000E+01
 1.99687500000000E+03  -3.31129000000000E+01
 1.99695830000000E+03  -3.16493000000000E+01
 1.99704170000000E+03  -3.58785000000000E+01
 1.99712500000000E+03  -3.95690000000000E+01
 1.99720830000000E+03  -3.01827000000000E+01
 1.99729170000000E+03  -1.37968000000000E+01
 1.99737500000000E+03  -3.48723000000000E+01
 1.99745830000000E+03  -5.35632000000000E+01
 1.99754170000000E+03  -3.65623000000000E+01
 1.99762500000000E+03  -1.18689000000000E+01
 1.99770830000000E+03  -2.50987000000000E+01
 1.99779170000000E+03  -2.69443000000000E+01
 1.99787500000000E+03  -3.36359000000000E+01
 1.99795830000000E+03  -2.84045000000000E+01
 1.99804170000000E+03  -1.51736000000000E+01
 1.99812500000000E+03  -3.94240000000000E+00
 1.99820830000000E+03   2.36550000000000E+00
 1.99829170000000E+03   1.85961000000000E+01
 1.99837500000000E+03   8.21150000000000E+00
 1.99845830000000E+03   3.25191000000000E+01
 1.99854170000000E+03   4.29031000000000E+01
 1.99862500000000E+03   5.66720000000000E+01
 1.99870830000000E+03   4.32100000000000E+01
 1.99879170000000E+03   4.06707000000000E+01
 1.99887500000000E+03   3.39776000000000E+01
 1.99895830000000E+03   3.71306000000000E+01
 1.99904170000000E+03   3.68986000000000E+01
 1.99912500000000E+03   2.86668000000000E+01
 1.99920830000000E+03   2.66656000000000E+01
 1.99929170000000E+03   2.67409000000000E+01
 1.99937500000000E+03   1.03548000000000E+01
 1.99945830000000E+03   3.52764000000000E+01
 1.99954170000000E+03   3.95821000000000E+01
 1.99962500000000E+03   4.76572000000000E+01
 1.99970830000000E+03   3.14245000000000E+01
 1.99979170000000E+03   2.78837000000000E+01
 1.99987500000000E+03   2.78816000000000E+01
 1.99995830000000E+03   3.58024000000000E+01
 2.00004170000000E+03   4.24920000000000E+01
 2.00012500000000E+03   4.11818000000000E+01
 2.00020830000000E+03   3.68715000000000E+01
 2.00029170000000E+03   3.72530000000000E+01
 2.00037500000000E+03   3.73271000000000E+01
 2.00045830000000E+03   4.46318000000000E+01
 2.00054170000000E+03   1.56284000000000E+01
 2.00062500000000E+03  -1.68260000000000E+00
 2.00070830000000E+03  -2.44552000000000E+01
 2.00079170000000E+03  -2.98435000000000E+01
 2.00087500000000E+03  -2.94625000000000E+01
 2.00095830000000E+03  -2.38509000000000E+01
 2.00104170000000E+03  -2.30088000000000E+01
 2.00112500000000E+03  -2.31666000000000E+01
 2.00120830000000E+03  -2.47840000000000E+00
 2.00129170000000E+03   1.48248000000000E+01
 2.00137500000000E+03   2.78974000000000E+01
 2.00145830000000E+03   3.49699000000000E+01
 2.00154170000000E+03   3.54266000000000E+01
 2.00162500000000E+03   6.64219000000000E+01
 2.00170830000000E+03   7.09555000000000E+01
 2.00179170000000E+03   7.11042000000000E+01
 2.00187500000000E+03   6.54838000000000E+01
 2.00195830000000E+03   7.39401000000000E+01
 2.00204170000000E+03   7.50115000000000E+01
 2.00212500000000E+03   7.73907000000000E+01
 2.00220830000000E+03   7.61544000000000E+01
 2.00229170000000E+03   6.50716000000000E+01
 2.00237500000000E+03   5.02966000000000E+01
 2.00245830000000E+03   1.32907000000000E+01
 2.00254170000000E+03   1.95152000000000E+01
 2.00262500000000E+03  -5.87560000000000E+00
 2.00270830000000E+03  -4.41126000000000E+01
 2.00279170000000E+03  -5.15808000000000E+01
 2.00287500000000E+03  -4.83565000000000E+01
 2.00295830000000E+03  -4.27477000000000E+01
 2.00304170000000E+03  -4.49085000000000E+01
 2.00312500000000E+03  -4.38385000000000E+01
 2.00320830000000E+03  -4.41531000000000E+01
 2.00329170000000E+03  -4.16990000000000E+01
 2.00337500000000E+03  -5.18600000000000E+01
 2.00345830000000E+03  -4.07904000000000E+01
 2.00354170000000E+03  -1.45674000000000E+01
 2.00362500000000E+03  -1.95749000000000E+01
 2.00370830000000E+03  -1.48903000000000E+01
 2.00379170000000E+03  -1.72061000000000E+01
 2.00387500000000E+03  -1.32909000000000E+01
 2.00395830000000E+03  -7.14510000000000E+00
 2.00404170000000E+03  -7.69200000000000E+00
 2.00412500000000E+03  -4.70030000000000E+00
 2.00420830000000E+03   4.29130000000000E+00
 2.00429170000000E+03   2.82500000000000E-01
 2.00437500000000E+03   5.73540000000000E+00
 2.00445830000000E+03   1.72651000000000E+01
 2.00454170000000E+03   2.78713000000000E+01
 2.00462500000000E+03   1.17084000000000E+01
 2.00470830000000E+03  -8.37760000000000E+00
 2.00479170000000E+03  -1.01564000000000E+01
 2.00487500000000E+03  -3.24270000000000E+00
 2.00495830000000E+03  -4.71370000000000E+00
 2.00504170000000E+03  -5.03130000000000E+00
 2.00512500000000E+03  -2.27180000000000E+00
 2.00520830000000E+03  -5.66620000000000E+00
 2.00529170000000E+03  -2.35226000000000E+01
 2.00537500000000E+03  -1.37635000000000E+01
 2.00545830000000E+03  -2.23121000000000E+01
 2.00554170000000E+03  -4.80920000000000E+01
 2.00562500000000E+03  -7.67947000000000E+01
 2.00570830000000E+03  -8.18053000000000E+01
 2.00579170000000E+03  -7.22778000000000E+01
 2.00587500000000E+03  -6.82886000000000E+01
 2.00595830000000E+03  -7.27611000000000E+01
 2.00604170000000E+03  -7.57724000000000E+01
 2.00612500000000E+03  -7.21682000000000E+01
 2.00620830000000E+03  -7.20256000000000E+01
 2.00629170000000E+03  -6.18835000000000E+01
 2.00637500000000E+03  -3.20488000000000E+01
 2.00645830000000E+03  -3.12143000000000E+01
 2.00654170000000E+03  -1.53410000000000E+00
 2.00662500000000E+03   1.15310000000000E+01
 2.00670830000000E+03   2.16728000000000E+01
 2.00679170000000E+03   2.31219000000000E+01
 2.00687500000000E+03   2.13405000000000E+01
 2.00695830000000E+03   2.80204000000000E+01
 2.00704170000000E+03   4.43153000000000E+01
 2.00712500000000E+03   5.32258000000000E+01
 2.00720830000000E+03   5.71361000000000E+01
 2.00729170000000E+03   5.09692000000000E+01
 2.00737500000000E+03   5.82639000000000E+01
 2.00745830000000E+03   4.11739000000000E+01
 2.00754170000000E+03   3.86219000000000E+01
 2.00762500000000E+03   1.23778000000000E+01
 2.00770830000000E+03   3.44413000000000E+01
 2.00779170000000E+03   2.28121000000000E+01
 2.00787500000000E+03   2.17984000000000E+01
 2.00795830000000E+03   2.37846000000000E+01
 2.00804170000000E+03   2.44627000000000E+01
 2.00812500000000E+03   2.04486000000000E+01
 2.00820830000000E+03   1.21268000000000E+01
 2.00829170000000E+03   1.74199000000000E+01
 2.00837500000000E+03   2.94824000000000E+01
 2.00845830000000E+03   2.54480000000000E+00
 2.00854170000000E+03  -1.22394000000000E+01
 2.00862500000000E+03  -2.43311000000000E+01
 2.00870830000000E+03  -2.84229000000000E+01
 2.00879170000000E+03  -5.90535000000000E+01
 2.00887500000000E+03  -5.75302000000000E+01
 2.00895830000000E+03  -4.56993000000000E+01
 2.00904170000000E+03  -3.91765000000000E+01
 2.00912500000000E+03  -4.00381000000000E+01
 2.00920830000000E+03  -4.14384000000000E+01
 2.00929170000000E+03  -3.40698000000000E+01
 2.00937500000000E+03  -3.81625000000000E+01
 2.00945830000000E+03  -4.97170000000000E+01
 2.00954170000000E+03  -5.78103000000000E+01
 2.00962500000000E+03  -5.75188000000000E+01
 2.00970830000000E+03  -5.39197000000000E+01
 2.00979170000000E+03  -6.40903000000000E+01
 2.00987500000000E+03  -5.76453000000000E+01
 2.00995830000000E+03  -5.45082000000000E+01
 2.01004170000000E+03  -5.45253000000000E+01
 2.01012500000000E+03  -5.50806000000000E+01
 2.01020830000000E+03  -5.40208000000000E+01
 2.01029170000000E+03  -4.81152000000000E+01
 2.01037500000000E+03  -4.51324000000000E+01
 2.01045830000000E+03  -5.78422000000000E+01
 2.01054170000000E+03  -5.40138000000000E+01
 2.01062500000000E+03  -4.58007000000000E+01
 2.01070830000000E+03  -5.34338000000000E+01
 2.01079170000000E+03  -5.92982000000000E+01
 2.01087500000000E+03  -5.47008000000000E+01
 2.01095830000000E+03  -4.99497000000000E+01
 2.01104170000000E+03  -4.29682000000000E+01
 2.01112500000000E+03  -3.50635000000000E+01
 2.01120830000000E+03  -3.20820000000000E+01
 2.01129170000000E+03  -2.92548000000000E+01
 2.01137500000000E+03  -3.82735000000000E+01
 2.01145830000000E+03  -1.03693000000000E+01
 2.01154170000000E+03   8.38070000000000E+00
 2.01162500000000E+03  -8.02300000000000E+00
 2.01170830000000E+03  -8.27300000000000E+00
 2.01179170000000E+03  -6.00300000000000E-01
 2.01187500000000E+03   1.07260000000000E+00
 2.01195830000000E+03   4.28380000000000E+00
 2.01204170000000E+03   6.72530000000000E+00
 2.01212500000000E+03   3.24400000000000E+00
 2.01220830000000E+03   4.60870000000000E+00
 2.01229170000000E+03   2.80600000000000E-01
 2.01237500000000E+03   3.49120000000000E+00
 2.01245830000000E+03   4.54790000000000E+00
 2.01254170000000E+03  -2.98574000000000E+01
 2.01262500000000E+03  -5.78780000000000E+01
 2.01270830000000E+03  -7.33601000000000E+01
 2.01279170000000E+03  -7.29197000000000E+01
 2.01287500000000E+03  -6.79406000000000E+01
 2.01295830000000E+03  -6.54231000000000E+01
 2.01304170000000E+03  -6.75215000000000E+01
 2.01312500000000E+03  -6.74658000000000E+01
 2.01320830000000E+03  -6.40256000000000E+01
 2.01329170000000E+03  -6.84320000000000E+01
 2.01337500000000E+03  -6.01459000000000E+01
 2.01345830000000E+03  -5.07061000000000E+01
 2.01354170000000E+03  -5.91898000000000E+01
 2.01362500000000E+03  -5.49810000000000E+01
 2.01370830000000E+03  -5.03108000000000E+01
 2.01379170000000E+03  -2.28717000000000E+01
 2.01387500000000E+03  -1.91248000000000E+01
 2.01395830000000E+03  -1.73011000000000E+01
 2.01404170000000E+03  -1.31702000000000E+01
 2.01412500000000E+03  -2.96210000000000E+00
 2.01420830000000E+03  -1.21560000000000E+00
 2.01429170000000E+03   5.22270000000000E+00
 2.01437500000000E+03  -3.41580000000000E+00
 2.01445830000000E+03   4.17640000000000E+00
 2.01454170000000E+03   1.13836000000000E+01
 2.01462500000000E+03   1.52064000000000E+01
 2.01470830000000E+03   1.27213000000000E+01
 2.01479170000000E+03   1.55435000000000E+01
 2.01487500000000E+03   1.76736000000000E+01
 2.01495830000000E+03   1.84959000000000E+01
 2.01504170000000E+03   2.34715000000000E+01
 2.01512500000000E+03   2.17551000000000E+01
 2.01520830000000E+03   1.98078000000000E+01
 2.01529170000000E+03   1.32447000000000E+01
 2.01537500000000E+03   3.32202000000000E+01
 2.01545830000000E+03   5.30417000000000E+01
 2.01554170000000E+03   3.15551000000000E+01
 2.01562500000000E+03   2.04534000000000E+01
 2.01570830000000E+03   1.64284000000000E+01
 2.01579170000000E+03   1.95569000000000E+01
 2.01587500000000E+03   2.13009000000000E+01
 2.01595830000000E+03   2.16602000000000E+01
 2.01604170000000E+03   3.14037000000000E+01
 2.01612500000000E+03   3.06858000000000E+01
 2.01620830000000E+03   3.78909000000000E+01
 2.01629170000000E+03   2.49417000000000E+01
 2.01637500000000E+03   3.15311000000000E+01
 2.01645830000000E+03   1.27358000000000E+01
 2.01654170000000E+03   5.01710000000000E+00
 2.01662500000000E+03  -3.00920000000000E+00
 2.01670830000000E+03  -1.79587000000000E+01
 2.01679170000000E+03  -8.29320000000000E+00
 2.01687500000000E+03  -1.50891000000000E+01
 2.01695830000000E+03  -9.19280000000000E+00
 2.01704170000000E+03  -6.06620000000000E+00
 2.01712500000000E+03  -7.01620000000000E+00
 2.01720830000000E+03  -4.27410000000000E+00
 2.01729170000000E+03   1.38522000000000E+01
 2.01737500000000E+03   4.35171000000000E+01
 2.01745830000000E+03   5.84896000000000E+01
 2.01754170000000E+03   5.79232000000000E+01
 2.01762500000000E+03   4.07417000000000E+01
 2.01770830000000E+03   2.74061000000000E+01
 2.01779170000000E+03   2.27625000000000E+01
 2.01787500000000E+03   1.52728000000000E+01
 2.01795830000000E+03   2.10908000000000E+01
 2.01804170000000E+03   1.35237000000000E+01
 2.01812500000000E+03   1.46491000000000E+01
 2.01820830000000E+03   1.90051000000000E+01
 2.01829170000000E+03   2.17454000000000E+01
 2.01837500000000E+03  -1.45142000000000E+01
 2.01845830000000E+03  -2.66201000000000E+01
 2.01854170000000E+03  -2.81879000000000E+01
 2.01862500000000E+03  -3.78324000000000E+01
 2.01870830000000E+03  -8.24630000000000E+00
 2.01879170000000E+03  -4.29900000000000E-01
 2.01887500000000E+03   5.15590000000000E+00
 2.01895830000000E+03   6.20320000000000E+00
 2.01904170000000E+03   9.55780000000000E+00
 2.01912500000000E+03   1.58356000000000E+01
 2.01920830000000E+03   2.07286000000000E+01
 2.01929170000000E+03   2.43136000000000E+01
 2.01937500000000E+03   1.75910000000000E+01
 2.01945830000000E+03   4.47145000000000E+01
 2.01954170000000E+03   5.13760000000000E+01
 2.01962500000000E+03   6.75762000000000E+01
 2.01970830000000E+03   6.51608000000000E+01
 2.01979170000000E+03   3.92066000000000E+01
 2.01987500000000E+03   5.10987000000000E+01
 2.01995830000000E+03   5.22984000000000E+01
 2.02004170000000E+03   6.33438000000000E+01
 2.02012500000000E+03   6.42355000000000E+01
 2.02020830000000E+03   6.59733000000000E+01
 2.02029170000000E+03   6.23260000000000E+01
 2.02037500000000E+03   5.95251000000000E+01
 2.02045830000000E+03   5.95702000000000E+01
 2.02054170000000E+03   5.00765000000000E+01
 2.02062500000000E+03   1.82752000000000E+01
 2.02070830000000E+03  -1.10647000000000E+01
 2.02079170000000E+03  -6.55880000000000E+00
 2.02087500000000E+03   5.02420000000000E+00
 2.02095830000000E+03   6.14550000000000E+00
 2.02104170000000E+03   8.65100000000000E+00
 2.02112500000000E+03   1.03105000000000E+01
 2.02120830000000E+03   1.02776000000000E+01
 2.02129170000000E+03   1.99366000000000E+01
 2.02137500000000E+03   2.85958000000000E+01
 2.02145830000000E+03   2.00241000000000E+01
 2.02154170000000E+03   3.56058000000000E+01
 2.02162500000000E+03   5.94184000000000E+01
 2.02170830000000E+03   5.53848000000000E+01
 2.02179170000000E+03   4.69662000000000E+01
 2.02187500000000E+03   4.10862000000000E+01
 2.02195830000000E+03   3.45137000000000E+01
 2.02204170000000E+03   3.53255000000000E+01
 2.02212500000000E+03   2.77528000000000E+01
 2.02220830000000E+03   2.48723000000000E+01
 2.02229170000000E+03   2.65299000000000E+01
 2.02237500000000E+03   1.34184000000000E+01
 2.02245830000000E+03   3.84520000000000E+00
 2.02254170000000E+03   1.91947000000000E+01
 2.02262500000000E+03   5.62130000000000E+00
 2.02270830000000E+03  -1.71060000000000E+01
 2.02279170000000E+03  -5.83380000000000E+00
 2.02287500000000E+03  -1.10230000000000E+01
 2.02295830000000E+03  -1.15968000000000E+01
 2.02304170000000E+03  -6.32700000000000E-01
 2.02312500000000E+03   6.79320000000000E+00
 2.02320830000000E+03   1.61421000000000E+01
 2.02329170000000E+03   2.11058000000000E+01
 2.02337500000000E+03   3.70698000000000E+01
 2.02345830000000E+03   5.53414000000000E+01
 2.02354170000000E+03   5.68882000000000E+01
 2.02362500000000E+03   4.47650000000000E+01
 2.02370830000000E+03   4.54704000000000E+01
 2.02379170000000E+03   4.39472000000000E+01
 2.02387500000000E+03   6.68602000000000E+01
 2.02395830000000E+03   1.00110500000000E+02
