 1.91904170000000E+03   5.22535000000000E+01
 1.91912500000000E+03   3.31949000000000E+01
 1.91920830000000E+03   2.54736000000000E+01
 1.91929170000000E+03   1.00885000000000E+01
 1.91937500000000E+03   1.27663000000000E+01
 1.91945830000000E+03   1.57411000000000E+01
 1.91954170000000E+03   1.54828000000000E+01
 1.91962500000000E+03  -1.85573000000000E+01
 1.91970830000000E+03  -3.03666000000000E+01
 1.91979170000000E+03  -4.02527000000000E+01
 1.91987500000000E+03  -4.85233000000000E+01
 1.91995830000000E+03  -5.21014000000000E+01
 1.92004170000000E+03  -5.28333000000000E+01
 1.92012500000000E+03  -5.35651000000000E+01
 1.92020830000000E+03  -4.23737000000000E+01
 1.92029170000000E+03  -3.21053000000000E+01
 1.92037500000000E+03  -1.54521000000000E+01
 1.92045830000000E+03  -4.91100000000000E-01
 1.92054170000000E+03   3.93140000000000E+00
 1.92062500000000E+03   1.06619000000000E+01
 1.92070830000000E+03   1.69309000000000E+01
 1.92079170000000E+03   1.15076000000000E+01
 1.92087500000000E+03   1.03153000000000E+01
 1.92095830000000E+03   1.75847000000000E+01
 1.92104170000000E+03   1.17002000000000E+01
 1.92112500000000E+03   1.00467000000000E+01
 1.92120830000000E+03   1.73164000000000E+01
 1.92129170000000E+03   2.85092000000000E+01
 1.92137500000000E+03   2.80098000000000E+01
 1.92145830000000E+03   2.70491000000000E+01
 1.92154170000000E+03   8.47300000000000E+00
 1.92162500000000E+03  -2.33370000000000E+00
 1.92170830000000E+03  -9.60180000000000E+00
 1.92179170000000E+03  -1.99468000000000E+01
 1.92187500000000E+03  -1.92916000000000E+01
 1.92195830000000E+03  -1.79440000000000E+01
 1.92204170000000E+03  -3.44425000000000E+01
 1.92212500000000E+03  -3.70947000000000E+01
 1.92220830000000E+03  -3.12852000000000E+01
 1.92229170000000E+03  -2.87834000000000E+01
 1.92237500000000E+03  -3.04353000000000E+01
 1.92245830000000E+03  -3.33178000000000E+01
 1.92254170000000E+03  -3.15079000000000E+01
 1.92262500000000E+03  -3.92363000000000E+01
 1.92270830000000E+03  -4.79647000000000E+01
 1.92279170000000E+03  -5.03852000000000E+01
 1.92287500000000E+03  -3.88826000000000E+01
 1.92295830000000E+03  -4.03029000000000E+01
 1.92304170000000E+03  -4.12616000000000E+01
 1.92312500000000E+03  -3.28355000000000E+01
 1.92320830000000E+03  -2.34863000000000E+01
 1.92329170000000E+03  -1.62139000000000E+01
 1.92337500000000E+03  -4.47980000000000E+00
 1.92345830000000E+03   2.02370000000000E+00
 1.92354170000000E+03   4.83490000000000E+00
 1.92362500000000E+03   1.13385000000000E+01
 1.92370830000000E+03   9.84230000000000E+00
 1.92379170000000E+03   1.19615000000000E+01
 1.92387500000000E+03   4.69630000000000E+00
 1.92395830000000E+03  -1.95340000000000E+00
 1.92404170000000E+03  -4.83390000000000E+00
 1.92412500000000E+03  -3.63720000000000E+00
 1.92420830000000E+03   1.48260000000000E+00
 1.92429170000000E+03   1.25256000000000E+01
 1.92437500000000E+03   1.81071000000000E+01
 1.92445830000000E+03   4.68880000000000E+00
 1.92454170000000E+03  -1.08063000000000E+01
 1.92462500000000E+03  -9.91670000000000E+00
 1.92470830000000E+03  -2.63347000000000E+01
 1.92479170000000E+03  -2.04449000000000E+01
 1.92487500000000E+03  -1.37088000000000E+01
 1.92495830000000E+03  -6.04950000000000E+00
 1.92504170000000E+03   2.37910000000000E+00
 1.92512500000000E+03   5.19240000000000E+00
 1.92520830000000E+03   5.85200000000000E+00
 1.92529170000000E+03   2.05020000000000E+00
 1.92537500000000E+03  -1.36100000000000E-01
 1.92545830000000E+03   4.52380000000000E+00
 1.92554170000000E+03   1.99531000000000E+01
 1.92562500000000E+03   3.73056000000000E+01
 1.92570830000000E+03   2.98120000000000E+01
 1.92579170000000E+03   3.13954000000000E+01
 1.92587500000000E+03   4.09790000000000E+01
 1.92595830000000E+03   3.91012000000000E+01
 1.92604170000000E+03   3.74542000000000E+01
 1.92612500000000E+03   3.48073000000000E+01
 1.92620830000000E+03   3.03144000000000E+01
 1.92629170000000E+03   4.45908000000000E+01
 1.92637500000000E+03   5.81751000000000E+01
 1.92645830000000E+03   5.69902000000000E+01
 1.92654170000000E+03   4.84977000000000E+01
 1.92662500000000E+03   4.33131000000000E+01
 1.92670830000000E+03   2.38209000000000E+01
 1.92679170000000E+03   1.76364000000000E+01
 1.92687500000000E+03   1.17598000000000E+01
 1.92695830000000E+03   1.11400000000000E+00
 1.92704170000000E+03  -2.45470000000000E+00
 1.92712500000000E+03  -8.56180000000000E+00
 1.92720830000000E+03  -4.36100000000000E+00
 1.92729170000000E+03   1.55321000000000E+01
 1.92737500000000E+03   1.61946000000000E+01
 1.92745830000000E+03   3.78030000000000E+00
 1.92754170000000E+03   3.05840000000000E+00
 1.92762500000000E+03  -6.35570000000000E+00
 1.92770830000000E+03  -1.15389000000000E+01
 1.92779170000000E+03  -1.15682000000000E+01
 1.92787500000000E+03  -8.90500000000000E+00
 1.92795830000000E+03  -8.70330000000000E+00
 1.92804170000000E+03  -1.05784000000000E+01
 1.92812500000000E+03  -1.15302000000000E+01
 1.92820830000000E+03  -1.25589000000000E+01
 1.92829170000000E+03  -1.23568000000000E+01
 1.92837500000000E+03  -1.06929000000000E+01
 1.92845830000000E+03  -6.49050000000000E+00
 1.92854170000000E+03  -7.28800000000000E+00
 1.92862500000000E+03  -2.87008000000000E+01
 1.92870830000000E+03  -3.03442000000000E+01
 1.92879170000000E+03  -4.51414000000000E+01
 1.92887500000000E+03  -6.08615000000000E+01
 1.92895830000000E+03  -6.05046000000000E+01
 1.92904170000000E+03  -5.53783000000000E+01
 1.92912500000000E+03  -4.76366000000000E+01
 1.92920830000000E+03  -5.09716000000000E+01
 1.92929170000000E+03  -3.47681000000000E+01
 1.92937500000000E+03  -3.66414000000000E+01
 1.92945830000000E+03  -4.42069000000000E+01
 1.92954170000000E+03  -6.53877000000000E+01
 1.92962500000000E+03  -5.06453000000000E+01
 1.92970830000000E+03  -4.52104000000000E+01
 1.92979170000000E+03  -4.54678000000000E+01
 1.92987500000000E+03  -4.71097000000000E+01
 1.92995830000000E+03  -3.70591000000000E+01
 1.93004170000000E+03  -4.22392000000000E+01
 1.93012500000000E+03  -4.62654000000000E+01
 1.93020830000000E+03  -5.12145000000000E+01
 1.93029170000000E+03  -3.40866000000000E+01
 1.93037500000000E+03  -3.06508000000000E+01
 1.93045830000000E+03  -7.21500000000000E+00
 1.93054170000000E+03   1.29133000000000E+01
 1.93062500000000E+03   3.79647000000000E+01
 1.93070830000000E+03   3.09394000000000E+01
 1.93079170000000E+03   4.32987000000000E+01
 1.93087500000000E+03   4.37351000000000E+01
 1.93095830000000E+03   5.20947000000000E+01
 1.93104170000000E+03   5.01467000000000E+01
 1.93112500000000E+03   5.05834000000000E+01
 1.93120830000000E+03   5.74049000000000E+01
 1.93129170000000E+03   7.00726000000000E+01
 1.93137500000000E+03   6.60481000000000E+01
 1.93145830000000E+03   7.21776000000000E+01
 1.93154170000000E+03   5.66918000000000E+01
 1.93162500000000E+03   3.62830000000000E+01
 1.93170830000000E+03   2.24898000000000E+01
 1.93179170000000E+03   2.45427000000000E+01
 1.93187500000000E+03   2.07497000000000E+01
 1.93195830000000E+03   1.81106000000000E+01
 1.93204170000000E+03   1.83178000000000E+01
 1.93212500000000E+03   2.20635000000000E+01
 1.93220830000000E+03   2.85786000000000E+01
 1.93229170000000E+03   3.01708000000000E+01
 1.93237500000000E+03   3.64553000000000E+01
 1.93245830000000E+03   4.25092000000000E+01
 1.93254170000000E+03   3.71017000000000E+01
 1.93262500000000E+03   2.86173000000000E+01
 1.93270830000000E+03   3.06715000000000E+01
 1.93279170000000E+03   2.19566000000000E+01
 1.93287500000000E+03   1.63188000000000E+01
 1.93295830000000E+03   1.60656000000000E+01
 1.93304170000000E+03   1.98126000000000E+01
 1.93312500000000E+03   1.50982000000000E+01
 1.93320830000000E+03   1.97684000000000E+01
 1.93329170000000E+03   2.04388000000000E+01
 1.93337500000000E+03   2.23401000000000E+01
 1.93345830000000E+03   1.94722000000000E+01
 1.93354170000000E+03   2.64506000000000E+01
 1.93362500000000E+03   2.56599000000000E+01
 1.93370830000000E+03   2.94078000000000E+01
 1.93379170000000E+03   2.00019000000000E+01
 1.93387500000000E+03   3.16731000000000E+01
 1.93395830000000E+03   2.79597000000000E+01
 1.93404170000000E+03   2.60926000000000E+01
 1.93412500000000E+03   2.04565000000000E+01
 1.93420830000000E+03   1.90512000000000E+01
 1.93429170000000E+03   2.18767000000000E+01
 1.93437500000000E+03   4.10870000000000E+01
 1.93445830000000E+03   4.33743000000000E+01
 1.93454170000000E+03   3.91233000000000E+01
 1.93462500000000E+03   3.37185000000000E+01
 1.93470830000000E+03   2.90062000000000E+01
 1.93479170000000E+03   1.96016000000000E+01
 1.93487500000000E+03   1.28126000000000E+01
 1.93495830000000E+03   8.10060000000000E+00
 1.93504170000000E+03   5.69640000000000E+00
 1.93512500000000E+03   3.52310000000000E+00
 1.93520830000000E+03   4.65760000000000E+00
 1.93529170000000E+03   1.02537000000000E+01
 1.93537500000000E+03   3.15760000000000E+00
 1.93545830000000E+03   4.83090000000000E+00
 1.93554170000000E+03   6.88890000000000E+00
 1.93562500000000E+03  -5.05300000000000E+00
 1.93570830000000E+03  -2.16871000000000E+01
 1.93579170000000E+03  -3.59365000000000E+01
 1.93587500000000E+03  -3.24934000000000E+01
 1.93595830000000E+03  -1.82041000000000E+01
 1.93604170000000E+03  -1.51454000000000E+01
 1.93612500000000E+03  -1.27789000000000E+01
 1.93620830000000E+03  -1.32585000000000E+01
 1.93629170000000E+03  -8.35330000000000E+00
 1.93637500000000E+03  -3.71200000000000E-01
 1.93645830000000E+03   1.55342000000000E+01
 1.93654170000000E+03  -1.82526000000000E+01
 1.93662500000000E+03  -2.38855000000000E+01
 1.93670830000000E+03  -1.62105000000000E+01
 1.93679170000000E+03  -6.15090000000000E+00
 1.93687500000000E+03  -5.52600000000000E-01
 1.93695830000000E+03   2.27650000000000E+00
 1.93704170000000E+03  -4.12500000000000E+00
 1.93712500000000E+03  -8.14180000000000E+00
 1.93720830000000E+03  -1.21585000000000E+01
 1.93729170000000E+03  -2.32900000000000E+00
 1.93737500000000E+03   1.31161000000000E+01
 1.93745830000000E+03   1.64074000000000E+01
 1.93754170000000E+03   1.26988000000000E+01
 1.93762500000000E+03   3.51442000000000E+01
 1.93770830000000E+03   3.63590000000000E+01
 1.93779170000000E+03   3.04969000000000E+01
 1.93787500000000E+03   1.75580000000000E+01
 1.93795830000000E+03   1.09269000000000E+01
 1.93804170000000E+03   2.91130000000000E+00
 1.93812500000000E+03  -7.56570000000000E+00
 1.93820830000000E+03  -1.22734000000000E+01
 1.93829170000000E+03   1.32680000000000E+00
 1.93837500000000E+03  -3.61140000000000E+00
 1.93845830000000E+03  -1.30111000000000E+01
 1.93854170000000E+03  -1.34876000000000E+01
 1.93862500000000E+03  -2.95024000000000E+01
 1.93870830000000E+03  -4.63632000000000E+01
 1.93879170000000E+03  -6.02240000000000E+01
 1.93887500000000E+03  -6.20846000000000E+01
 1.93895830000000E+03  -5.76374000000000E+01
 1.93904170000000E+03  -5.20363000000000E+01
 1.93912500000000E+03  -4.87428000000000E+01
 1.93920830000000E+03  -3.94491000000000E+01
 1.93929170000000E+03  -2.93861000000000E+01
 1.93937500000000E+03  -1.83999000000000E+01
 1.93945830000000E+03   9.04790000000000E+00
 1.93954170000000E+03   1.68036000000000E+01
 1.93962500000000E+03   1.95593000000000E+01
 1.93970830000000E+03   3.24690000000000E+01
 1.93979170000000E+03   3.76096000000000E+01
 1.93987500000000E+03   4.20580000000000E+01
 1.93995830000000E+03   3.98912000000000E+01
 1.94004170000000E+03   4.08013000000000E+01
 1.94012500000000E+03   4.64808000000000E+01
 1.94020830000000E+03   5.49296000000000E+01
 1.94029170000000E+03   7.11478000000000E+01
 1.94037500000000E+03   7.53661000000000E+01
 1.94045830000000E+03   8.07384000000000E+01
 1.94054170000000E+03   7.13415000000000E+01
 1.94062500000000E+03   6.87909000000000E+01
 1.94070830000000E+03   6.29327000000000E+01
 1.94079170000000E+03   5.44592000000000E+01
 1.94087500000000E+03   5.67551000000000E+01
 1.94095830000000E+03   5.85896000000000E+01
 1.94104170000000E+03   6.25780000000000E+01
 1.94112500000000E+03   6.56434000000000E+01
 1.94120830000000E+03   6.70167000000000E+01
 1.94129170000000E+03   7.10054000000000E+01
 1.94137500000000E+03   7.59174000000000E+01
 1.94145830000000E+03   8.52909000000000E+01
 1.94154170000000E+03   7.94339000000000E+01
 1.94162500000000E+03   6.68077000000000E+01
 1.94170830000000E+03   5.76431000000000E+01
 1.94179170000000E+03   5.57864000000000E+01
 1.94187500000000E+03   5.43913000000000E+01
 1.94195830000000E+03   4.78425000000000E+01
 1.94204170000000E+03   4.38322000000000E+01
 1.94212500000000E+03   3.30528000000000E+01
 1.94220830000000E+03   2.41197000000000E+01
 1.94229170000000E+03   2.88021000000000E+01
 1.94237500000000E+03   3.39461000000000E+01
 1.94245830000000E+03   2.76288000000000E+01
 1.94254170000000E+03   1.00038000000000E+01
 1.94262500000000E+03  -3.15950000000000E+00
 1.94270830000000E+03  -1.49381000000000E+01
 1.94279170000000E+03  -1.54089000000000E+01
 1.94287500000000E+03  -2.97258000000000E+01
 1.94295830000000E+03  -3.48886000000000E+01
 1.94304170000000E+03  -3.32822000000000E+01
 1.94312500000000E+03  -3.15987000000000E+01
 1.94320830000000E+03  -2.24535000000000E+01
 1.94329170000000E+03  -4.38520000000000E+00
 1.94337500000000E+03   2.98600000000000E-01
 1.94345830000000E+03  -1.17130000000000E+00
 1.94354170000000E+03   3.74350000000000E+00
 1.94362500000000E+03  -4.95400000000000E-01
 1.94370830000000E+03  -7.50340000000000E+00
 1.94379170000000E+03  -1.89590000000000E+00
 1.94387500000000E+03  -1.12884000000000E+01
 1.94395830000000E+03  -1.10653000000000E+01
 1.94404170000000E+03  -1.22267000000000E+01
 1.94412500000000E+03  -1.52342000000000E+01
 1.94420830000000E+03  -1.67031000000000E+01
 1.94429170000000E+03  -9.01810000000000E+00
 1.94437500000000E+03  -2.94830000000000E+00
 1.94445830000000E+03  -1.11861000000000E+01
 1.94454170000000E+03  -1.18853000000000E+01
 1.94462500000000E+03  -2.81229000000000E+01
 1.94470830000000E+03  -2.05911000000000E+01
 1.94479170000000E+03  -2.88285000000000E+01
 1.94487500000000E+03  -3.84503000000000E+01
 1.94495830000000E+03  -3.92259000000000E+01
 1.94504170000000E+03  -3.55399000000000E+01
 1.94512500000000E+03  -4.11614000000000E+01
 1.94520830000000E+03  -4.20905000000000E+01
 1.94529170000000E+03  -3.62503000000000E+01
 1.94537500000000E+03  -2.91792000000000E+01
 1.94545830000000E+03  -2.96464000000000E+01
 1.94554170000000E+03  -2.68058000000000E+01
 1.94562500000000E+03  -2.72729000000000E+01
 1.94570830000000E+03  -2.06628000000000E+01
 1.94579170000000E+03  -2.44373000000000E+01
 1.94587500000000E+03  -2.02117000000000E+01
 1.94595830000000E+03  -1.26783000000000E+01
 1.94604170000000E+03  -2.83700000000000E+00
 1.94612500000000E+03  -6.07260000000000E+00
 1.94620830000000E+03   9.15350000000000E+00
 1.94629170000000E+03   1.92258000000000E+01
 1.94637500000000E+03   1.73752000000000E+01
 1.94645830000000E+03   1.02939000000000E+01
 1.94654170000000E+03  -2.86420000000000E+00
 1.94662500000000E+03  -1.22530000000000E+01
 1.94670830000000E+03  -2.61032000000000E+01
 1.94679170000000E+03  -3.92609000000000E+01
 1.94687500000000E+03  -4.74186000000000E+01
 1.94695830000000E+03  -4.20377000000000E+01
 1.94704170000000E+03  -4.04259000000000E+01
 1.94712500000000E+03  -4.76601000000000E+01
 1.94720830000000E+03  -4.36635000000000E+01
 1.94729170000000E+03  -2.42052000000000E+01
 1.94737500000000E+03  -2.30545000000000E+01
 1.94745830000000E+03  -8.98060000000000E+00
 1.94754170000000E+03  -4.52200000000000E+00
 1.94762500000000E+03  -7.06330000000000E+00
 1.94770830000000E+03  -6.37370000000000E+00
 1.94779170000000E+03  -3.53010000000000E+00
 1.94787500000000E+03   1.62130000000000E+00
 1.94795830000000E+03   4.61890000000000E+00
 1.94804170000000E+03   1.53970000000000E+00
 1.94812500000000E+03  -1.46240000000000E+00
 1.94820830000000E+03   9.30480000000000E+00
 1.94829170000000E+03   2.00721000000000E+01
 1.94837500000000E+03   1.13780000000000E+01
 1.94845830000000E+03   1.65301000000000E+01
 1.94854170000000E+03  -2.70220000000000E+00
 1.94862500000000E+03  -7.62680000000000E+00
 1.94870830000000E+03  -5.08970000000000E+00
 1.94879170000000E+03  -2.24480000000000E+00
 1.94887500000000E+03  -3.86130000000000E+00
 1.94895830000000E+03  -4.32390000000000E+00
 1.94904170000000E+03  -3.86320000000000E+00
 1.94912500000000E+03   2.75130000000000E+00
 1.94920830000000E+03   5.75060000000000E+00
 1.94929170000000E+03   3.90390000000000E+00
 1.94937500000000E+03   1.32880000000000E+01
 1.94945830000000E+03   2.74920000000000E+00
 1.94954170000000E+03  -1.92511000000000E+01
 1.94962500000000E+03  -7.32810000000000E+00
 1.94970830000000E+03  -1.24820000000000E+01
 1.94979170000000E+03  -1.74050000000000E+01
 1.94987500000000E+03  -2.89433000000000E+01
 1.94995830000000E+03  -3.15583000000000E+01
 1.95004170000000E+03  -3.29425000000000E+01
 1.95012500000000E+03  -3.03266000000000E+01
 1.95020830000000E+03  -3.24798000000000E+01
 1.95029170000000E+03  -1.81714000000000E+01
 1.95037500000000E+03  -1.51706000000000E+01
 1.95045830000000E+03  -1.91696000000000E+01
 1.95054170000000E+03  -1.63993000000000E+01
 1.95062500000000E+03  -2.39810000000000E+00
 1.95070830000000E+03  -1.40891000000000E+01
 1.95079170000000E+03  -2.64723000000000E+01
 1.95087500000000E+03  -3.01631000000000E+01
 1.95095830000000E+03  -3.08537000000000E+01
 1.95104170000000E+03  -3.39289000000000E+01
 1.95112500000000E+03  -4.12348000000000E+01
 1.95120830000000E+03  -4.59251000000000E+01
 1.95129170000000E+03  -4.33076000000000E+01
 1.95137500000000E+03  -4.51516000000000E+01
 1.95145830000000E+03  -4.83801000000000E+01
 1.95154170000000E+03  -4.83776000000000E+01
 1.95162500000000E+03  -4.88367000000000E+01
 1.95170830000000E+03  -5.18340000000000E+01
 1.95179170000000E+03  -4.92159000000000E+01
 1.95187500000000E+03  -4.52900000000000E+01
 1.95195830000000E+03  -4.18254000000000E+01
 1.95204170000000E+03  -3.99762000000000E+01
 1.95212500000000E+03  -3.92038000000000E+01
 1.95220830000000E+03  -2.86620000000000E+01
 1.95229170000000E+03  -2.21201000000000E+01
 1.95237500000000E+03  -1.62705000000000E+01
 1.95245830000000E+03  -2.72840000000000E+00
 1.95254170000000E+03   8.96770000000000E+00
 1.95262500000000E+03  -4.18230000000000E+00
 1.95270830000000E+03  -4.87060000000000E+00
 1.95279170000000E+03  -6.32810000000000E+00
 1.95287500000000E+03  -3.09310000000000E+00
 1.95295830000000E+03   6.80400000000000E-01
 1.95304170000000E+03  -6.99800000000000E-01
 1.95312500000000E+03   3.99700000000000E+00
 1.95320830000000E+03   1.28478000000000E+01
 1.95329170000000E+03   2.66987000000000E+01
 1.95337500000000E+03   5.10882000000000E+01
 1.95345830000000E+03   5.74009000000000E+01
 1.95354170000000E+03   4.12521000000000E+01
 1.95362500000000E+03   3.96419000000000E+01
 1.95370830000000E+03   3.56472000000000E+01
 1.95379170000000E+03   2.44218000000000E+01
 1.95387500000000E+03   1.76581000000000E+01
 1.95395830000000E+03   1.81253000000000E+01
 1.95404170000000E+03   2.14388000000000E+01
 1.95412500000000E+03   1.93677000000000E+01
 1.95420830000000E+03   2.03737000000000E+01
 1.95429170000000E+03   2.76874000000000E+01
 1.95437500000000E+03   3.35398000000000E+01
 1.95445830000000E+03   3.10076000000000E+01
 1.95454170000000E+03   2.58602000000000E+01
 1.95462500000000E+03   1.64821000000000E+01
 1.95470830000000E+03  -6.04970000000000E+00
 1.95479170000000E+03  -2.27370000000000E+00
 1.95487500000000E+03  -6.49770000000000E+00
 1.95495830000000E+03  -5.10610000000000E+00
 1.95504170000000E+03  -1.39451000000000E+01
 1.95512500000000E+03  -1.79380000000000E+01
 1.95520830000000E+03  -1.70076000000000E+01
 1.95529170000000E+03  -4.61550000000000E+00
 1.95537500000000E+03  -9.76190000000000E+00
 1.95545830000000E+03  -2.49850000000000E+01
 1.95554170000000E+03  -3.72080000000000E+01
 1.95562500000000E+03  -5.17386000000000E+01
 1.95570830000000E+03  -5.47307000000000E+01
 1.95579170000000E+03  -5.58764000000000E+01
 1.95587500000000E+03  -6.50221000000000E+01
 1.95595830000000E+03  -5.42445000000000E+01
 1.95604170000000E+03  -5.40053000000000E+01
 1.95612500000000E+03  -5.23814000000000E+01
 1.95620830000000E+03  -5.26036000000000E+01
 1.95629170000000E+03  -3.82871000000000E+01
 1.95637500000000E+03  -4.67398000000000E+01
 1.95645830000000E+03  -4.20385000000000E+01
 1.95654170000000E+03  -5.63371000000000E+01
 1.95662500000000E+03  -7.17895000000000E+01
 1.95670830000000E+03  -6.68571000000000E+01
 1.95679170000000E+03  -7.25400000000000E+01
 1.95687500000000E+03  -6.62228000000000E+01
 1.95695830000000E+03  -5.79824000000000E+01
 1.95704170000000E+03  -5.77419000000000E+01
 1.95712500000000E+03  -5.11166000000000E+01
 1.95720830000000E+03  -4.81066000000000E+01
 1.95729170000000E+03  -4.24812000000000E+01
 1.95737500000000E+03  -4.22402000000000E+01
 1.95745830000000E+03  -2.27684000000000E+01
 1.95754170000000E+03  -6.83490000000000E+00
 1.95762500000000E+03   2.34064000000000E+01
 1.95770830000000E+03   2.88017000000000E+01
 1.95779170000000E+03   2.95047000000000E+01
 1.95787500000000E+03   3.09771000000000E+01
 1.95795830000000E+03   2.67573000000000E+01
 1.95804170000000E+03   1.50761000000000E+01
 1.95812500000000E+03   1.23181000000000E+01
 1.95820830000000E+03   1.53294000000000E+01
 1.95829170000000E+03   3.11100000000000E+01
 1.95837500000000E+03   4.45061000000000E+01
 1.95845830000000E+03   4.96716000000000E+01
 1.95854170000000E+03   4.02988000000000E+01
 1.95862500000000E+03   2.15414000000000E+01
 1.95870830000000E+03   6.55340000000000E+00
 1.95879170000000E+03   7.19300000000000E-01
 1.95887500000000E+03  -8.65310000000000E+00
 1.95895830000000E+03  -2.33310000000000E+00
 1.95904170000000E+03  -9.36100000000000E-01
 1.95912500000000E+03   6.07640000000000E+00
 1.95920830000000E+03   1.19352000000000E+01
 1.95929170000000E+03   1.31787000000000E+01
 1.95937500000000E+03   3.57620000000000E+00
 1.95945830000000E+03   8.28150000000000E+00
 1.95954170000000E+03   3.60230000000000E+00
 1.95962500000000E+03  -3.15380000000000E+00
 1.95970830000000E+03  -4.98660000000000E+00
 1.95979170000000E+03  -5.20400000000000E+00
 1.95987500000000E+03   2.50190000000000E+00
 1.95995830000000E+03   5.59240000000000E+00
 1.96004170000000E+03  -9.32300000000000E-01
 1.96012500000000E+03  -1.49200000000000E-01
 1.96020830000000E+03   4.78780000000000E+00
 1.96029170000000E+03   9.03270000000000E+00
 1.96037500000000E+03   1.84315000000000E+01
 1.96045830000000E+03   2.16766000000000E+01
 1.96054170000000E+03   1.93064000000000E+01
 1.96062500000000E+03   2.58594000000000E+01
 1.96070830000000E+03   3.31817000000000E+01
 1.96079170000000E+03   2.51964000000000E+01
 1.96087500000000E+03   1.28267000000000E+01
 1.96095830000000E+03   1.14570000000000E+01
 1.96104170000000E+03   9.62600000000000E+00
 1.96112500000000E+03   1.03335000000000E+01
 1.96120830000000E+03   9.65650000000000E+00
 1.96129170000000E+03   1.57488000000000E+01
 1.96137500000000E+03   1.43028000000000E+01
 1.96145830000000E+03   9.85690000000000E+00
 1.96154170000000E+03   3.33420000000000E+00
 1.96162500000000E+03  -1.51115000000000E+01
 1.96170830000000E+03  -3.97109000000000E+01
 1.96179170000000E+03  -5.63871000000000E+01
 1.96187500000000E+03  -6.08325000000000E+01
 1.96195830000000E+03  -6.32008000000000E+01
 1.96204170000000E+03  -7.48767000000000E+01
 1.96212500000000E+03  -7.11678000000000E+01
 1.96220830000000E+03  -6.78435000000000E+01
 1.96229170000000E+03  -5.05191000000000E+01
 1.96237500000000E+03  -3.82714000000000E+01
 1.96245830000000E+03  -3.07160000000000E+01
 1.96254170000000E+03  -4.76220000000000E+01
 1.96262500000000E+03  -3.70663000000000E+01
 1.96270830000000E+03  -3.87414000000000E+01
 1.96279170000000E+03  -2.88778000000000E+01
 1.96287500000000E+03  -2.72449000000000E+01
 1.96295830000000E+03  -2.20734000000000E+01
 1.96304170000000E+03  -1.73633000000000E+01
 1.96312500000000E+03  -1.48070000000000E+01
 1.96320830000000E+03   9.80200000000000E-01
 1.96329170000000E+03   2.58444000000000E+01
 1.96337500000000E+03   3.34011000000000E+01
 1.96345830000000E+03   2.61117000000000E+01
 1.96354170000000E+03   3.17455000000000E+01
 1.96362500000000E+03   3.86102000000000E+01
 1.96370830000000E+03   2.43211000000000E+01
 1.96379170000000E+03   1.61860000000000E+01
 1.96387500000000E+03   3.35870000000000E+00
 1.96395830000000E+03   1.07000000000000E+00
 1.96404170000000E+03   2.78140000000000E+00
 1.96412500000000E+03   7.03140000000000E+00
 1.96420830000000E+03   9.43530000000000E+00
 1.96429170000000E+03   4.76240000000000E+00
 1.96437500000000E+03  -9.75650000000000E+00
 1.96445830000000E+03  -1.88907000000000E+01
 1.96454170000000E+03  -2.35633000000000E+01
 1.96462500000000E+03  -4.27742000000000E+01
 1.96470830000000E+03  -5.31389000000000E+01
 1.96479170000000E+03  -5.49649000000000E+01
 1.96487500000000E+03  -5.64063000000000E+01
 1.96495830000000E+03  -5.54629000000000E+01
 1.96504170000000E+03  -5.85194000000000E+01
 1.96512500000000E+03  -6.38835000000000E+01
 1.96520830000000E+03  -8.00167000000000E+01
 1.96529170000000E+03  -6.38421000000000E+01
 1.96537500000000E+03  -6.01289000000000E+01
 1.96545830000000E+03  -5.42618000000000E+01
 1.96554170000000E+03  -5.56253000000000E+01
 1.96562500000000E+03  -5.88349000000000E+01
 1.96570830000000E+03  -4.96598000000000E+01
 1.96579170000000E+03  -4.67922000000000E+01
 1.96587500000000E+03  -4.72322000000000E+01
 1.96595830000000E+03  -2.93644000000000E+01
 1.96604170000000E+03  -1.99580000000000E+01
 1.96612500000000E+03  -1.12439000000000E+01
 1.96620830000000E+03   4.70120000000000E+00
 1.96629170000000E+03   3.21079000000000E+01
 1.96637500000000E+03   3.28224000000000E+01
 1.96645830000000E+03   4.39216000000000E+01
 1.96654170000000E+03   4.55594000000000E+01
 1.96662500000000E+03   4.81204000000000E+01
 1.96670830000000E+03   4.92969000000000E+01
 1.96679170000000E+03   3.78581000000000E+01
 1.96687500000000E+03   4.63425000000000E+01
 1.96695830000000E+03   5.17501000000000E+01
 1.96704170000000E+03   5.13117000000000E+01
 1.96712500000000E+03   5.36425000000000E+01
 1.96720830000000E+03   6.54351000000000E+01
 1.96729170000000E+03   7.78431000000000E+01
 1.96737500000000E+03   7.24820000000000E+01
 1.96745830000000E+03   7.18133000000000E+01
 1.96754170000000E+03   5.60679000000000E+01
 1.96762500000000E+03   6.03225000000000E+01
 1.96770830000000E+03   6.22695000000000E+01
 1.96779170000000E+03   6.60629000000000E+01
 1.96787500000000E+03   7.21640000000000E+01
 1.96795830000000E+03   7.98806000000000E+01
 1.96804170000000E+03   8.81358000000000E+01
 1.96812500000000E+03   9.42372000000000E+01
 1.96820830000000E+03   1.06261900000000E+02
 1.96829170000000E+03   1.12825100000000E+02
 1.96837500000000E+03   1.15003800000000E+02
 1.96845830000000E+03   1.19721100000000E+02
 1.96854170000000E+03   1.13669200000000E+02
 1.96862500000000E+03   1.16771300000000E+02
 1.96870830000000E+03   8.81813000000000E+01
 1.96879170000000E+03   7.90528000000000E+01
 1.96887500000000E+03   6.37707000000000E+01
 1.96895830000000E+03   5.53348000000000E+01
 1.96904170000000E+03   4.57452000000000E+01
 1.96912500000000E+03   4.15402000000000E+01
 1.96920830000000E+03   3.73354000000000E+01
 1.96929170000000E+03   3.24385000000000E+01
 1.96937500000000E+03   3.45416000000000E+01
 1.96945830000000E+03   3.61832000000000E+01
 1.96954170000000E+03   3.97481000000000E+01
 1.96962500000000E+03   4.28516000000000E+01
 1.96970830000000E+03   3.48782000000000E+01
 1.96979170000000E+03   3.95973000000000E+01
 1.96987500000000E+03   3.13934000000000E+01
 1.96995830000000E+03   3.42665000000000E+01
 1.97004170000000E+03   3.47551000000000E+01
 1.97012500000000E+03   3.45516000000000E+01
 1.97020830000000E+03   2.81942000000000E+01
 1.97029170000000E+03   2.79909000000000E+01
 1.97037500000000E+03   2.63261000000000E+01
 1.97045830000000E+03   1.39691000000000E+01
 1.97054170000000E+03  -1.53108000000000E+01
 1.97062500000000E+03  -3.58983000000000E+01
 1.97070830000000E+03  -4.08704000000000E+01
 1.97079170000000E+03  -4.29192000000000E+01
 1.97087500000000E+03  -4.96602000000000E+01
 1.97095830000000E+03  -4.80165000000000E+01
 1.97104170000000E+03  -5.26804000000000E+01
 1.97112500000000E+03  -4.88827000000000E+01
 1.97120830000000E+03  -4.32387000000000E+01
 1.97129170000000E+03  -3.61330000000000E+01
 1.97137500000000E+03  -3.27964000000000E+01
 1.97145830000000E+03  -3.67674000000000E+01
 1.97154170000000E+03  -5.01230000000000E+01
 1.97162500000000E+03  -4.18630000000000E+01
 1.97170830000000E+03  -3.34491000000000E+01
 1.97179170000000E+03  -3.57273000000000E+01
 1.97187500000000E+03  -4.48517000000000E+01
 1.97195830000000E+03  -3.75913000000000E+01
 1.97204170000000E+03  -3.73307000000000E+01
 1.97212500000000E+03  -2.88393000000000E+01
 1.97220830000000E+03  -3.23478000000000E+01
 1.97229170000000E+03  -3.62408000000000E+01
 1.97237500000000E+03  -2.70568000000000E+01
 1.97245830000000E+03  -2.63342000000000E+01
 1.97254170000000E+03  -2.43807000000000E+01
 1.97262500000000E+03  -3.25809000000000E+01
 1.97270830000000E+03  -4.26272000000000E+01
 1.97279170000000E+03  -4.86734000000000E+01
 1.97287500000000E+03  -5.75656000000000E+01
 1.97295830000000E+03  -4.48423000000000E+01
 1.97320830000000E+03  -2.80564000000000E+01
 1.97329170000000E+03  -2.40250000000000E+01
 1.97337500000000E+03  -1.93011000000000E+01
 1.97345830000000E+03  -9.42340000000000E+00
 1.97362500000000E+03  -1.00520000000000E+01
 1.97379170000000E+03  -2.66803000000000E+01
 1.97395830000000E+03  -3.95389000000000E+01
 1.97404170000000E+03  -4.44295000000000E+01
 1.97412500000000E+03  -4.22431000000000E+01
 1.97420830000000E+03  -4.26721000000000E+01
 1.97429170000000E+03  -3.53316000000000E+01
 1.97437500000000E+03  -1.53757000000000E+01
 1.97445830000000E+03  -2.26580000000000E+00
 1.97454170000000E+03  -1.11557000000000E+01
 1.97462500000000E+03  -6.66100000000000E+00
 1.97470830000000E+03  -1.43970000000000E+01
 1.97479170000000E+03  -3.14404000000000E+01
 1.97487500000000E+03  -3.96377000000000E+01
 1.97495830000000E+03  -4.56810000000000E+01
 1.97504170000000E+03  -5.01087000000000E+01
 1.97512500000000E+03  -5.19980000000000E+01
 1.97520830000000E+03  -5.19640000000000E+01
 1.97529170000000E+03  -3.71607000000000E+01
 1.97537500000000E+03  -2.42803000000000E+01
 1.97545830000000E+03  -2.77076000000000E+01
 1.97554170000000E+03  -4.31347000000000E+01
 1.97562500000000E+03  -4.61771000000000E+01
 1.97570830000000E+03  -5.10655000000000E+01
 1.97579170000000E+03  -4.23384000000000E+01
 1.97587500000000E+03  -2.44574000000000E+01
 1.97595830000000E+03  -1.27302000000000E+01
 1.97620830000000E+03   1.10677000000000E+01
 1.97629170000000E+03   2.17186000000000E+01
 1.97637500000000E+03   1.80618000000000E+01
 1.97679170000000E+03   2.59334000000000E+01
 1.97687500000000E+03   1.53542000000000E+01
 1.97704170000000E+03  -3.34230000000000E+00
 1.97712500000000E+03  -1.26904000000000E+01
 1.97720830000000E+03  -1.35768000000000E+01
 1.97729170000000E+03  -3.00160000000000E+00
 1.97737500000000E+03   8.49680000000000E+00
 1.97745830000000E+03   1.25338000000000E+01
 1.97754170000000E+03   1.11093000000000E+01
 1.97762500000000E+03   2.03004000000000E+01
 1.97770830000000E+03   7.87610000000000E+00
 1.97779170000000E+03   1.29820000000000E+00
 1.97787500000000E+03   5.66500000000000E-01
 1.97795830000000E+03  -7.31900000000000E+00
 1.97804170000000E+03  -1.85120000000000E+01
 1.97812500000000E+03  -1.63203000000000E+01
 1.97820830000000E+03  -8.82080000000000E+00
 1.97829170000000E+03  -6.70570000000000E+00
 1.97837500000000E+03  -7.12910000000000E+00
 1.97845830000000E+03  -1.63985000000000E+01
 1.97854170000000E+03  -2.43600000000000E+01
 1.97862500000000E+03  -2.61677000000000E+01
 1.97870830000000E+03  -3.97444000000000E+01
 1.97879170000000E+03  -4.93210000000000E+01
 1.97887500000000E+03  -5.22822000000000E+01
 1.97895830000000E+03  -5.36278000000000E+01
 1.97904170000000E+03  -4.63580000000000E+01
 1.97912500000000E+03  -3.97034000000000E+01
 1.97920830000000E+03  -3.71256000000000E+01
 1.97929170000000E+03  -3.35477000000000E+01
 1.97937500000000E+03  -2.73544000000000E+01
 1.97945830000000E+03  -2.30840000000000E+01
 1.97954170000000E+03  -1.69673000000000E+01
 1.97962500000000E+03  -6.85050000000000E+00
 1.97970830000000E+03  -8.19510000000000E+00
 1.97979170000000E+03   5.37300000000000E-01
 1.97987500000000E+03   3.42360000000000E+00
 1.97995830000000E+03   1.07930000000000E+00
 1.98004170000000E+03   3.50440000000000E+00
 1.98012500000000E+03   5.44900000000000E-01
 1.98020830000000E+03   4.27780000000000E+00
 1.98029170000000E+03   1.04724000000000E+01
 1.98037500000000E+03   2.01287000000000E+01
 1.98045830000000E+03   2.31696000000000E+01
 1.98054170000000E+03   2.67492000000000E+01
 1.98062500000000E+03   2.58673000000000E+01
 1.98070830000000E+03   2.24471000000000E+01
 1.98079170000000E+03   2.34116000000000E+01
 1.98087500000000E+03   1.73762000000000E+01
 1.98095830000000E+03   2.49563000000000E+01
 1.98104170000000E+03   2.54596000000000E+01
 1.98112500000000E+03   2.28861000000000E+01
 1.98120830000000E+03   3.46203000000000E+01
 1.98129170000000E+03   4.24317000000000E+01
 1.98137500000000E+03   5.48585000000000E+01
 1.98145830000000E+03   5.15931000000000E+01
 1.98154170000000E+03   4.48663000000000E+01
 1.98162500000000E+03   2.68319000000000E+01
 1.98170830000000E+03   2.11822000000000E+01
 1.98179170000000E+03   1.41481000000000E+01
 1.98187500000000E+03   3.65250000000000E+00
 1.98195830000000E+03  -3.61230000000000E+00
 1.98204170000000E+03  -1.17999000000000E+01
 1.98212500000000E+03  -9.14140000000000E+00
 1.98220830000000E+03  -1.79040000000000E+00
 1.98229170000000E+03   3.17620000000000E+00
 1.98237500000000E+03   1.26043000000000E+01
 1.98245830000000E+03   7.49410000000000E+00
 1.98254170000000E+03   1.69225000000000E+01
 1.98262500000000E+03   3.75817000000000E+01
 1.98270830000000E+03   4.86257000000000E+01
 1.98279170000000E+03   4.68236000000000E+01
 1.98287500000000E+03   4.54832000000000E+01
 1.98295830000000E+03   5.56044000000000E+01
 1.98304170000000E+03   6.99566000000000E+01
 1.98312500000000E+03   8.12318000000000E+01
 1.98320830000000E+03   9.11226000000000E+01
 1.98329170000000E+03   1.02628900000000E+02
 1.98337500000000E+03   1.14596900000000E+02
 1.98345830000000E+03   1.00334100000000E+02
 1.98354170000000E+03   8.84562000000000E+01
 1.98362500000000E+03   7.81937000000000E+01
 1.98370830000000E+03   6.23159000000000E+01
 1.98379170000000E+03   5.62844000000000E+01
 1.98387500000000E+03   5.63299000000000E+01
 1.98395830000000E+03   5.63756000000000E+01
 1.98404170000000E+03   4.95752000000000E+01
 1.98412500000000E+03   4.61595000000000E+01
 1.98420830000000E+03   4.55132000000000E+01
 1.98429170000000E+03   5.23285000000000E+01
 1.98437500000000E+03   5.93747000000000E+01
 1.98445830000000E+03   4.21133000000000E+01
 1.98454170000000E+03   4.63905000000000E+01
 1.98462500000000E+03   4.26678000000000E+01
 1.98470830000000E+03   2.41760000000000E+01
 1.98479170000000E+03   1.41458000000000E+01
 1.98487500000000E+03   1.03880000000000E+00
 1.98495830000000E+03  -4.29880000000000E+00
 1.98504170000000E+03  -1.03286000000000E+01
 1.98512500000000E+03  -1.68199000000000E+01
 1.98520830000000E+03  -2.80803000000000E+01
 1.98529170000000E+03  -2.75713000000000E+01
 1.98537500000000E+03  -4.58315000000000E+01
 1.98545830000000E+03  -6.57069000000000E+01
 1.98554170000000E+03  -5.29668000000000E+01
 1.98562500000000E+03  -5.29190000000000E+01
 1.98570830000000E+03  -4.39480000000000E+01
 1.98579170000000E+03  -4.22075000000000E+01
 1.98587500000000E+03  -4.16978000000000E+01
 1.98595830000000E+03  -3.85726000000000E+01
 1.98604170000000E+03  -3.80626000000000E+01
 1.98612500000000E+03  -3.99372000000000E+01
 1.98620830000000E+03  -3.58885000000000E+01
 1.98629170000000E+03  -2.33782000000000E+01
 1.98637500000000E+03  -1.93294000000000E+01
 1.98645830000000E+03   1.81100000000000E-01
 1.98654170000000E+03   1.78456000000000E+01
 1.98662500000000E+03   1.52794000000000E+01
 1.98670830000000E+03   1.74057000000000E+01
 1.98679170000000E+03   1.20705000000000E+01
 1.98687500000000E+03   1.72739000000000E+01
 1.98695830000000E+03   1.75542000000000E+01
 1.98704170000000E+03   1.97579000000000E+01
 1.98712500000000E+03   1.53462000000000E+01
 1.98720830000000E+03   2.33962000000000E+01
 1.98729170000000E+03   3.23694000000000E+01
 1.98737500000000E+03   4.52657000000000E+01
 1.98745830000000E+03   5.47006000000000E+01
 1.98754170000000E+03   5.42895000000000E+01
 1.98762500000000E+03   3.88785000000000E+01
 1.98770830000000E+03   2.66983000000000E+01
 1.98779170000000E+03   2.11338000000000E+01
 1.98787500000000E+03   1.88000000000000E+01
 1.98795830000000E+03   1.76202000000000E+01
 1.98804170000000E+03   1.52867000000000E+01
 1.98812500000000E+03   1.41071000000000E+01
 1.98820830000000E+03   2.00045000000000E+01
 1.98829170000000E+03   2.49791000000000E+01
 1.98837500000000E+03   4.37229000000000E+01
 1.98845830000000E+03   2.87745000000000E+01
 1.98854170000000E+03   1.62879000000000E+01
 1.98862500000000E+03  -1.17372000000000E+01
 1.98870830000000E+03  -8.14680000000000E+00
 1.98879170000000E+03  -1.72485000000000E+01
 1.98887500000000E+03  -2.40425000000000E+01
 1.98895830000000E+03  -3.32979000000000E+01
 1.98904170000000E+03  -3.93993000000000E+01
 1.98912500000000E+03  -4.51160000000000E+01
 1.98920830000000E+03  -5.06788000000000E+01
 1.98929170000000E+03  -4.49337000000000E+01
 1.98937500000000E+03  -4.08808000000000E+01
 1.98945830000000E+03  -5.51355000000000E+01
 1.98954170000000E+03  -4.60824000000000E+01
 1.98962500000000E+03  -4.91062000000000E+01
 1.98970830000000E+03  -3.21298000000000E+01
 1.98979170000000E+03  -4.05379000000000E+01
 1.98987500000000E+03  -4.35613000000000E+01
 1.98995830000000E+03  -3.96615000000000E+01
 1.99004170000000E+03  -3.88385000000000E+01
 1.99012500000000E+03  -3.64769000000000E+01
 1.99020830000000E+03  -3.25768000000000E+01
 1.99029170000000E+03  -1.48304000000000E+01
 1.99037500000000E+03  -7.85310000000000E+00
 1.99045830000000E+03  -1.70296000000000E+01
 1.99054170000000E+03  -2.84367000000000E+01
 1.99062500000000E+03  -2.77668000000000E+01
 1.99070830000000E+03  -3.13276000000000E+01
 1.99079170000000E+03  -3.69651000000000E+01
 1.99087500000000E+03  -3.78333000000000E+01
 1.99095830000000E+03  -3.53937000000000E+01
 1.99104170000000E+03  -3.77232000000000E+01
 1.99112500000000E+03  -2.86680000000000E+01
 1.99120830000000E+03  -2.66127000000000E+01
 1.99129170000000E+03  -2.08650000000000E+01
 1.99137500000000E+03  -1.21941000000000E+01
 1.99145830000000E+03  -8.30800000000000E-01
 1.99154170000000E+03   2.64558000000000E+01
 1.99162500000000E+03   5.65117000000000E+01
 1.99170830000000E+03   5.04907000000000E+01
 1.99179170000000E+03   5.99314000000000E+01
 1.99187500000000E+03   6.20645000000000E+01
 1.99195830000000E+03   6.53516000000000E+01
 1.99204170000000E+03   6.66388000000000E+01
 1.99212500000000E+03   6.33877000000000E+01
 1.99220830000000E+03   6.41366000000000E+01
 1.99229170000000E+03   7.56549000000000E+01
 1.99237500000000E+03   8.72502000000000E+01
 1.99245830000000E+03   7.83841000000000E+01
 1.99254170000000E+03   6.51335000000000E+01
 1.99262500000000E+03   4.90369000000000E+01
 1.99270830000000E+03   3.00942000000000E+01
 1.99279170000000E+03   3.06132000000000E+01
 1.99287500000000E+03   2.59784000000000E+01
 1.99295830000000E+03   3.26514000000000E+01
 1.99304170000000E+03   3.01707000000000E+01
 1.99312500000000E+03   2.73824000000000E+01
 1.99320830000000E+03   2.22865000000000E+01
 1.99329170000000E+03   1.60370000000000E+01
 1.99337500000000E+03   3.94130000000000E+00
 1.99345830000000E+03   3.76880000000000E+00
 1.99354170000000E+03   2.59650000000000E+00
 1.99362500000000E+03   7.32000000000000E-01
 1.99370830000000E+03  -8.13250000000000E+00
 1.99379170000000E+03  -1.74583000000000E+01
 1.99387500000000E+03  -2.55533000000000E+01
 1.99395830000000E+03  -3.04174000000000E+01
 1.99404170000000E+03  -4.06660000000000E+01
 1.99412500000000E+03  -4.03761000000000E+01
 1.99420830000000E+03  -3.02398000000000E+01
 1.99429170000000E+03  -1.04881000000000E+01
 1.99437500000000E+03   5.03300000000000E+00
 1.99445830000000E+03   2.17080000000000E+01
 1.99454170000000E+03   2.33832000000000E+01
 1.99462500000000E+03   1.62123000000000E+01
 1.99470830000000E+03   1.35030000000000E+01
 1.99479170000000E+03   7.71700000000000E+00
 1.99487500000000E+03  -1.29980000000000E+00
 1.99495830000000E+03  -6.16260000000000E+00
 1.99504170000000E+03  -1.26406000000000E+01
 1.99512500000000E+03  -1.02724000000000E+01
 1.99520830000000E+03  -9.75020000000000E+00
 1.99529170000000E+03  -3.61250000000000E+00
 1.99537500000000E+03  -2.43900000000000E-01
 1.99545830000000E+03  -1.83000000000000E-01
 1.99554170000000E+03  -1.23526000000000E+01
 1.99562500000000E+03  -2.05222000000000E+01
 1.99570830000000E+03  -2.51532000000000E+01
 1.99579170000000E+03  -2.37071000000000E+01
 1.99587500000000E+03  -2.53379000000000E+01
 1.99595830000000E+03  -1.81225000000000E+01
 1.99604170000000E+03  -2.08299000000000E+01
 1.99612500000000E+03  -1.83834000000000E+01
 1.99620830000000E+03  -1.47061000000000E+01
 1.99629170000000E+03  -2.49010000000000E+00
 1.99637500000000E+03  -9.12020000000000E+00
 1.99645830000000E+03  -1.05195000000000E+01
 1.99654170000000E+03  -1.67647000000000E+01
 1.99662500000000E+03  -2.09330000000000E+01
 1.99670830000000E+03  -2.33319000000000E+01
 1.99679170000000E+03  -2.26537000000000E+01
 1.99687500000000E+03  -3.23601000000000E+01
 1.99695830000000E+03  -1.99894000000000E+01
 1.99704170000000E+03  -1.50032000000000E+01
 1.99712500000000E+03  -6.55540000000000E+00
 1.99720830000000E+03   4.04630000000000E+00
 1.99729170000000E+03   1.86482000000000E+01
 1.99737500000000E+03   3.18656000000000E+01
 1.99745830000000E+03   5.63138000000000E+01
 1.99754170000000E+03   7.36084000000000E+01
 1.99762500000000E+03   9.72107000000000E+01
 1.99770830000000E+03   9.81977000000000E+01
 1.99779170000000E+03   8.88773000000000E+01
 1.99787500000000E+03   8.49414000000000E+01
 1.99795830000000E+03   8.05442000000000E+01
 1.99804170000000E+03   6.62241000000000E+01
 1.99812500000000E+03   5.84424000000000E+01
 1.99820830000000E+03   5.45070000000000E+01
 1.99829170000000E+03   5.14949000000000E+01
 1.99837500000000E+03   5.08675000000000E+01
 1.99845830000000E+03   3.69324000000000E+01
 1.99854170000000E+03   1.59206000000000E+01
 1.99862500000000E+03   9.60120000000000E+00
 1.99870830000000E+03  -1.00258000000000E+01
 1.99879170000000E+03  -1.86527000000000E+01
 1.99887500000000E+03  -1.78949000000000E+01
 1.99895830000000E+03  -1.21369000000000E+01
 1.99904170000000E+03  -1.01480000000000E+01
 1.99912500000000E+03  -6.00530000000000E+00
 1.99920830000000E+03  -5.93930000000000E+00
 1.99929170000000E+03  -9.50100000000000E-01
 1.99937500000000E+03   1.28084000000000E+01
 1.99945830000000E+03   4.72080000000000E+00
 1.99954170000000E+03   1.40270000000000E+00
 1.99962500000000E+03   1.54610000000000E+00
 1.99970830000000E+03  -1.42334000000000E+01
 1.99979170000000E+03  -2.70897000000000E+01
 1.99987500000000E+03  -2.20228000000000E+01
 1.99995830000000E+03  -2.43405000000000E+01
 2.00004170000000E+03  -2.68887000000000E+01
 2.00012500000000E+03  -2.40523000000000E+01
 2.00020830000000E+03  -2.21389000000000E+01
 2.00029170000000E+03  -1.05330000000000E+01
 2.00037500000000E+03  -8.23470000000000E+00
 2.00045830000000E+03  -2.34748000000000E+01
 2.00054170000000E+03  -1.90223000000000E+01
 2.00062500000000E+03  -2.72622000000000E+01
 2.00070830000000E+03  -3.46558000000000E+01
 2.00079170000000E+03  -4.70492000000000E+01
 2.00087500000000E+03  -4.87502000000000E+01
 2.00095830000000E+03  -5.12973000000000E+01
 2.00104170000000E+03  -5.16904000000000E+01
 2.00112500000000E+03  -4.73142000000000E+01
 2.00120830000000E+03  -3.81686000000000E+01
 2.00129170000000E+03  -2.84844000000000E+01
 2.00137500000000E+03  -1.71079000000000E+01
 2.00145830000000E+03  -7.96200000000000E+00
 2.00154170000000E+03  -2.81600000000000E+00
 2.00162500000000E+03  -1.11314000000000E+01
 2.00170830000000E+03  -1.52929000000000E+01
 2.00179170000000E+03  -2.78388000000000E+01
 2.00187500000000E+03  -3.27693000000000E+01
 2.00195830000000E+03  -3.43150000000000E+01
 2.00204170000000E+03  -3.45529000000000E+01
 2.00212500000000E+03  -3.40985000000000E+01
 2.00220830000000E+03  -3.44901000000000E+01
 2.00229170000000E+03  -4.41891000000000E+01
 2.00237500000000E+03  -3.88882000000000E+01
 2.00245830000000E+03  -2.92794000000000E+01
 2.00254170000000E+03  -2.13628000000000E+01
 2.00262500000000E+03  -3.13692000000000E+01
 2.00270830000000E+03  -2.83755000000000E+01
 2.00279170000000E+03  -1.66124000000000E+01
 2.00287500000000E+03  -6.61850000000000E+00
 2.00295830000000E+03   3.75500000000000E-01
 2.00304170000000E+03   8.31300000000000E-01
 2.00312500000000E+03   2.13320000000000E+00
 2.00320830000000E+03   1.14353000000000E+01
 2.00329170000000E+03   2.20452000000000E+01
 2.00337500000000E+03   3.33475000000000E+01
 2.00345830000000E+03   4.28807000000000E+01
 2.00354170000000E+03   3.02602000000000E+01
 2.00362500000000E+03   1.91012000000000E+01
 2.00370830000000E+03   2.32501000000000E+01
 2.00379170000000E+03   1.36300000000000E+01
 2.00387500000000E+03   4.31750000000000E+00
 2.00395830000000E+03   4.38980000000000E+00
 2.00404170000000E+03   6.46230000000000E+00
 2.00412500000000E+03   7.30400000000000E+00
 2.00420830000000E+03   1.37613000000000E+01
 2.00429170000000E+03   1.72187000000000E+01
 2.00437500000000E+03   1.19838000000000E+01
 2.00445830000000E+03   1.28260000000000E+01
 2.00454170000000E+03  -4.17770000000000E+00
 2.00462500000000E+03  -1.54123000000000E+01
 2.00470830000000E+03  -1.81851000000000E+01
 2.00479170000000E+03  -1.54193000000000E+01
 2.00487500000000E+03  -7.11510000000000E+00
 2.00495830000000E+03  -3.50300000000000E+00
 2.00504170000000E+03   2.49390000000000E+00
 2.00512500000000E+03   3.72160000000000E+00
 2.00520830000000E+03   5.79550000000000E+00
 2.00529170000000E+03   1.81005000000000E+01
 2.00537500000000E+03   2.79439000000000E+01
 2.00545830000000E+03   3.92489000000000E+01
 2.00554170000000E+03   5.45542000000000E+01
 2.00562500000000E+03   4.73979000000000E+01
 2.00570830000000E+03   4.89341000000000E+01
 2.00579170000000E+03   4.77781000000000E+01
 2.00587500000000E+03   3.90068000000000E+01
 2.00595830000000E+03   3.24664000000000E+01
 2.00604170000000E+03   3.13107000000000E+01
 2.00612500000000E+03   2.47705000000000E+01
 2.00620830000000E+03   2.41535000000000E+01
 2.00629170000000E+03   2.26905000000000E+01
 2.00637500000000E+03   1.89199000000000E+01
 2.00645830000000E+03   1.92263000000000E+01
 2.00654170000000E+03   6.76360000000000E+00
 2.00662500000000E+03  -8.00670000000000E+00
 2.00670830000000E+03  -1.08460000000000E+00
 2.00679170000000E+03  -2.70070000000000E+00
 2.00687500000000E+03  -1.21630000000000E+01
 2.00695830000000E+03  -6.31750000000000E+00
 2.00704170000000E+03   5.22050000000000E+00
 2.00712500000000E+03   9.60470000000000E+00
 2.00720830000000E+03   1.33736000000000E+01
 2.00729170000000E+03   3.32197000000000E+01
 2.00737500000000E+03   4.64504000000000E+01
 2.00745830000000E+03   4.58350000000000E+01
 2.00754170000000E+03   4.16045000000000E+01
 2.00762500000000E+03   4.22201000000000E+01
 2.00770830000000E+03   3.59128000000000E+01
 2.00779170000000E+03   2.23749000000000E+01
 2.00787500000000E+03   1.22216000000000E+01
 2.00795830000000E+03   1.23762000000000E+01
 2.00804170000000E+03   1.23771000000000E+01
 2.00812500000000E+03   1.10703000000000E+01
 2.00820830000000E+03   7.45590000000000E+00
 2.00829170000000E+03   1.42264000000000E+01
 2.00837500000000E+03   1.16123000000000E+01
 2.00845830000000E+03   4.15210000000000E+00
 2.00854170000000E+03  -7.07710000000000E+00
 2.00862500000000E+03  -2.07679000000000E+01
 2.00870830000000E+03  -2.69969000000000E+01
 2.00879170000000E+03  -4.13027000000000E+01
 2.00887500000000E+03  -4.13008000000000E+01
 2.00895830000000E+03  -3.49911000000000E+01
 2.00904170000000E+03  -3.79119000000000E+01
 2.00912500000000E+03  -4.14481000000000E+01
 2.00920830000000E+03  -4.12919000000000E+01
 2.00929170000000E+03  -3.19817000000000E+01
 2.00937500000000E+03  -1.62868000000000E+01
 2.00945830000000E+03  -2.68226000000000E+01
 2.00954170000000E+03  -3.20430000000000E+00
 2.00962500000000E+03   1.15679000000000E+01
 2.00970830000000E+03   2.63401000000000E+01
 2.00979170000000E+03   3.32664000000000E+01
 2.00987500000000E+03   4.00389000000000E+01
 2.00995830000000E+03   4.37346000000000E+01
 2.01004170000000E+03   3.16612000000000E+01
 2.01012500000000E+03   2.70494000000000E+01
 2.01020830000000E+03   2.73608000000000E+01
 2.01029170000000E+03   3.04416000000000E+01
 2.01037500000000E+03   3.41379000000000E+01
 2.01045830000000E+03   3.06803000000000E+01
 2.01054170000000E+03   2.99923000000000E+01
 2.01062500000000E+03   1.91960000000000E+00
 2.01070830000000E+03  -4.22990000000000E+00
 2.01079170000000E+03  -2.17638000000000E+01
 2.01087500000000E+03  -3.25284000000000E+01
 2.01095830000000E+03  -3.34468000000000E+01
 2.01104170000000E+03  -2.85188000000000E+01
 2.01112500000000E+03  -1.70524000000000E+01
 2.01120830000000E+03   4.10650000000000E+00
 2.01129170000000E+03   1.75733000000000E+01
 2.01137500000000E+03   2.23477000000000E+01
 2.01145830000000E+03   1.41223000000000E+01
 2.01154170000000E+03   1.23587000000000E+01
 2.01162500000000E+03   1.38258000000000E+01
 2.01170830000000E+03   2.76007000000000E+01
 2.01179170000000E+03   2.51451000000000E+01
 2.01187500000000E+03   2.61510000000000E+01
 2.01195830000000E+03   3.33878000000000E+01
 2.01204170000000E+03   3.60863000000000E+01
 2.01212500000000E+03   3.14003000000000E+01
 2.01220830000000E+03   2.85605000000000E+01
 2.01229170000000E+03   1.87978000000000E+01
 2.01237500000000E+03   1.94967000000000E+01
 2.01245830000000E+03   1.91957000000000E+01
 2.01254170000000E+03   1.74334000000000E+01
 2.01262500000000E+03   9.01800000000000E-01
 2.01270830000000E+03  -1.13988000000000E+01
 2.01279170000000E+03  -3.21608000000000E+01
 2.01287500000000E+03  -4.81536000000000E+01
 2.01295830000000E+03  -5.11462000000000E+01
 2.01304170000000E+03  -6.24463000000000E+01
 2.01312500000000E+03  -6.02080000000000E+01
 2.01320830000000E+03  -5.00465000000000E+01
 2.01329170000000E+03  -4.61924000000000E+01
 2.01337500000000E+03  -4.52614000000000E+01
 2.01345830000000E+03  -5.97149000000000E+01
 2.01354170000000E+03  -7.20144000000000E+01
 2.01362500000000E+03  -7.01600000000000E+01
 2.01370830000000E+03  -6.83824000000000E+01
 2.01379170000000E+03  -6.11430000000000E+01
 2.01387500000000E+03  -5.70575000000000E+01
 2.01395830000000E+03  -5.65873000000000E+01
 2.01404170000000E+03  -5.56553000000000E+01
 2.01412500000000E+03  -5.56464000000000E+01
 2.01420830000000E+03  -5.77912000000000E+01
 2.01429170000000E+03  -4.87051000000000E+01
 2.01437500000000E+03  -4.34650000000000E+01
 2.01445830000000E+03  -2.89942000000000E+01
 2.01454170000000E+03  -2.14461000000000E+01
 2.01462500000000E+03  -2.35135000000000E+01
 2.01470830000000E+03  -2.71961000000000E+01
 2.01479170000000E+03  -2.81092000000000E+01
 2.01487500000000E+03  -3.76378000000000E+01
 2.01495830000000E+03  -3.97816000000000E+01
 2.01504170000000E+03  -3.46175000000000E+01
 2.01512500000000E+03  -3.26073000000000E+01
 2.01520830000000E+03  -1.91354000000000E+01
 2.01529170000000E+03  -4.66330000000000E+00
 2.01537500000000E+03  -1.38065000000000E+01
 2.01545830000000E+03   1.35800000000000E+00
 2.01554170000000E+03   4.83040000000000E+00
 2.01562500000000E+03   1.12260000000000E+01
 2.01570830000000E+03   2.46985000000000E+01
 2.01579170000000E+03   2.40944000000000E+01
 2.01587500000000E+03   1.37979000000000E+01
 2.01595830000000E+03   1.88093000000000E+01
 2.01604170000000E+03   2.02055000000000E+01
 2.01612500000000E+03   1.19094000000000E+01
 2.01620830000000E+03   9.76720000000000E+00
 2.01629170000000E+03   1.27791000000000E+01
 2.01637500000000E+03   2.61757000000000E+01
 2.01645830000000E+03   2.15723000000000E+01
 2.01654170000000E+03   8.27690000000000E+00
 2.01662500000000E+03  -4.86470000000000E+00
 2.01670830000000E+03  -1.20062000000000E+01
 2.01679170000000E+03  -2.31475000000000E+01
 2.01687500000000E+03  -2.64426000000000E+01
 2.01695830000000E+03  -1.64299000000000E+01
 2.01704170000000E+03  -1.51093000000000E+01
 2.01712500000000E+03  -9.94260000000000E+00
 2.01720830000000E+03   2.53200000000000E+00
 2.01729170000000E+03   6.31450000000000E+00
 2.01737500000000E+03   1.08662000000000E+01
 2.01745830000000E+03  -1.51974000000000E+01
 2.01754170000000E+03  -4.87610000000000E+00
 2.01762500000000E+03  -1.94010000000000E+01
 2.01770830000000E+03  -2.84642000000000E+01
 2.01779170000000E+03  -3.79888000000000E+01
 2.01787500000000E+03  -4.88979000000000E+01
 2.01795830000000E+03  -4.61147000000000E+01
 2.01804170000000E+03  -5.62543000000000E+01
 2.01812500000000E+03  -6.05477000000000E+01
 2.01820830000000E+03  -6.59180000000000E+01
 2.01829170000000E+03  -6.58265000000000E+01
 2.01837500000000E+03  -5.68119000000000E+01
 2.01845830000000E+03  -5.43357000000000E+01
 2.01854170000000E+03  -4.06285000000000E+01
 2.01862500000000E+03  -5.83828000000000E+01
 2.01870830000000E+03  -5.60601000000000E+01
 2.01879170000000E+03  -5.22756000000000E+01
 2.01887500000000E+03  -5.69527000000000E+01
 2.01895830000000E+03  -5.79373000000000E+01
 2.01904170000000E+03  -5.73063000000000E+01
 2.01912500000000E+03  -4.89061000000000E+01
 2.01920830000000E+03  -3.78135000000000E+01
 2.01929170000000E+03  -2.96438000000000E+01
 2.01937500000000E+03  -2.41663000000000E+01
 2.01945830000000E+03  -1.49195000000000E+01
 2.01954170000000E+03  -1.53648000000000E+01
 2.01962500000000E+03  -2.62717000000000E+01
 2.01970830000000E+03  -2.37938000000000E+01
 2.01979170000000E+03  -2.67003000000000E+01
 2.01987500000000E+03  -2.60683000000000E+01
 2.01995830000000E+03  -1.60516000000000E+01
 2.02004170000000E+03  -7.03470000000000E+00
 2.02012500000000E+03   1.05910000000000E+00
 2.02020830000000E+03   6.69160000000000E+00
 2.02029170000000E+03   4.63190000000000E+00
 2.02037500000000E+03   1.52645000000000E+01
 2.02045830000000E+03   2.77434000000000E+01
 2.02054170000000E+03   3.22225000000000E+01
 2.02062500000000E+03   2.06247000000000E+01
 2.02070830000000E+03   2.13347000000000E+01
 2.02079170000000E+03   1.68911000000000E+01
 2.02087500000000E+03   2.12936000000000E+01
 2.02095830000000E+03   2.33116000000000E+01
 2.02104170000000E+03   1.90991000000000E+01
 2.02112500000000E+03   1.78097000000000E+01
 2.02120830000000E+03   2.22896000000000E+01
 2.02129170000000E+03   3.73081000000000E+01
 2.02137500000000E+03   5.70960000000000E+01
 2.02145830000000E+03   5.52685000000000E+01
 2.02154170000000E+03   4.89797000000000E+01
 2.02162500000000E+03   2.54602000000000E+01
 2.02170830000000E+03   2.62484000000000E+01
 2.02179170000000E+03   2.53446000000000E+01
 2.02187500000000E+03   3.40561000000000E+01
 2.02195830000000E+03   4.27678000000000E+01
 2.02204170000000E+03   4.24797000000000E+01
 2.02212500000000E+03   4.34993000000000E+01
 2.02220830000000E+03   4.69805000000000E+01
 2.02229170000000E+03   4.05389000000000E+01
 2.02237500000000E+03   2.49434000000000E+01
 2.02245830000000E+03   1.01173000000000E+01
 2.02254170000000E+03   1.49837000000000E+01
 2.02262500000000E+03   9.85010000000000E+00
 2.02270830000000E+03   1.14858000000000E+01
 2.02279170000000E+03   1.41218000000000E+01
 2.02287500000000E+03   1.04501000000000E+01
 2.02295830000000E+03   5.16300000000000E+00
 2.02304170000000E+03  -2.89300000000000E+00
 2.02312500000000E+03  -7.02590000000000E+00
 2.02320830000000E+03  -1.00490000000000E+00
 2.02329170000000E+03   4.78560000000000E+00
 2.02337500000000E+03   1.36530000000000E+01
 2.02345830000000E+03   3.42898000000000E+01
 2.02354170000000E+03   4.36190000000000E+01
 2.02362500000000E+03   3.61791000000000E+01
 2.02370830000000E+03   3.53546000000000E+01
 2.02379170000000E+03   3.01458000000000E+01
 2.02387500000000E+03   1.72446000000000E+01
 2.02395830000000E+03   1.85743000000000E+01
 2.02404170000000E+03   1.64427000000000E+01
 2.02412500000000E+03   1.55419000000000E+01
 2.02420830000000E+03   1.50258000000000E+01
 2.02429170000000E+03   2.31253000000000E+01
 2.02437500000000E+03   2.96094000000000E+01
 2.02445830000000E+03   3.86321000000000E+01
 2.02454170000000E+03   1.89242000000000E+01
 2.02462500000000E+03   6.25130000000000E+00
 2.02470830000000E+03   2.40000000000000E-02
 2.02479170000000E+03  -4.05360000000000E+00
 2.02487500000000E+03   8.82430000000000E+00
 2.02495830000000E+03   2.79246000000000E+01
