 1.90837500000000E+03   1.06107000000000E+02
 1.90845830000000E+03   7.70783000000000E+01
 1.90854170000000E+03   6.28466000000000E+01
 1.90862500000000E+03   3.82735000000000E+01
 1.90870830000000E+03   2.80882000000000E+01
 1.90879170000000E+03   2.41098000000000E+01
 1.90887500000000E+03   2.98299000000000E+01
 1.90895830000000E+03   2.70818000000000E+01
 1.90904170000000E+03   7.94850000000000E+00
 1.90912500000000E+03   7.73860000000000E+00
 1.90920830000000E+03   2.22978000000000E+01
 1.90929170000000E+03   1.60101000000000E+01
 1.90937500000000E+03   1.62613000000000E+01
 1.90945830000000E+03   1.83584000000000E+01
 1.90954170000000E+03   1.96087000000000E+01
 1.90962500000000E+03   1.57056000000000E+01
 1.90970830000000E+03   1.83407000000000E+01
 1.90979170000000E+03   9.66740000000000E+00
 1.90987500000000E+03   5.91760000000000E+00
 1.90995830000000E+03  -9.29390000000000E+00
 1.91004170000000E+03  -2.02753000000000E+01
 1.91012500000000E+03  -2.17179000000000E+01
 1.91020830000000E+03  -1.06222000000000E+01
 1.91029170000000E+03  -9.45030000000000E+00
 1.91037500000000E+03  -2.55857000000000E+01
 1.91045830000000E+03  -4.83366000000000E+01
 1.91054170000000E+03  -6.30113000000000E+01
 1.91062500000000E+03  -6.09164000000000E+01
 1.91070830000000E+03  -5.71294000000000E+01
 1.91079170000000E+03  -3.78815000000000E+01
 1.91087500000000E+03  -1.64794000000000E+01
 1.91095830000000E+03  -2.01544000000000E+01
 1.91104170000000E+03  -2.01377000000000E+01
 1.91112500000000E+03  -1.63515000000000E+01
 1.91120830000000E+03  -4.56540000000000E+00
 1.91129170000000E+03  -1.27800000000000E+01
 1.91137500000000E+03  -2.79943000000000E+01
 1.91145830000000E+03  -2.75164000000000E+01
 1.91154170000000E+03  -2.37315000000000E+01
 1.91162500000000E+03  -2.09462000000000E+01
 1.91170830000000E+03  -1.66996000000000E+01
 1.91179170000000E+03  -6.37670000000000E+00
 1.91187500000000E+03  -7.28430000000000E+00
 1.91195830000000E+03   1.88500000000000E+00
 1.91204170000000E+03   1.19766000000000E+01
 1.91212500000000E+03   1.80686000000000E+01
 1.91220830000000E+03   2.32373000000000E+01
 1.91229170000000E+03   2.65592000000000E+01
 1.91237500000000E+03   1.95738000000000E+01
 1.91245830000000E+03   1.88959000000000E+01
 1.91254170000000E+03   1.04481000000000E+01
 1.91262500000000E+03   1.91545000000000E+01
 1.91270830000000E+03   3.46300000000000E+01
 1.91279170000000E+03   4.35663000000000E+01
 1.91287500000000E+03   5.12722000000000E+01
 1.91295830000000E+03   5.50549000000000E+01
 1.91304170000000E+03   3.51446000000000E+01
 1.91312500000000E+03   3.93885000000000E+01
 1.91320830000000E+03   5.63246000000000E+01
 1.91329170000000E+03   6.03368000000000E+01
 1.91337500000000E+03   5.05033000000000E+01
 1.91345830000000E+03   4.98235000000000E+01
 1.91354170000000E+03   4.39891000000000E+01
 1.91362500000000E+03   4.86936000000000E+01
 1.91370830000000E+03   3.27825000000000E+01
 1.91379170000000E+03   2.97938000000000E+01
 1.91387500000000E+03   4.01132000000000E+01
 1.91395830000000E+03   3.00478000000000E+01
 1.91404170000000E+03   1.55202000000000E+01
 1.91412500000000E+03   2.29929000000000E+01
 1.91420830000000E+03   3.02347000000000E+01
 1.91429170000000E+03   2.46296000000000E+01
 1.91437500000000E+03   2.62557000000000E+01
 1.91445830000000E+03   2.83432000000000E+01
 1.91454170000000E+03   1.94300000000000E+01
 1.91462500000000E+03   2.43633000000000E+01
 1.91470830000000E+03   2.46041000000000E+01
 1.91479170000000E+03   3.46904000000000E+01
 1.91487500000000E+03   3.56232000000000E+01
 1.91495830000000E+03   1.50174000000000E+01
 1.91504170000000E+03   9.18020000000000E+00
 1.91512500000000E+03   1.05740000000000E+01
 1.91520830000000E+03   1.60447000000000E+01
 1.91529170000000E+03   1.51300000000000E+01
 1.91537500000000E+03   3.13880000000000E+00
 1.91545830000000E+03  -7.39110000000000E+00
 1.91554170000000E+03  -8.99860000000000E+00
 1.91562500000000E+03  -8.52870000000000E+00
 1.91570830000000E+03  -1.29052000000000E+01
 1.91579170000000E+03  -7.89780000000000E+00
 1.91587500000000E+03   3.40800000000000E-01
 1.91595830000000E+03  -3.88230000000000E+00
 1.91604170000000E+03  -7.41390000000000E+00
 1.91612500000000E+03  -7.91100000000000E-01
 1.91620830000000E+03   1.05237000000000E+01
 1.91629170000000E+03   1.28379000000000E+01
 1.91637500000000E+03   2.53700000000000E+00
 1.91645830000000E+03  -6.53320000000000E+00
 1.91654170000000E+03  -1.84503000000000E+01
 1.91662500000000E+03  -3.52901000000000E+01
 1.91670830000000E+03  -3.05916000000000E+01
 1.91679170000000E+03  -2.66631000000000E+01
 1.91687500000000E+03  -2.36572000000000E+01
 1.91695830000000E+03  -2.94976000000000E+01
 1.91704170000000E+03  -3.62619000000000E+01
 1.91712500000000E+03  -4.08719000000000E+01
 1.91720830000000E+03  -4.04051000000000E+01
 1.91729170000000E+03  -4.90929000000000E+01
 1.91737500000000E+03  -7.57803000000000E+01
 1.91745830000000E+03  -8.81602000000000E+01
 1.91754170000000E+03  -9.92331000000000E+01
 1.91762500000000E+03  -9.89979000000000E+01
 1.91770830000000E+03  -9.31475000000000E+01
 1.91779170000000E+03  -8.96054000000000E+01
 1.91787500000000E+03  -7.96784000000000E+01
 1.91795830000000E+03  -8.48285000000000E+01
 1.91804170000000E+03  -8.90562000000000E+01
 1.91812500000000E+03  -8.71297000000000E+01
 1.91820830000000E+03  -7.45110000000000E+01
 1.91829170000000E+03  -7.47392000000000E+01
 1.91837500000000E+03  -7.78131000000000E+01
 1.91845830000000E+03  -6.88873000000000E+01
 1.91854170000000E+03  -6.86544000000000E+01
 1.91862500000000E+03  -5.17288000000000E+01
 1.91870830000000E+03  -3.48804000000000E+01
 1.91879170000000E+03  -2.54941000000000E+01
 1.91887500000000E+03  -2.34152000000000E+01
 1.91895830000000E+03  -1.71057000000000E+01
 1.91904170000000E+03  -1.65661000000000E+01
 1.91912500000000E+03  -1.88723000000000E+01
 1.91920830000000E+03   7.82140000000000E+00
 1.91929170000000E+03   2.09759000000000E+01
 1.91937500000000E+03   2.92077000000000E+01
 1.91945830000000E+03   3.22855000000000E+01
 1.91954170000000E+03   3.72087000000000E+01
 1.91962500000000E+03   4.52093000000000E+01
 1.91970830000000E+03   4.26712000000000E+01
 1.91979170000000E+03   3.92093000000000E+01
 1.91987500000000E+03   4.20555000000000E+01
 1.91995830000000E+03   4.32862000000000E+01
 1.92004170000000E+03   2.78239000000000E+01
 1.92012500000000E+03   3.08235000000000E+01
 1.92020830000000E+03   4.15921000000000E+01
 1.92029170000000E+03   3.57447000000000E+01
 1.92037500000000E+03   2.21284000000000E+01
 1.92045830000000E+03   3.81960000000000E+00
 1.92054170000000E+03  -1.82200000000000E-01
 1.92062500000000E+03  -3.49130000000000E+00
 1.92070830000000E+03   1.33534000000000E+01
 1.92079170000000E+03   4.33511000000000E+01
 1.92087500000000E+03   6.61184000000000E+01
 1.92095830000000E+03   8.36549000000000E+01
 1.92104170000000E+03   8.59598000000000E+01
 1.92112500000000E+03   9.29575000000000E+01
 1.92120830000000E+03   1.09878000000000E+02
 1.92129170000000E+03   1.14336300000000E+02
 1.92137500000000E+03   9.65643000000000E+01
 1.92145830000000E+03   8.69459000000000E+01
 1.92154170000000E+03   8.48652000000000E+01
 1.92162500000000E+03   8.63234000000000E+01
 1.92170830000000E+03   8.80123000000000E+01
 1.92179170000000E+03   8.61619000000000E+01
 1.92187500000000E+03   7.13889000000000E+01
 1.92195830000000E+03   5.63849000000000E+01
 1.92204170000000E+03   3.32264000000000E+01
 1.92212500000000E+03   2.15298000000000E+01
 1.92220830000000E+03   2.59869000000000E+01
 1.92229170000000E+03   1.82125000000000E+01
 1.92237500000000E+03   2.02846000000000E+01
 1.92245830000000E+03   2.14335000000000E+01
 1.92254170000000E+03   2.47356000000000E+01
 1.92262500000000E+03   2.98841000000000E+01
 1.92270830000000E+03   3.59556000000000E+01
 1.92279170000000E+03   4.83341000000000E+01
 1.92287500000000E+03   4.85591000000000E+01
 1.92295830000000E+03   5.50917000000000E+01
 1.92304170000000E+03   4.68543000000000E+01
 1.92312500000000E+03   4.00019000000000E+01
 1.92320830000000E+03   4.84571000000000E+01
 1.92329170000000E+03   5.78346000000000E+01
 1.92337500000000E+03   5.01356000000000E+01
 1.92345830000000E+03   3.79748000000000E+01
 1.92354170000000E+03   3.77365000000000E+01
 1.92362500000000E+03   3.09601000000000E+01
 1.92370830000000E+03   2.95681000000000E+01
 1.92379170000000E+03   1.71754000000000E+01
 1.92387500000000E+03  -2.75540000000000E+00
 1.92395830000000E+03  -1.82247000000000E+01
 1.92404170000000E+03  -3.50795000000000E+01
 1.92412500000000E+03  -4.16261000000000E+01
 1.92420830000000E+03  -2.37883000000000E+01
 1.92429170000000E+03  -1.30281000000000E+01
 1.92437500000000E+03  -3.64213000000000E+01
 1.92445830000000E+03  -4.62763000000000E+01
 1.92454170000000E+03  -5.79781000000000E+01
 1.92462500000000E+03  -6.82950000000000E+01
 1.92470830000000E+03  -6.17658000000000E+01
 1.92479170000000E+03  -6.20066000000000E+01
 1.92487500000000E+03  -5.70931000000000E+01
 1.92495830000000E+03  -4.81798000000000E+01
 1.92504170000000E+03  -5.87288000000000E+01
 1.92512500000000E+03  -6.20466000000000E+01
 1.92520830000000E+03  -4.92107000000000E+01
 1.92529170000000E+03  -5.32217000000000E+01
 1.92537500000000E+03  -5.81553000000000E+01
 1.92545830000000E+03  -6.26276000000000E+01
 1.92554170000000E+03  -6.77929000000000E+01
 1.92562500000000E+03  -7.46501000000000E+01
 1.92570830000000E+03  -6.88152000000000E+01
 1.92579170000000E+03  -6.62118000000000E+01
 1.92587500000000E+03  -6.78387000000000E+01
 1.92595830000000E+03  -7.25427000000000E+01
 1.92604170000000E+03  -8.24013000000000E+01
 1.92612500000000E+03  -7.09518000000000E+01
 1.92620830000000E+03  -5.35794000000000E+01
 1.92629170000000E+03  -4.91308000000000E+01
 1.92637500000000E+03  -5.94510000000000E+01
 1.92645830000000E+03  -6.29252000000000E+01
 1.92654170000000E+03  -6.03232000000000E+01
 1.92662500000000E+03  -4.74132000000000E+01
 1.92670830000000E+03  -2.71956000000000E+01
 1.92679170000000E+03  -1.14402000000000E+01
 1.92687500000000E+03  -9.15200000000000E-01
 1.92695830000000E+03   8.45570000000000E+00
 1.92704170000000E+03   1.71336000000000E+01
 1.92712500000000E+03   2.55812000000000E+01
 1.92720830000000E+03   3.24132000000000E+01
 1.92729170000000E+03   2.58599000000000E+01
 1.92737500000000E+03   2.04608000000000E+01
 1.92745830000000E+03   2.37539000000000E+01
 1.92754170000000E+03   5.89240000000000E+00
 1.92762500000000E+03   1.85200000000000E-01
 1.92770830000000E+03  -1.08299000000000E+01
 1.92779170000000E+03  -1.36919000000000E+01
 1.92787500000000E+03  -2.47843000000000E+01
 1.92795830000000E+03  -3.24921000000000E+01
 1.92804170000000E+03  -4.47392000000000E+01
 1.92812500000000E+03  -4.80628000000000E+01
 1.92820830000000E+03  -2.97712000000000E+01
 1.92829170000000E+03  -2.97880000000000E+01
 1.92837500000000E+03  -3.58813000000000E+01
 1.92845830000000E+03  -4.47440000000000E+01
 1.92854170000000E+03  -4.70690000000000E+01
 1.92862500000000E+03  -3.50859000000000E+01
 1.92870830000000E+03  -2.19491000000000E+01
 1.92879170000000E+03   4.94700000000000E-01
 1.92887500000000E+03   1.50158000000000E+01
 1.92895830000000E+03   2.76906000000000E+01
 1.92904170000000E+03   3.65954000000000E+01
 1.92912500000000E+03   5.08853000000000E+01
 1.92920830000000E+03   7.00980000000000E+01
 1.92929170000000E+03   6.51562000000000E+01
 1.92937500000000E+03   6.32917000000000E+01
 1.92945830000000E+03   6.30425000000000E+01
 1.92954170000000E+03   6.51002000000000E+01
 1.92962500000000E+03   6.83891000000000E+01
 1.92970830000000E+03   6.66778000000000E+01
 1.92979170000000E+03   6.45812000000000E+01
 1.92987500000000E+03   6.29465000000000E+01
 1.92995830000000E+03   5.30809000000000E+01
 1.93004170000000E+03   3.29068000000000E+01
 1.93012500000000E+03   2.01948000000000E+01
 1.93020830000000E+03   1.64825000000000E+01
 1.93029170000000E+03   1.13080000000000E+01
 1.93037500000000E+03  -5.09690000000000E+00
 1.93045830000000E+03  -2.18096000000000E+01
 1.93054170000000E+03  -3.56769000000000E+01
 1.93062500000000E+03  -4.03900000000000E+01
 1.93070830000000E+03  -5.57186000000000E+01
 1.93079170000000E+03  -6.27402000000000E+01
 1.93087500000000E+03  -7.54538000000000E+01
 1.93095830000000E+03  -9.51675000000000E+01
 1.93104170000000E+03  -1.02881900000000E+02
 1.93112500000000E+03  -9.91344000000000E+01
 1.93120830000000E+03  -9.25409000000000E+01
 1.93129170000000E+03  -8.71789000000000E+01
 1.93137500000000E+03  -9.77395000000000E+01
 1.93145830000000E+03  -9.54542000000000E+01
 1.93154170000000E+03  -8.01696000000000E+01
 1.93162500000000E+03  -5.93461000000000E+01
 1.93170830000000E+03  -6.02921000000000E+01
 1.93179170000000E+03  -5.06233000000000E+01
 1.93187500000000E+03  -4.28773000000000E+01
 1.93195830000000E+03  -3.27467000000000E+01
 1.93204170000000E+03  -2.71554000000000E+01
 1.93212500000000E+03  -1.92560000000000E+01
 1.93220830000000E+03  -3.58750000000000E+00
 1.93229170000000E+03  -2.91980000000000E+00
 1.93237500000000E+03  -2.03285000000000E+01
 1.93245830000000E+03  -2.42759000000000E+01
 1.93254170000000E+03  -2.75317000000000E+01
 1.93262500000000E+03  -2.99409000000000E+01
 1.93270830000000E+03  -3.67349000000000E+01
 1.93279170000000E+03  -2.54528000000000E+01
 1.93287500000000E+03  -8.86250000000000E+00
 1.93295830000000E+03  -6.11850000000000E+00
 1.93304170000000E+03  -9.90700000000000E-01
 1.93312500000000E+03   1.12145000000000E+01
 1.93320830000000E+03   2.45734000000000E+01
 1.93329170000000E+03   2.60084000000000E+01
 1.93337500000000E+03   2.05978000000000E+01
 1.93345830000000E+03   2.13408000000000E+01
 1.93354170000000E+03   1.93907000000000E+01
 1.93362500000000E+03   1.53642000000000E+01
 1.93370830000000E+03   5.72210000000000E+00
 1.93379170000000E+03   3.15610000000000E+00
 1.93387500000000E+03  -3.71710000000000E+00
 1.93395830000000E+03  -1.71289000000000E+01
 1.93404170000000E+03  -2.53107000000000E+01
 1.93412500000000E+03  -3.42613000000000E+01
 1.93420830000000E+03  -4.01351000000000E+01
 1.93429170000000E+03  -4.95481000000000E+01
 1.93437500000000E+03  -5.89608000000000E+01
 1.93445830000000E+03  -6.76812000000000E+01
 1.93454170000000E+03  -7.17101000000000E+01
 1.93462500000000E+03  -7.87386000000000E+01
 1.93470830000000E+03  -7.61519000000000E+01
 1.93479170000000E+03  -7.33351000000000E+01
 1.93487500000000E+03  -6.14410000000000E+01
 1.93495830000000E+03  -5.32394000000000E+01
 1.93504170000000E+03  -4.80385000000000E+01
 1.93512500000000E+03  -4.31449000000000E+01
 1.93520830000000E+03  -3.09437000000000E+01
 1.93529170000000E+03  -2.13587000000000E+01
 1.93537500000000E+03  -2.36964000000000E+01
 1.93545830000000E+03  -3.10342000000000E+01
 1.93554170000000E+03  -3.29112000000000E+01
 1.93562500000000E+03  -2.54800000000000E+01
 1.93570830000000E+03  -2.31260000000000E+01
 1.93579170000000E+03  -2.33881000000000E+01
 1.93587500000000E+03  -4.88060000000000E+00
 1.93595830000000E+03  -6.52700000000000E+00
 1.93604170000000E+03  -1.14819000000000E+01
 1.93612500000000E+03  -7.82100000000000E+00
 1.93620830000000E+03   1.99360000000000E+00
 1.93629170000000E+03   1.26900000000000E+00
 1.93637500000000E+03  -1.68398000000000E+01
 1.93645830000000E+03  -2.83334000000000E+01
 1.93654170000000E+03  -2.10585000000000E+01
 1.93662500000000E+03  -5.62930000000000E+00
 1.93670830000000E+03   1.64590000000000E+00
 1.93679170000000E+03   9.07410000000000E+00
 1.93687500000000E+03   1.65028000000000E+01
 1.93695830000000E+03   5.23900000000000E+00
 1.93704170000000E+03   5.13000000000000E-01
 1.93712500000000E+03   3.09500000000000E+00
 1.93720830000000E+03   6.36920000000000E+00
 1.93729170000000E+03   7.02730000000000E+00
 1.93737500000000E+03   3.78100000000000E-01
 1.93745830000000E+03  -1.50200000000000E+00
 1.93754170000000E+03  -8.84440000000000E+00
 1.93762500000000E+03  -2.12634000000000E+01
 1.93770830000000E+03  -2.19901000000000E+01
 1.93779170000000E+03  -2.45638000000000E+01
 1.93787500000000E+03  -1.59063000000000E+01
 1.93795830000000E+03  -1.91720000000000E+01
 1.93804170000000E+03  -2.67461000000000E+01
 1.93812500000000E+03  -2.07045000000000E+01
 1.93820830000000E+03  -1.27399000000000E+01
 1.93829170000000E+03  -8.31460000000000E+00
 1.93837500000000E+03  -1.55811000000000E+01
 1.93845830000000E+03  -1.93093000000000E+01
 1.93854170000000E+03  -2.16536000000000E+01
 1.93862500000000E+03  -1.08437000000000E+01
 1.93870830000000E+03  -3.18780000000000E+00
 1.93879170000000E+03  -6.99420000000000E+00
 1.93887500000000E+03  -6.80010000000000E+00
 1.93895830000000E+03  -1.15293000000000E+01
 1.93904170000000E+03  -1.62593000000000E+01
 1.93912500000000E+03  -1.92965000000000E+01
 1.93920830000000E+03  -2.63338000000000E+01
 1.93929170000000E+03  -2.66027000000000E+01
 1.93937500000000E+03  -3.62558000000000E+01
 1.93945830000000E+03  -5.15244000000000E+01
 1.93954170000000E+03  -6.89476000000000E+01
 1.93962500000000E+03  -8.26012000000000E+01
 1.93970830000000E+03  -9.20241000000000E+01
 1.93979170000000E+03  -1.00447800000000E+02
 1.93987500000000E+03  -1.08409500000000E+02
 1.93995830000000E+03  -1.12217600000000E+02
 1.94004170000000E+03  -1.21641800000000E+02
 1.94012500000000E+03  -1.19757800000000E+02
 1.94020830000000E+03  -9.71048000000000E+01
 1.94029170000000E+03  -8.98372000000000E+01
 1.94037500000000E+03  -9.36460000000000E+01
 1.94045830000000E+03  -9.26858000000000E+01
 1.94054170000000E+03  -8.24187000000000E+01
 1.94062500000000E+03  -6.95357000000000E+01
 1.94070830000000E+03  -5.61913000000000E+01
 1.94079170000000E+03  -4.16939000000000E+01
 1.94087500000000E+03  -2.60422000000000E+01
 1.94095830000000E+03  -1.53137000000000E+01
 1.94104170000000E+03  -1.53552000000000E+01
 1.94112500000000E+03  -1.53963000000000E+01
 1.94120830000000E+03   1.77932000000000E+01
 1.94129170000000E+03   2.29820000000000E+01
 1.94137500000000E+03   1.75558000000000E+01
 1.94145830000000E+03   1.56680000000000E+01
 1.94154170000000E+03   3.94700000000000E-01
 1.94162500000000E+03  -3.39600000000000E-01
 1.94170830000000E+03  -3.68950000000000E+00
 1.94179170000000E+03   1.28829000000000E+01
 1.94187500000000E+03   2.03788000000000E+01
 1.94195830000000E+03   2.00285000000000E+01
 1.94204170000000E+03   1.95235000000000E+01
 1.94212500000000E+03   3.12497000000000E+01
 1.94220830000000E+03   5.30527000000000E+01
 1.94229170000000E+03   3.43164000000000E+01
 1.94237500000000E+03   2.25037000000000E+01
 1.94245830000000E+03   1.26139000000000E+01
 1.94254170000000E+03  -1.22800000000000E-01
 1.94262500000000E+03   1.44860000000000E+00
 1.94270830000000E+03   6.55830000000000E+00
 1.94279170000000E+03   2.38980000000000E+01
 1.94287500000000E+03   2.62382000000000E+01
 1.94295830000000E+03   2.75782000000000E+01
 1.94304170000000E+03   1.84559000000000E+01
 1.94312500000000E+03   1.61032000000000E+01
 1.94320830000000E+03   2.07504000000000E+01
 1.94329170000000E+03   1.57815000000000E+01
 1.94337500000000E+03   8.88990000000000E+00
 1.94345830000000E+03  -1.00180000000000E+00
 1.94354170000000E+03  -8.17400000000000E-01
 1.94362500000000E+03   4.05970000000000E+00
 1.94370830000000E+03   1.78598000000000E+01
 1.94379170000000E+03   2.76591000000000E+01
 1.94387500000000E+03   4.07666000000000E+01
 1.94395830000000E+03   4.40277000000000E+01
 1.94404170000000E+03   3.45958000000000E+01
 1.94412500000000E+03   3.97027000000000E+01
 1.94420830000000E+03   5.20403000000000E+01
 1.94429170000000E+03   4.75310000000000E+01
 1.94437500000000E+03   4.51759000000000E+01
 1.94445830000000E+03   3.29745000000000E+01
 1.94454170000000E+03   2.85416000000000E+01
 1.94462500000000E+03   2.73399000000000E+01
 1.94470830000000E+03   3.36766000000000E+01
 1.94479170000000E+03   4.86278000000000E+01
 1.94487500000000E+03   4.65025000000000E+01
 1.94495830000000E+03   4.06079000000000E+01
 1.94504170000000E+03   3.30201000000000E+01
 1.94512500000000E+03   4.28175000000000E+01
 1.94520830000000E+03   5.92301000000000E+01
 1.94529170000000E+03   6.69495000000000E+01
 1.94537500000000E+03   6.55156000000000E+01
 1.94545830000000E+03   5.41585000000000E+01
 1.94554170000000E+03   5.99544000000000E+01
 1.94562500000000E+03   6.40585000000000E+01
 1.94570830000000E+03   7.21624000000000E+01
 1.94579170000000E+03   6.85732000000000E+01
 1.94587500000000E+03   6.31383000000000E+01
 1.94595830000000E+03   6.84725000000000E+01
 1.94604170000000E+03   4.96520000000000E+01
 1.94612500000000E+03   4.51398000000000E+01
 1.94620830000000E+03   5.12427000000000E+01
 1.94629170000000E+03   5.47295000000000E+01
 1.94637500000000E+03   5.70628000000000E+01
 1.94645830000000E+03   5.65499000000000E+01
 1.94654170000000E+03   5.93439000000000E+01
 1.94662500000000E+03   5.76768000000000E+01
 1.94670830000000E+03   5.67018000000000E+01
 1.94679170000000E+03   5.92646000000000E+01
 1.94687500000000E+03   6.67508000000000E+01
 1.94695830000000E+03   5.90062000000000E+01
 1.94704170000000E+03   4.51069000000000E+01
 1.94712500000000E+03   6.40542000000000E+01
 1.94720830000000E+03   7.40783000000000E+01
 1.94729170000000E+03   6.88708000000000E+01
 1.94737500000000E+03   6.03561000000000E+01
 1.94745830000000E+03   4.33797000000000E+01
 1.94754170000000E+03   3.13256000000000E+01
 1.94762500000000E+03   2.98873000000000E+01
 1.94770830000000E+03   4.83719000000000E+01
 1.94779170000000E+03   6.47789000000000E+01
 1.94787500000000E+03   7.08017000000000E+01
 1.94795830000000E+03   6.55935000000000E+01
 1.94804170000000E+03   6.40769000000000E+01
 1.94812500000000E+03   6.99454000000000E+01
 1.94820830000000E+03   7.71213000000000E+01
 1.94829170000000E+03   8.34504000000000E+01
 1.94837500000000E+03   7.75491000000000E+01
 1.94845830000000E+03   6.29554000000000E+01
 1.94854170000000E+03   5.65917000000000E+01
 1.94862500000000E+03   6.76130000000000E+01
 1.94870830000000E+03   8.18649000000000E+01
 1.94879170000000E+03   7.40392000000000E+01
 1.94887500000000E+03   7.23677000000000E+01
 1.94895830000000E+03   6.97730000000000E+01
 1.94904170000000E+03   7.01775000000000E+01
 1.94912500000000E+03   6.55056000000000E+01
 1.94920830000000E+03   7.73720000000000E+01
 1.94929170000000E+03   8.41606000000000E+01
 1.94937500000000E+03   6.69497000000000E+01
 1.94945830000000E+03   7.13541000000000E+01
 1.94954170000000E+03   8.49115000000000E+01
 1.94962500000000E+03   9.28539000000000E+01
 1.94970830000000E+03   9.48732000000000E+01
 1.94979170000000E+03   9.66608000000000E+01
 1.94987500000000E+03   9.99105000000000E+01
 1.94995830000000E+03   9.56216000000000E+01
 1.95004170000000E+03   9.06396000000000E+01
 1.95012500000000E+03   9.73503000000000E+01
 1.95020830000000E+03   1.13445500000000E+02
 1.95029170000000E+03   1.12232200000000E+02
 1.95037500000000E+03   8.54809000000000E+01
 1.95045830000000E+03   8.14987000000000E+01
 1.95054170000000E+03   6.59772000000000E+01
 1.95062500000000E+03   4.76101000000000E+01
 1.95070830000000E+03   3.93197000000000E+01
 1.95079170000000E+03   2.75670000000000E+01
 1.95087500000000E+03   1.62763000000000E+01
 1.95095830000000E+03   6.13920000000000E+00
 1.95104170000000E+03  -3.76780000000000E+00
 1.95112500000000E+03  -8.52050000000000E+00
 1.95120830000000E+03  -7.35040000000000E+00
 1.95129170000000E+03  -1.14117000000000E+01
 1.95137500000000E+03  -2.90111000000000E+01
 1.95145830000000E+03  -2.56107000000000E+01
 1.95154170000000E+03  -1.89033000000000E+01
 1.95162500000000E+03  -1.71185000000000E+01
 1.95170830000000E+03  -5.64160000000000E+00
 1.95179170000000E+03  -6.16550000000000E+00
 1.95187500000000E+03   3.11100000000000E-01
 1.95195830000000E+03  -2.05870000000000E+00
 1.95204170000000E+03   7.03230000000000E+00
 1.95212500000000E+03   9.27770000000000E+00
 1.95220830000000E+03   2.72921000000000E+01
 1.95229170000000E+03   1.76134000000000E+01
 1.95237500000000E+03   4.47360000000000E+00
 1.95245830000000E+03   4.10600000000000E-01
 1.95254170000000E+03  -1.95763000000000E+01
 1.95262500000000E+03  -2.57165000000000E+01
 1.95270830000000E+03  -2.29339000000000E+01
 1.95279170000000E+03  -2.32289000000000E+01
 1.95287500000000E+03  -1.03697000000000E+01
 1.95295830000000E+03  -2.43370000000000E+00
 1.95304170000000E+03  -3.65230000000000E+00
 1.95312500000000E+03  -9.33200000000000E+00
 1.95320830000000E+03   4.21900000000000E+00
 1.95329170000000E+03  -1.46170000000000E+00
 1.95337500000000E+03  -3.14180000000000E+00
 1.95345830000000E+03  -8.59140000000000E+00
 1.95354170000000E+03  -1.19648000000000E+01
 1.95362500000000E+03  -5.41470000000000E+00
 1.95370830000000E+03  -7.32630000000000E+00
 1.95379170000000E+03  -7.62330000000000E+00
 1.95387500000000E+03  -7.22750000000000E+00
 1.95395830000000E+03  -1.99088000000000E+01
 1.95404170000000E+03  -4.17447000000000E+01
 1.95412500000000E+03  -4.48879000000000E+01
 1.95420830000000E+03  -3.22620000000000E+01
 1.95429170000000E+03  -3.32523000000000E+01
 1.95437500000000E+03  -4.71651000000000E+01
 1.95445830000000E+03  -6.39243000000000E+01
 1.95454170000000E+03  -6.98382000000000E+01
 1.95462500000000E+03  -6.54438000000000E+01
 1.95470830000000E+03  -6.12804000000000E+01
 1.95479170000000E+03  -5.31178000000000E+01
 1.95487500000000E+03  -4.94163000000000E+01
 1.95495830000000E+03  -5.30226000000000E+01
 1.95504170000000E+03  -4.81682000000000E+01
 1.95512500000000E+03  -3.70056000000000E+01
 1.95520830000000E+03  -1.87662000000000E+01
 1.95529170000000E+03  -2.63738000000000E+01
 1.95537500000000E+03  -3.25194000000000E+01
 1.95545830000000E+03  -3.30497000000000E+01
 1.95554170000000E+03  -2.44270000000000E+01
 1.95562500000000E+03  -1.91116000000000E+01
 1.95570830000000E+03  -1.87193000000000E+01
 1.95579170000000E+03  -1.17894000000000E+01
 1.95587500000000E+03  -1.07052000000000E+01
 1.95595830000000E+03  -1.17750000000000E+01
 1.95604170000000E+03  -2.51533000000000E+01
 1.95612500000000E+03  -3.34541000000000E+01
 1.95620830000000E+03  -2.22167000000000E+01
 1.95629170000000E+03  -2.88262000000000E+01
 1.95637500000000E+03  -3.82045000000000E+01
 1.95645830000000E+03  -5.86599000000000E+01
 1.95654170000000E+03  -6.43468000000000E+01
 1.95662500000000E+03  -5.84948000000000E+01
 1.95670830000000E+03  -5.99507000000000E+01
 1.95679170000000E+03  -5.00996000000000E+01
 1.95687500000000E+03  -3.79404000000000E+01
 1.95695830000000E+03  -2.60891000000000E+01
 1.95704170000000E+03  -2.89308000000000E+01
 1.95712500000000E+03  -1.21567000000000E+01
 1.95720830000000E+03   8.84800000000000E+00
 1.95729170000000E+03   1.20058000000000E+01
 1.95737500000000E+03   1.54717000000000E+01
 1.95745830000000E+03   1.16298000000000E+01
 1.95754170000000E+03   2.16332000000000E+01
 1.95762500000000E+03   2.17910000000000E+01
 1.95770830000000E+03   2.02562000000000E+01
 1.95779170000000E+03   2.83361000000000E+01
 1.95787500000000E+03   2.44934000000000E+01
 1.95795830000000E+03   1.52659000000000E+01
 1.95804170000000E+03   1.88370000000000E+00
 1.95812500000000E+03   1.11740000000000E+00
 1.95820830000000E+03   1.84279000000000E+01
 1.95829170000000E+03   2.47376000000000E+01
 1.95837500000000E+03   2.05093000000000E+01
 1.95845830000000E+03   6.35770000000000E+00
 1.95854170000000E+03   6.74380000000000E+00
 1.95862500000000E+03   1.13612000000000E+01
 1.95870830000000E+03   1.59784000000000E+01
 1.95879170000000E+03   2.27486000000000E+01
 1.95887500000000E+03   3.37501000000000E+01
 1.95895830000000E+03   3.88284000000000E+01
 1.95904170000000E+03   3.59828000000000E+01
 1.95912500000000E+03   4.22145000000000E+01
 1.95920830000000E+03   5.69077000000000E+01
 1.95929170000000E+03   4.72154000000000E+01
 1.95937500000000E+03   2.34467000000000E+01
 1.95945830000000E+03   6.67780000000000E+00
 1.95954170000000E+03   5.67740000000000E+00
 1.95962500000000E+03   5.83130000000000E+00
 1.95970830000000E+03   1.83120000000000E+00
 1.95979170000000E+03   5.75330000000000E+00
 1.95987500000000E+03   4.06060000000000E+00
 1.95995830000000E+03  -6.09390000000000E+00
 1.96004170000000E+03  -1.62491000000000E+01
 1.96012500000000E+03  -1.23270000000000E+01
 1.96020830000000E+03  -9.55890000000000E+00
 1.96029170000000E+03  -1.54838000000000E+01
 1.96037500000000E+03  -2.42545000000000E+01
 1.96045830000000E+03  -2.07945000000000E+01
 1.96054170000000E+03  -2.51046000000000E+01
 1.96062500000000E+03  -2.82603000000000E+01
 1.96070830000000E+03  -2.10316000000000E+01
 1.96079170000000E+03  -1.92653000000000E+01
 1.96087500000000E+03  -1.36522000000000E+01
 1.96095830000000E+03  -1.23471000000000E+01
 1.96104170000000E+03  -8.65810000000000E+00
 1.96112500000000E+03   1.56980000000000E+00
 1.96120830000000E+03   3.14898000000000E+01
 1.96129170000000E+03   3.37167000000000E+01
 1.96137500000000E+03   3.83288000000000E+01
 1.96145830000000E+03   3.80176000000000E+01
 1.96154170000000E+03   2.20133000000000E+01
 1.96162500000000E+03   2.99325000000000E+01
 1.96170830000000E+03   3.87747000000000E+01
 1.96179170000000E+03   4.03083000000000E+01
 1.96187500000000E+03   4.79963000000000E+01
 1.96195830000000E+03   4.74534000000000E+01
 1.96204170000000E+03   3.75250000000000E+01
 1.96212500000000E+03   3.29817000000000E+01
 1.96220830000000E+03   3.55153000000000E+01
 1.96229170000000E+03   5.20180000000000E+00
 1.96237500000000E+03  -1.03420000000000E+01
 1.96245830000000E+03  -2.82705000000000E+01
 1.96254170000000E+03  -3.91229000000000E+01
 1.96262500000000E+03  -3.92056000000000E+01
 1.96270830000000E+03  -4.35192000000000E+01
 1.96279170000000E+03  -4.59106000000000E+01
 1.96287500000000E+03  -5.29937000000000E+01
 1.96295830000000E+03  -6.22309000000000E+01
 1.96304170000000E+03  -7.33920000000000E+01
 1.96312500000000E+03  -7.41680000000000E+01
 1.96320830000000E+03  -6.41749000000000E+01
 1.96329170000000E+03  -6.71057000000000E+01
 1.96337500000000E+03  -6.95744000000000E+01
 1.96345830000000E+03  -8.18126000000000E+01
 1.96354170000000E+03  -9.42823000000000E+01
 1.96362500000000E+03  -1.03443800000000E+02
 1.96370830000000E+03  -9.69902000000000E+01
 1.96379170000000E+03  -9.44604000000000E+01
 1.96387500000000E+03  -9.12378000000000E+01
 1.96395830000000E+03  -8.94769000000000E+01
 1.96404170000000E+03  -9.31015000000000E+01
 1.96412500000000E+03  -8.65717000000000E+01
 1.96420830000000E+03  -6.55805000000000E+01
 1.96429170000000E+03  -7.10517000000000E+01
 1.96437500000000E+03  -7.76762000000000E+01
 1.96445830000000E+03  -8.05317000000000E+01
 1.96454170000000E+03  -7.70803000000000E+01
 1.96462500000000E+03  -6.33207000000000E+01
 1.96470830000000E+03  -6.10998000000000E+01
 1.96479170000000E+03  -5.58027000000000E+01
 1.96487500000000E+03  -4.60436000000000E+01
 1.96495830000000E+03  -4.35923000000000E+01
 1.96504170000000E+03  -4.64496000000000E+01
 1.96512500000000E+03  -3.66910000000000E+01
 1.96520830000000E+03  -1.70863000000000E+01
 1.96529170000000E+03  -1.74056000000000E+01
 1.96537500000000E+03  -1.04936000000000E+01
 1.96545830000000E+03  -5.65870000000000E+00
 1.96554170000000E+03  -7.36310000000000E+00
 1.96562500000000E+03  -1.60550000000000E+00
 1.96570830000000E+03  -6.38640000000000E+00
 1.96579170000000E+03   9.21640000000000E+00
 1.96587500000000E+03   2.35120000000000E+01
 1.96595830000000E+03   2.04229000000000E+01
 1.96604170000000E+03   1.18714000000000E+01
 1.96612500000000E+03   1.46281000000000E+01
 1.96620830000000E+03   1.73846000000000E+01
 1.96629170000000E+03   4.60180000000000E+00
 1.96637500000000E+03  -1.04881000000000E+01
 1.96645830000000E+03  -3.07321000000000E+01
 1.96654170000000E+03  -4.62845000000000E+01
 1.96662500000000E+03  -5.17596000000000E+01
 1.96670830000000E+03  -5.04656000000000E+01
 1.96679170000000E+03  -3.34031000000000E+01
 1.96687500000000E+03  -2.73402000000000E+01
 1.96695830000000E+03  -2.93544000000000E+01
 1.96704170000000E+03  -3.22924000000000E+01
 1.96712500000000E+03  -2.50761000000000E+01
 1.96720830000000E+03  -9.47540000000000E+00
 1.96729170000000E+03  -9.10620000000000E+00
 1.96737500000000E+03  -1.17366000000000E+01
 1.96745830000000E+03  -8.75170000000000E+00
 1.96754170000000E+03  -5.76770000000000E+00
 1.96762500000000E+03  -3.24460000000000E+00
 1.96770830000000E+03  -6.64490000000000E+00
 1.96779170000000E+03  -1.50750000000000E+00
 1.96787500000000E+03  -6.75420000000000E+00
 1.96795830000000E+03  -1.17702000000000E+01
 1.96804170000000E+03  -1.84026000000000E+01
 1.96812500000000E+03  -1.21113000000000E+01
 1.96820830000000E+03  -2.58940000000000E+00
 1.96829170000000E+03  -7.37600000000000E+00
 1.96837500000000E+03  -1.47006000000000E+01
 1.96845830000000E+03  -2.67177000000000E+01
 1.96854170000000E+03  -2.88894000000000E+01
 1.96862500000000E+03  -2.31376000000000E+01
 1.96870830000000E+03  -1.96936000000000E+01
 1.96879170000000E+03  -6.63500000000000E+00
 1.96887500000000E+03  -3.49900000000000E+00
 1.96895830000000E+03  -2.86300000000000E-01
 1.96904170000000E+03  -7.92050000000000E+00
 1.96912500000000E+03  -7.32350000000000E+00
 1.96920830000000E+03  -6.03430000000000E+00
 1.96929170000000E+03  -2.36140000000000E+00
 1.96937500000000E+03  -1.60725000000000E+01
 1.96945830000000E+03  -2.31684000000000E+01
 1.96954170000000E+03  -2.72652000000000E+01
 1.96962500000000E+03  -3.92845000000000E+01
 1.96970830000000E+03  -4.30732000000000E+01
 1.96979170000000E+03  -3.59397000000000E+01
 1.96987500000000E+03  -2.88056000000000E+01
 1.96995830000000E+03  -3.38256000000000E+01
 1.97004170000000E+03  -4.19233000000000E+01
 1.97012500000000E+03  -3.28667000000000E+01
 1.97020830000000E+03  -2.38102000000000E+01
 1.97029170000000E+03  -1.78315000000000E+01
 1.97037500000000E+03  -4.20830000000000E+01
 1.97045830000000E+03  -3.72578000000000E+01
 1.97054170000000E+03  -3.05872000000000E+01
 1.97062500000000E+03  -2.48393000000000E+01
 1.97070830000000E+03  -1.93222000000000E+01
 1.97079170000000E+03  -1.58829000000000E+01
 1.97087500000000E+03  -2.01354000000000E+01
 1.97095830000000E+03  -3.70804000000000E+01
 1.97104170000000E+03  -4.48724000000000E+01
 1.97112500000000E+03  -4.72792000000000E+01
 1.97120830000000E+03  -3.46862000000000E+01
 1.97129170000000E+03  -3.75556000000000E+01
 1.97137500000000E+03  -3.85783000000000E+01
 1.97145830000000E+03  -2.15242000000000E+01
 1.97154170000000E+03  -1.47787000000000E+01
 1.97162500000000E+03  -1.98019000000000E+01
 1.97170830000000E+03  -1.28252000000000E+01
 1.97179170000000E+03   7.22750000000000E+00
 1.97187500000000E+03   1.41269000000000E+01
 1.97195830000000E+03   2.52569000000000E+01
 1.97204170000000E+03   4.32322000000000E+01
 1.97212500000000E+03   5.29773000000000E+01
 1.97220830000000E+03   7.44145000000000E+01
 1.97229170000000E+03   7.38509000000000E+01
 1.97237500000000E+03   7.32878000000000E+01
 1.97245830000000E+03   6.35707000000000E+01
 1.97254170000000E+03   5.38528000000000E+01
 1.97262500000000E+03   4.74430000000000E+01
 1.97270830000000E+03   6.77254000000000E+01
 1.97279170000000E+03   8.00070000000000E+01
 1.97287500000000E+03   7.68275000000000E+01
 1.97295830000000E+03   8.02633000000000E+01
 1.97304170000000E+03   6.67752000000000E+01
 1.97312500000000E+03   6.22106000000000E+01
 1.97320830000000E+03   8.15690000000000E+01
 1.97329170000000E+03   8.59265000000000E+01
 1.97337500000000E+03   8.58230000000000E+01
 1.97345830000000E+03   7.47193000000000E+01
 1.97354170000000E+03   7.48456000000000E+01
 1.97362500000000E+03   6.67416000000000E+01
 1.97370830000000E+03   7.04067000000000E+01
 1.97379170000000E+03   7.19940000000000E+01
 1.97387500000000E+03   7.78126000000000E+01
 1.97395830000000E+03   7.87080000000000E+01
 1.97404170000000E+03   6.54487000000000E+01
 1.97412500000000E+03   7.04976000000000E+01
 1.97420830000000E+03   7.83924000000000E+01
 1.97429170000000E+03   7.42865000000000E+01
 1.97437500000000E+03   6.13349000000000E+01
 1.97445830000000E+03   4.26908000000000E+01
 1.97454170000000E+03   4.62767000000000E+01
 1.97462500000000E+03   4.67093000000000E+01
 1.97470830000000E+03   6.42186000000000E+01
 1.97479170000000E+03   7.64962000000000E+01
 1.97487500000000E+03   7.96975000000000E+01
 1.97495830000000E+03   7.46679000000000E+01
 1.97504170000000E+03   7.10220000000000E+01
 1.97512500000000E+03   8.33767000000000E+01
 1.97520830000000E+03   1.05115800000000E+02
 1.97529170000000E+03   1.03084800000000E+02
 1.97537500000000E+03   9.75928000000000E+01
 1.97545830000000E+03   9.30237000000000E+01
 1.97554170000000E+03   8.63769000000000E+01
 1.97562500000000E+03   6.73460000000000E+01
 1.97570830000000E+03   6.46226000000000E+01
 1.97579170000000E+03   6.05137000000000E+01
 1.97587500000000E+03   4.63284000000000E+01
 1.97595830000000E+03   3.82199000000000E+01
 1.97604170000000E+03   2.51875000000000E+01
 1.97612500000000E+03   1.87710000000000E+01
 1.97620830000000E+03   1.46620000000000E+01
 1.97629170000000E+03  -7.44780000000000E+00
 1.97637500000000E+03  -2.44033000000000E+01
 1.97645830000000E+03  -4.46666000000000E+01
 1.97654170000000E+03  -5.88538000000000E+01
 1.97662500000000E+03  -6.01175000000000E+01
 1.97670830000000E+03  -4.12274000000000E+01
 1.97679170000000E+03  -4.03382000000000E+01
 1.97687500000000E+03  -3.55254000000000E+01
 1.97695830000000E+03  -3.37128000000000E+01
 1.97704170000000E+03  -4.41318000000000E+01
 1.97712500000000E+03  -3.53194000000000E+01
 1.97720830000000E+03  -1.75842000000000E+01
 1.97729170000000E+03  -1.39267000000000E+01
 1.97737500000000E+03  -1.05764000000000E+01
 1.97745830000000E+03  -6.45710000000000E+00
 1.97754170000000E+03  -4.87700000000000E+00
 1.97762500000000E+03  -1.68110000000000E+00
 1.97770830000000E+03  -3.17760000000000E+00
 1.97779170000000E+03  -4.21340000000000E+00
 1.97787500000000E+03   1.28980000000000E+00
 1.97795830000000E+03  -2.74570000000000E+00
 1.97804170000000E+03  -8.24350000000000E+00
 1.97812500000000E+03  -7.43310000000000E+00
 1.97820830000000E+03  -2.62290000000000E+00
 1.97829170000000E+03  -6.27510000000000E+00
 1.97837500000000E+03  -5.69590000000000E+00
 1.97845830000000E+03  -1.09631000000000E+01
 1.97854170000000E+03  -2.02312000000000E+01
 1.97862500000000E+03   2.65520000000000E+00
 1.97870830000000E+03   3.70029000000000E+01
 1.97879170000000E+03   5.68113000000000E+01
 1.97887500000000E+03   5.85433000000000E+01
 1.97895830000000E+03   4.92751000000000E+01
 1.97904170000000E+03   4.25446000000000E+01
 1.97929170000000E+03   4.36611000000000E+01
 1.97970830000000E+03   4.14678000000000E+01
 1.97979170000000E+03   2.58896000000000E+01
 1.97987500000000E+03   2.03889000000000E+01
 1.97995830000000E+03   9.73420000000000E+00
 1.98004170000000E+03   5.69410000000000E+00
 1.98012500000000E+03   2.41160000000000E+01
 1.98020830000000E+03   1.81531000000000E+01
 1.98029170000000E+03  -7.27220000000000E+00
 1.98037500000000E+03  -1.58508000000000E+01
 1.98045830000000E+03  -2.60449000000000E+01
 1.98054170000000E+03  -3.39322000000000E+01
 1.98062500000000E+03  -4.22036000000000E+01
 1.98070830000000E+03  -5.17059000000000E+01
 1.98079170000000E+03  -4.89783000000000E+01
 1.98087500000000E+03  -3.90194000000000E+01
 1.98095830000000E+03  -3.67530000000000E+01
 1.98104170000000E+03  -3.33336000000000E+01
 1.98112500000000E+03  -2.47598000000000E+01
 1.98120830000000E+03  -2.44169000000000E+01
 1.98129170000000E+03  -2.45364000000000E+01
 1.98137500000000E+03  -2.06554000000000E+01
 1.98145830000000E+03  -2.02361000000000E+01
 1.98154170000000E+03  -2.01253000000000E+01
 1.98162500000000E+03  -1.57063000000000E+01
 1.98170830000000E+03  -6.90290000000000E+00
 1.98179170000000E+03   8.43820000000000E+00
 1.98187500000000E+03   1.34721000000000E+01
 1.98195830000000E+03   5.65960000000000E+00
 1.98204170000000E+03  -1.20767000000000E+01
 1.98212500000000E+03  -1.85049000000000E+01
 1.98220830000000E+03  -1.25485000000000E+01
 1.98229170000000E+03  -6.97770000000000E+00
 1.98237500000000E+03  -4.79090000000000E+00
 1.98245830000000E+03   1.16490000000000E+00
 1.98254170000000E+03   5.50450000000000E+00
 1.98262500000000E+03   1.64600000000000E+01
 1.98270830000000E+03   2.61846000000000E+01
 1.98279170000000E+03   2.79083000000000E+01
 1.98287500000000E+03   3.55557000000000E+01
 1.98295830000000E+03   3.94336000000000E+01
 1.98304170000000E+03   4.51569000000000E+01
 1.98312500000000E+03   6.09576000000000E+01
 1.98320830000000E+03   8.02966000000000E+01
 1.98329170000000E+03   8.50963000000000E+01
 1.98337500000000E+03   8.02811000000000E+01
 1.98345830000000E+03   6.60811000000000E+01
 1.98354170000000E+03   5.35726000000000E+01
 1.98362500000000E+03   4.07570000000000E+01
 1.98370830000000E+03   2.90950000000000E+01
 1.98379170000000E+03   2.33553000000000E+01
 1.98387500000000E+03   2.74622000000000E+01
 1.98395830000000E+03   1.97998000000000E+01
 1.98404170000000E+03   9.82880000000000E+00
 1.98412500000000E+03   7.62750000000000E+00
 1.98420830000000E+03   1.76569000000000E+01
 1.98429170000000E+03   2.48393000000000E+01
 1.98437500000000E+03   2.24068000000000E+01
 1.98445830000000E+03   2.15895000000000E+01
 1.98454170000000E+03   1.77714000000000E+01
 1.98462500000000E+03   1.48000000000000E+01
 1.98470830000000E+03   2.82899000000000E+01
 1.98479170000000E+03   4.48559000000000E+01
 1.98487500000000E+03   5.08071000000000E+01
 1.98495830000000E+03   4.81427000000000E+01
 1.98504170000000E+03   3.74774000000000E+01
 1.98512500000000E+03   3.81204000000000E+01
 1.98520830000000E+03   5.43786000000000E+01
 1.98529170000000E+03   4.84052000000000E+01
 1.98537500000000E+03   3.77400000000000E+01
 1.98545830000000E+03   2.46900000000000E+01
 1.98554170000000E+03   1.25623000000000E+01
 1.98562500000000E+03   1.73581000000000E+01
 1.98570830000000E+03   1.74615000000000E+01
 1.98579170000000E+03   2.01794000000000E+01
 1.98587500000000E+03   2.42825000000000E+01
 1.98595830000000E+03   2.83854000000000E+01
 1.98604170000000E+03   1.84105000000000E+01
 1.98612500000000E+03   1.94362000000000E+01
 1.98620830000000E+03   3.03079000000000E+01
 1.98629170000000E+03   2.71786000000000E+01
 1.98637500000000E+03   2.91269000000000E+01
 1.98645830000000E+03   2.26135000000000E+01
 1.98654170000000E+03   1.66376000000000E+01
 1.98662500000000E+03   1.91238000000000E+01
 1.98670830000000E+03   2.69945000000000E+01
 1.98679170000000E+03   2.03259000000000E+01
 1.98687500000000E+03   1.33501000000000E+01
 1.98695830000000E+03   9.45110000000000E+00
 1.98704170000000E+03   8.62810000000000E+00
 1.98712500000000E+03   1.13441000000000E+01
 1.98720830000000E+03   2.05985000000000E+01
 1.98729170000000E+03   1.22366000000000E+01
 1.98737500000000E+03   1.10600000000000E+00
 1.98745830000000E+03  -1.33325000000000E+01
 1.98754170000000E+03  -2.40026000000000E+01
 1.98762500000000E+03  -2.32106000000000E+01
 1.98770830000000E+03  -2.87265000000000E+01
 1.98779170000000E+03  -3.93971000000000E+01
 1.98787500000000E+03  -2.82979000000000E+01
 1.98795830000000E+03  -2.51219000000000E+01
 1.98804170000000E+03  -3.37160000000000E+01
 1.98812500000000E+03  -4.27712000000000E+01
 1.98820830000000E+03  -2.83649000000000E+01
 1.98829170000000E+03  -3.03442000000000E+01
 1.98837500000000E+03  -3.81690000000000E+01
 1.98845830000000E+03  -5.40709000000000E+01
 1.98854170000000E+03  -5.42814000000000E+01
 1.98862500000000E+03  -5.44145000000000E+01
 1.98870830000000E+03  -5.45476000000000E+01
 1.98879170000000E+03  -4.79125000000000E+01
 1.98887500000000E+03  -3.92767000000000E+01
 1.98895830000000E+03  -3.27181000000000E+01
 1.98904170000000E+03  -3.35449000000000E+01
 1.98912500000000E+03  -2.69866000000000E+01
 1.98920830000000E+03  -1.34285000000000E+01
 1.98929170000000E+03  -1.31020000000000E+01
 1.98937500000000E+03  -1.26211000000000E+01
 1.98945830000000E+03  -2.61403000000000E+01
 1.98954170000000E+03  -2.76604000000000E+01
 1.98962500000000E+03  -2.90262000000000E+01
 1.98970830000000E+03  -1.57767000000000E+01
 1.98979170000000E+03   1.31810000000000E+00
 1.98987500000000E+03   1.99519000000000E+01
 1.98995830000000E+03   2.08932000000000E+01
 1.99004170000000E+03   1.64491000000000E+01
 1.99012500000000E+03   1.73901000000000E+01
 1.99020830000000E+03   1.91001000000000E+01
 1.99029170000000E+03   1.69632000000000E+01
 1.99037500000000E+03   1.94421000000000E+01
 1.99045830000000E+03   1.65363000000000E+01
 1.99054170000000E+03   3.87066000000000E+01
 1.99062500000000E+03   4.70312000000000E+01
 1.99070830000000E+03   5.19711000000000E+01
 1.99079170000000E+03   6.00639000000000E+01
 1.99087500000000E+03   7.18496000000000E+01
 1.99095830000000E+03   6.35582000000000E+01
 1.99104170000000E+03   5.65737000000000E+01
 1.99112500000000E+03   5.36666000000000E+01
 1.99120830000000E+03   6.60670000000000E+01
 1.99129170000000E+03   7.22358000000000E+01
 1.99137500000000E+03   6.93282000000000E+01
 1.99145830000000E+03   6.23436000000000E+01
 1.99154170000000E+03   6.43580000000000E+01
 1.99162500000000E+03   6.09115000000000E+01
 1.99170830000000E+03   6.38494000000000E+01
 1.99179170000000E+03   6.67865000000000E+01
 1.99187500000000E+03   5.37241000000000E+01
 1.99195830000000E+03   3.08154000000000E+01
 1.99204170000000E+03   1.84443000000000E+01
 1.99212500000000E+03   2.29968000000000E+01
 1.99220830000000E+03   3.87799000000000E+01
 1.99229170000000E+03   3.93314000000000E+01
 1.99237500000000E+03   3.09603000000000E+01
 1.99245830000000E+03   2.85122000000000E+01
 1.99254170000000E+03   2.74478000000000E+01
 1.99262500000000E+03   2.73839000000000E+01
 1.99270830000000E+03   2.16276000000000E+01
 1.99279170000000E+03   2.35627000000000E+01
 1.99287500000000E+03   2.69599000000000E+01
 1.99295830000000E+03   3.59724000000000E+01
 1.99304170000000E+03   3.18301000000000E+01
 1.99312500000000E+03   3.03037000000000E+01
 1.99320830000000E+03   3.49311000000000E+01
 1.99329170000000E+03   3.05575000000000E+01
 1.99337500000000E+03   1.73384000000000E+01
 1.99345830000000E+03   8.04220000000000E+00
 1.99354170000000E+03  -3.10110000000000E+00
 1.99362500000000E+03  -1.19361000000000E+01
 1.99370830000000E+03  -1.70021000000000E+01
 1.99379170000000E+03  -3.29960000000000E+00
 1.99387500000000E+03  -5.96700000000000E-01
 1.99395830000000E+03  -9.89390000000000E+00
 1.99404170000000E+03  -2.57304000000000E+01
 1.99412500000000E+03  -1.69510000000000E+01
 1.99420830000000E+03  -1.86410000000000E+00
 1.99429170000000E+03   8.99120000000000E+00
 1.99437500000000E+03   7.23170000000000E+00
 1.99445830000000E+03   5.70280000000000E+00
 1.99454170000000E+03  -1.44240000000000E+00
 1.99462500000000E+03  -7.97170000000000E+00
 1.99470830000000E+03  -1.16500000000000E-01
 1.99479170000000E+03   1.49686000000000E+01
 1.99487500000000E+03   1.57465000000000E+01
 1.99495830000000E+03   1.58320000000000E+01
 1.99504170000000E+03   1.54551000000000E+01
 1.99512500000000E+03   3.57710000000000E+01
 1.99520830000000E+03   5.03945000000000E+01
 1.99529170000000E+03   5.96324000000000E+01
 1.99537500000000E+03   4.49479000000000E+01
 1.99545830000000E+03   3.09555000000000E+01
 1.99554170000000E+03   1.49622000000000E+01
 1.99562500000000E+03   1.28156000000000E+01
 1.99570830000000E+03   1.58997000000000E+01
 1.99579170000000E+03   6.67510000000000E+00
 1.99587500000000E+03  -6.62580000000000E+00
 1.99595830000000E+03  -2.32345000000000E+01
 1.99604170000000E+03  -3.43057000000000E+01
 1.99612500000000E+03  -3.21456000000000E+01
 1.99620830000000E+03  -4.49087000000000E+01
 1.99629170000000E+03  -3.97496000000000E+01
 1.99637500000000E+03  -4.82822000000000E+01
 1.99645830000000E+03  -5.32765000000000E+01
 1.99654170000000E+03  -4.95795000000000E+01
 1.99662500000000E+03  -3.28049000000000E+01
 1.99670830000000E+03  -1.55690000000000E+01
 1.99679170000000E+03   7.12760000000000E+00
 1.99687500000000E+03   1.72863000000000E+01
 1.99695830000000E+03   1.90603000000000E+01
 1.99704170000000E+03   2.02948000000000E+01
 1.99712500000000E+03   2.58377000000000E+01
 1.99720830000000E+03   3.32265000000000E+01
 1.99729170000000E+03   4.25375000000000E+01
 1.99737500000000E+03   1.43106000000000E+01
 1.99745830000000E+03  -1.34549000000000E+01
 1.99754170000000E+03  -1.89136000000000E+01
 1.99762500000000E+03  -1.79102000000000E+01
 1.99770830000000E+03  -2.15993000000000E+01
 1.99779170000000E+03  -2.10585000000000E+01
 1.99787500000000E+03  -2.76709000000000E+01
 1.99795830000000E+03  -2.92066000000000E+01
 1.99804170000000E+03  -3.85894000000000E+01
 1.99812500000000E+03  -3.00485000000000E+01
 1.99820830000000E+03   2.79990000000000E+00
 1.99829170000000E+03   1.35705000000000E+01
 1.99837500000000E+03   8.57250000000000E+00
 1.99845830000000E+03   8.42040000000000E+00
 1.99854170000000E+03   1.88059000000000E+01
 1.99862500000000E+03   2.50382000000000E+01
 1.99870830000000E+03   2.76549000000000E+01
 1.99879170000000E+03   3.24245000000000E+01
 1.99887500000000E+03   3.52716000000000E+01
 1.99895830000000E+03   3.38879000000000E+01
 1.99904170000000E+03   3.10416000000000E+01
 1.99912500000000E+03   3.43498000000000E+01
 1.99920830000000E+03   3.94271000000000E+01
 1.99929170000000E+03   1.77342000000000E+01
 1.99937500000000E+03  -2.11190000000000E+00
 1.99945830000000E+03  -1.73429000000000E+01
 1.99954170000000E+03  -2.44208000000000E+01
 1.99962500000000E+03  -2.81136000000000E+01
 1.99970830000000E+03  -2.98065000000000E+01
 1.99979170000000E+03  -3.39619000000000E+01
 1.99987500000000E+03  -3.18090000000000E+01
 1.99995830000000E+03  -3.73486000000000E+01
 2.00004170000000E+03  -4.79660000000000E+01
 2.00012500000000E+03  -5.35828000000000E+01
 2.00020830000000E+03  -4.42767000000000E+01
 2.00029170000000E+03  -4.30485000000000E+01
 2.00037500000000E+03  -4.83581000000000E+01
 2.00045830000000E+03  -5.90525000000000E+01
 2.00054170000000E+03  -6.70554000000000E+01
 2.00062500000000E+03  -6.61348000000000E+01
 2.00070830000000E+03  -6.29066000000000E+01
 2.00079170000000E+03  -5.44485000000000E+01
 2.00087500000000E+03  -4.99899000000000E+01
 2.00095830000000E+03  -5.46852000000000E+01
 2.00104170000000E+03  -6.00738000000000E+01
 2.00112500000000E+03  -5.20772000000000E+01
 2.00120830000000E+03  -3.78499000000000E+01
 2.00129170000000E+03  -2.79313000000000E+01
 2.00137500000000E+03  -2.97044000000000E+01
 2.00145830000000E+03  -3.57084000000000E+01
 2.00154170000000E+03  -3.60210000000000E+01
 2.00162500000000E+03  -2.98715000000000E+01
 2.00170830000000E+03  -1.95683000000000E+01
 2.00179170000000E+03  -8.49680000000000E+00
 2.00187500000000E+03  -5.19390000000000E+00
 2.00195830000000E+03   1.18570000000000E+00
 2.00204170000000E+03  -7.43300000000000E-01
 2.00212500000000E+03   9.94370000000000E+00
 2.00220830000000E+03   3.20152000000000E+01
 2.00229170000000E+03   3.78550000000000E+01
 2.00237500000000E+03   2.25415000000000E+01
 2.00245830000000E+03   4.84320000000000E+00
 2.00254170000000E+03  -9.00980000000000E+00
 2.00262500000000E+03  -4.70840000000000E+00
 2.00270830000000E+03   4.28520000000000E+00
 2.00279170000000E+03   8.93200000000000E-01
 2.00287500000000E+03  -3.11350000000000E+00
 2.00295830000000E+03  -1.41205000000000E+01
 2.00304170000000E+03  -2.06668000000000E+01
 2.00312500000000E+03  -2.00586000000000E+01
 2.00320830000000E+03  -1.13737000000000E+01
 2.00329170000000E+03  -2.09205000000000E+01
 2.00337500000000E+03  -2.93128000000000E+01
 2.00345830000000E+03  -3.44746000000000E+01
 2.00354170000000E+03  -2.97141000000000E+01
 2.00362500000000E+03  -1.80300000000000E+01
 2.00370830000000E+03  -1.05769000000000E+01
 2.00379170000000E+03  -1.38169000000000E+01
 2.00387500000000E+03  -2.82560000000000E+00
 2.00395830000000E+03   8.86000000000000E-02
 2.00404170000000E+03  -1.84420000000000E+00
 2.00412500000000E+03  -5.46880000000000E+00
 2.00420830000000E+03   6.29110000000000E+00
 2.00429170000000E+03  -4.18070000000000E+00
 2.00437500000000E+03  -1.08058000000000E+01
 2.00445830000000E+03  -2.48925000000000E+01
 2.00454170000000E+03  -1.99033000000000E+01
 2.00462500000000E+03  -7.99030000000000E+00
 2.00470830000000E+03  -1.07699000000000E+01
 2.00479170000000E+03  -1.75503000000000E+01
 2.00487500000000E+03  -1.39456000000000E+01
 2.00495830000000E+03  -1.61871000000000E+01
 2.00504170000000E+03  -1.89681000000000E+01
 2.00512500000000E+03  -1.71330000000000E+01
 2.00520830000000E+03  -2.99050000000000E+00
 2.00529170000000E+03  -6.23340000000000E+00
 2.00537500000000E+03  -2.00142000000000E+01
 2.00545830000000E+03  -4.04106000000000E+01
 2.00554170000000E+03  -5.44233000000000E+01
 2.00562500000000E+03  -6.79738000000000E+01
 2.00570830000000E+03  -7.92169000000000E+01
 2.00579170000000E+03  -7.84608000000000E+01
 2.00587500000000E+03  -7.79349000000000E+01
 2.00595830000000E+03  -8.42553000000000E+01
 2.00604170000000E+03  -9.64997000000000E+01
 2.00612500000000E+03  -1.02743600000000E+02
 2.00620830000000E+03  -9.86029000000000E+01
 2.00629170000000E+03  -1.02847800000000E+02
 2.00637500000000E+03  -1.14861400000000E+02
 2.00645830000000E+03  -1.17798100000000E+02
 2.00654170000000E+03  -1.11582000000000E+02
 2.00662500000000E+03  -1.02749800000000E+02
 2.00670830000000E+03  -9.29948000000000E+01
 2.00679170000000E+03  -8.68560000000000E+01
 2.00687500000000E+03  -7.13321000000000E+01
 2.00695830000000E+03  -6.17314000000000E+01
 2.00704170000000E+03  -5.60546000000000E+01
 2.00712500000000E+03  -4.53004000000000E+01
 2.00720830000000E+03  -2.90079000000000E+01
 2.00729170000000E+03  -1.74085000000000E+01
 2.00737500000000E+03  -2.58086000000000E+01
 2.00745830000000E+03  -3.14396000000000E+01
 2.00754170000000E+03  -2.44562000000000E+01
 2.00762500000000E+03  -2.72414000000000E+01
 2.00770830000000E+03  -2.44113000000000E+01
 2.00779170000000E+03  -1.97361000000000E+01
 2.00787500000000E+03  -1.67525000000000E+01
 2.00795830000000E+03  -2.51537000000000E+01
 2.00804170000000E+03  -2.84020000000000E+01
 2.00812500000000E+03  -3.59574000000000E+01
 2.00820830000000E+03  -2.85129000000000E+01
 2.00829170000000E+03  -3.97617000000000E+01
 2.00837500000000E+03  -6.49330000000000E+01
 2.00845830000000E+03  -8.34121000000000E+01
 2.00854170000000E+03  -8.41229000000000E+01
 2.00862500000000E+03  -8.70638000000000E+01
 2.00879170000000E+03  -8.31778000000000E+01
 2.00887500000000E+03  -7.02731000000000E+01
 2.00895830000000E+03  -6.93686000000000E+01
 2.00904170000000E+03  -7.67726000000000E+01
 2.00912500000000E+03  -7.32530000000000E+01
 2.00920830000000E+03  -5.88105000000000E+01
 2.00929170000000E+03  -3.45228000000000E+01
 2.00937500000000E+03  -3.37729000000000E+01
 2.00945830000000E+03  -3.05616000000000E+01
 2.00954170000000E+03  -2.75051000000000E+01
 2.00962500000000E+03  -1.46019000000000E+01
 2.00970830000000E+03  -1.93142000000000E+01
 2.00979170000000E+03  -1.31812000000000E+01
 2.00987500000000E+03  -4.50920000000000E+00
 2.00995830000000E+03  -3.22200000000000E+00
 2.01004170000000E+03   9.91040000000000E+00
 2.01012500000000E+03   1.54281000000000E+01
 2.01020830000000E+03   3.05610000000000E+01
 2.01029170000000E+03   1.74622000000000E+01
 2.01037500000000E+03   1.36400000000000E+00
 2.01045830000000E+03  -2.41959000000000E+01
 2.01054170000000E+03  -4.26798000000000E+01
 2.01062500000000E+03  -5.33939000000000E+01
 2.01070830000000E+03  -5.41850000000000E+01
 2.01079170000000E+03  -3.99771000000000E+01
 2.01087500000000E+03  -3.62301000000000E+01
 2.01095830000000E+03  -4.03295000000000E+01
 2.01104170000000E+03  -4.78143000000000E+01
 2.01112500000000E+03  -6.79140000000000E+01
 2.01120830000000E+03  -7.36292000000000E+01
 2.01129170000000E+03  -9.13453000000000E+01
 2.01137500000000E+03  -9.42916000000000E+01
 2.01145830000000E+03  -9.59304000000000E+01
 2.01154170000000E+03  -9.54931000000000E+01
 2.01162500000000E+03  -8.37476000000000E+01
 2.01170830000000E+03  -6.30792000000000E+01
 2.01179170000000E+03  -5.21809000000000E+01
 2.01187500000000E+03  -4.98974000000000E+01
 2.01195830000000E+03  -4.36909000000000E+01
 2.01204170000000E+03  -4.20239000000000E+01
 2.01212500000000E+03  -3.87409000000000E+01
 2.01220830000000E+03  -2.66119000000000E+01
 2.01229170000000E+03  -2.17915000000000E+01
 2.01237500000000E+03  -2.32782000000000E+01
 2.01245830000000E+03  -3.01496000000000E+01
 2.01254170000000E+03  -3.75605000000000E+01
 2.01262500000000E+03  -3.14323000000000E+01
 2.01270830000000E+03  -3.61504000000000E+01
 2.01279170000000E+03  -3.49463000000000E+01
 2.01287500000000E+03  -3.88186000000000E+01
 2.01295830000000E+03  -4.39218000000000E+01
 2.01304170000000E+03  -5.34875000000000E+01
 2.01312500000000E+03  -5.40525000000000E+01
 2.01320830000000E+03  -4.27716000000000E+01
 2.01329170000000E+03  -3.71839000000000E+01
 2.01337500000000E+03  -3.02110000000000E+01
 2.01345830000000E+03  -3.79306000000000E+01
 2.01354170000000E+03  -4.41126000000000E+01
 2.01362500000000E+03  -4.54479000000000E+01
 2.01370830000000E+03  -4.60910000000000E+01
 2.01379170000000E+03  -3.97350000000000E+01
 2.01387500000000E+03  -4.16862000000000E+01
 2.01395830000000E+03  -3.86374000000000E+01
 2.01404170000000E+03  -4.30512000000000E+01
 2.01412500000000E+03  -4.43105000000000E+01
 2.01420830000000E+03  -3.22623000000000E+01
 2.01429170000000E+03  -3.85996000000000E+01
 2.01437500000000E+03  -5.00902000000000E+01
 2.01445830000000E+03  -6.08117000000000E+01
 2.01454170000000E+03  -6.53803000000000E+01
 2.01462500000000E+03  -5.93328000000000E+01
 2.01470830000000E+03  -5.85933000000000E+01
 2.01479170000000E+03  -5.01623000000000E+01
 2.01487500000000E+03  -3.78077000000000E+01
 2.01495830000000E+03  -3.49917000000000E+01
 2.01504170000000E+03  -4.24074000000000E+01
 2.01512500000000E+03  -3.28994000000000E+01
 2.01520830000000E+03  -1.93916000000000E+01
 2.01529170000000E+03  -1.46539000000000E+01
 2.01537500000000E+03  -1.45410000000000E+00
 2.01545830000000E+03   8.59170000000000E+00
 2.01554170000000E+03   1.16365000000000E+01
 2.01562500000000E+03   1.42205000000000E+01
 2.01570830000000E+03   2.74966000000000E+01
 2.01579170000000E+03   5.23871000000000E+01
 2.01587500000000E+03   6.62013000000000E+01
 2.01595830000000E+03   6.48616000000000E+01
 2.01604170000000E+03   6.36747000000000E+01
 2.01612500000000E+03   7.69500000000000E+01
 2.01620830000000E+03   9.41482000000000E+01
 2.01629170000000E+03   1.01576200000000E+02
 2.01637500000000E+03   1.00235600000000E+02
 2.01645830000000E+03   8.83564000000000E+01
 2.01654170000000E+03   7.47070000000000E+01
 2.01662500000000E+03   6.89044000000000E+01
 2.01670830000000E+03   8.06401000000000E+01
 2.01679170000000E+03   8.34518000000000E+01
 2.01687500000000E+03   7.19564000000000E+01
 2.01695830000000E+03   6.93070000000000E+01
 2.01704170000000E+03   5.92720000000000E+01
 2.01712500000000E+03   6.74684000000000E+01
 2.01720830000000E+03   7.09724000000000E+01
 2.01729170000000E+03   7.43985000000000E+01
 2.01737500000000E+03   6.32098000000000E+01
 2.01745830000000E+03   4.30979000000000E+01
 2.01754170000000E+03   2.16004000000000E+01
 2.01762500000000E+03   2.31036000000000E+01
 2.01770830000000E+03   2.94527000000000E+01
 2.01779170000000E+03   2.79547000000000E+01
 2.01787500000000E+03   2.14574000000000E+01
 2.01795830000000E+03   1.67291000000000E+01
 2.01804170000000E+03  -7.69300000000000E-01
 2.01812500000000E+03   5.73290000000000E+00
 2.01820830000000E+03   1.04657000000000E+01
 2.01829170000000E+03   2.04283000000000E+01
 2.01837500000000E+03   1.16070000000000E+00
 2.01845830000000E+03  -8.87620000000000E+00
 2.01854170000000E+03  -1.13756000000000E+01
 2.01862500000000E+03   9.66410000000000E+00
 2.01870830000000E+03   1.53190000000000E+01
 2.01879170000000E+03   1.76652000000000E+01
 2.01887500000000E+03   3.49352000000000E+01
 2.01895830000000E+03   4.17435000000000E+01
 2.01904170000000E+03   5.01662000000000E+01
 2.01912500000000E+03   5.72818000000000E+01
 2.01920830000000E+03   7.23203000000000E+01
 2.01929170000000E+03   8.07425000000000E+01
 2.01937500000000E+03   6.79346000000000E+01
 2.01945830000000E+03   6.15881000000000E+01
 2.01954170000000E+03   6.49329000000000E+01
 2.01962500000000E+03   6.55091000000000E+01
 2.01970830000000E+03   6.20851000000000E+01
 2.01979170000000E+03   7.20448000000000E+01
 2.01987500000000E+03   7.71590000000000E+01
 2.01995830000000E+03   7.05807000000000E+01
 2.02004170000000E+03   6.75399000000000E+01
 2.02012500000000E+03   6.61921000000000E+01
 2.02020830000000E+03   8.85364000000000E+01
 2.02029170000000E+03   8.42643000000000E+01
 2.02037500000000E+03   7.41468000000000E+01
 2.02045830000000E+03   5.60290000000000E+01
 2.02054170000000E+03   4.65258000000000E+01
 2.02062500000000E+03   3.78693000000000E+01
 2.02070830000000E+03   4.65203000000000E+01
 2.02079170000000E+03   5.49396000000000E+01
 2.02087500000000E+03   5.44364000000000E+01
 2.02095830000000E+03   5.37024000000000E+01
 2.02104170000000E+03   4.26597000000000E+01
 2.02112500000000E+03   4.26176000000000E+01
 2.02120830000000E+03   4.69599000000000E+01
 2.02129170000000E+03   3.57629000000000E+01
 2.02137500000000E+03   2.81049000000000E+01
 2.02145830000000E+03   1.70622000000000E+01
 2.02154170000000E+03   1.66339000000000E+01
 2.02162500000000E+03   2.52062000000000E+01
 2.02170830000000E+03   2.76245000000000E+01
 2.02179170000000E+03   3.11958000000000E+01
 2.02187500000000E+03   2.33830000000000E+01
 2.02195830000000E+03   7.03160000000000E+00
 2.02204170000000E+03  -5.47460000000000E+00
 2.02212500000000E+03  -2.74940000000000E+00
 2.02220830000000E+03   5.36030000000000E+00
 2.02229170000000E+03   3.77670000000000E+00
 2.02237500000000E+03  -2.67800000000000E-01
 2.02245830000000E+03  -3.54330000000000E+00
 2.02254170000000E+03  -5.81970000000000E+00
 2.02262500000000E+03  -2.71080000000000E+00
 2.02270830000000E+03   7.47480000000000E+00
 2.02279170000000E+03   2.30441000000000E+01
 2.02287500000000E+03   2.38447000000000E+01
 2.02295830000000E+03   2.35683000000000E+01
 2.02304170000000E+03   2.38294000000000E+01
 2.02312500000000E+03   2.63989000000000E+01
 2.02320830000000E+03   3.21220000000000E+01
 2.02329170000000E+03   3.66903000000000E+01
 2.02337500000000E+03   3.71054000000000E+01
 2.02345830000000E+03   2.93665000000000E+01
 2.02354170000000E+03   1.36266000000000E+01
 2.02362500000000E+03   2.65660000000000E+00
 2.02370830000000E+03   9.68640000000000E+00
 2.02379170000000E+03   1.25380000000000E+00
 2.02387500000000E+03   1.12940000000000E+00
 2.02395830000000E+03   4.23570000000000E+00
 2.02404170000000E+03  -3.12050000000000E+00
 2.02412500000000E+03  -3.70690000000000E+00
 2.02420830000000E+03   1.04758000000000E+01
 2.02429170000000E+03   1.41191000000000E+01
 2.02437500000000E+03   7.07070000000000E+00
 2.02445830000000E+03  -8.67010000000000E+00
 2.02454170000000E+03  -8.52730000000000E+00
 2.02462500000000E+03   5.58120000000000E+00
 2.02470830000000E+03   2.26440000000000E+01
 2.02479170000000E+03   2.58676000000000E+01
 2.02487500000000E+03   3.71889000000000E+01
 2.02495830000000E+03   2.72205000000000E+01
