 1.84304170000000E+03  -4.13673000000000E+01
 1.84312500000000E+03  -3.60193000000000E+01
 1.84320830000000E+03  -2.19014000000000E+01
 1.84329170000000E+03   8.35520000000000E+00
 1.84337500000000E+03   2.26221000000000E+01
 1.84345830000000E+03   4.07299000000000E+01
 1.84354170000000E+03   5.40997000000000E+01
 1.84362500000000E+03   3.00659000000000E+01
 1.84370830000000E+03   3.75706000000000E+01
 1.84379170000000E+03   5.62289000000000E+01
 1.84387500000000E+03   5.29644000000000E+01
 1.84395830000000E+03   8.62384000000000E+01
 1.84404170000000E+03   9.45121000000000E+01
 1.84412500000000E+03   1.07786100000000E+02
 1.84420830000000E+03   1.04906200000000E+02
 1.84429170000000E+03   1.07410700000000E+02
 1.84437500000000E+03   7.99155000000000E+01
 1.84445830000000E+03   3.01126000000000E+01
 1.84454170000000E+03   9.15560000000000E+00
 1.84462500000000E+03  -1.56473000000000E+01
 1.84470830000000E+03  -2.58348000000000E+01
 1.84479170000000E+03  -3.75610000000000E+01
 1.84487500000000E+03  -3.77485000000000E+01
 1.84495830000000E+03  -3.06283000000000E+01
 1.84504170000000E+03  -4.38929000000000E+01
 1.84512500000000E+03  -4.44650000000000E+01
 1.84520830000000E+03  -5.69602000000000E+01
 1.84529170000000E+03  -3.36863000000000E+01
 1.84537500000000E+03  -3.23353000000000E+01
 1.84545830000000E+03   7.47730000000000E+00
 1.84554170000000E+03   4.84435000000000E+01
 1.84562500000000E+03   8.05637000000000E+01
 1.84570830000000E+03   1.00376300000000E+02
 1.84579170000000E+03   1.07111800000000E+02
 1.84587500000000E+03   1.17309000000000E+02
 1.84595830000000E+03   1.22121600000000E+02
 1.84604170000000E+03   1.36164800000000E+02
 1.84612500000000E+03   1.35592800000000E+02
 1.84620830000000E+03   1.30020800000000E+02
 1.84629170000000E+03   1.23294800000000E+02
 1.84637500000000E+03   9.50305000000000E+01
 1.84645830000000E+03   8.86893000000000E+01
 1.84654170000000E+03   3.35018000000000E+01
 1.84662500000000E+03   3.60067000000000E+01
 1.84670830000000E+03   1.97330000000000E+00
 1.84679170000000E+03  -7.82960000000000E+00
 1.84687500000000E+03  -9.94000000000000E+00
 1.84695830000000E+03  -6.66570000000000E+00
 1.84704170000000E+03  -5.69940000000000E+00
 1.84712500000000E+03  -2.31944000000000E+01
 1.84720830000000E+03  -4.92010000000000E+00
 1.84729170000000E+03  -1.24153000000000E+01
 1.84737500000000E+03  -9.52560000000000E+00
 1.84745830000000E+03  -2.08667000000000E+01
 1.84754170000000E+03  -7.10541000000000E+01
 1.84762500000000E+03  -4.47029000000000E+01
 1.84770830000000E+03  -6.45055000000000E+01
 1.84779170000000E+03  -6.62313000000000E+01
 1.84787500000000E+03  -7.64185000000000E+01
 1.84795830000000E+03  -6.92980000000000E+01
 1.84804170000000E+03  -6.56393000000000E+01
 1.84812500000000E+03  -5.58264000000000E+01
 1.84820830000000E+03  -4.83213000000000E+01
 1.84829170000000E+03  -6.69702000000000E+01
 1.84837500000000E+03  -3.94650000000000E+01
 1.84845830000000E+03  -5.31137000000000E+01
 1.84854170000000E+03  -3.25318000000000E+01
 1.84862500000000E+03   3.42041000000000E+01
 1.84870830000000E+03   3.09401000000000E+01
 1.84879170000000E+03   2.65220000000000E+01
 1.84887500000000E+03   1.94118000000000E+01
 1.84895830000000E+03   3.26863000000000E+01
 1.84904170000000E+03   3.36528000000000E+01
 1.84912500000000E+03   3.69273000000000E+01
 1.84920830000000E+03   1.78941000000000E+01
 1.84929170000000E+03   1.80914000000000E+01
 1.84937500000000E+03   1.94429000000000E+01
 1.84945830000000E+03  -1.95903000000000E+01
 1.84954170000000E+03  -3.43930000000000E+01
 1.84962500000000E+03  -7.65690000000000E+00
 1.84970830000000E+03  -2.51516000000000E+01
 1.84979170000000E+03  -3.61081000000000E+01
 1.84987500000000E+03  -2.51412000000000E+01
 1.84995830000000E+03  -1.18667000000000E+01
 1.85004170000000E+03  -1.35923000000000E+01
 1.85012500000000E+03  -3.39470000000000E+00
 1.85020830000000E+03  -1.39662000000000E+01
 1.85029170000000E+03   3.15430000000000E+00
 1.85037500000000E+03   2.29673000000000E+01
 1.85045830000000E+03   3.85496000000000E+01
 1.85054170000000E+03   4.64394000000000E+01
 1.85062500000000E+03   7.16371000000000E+01
 1.85070830000000E+03   4.10656000000000E+01
 1.85079170000000E+03   3.08785000000000E+01
 1.85087500000000E+03   3.53070000000000E+01
 1.85095830000000E+03   5.20432000000000E+01
 1.85104170000000E+03   5.80099000000000E+01
 1.85112500000000E+03   5.93615000000000E+01
 1.85120830000000E+03   4.41747000000000E+01
 1.85129170000000E+03   5.74491000000000E+01
 1.85137500000000E+03   5.64931000000000E+01
 1.85145830000000E+03   3.93831000000000E+01
 1.85154170000000E+03   4.15038000000000E+01
 1.85162500000000E+03   5.86247000000000E+01
 1.85170830000000E+03   4.57456000000000E+01
 1.85179170000000E+03   3.36355000000000E+01
 1.85187500000000E+03   3.65256000000000E+01
 1.85195830000000E+03   4.36465000000000E+01
 1.85204170000000E+03   2.84595000000000E+01
 1.85212500000000E+03   2.78881000000000E+01
 1.85220830000000E+03   3.03937000000000E+01
 1.85229170000000E+03   4.17452000000000E+01
 1.85237500000000E+03   3.88661000000000E+01
 1.85245830000000E+03   5.32948000000000E+01
 1.85254170000000E+03   5.46463000000000E+01
 1.85262500000000E+03   1.94596000000000E+01
 1.85270830000000E+03  -1.26502000000000E+01
 1.85279170000000E+03  -4.76020000000000E+00
 1.85287500000000E+03  -3.02380000000000E+00
 1.85295830000000E+03  -5.18200000000000E-01
 1.85304170000000E+03   2.75650000000000E+00
 1.85312500000000E+03   1.33390000000000E+01
 1.85320830000000E+03   2.04601000000000E+01
 1.85329170000000E+03   1.52732000000000E+01
 1.85337500000000E+03   4.71200000000000E-01
 1.85345830000000E+03  -2.51001000000000E+01
 1.85354170000000E+03  -5.75946000000000E+01
 1.85362500000000E+03  -4.00889000000000E+01
 1.85370830000000E+03  -2.56601000000000E+01
 1.85379170000000E+03  -9.30850000000000E+00
 1.85387500000000E+03  -1.14181000000000E+01
 1.85395830000000E+03  -3.14320000000000E+00
 1.85404170000000E+03  -4.86840000000000E+00
 1.85412500000000E+03  -4.67040000000000E+00
 1.85420830000000E+03   2.45070000000000E+00
 1.85429170000000E+03  -1.58220000000000E+00
 1.85437500000000E+03   1.30820000000000E+00
 1.85445830000000E+03   4.61217000000000E+01
 1.85454170000000E+03   6.24734000000000E+01
 1.85462500000000E+03   4.76715000000000E+01
 1.85470830000000E+03   1.17158000000000E+01
 1.85479170000000E+03   9.99060000000000E+00
 1.85487500000000E+03   7.11180000000000E+00
 1.85495830000000E+03   6.15610000000000E+00
 1.85504170000000E+03   9.04630000000000E+00
 1.85512500000000E+03   1.96291000000000E+01
 1.85520830000000E+03   1.36734000000000E+01
 1.85529170000000E+03   2.46406000000000E+01
 1.85537500000000E+03   6.37720000000000E+00
 1.85545830000000E+03  -1.88610000000000E+00
 1.85554170000000E+03  -3.86112000000000E+01
 1.85562500000000E+03  -4.22592000000000E+01
 1.85570830000000E+03  -3.97533000000000E+01
 1.85579170000000E+03  -3.91707000000000E+01
 1.85587500000000E+03  -4.35878000000000E+01
 1.85595830000000E+03  -3.53126000000000E+01
 1.85604170000000E+03  -2.28069000000000E+01
 1.85612500000000E+03  -1.60702000000000E+01
 1.85620830000000E+03  -1.74104000000000E+01
 1.85629170000000E+03  -2.56739000000000E+01
 1.85637500000000E+03  -3.43218000000000E+01
 1.85645830000000E+03  -7.96960000000000E+00
 1.85654170000000E+03  -1.85408000000000E+01
 1.85662500000000E+03  -2.98809000000000E+01
 1.85670830000000E+03  -4.23749000000000E+01
 1.85679170000000E+03  -3.64076000000000E+01
 1.85687500000000E+03  -4.15939000000000E+01
 1.85695830000000E+03  -3.98571000000000E+01
 1.85704170000000E+03  -3.35051000000000E+01
 1.85712500000000E+03  -4.71529000000000E+01
 1.85720830000000E+03  -5.31084000000000E+01
 1.85729170000000E+03  -5.67564000000000E+01
 1.85737500000000E+03  -6.04042000000000E+01
 1.85745830000000E+03  -5.82827000000000E+01
 1.85754170000000E+03  -7.19307000000000E+01
 1.85762500000000E+03  -8.21169000000000E+01
 1.85770830000000E+03  -6.84569000000000E+01
 1.85779170000000E+03  -6.01818000000000E+01
 1.85787500000000E+03  -5.26757000000000E+01
 1.85795830000000E+03  -4.05542000000000E+01
 1.85804170000000E+03  -2.76636000000000E+01
 1.85812500000000E+03  -3.47729000000000E+01
 1.85820830000000E+03  -2.64975000000000E+01
 1.85829170000000E+03  -1.86069000000000E+01
 1.85837500000000E+03  -2.61008000000000E+01
 1.85845830000000E+03  -2.01330000000000E+01
 1.85854170000000E+03  -2.37809000000000E+01
 1.85862500000000E+03  -1.78132000000000E+01
 1.85870830000000E+03   2.70007000000000E+01
 1.85879170000000E+03   2.25837000000000E+01
 1.85887500000000E+03   1.54745000000000E+01
 1.85895830000000E+03   2.02884000000000E+01
 1.85904170000000E+03   2.08714000000000E+01
 1.85912500000000E+03   1.64545000000000E+01
 1.85920830000000E+03   2.31916000000000E+01
 1.85929170000000E+03   2.26207000000000E+01
 1.85937500000000E+03   2.01270000000000E+01
 1.85945830000000E+03   2.07102000000000E+01
 1.85954170000000E+03   2.82162000000000E+01
 1.85962500000000E+03   2.03379000000000E+01
 1.85970830000000E+03   3.61350000000000E+00
 1.85979170000000E+03  -2.77266000000000E+01
 1.85987500000000E+03  -3.17587000000000E+01
 1.85995830000000E+03  -1.80985000000000E+01
 1.86004170000000E+03  -1.13617000000000E+01
 1.86012500000000E+03   7.60100000000000E-01
 1.86020830000000E+03   2.88180000000000E+00
 1.86029170000000E+03   1.38495000000000E+01
 1.86037500000000E+03  -3.25950000000000E+00
 1.86045830000000E+03  -2.99839000000000E+01
 1.86054170000000E+03  -4.13239000000000E+01
 1.86062500000000E+03  -4.76636000000000E+01
 1.86070830000000E+03  -4.16957000000000E+01
 1.86079170000000E+03  -3.99587000000000E+01
 1.86087500000000E+03  -2.86061000000000E+01
 1.86095830000000E+03  -2.95612000000000E+01
 1.86104170000000E+03  -2.35935000000000E+01
 1.86112500000000E+03  -1.03178000000000E+01
 1.86120830000000E+03  -8.19590000000000E+00
 1.86129170000000E+03  -1.99205000000000E+01
 1.86137500000000E+03  -1.31832000000000E+01
 1.86145830000000E+03   2.01560000000000E+00
 1.86154170000000E+03   1.49065000000000E+01
 1.86162500000000E+03   1.85668000000000E+01
 1.86170830000000E+03   8.76560000000000E+00
 1.86179170000000E+03  -2.95880000000000E+00
 1.86187500000000E+03  -3.91380000000000E+00
 1.86195830000000E+03   2.05420000000000E+00
 1.86204170000000E+03   1.87913000000000E+01
 1.86212500000000E+03   1.51440000000000E+01
 1.86220830000000E+03  -1.04263000000000E+01
 1.86229170000000E+03  -1.76610000000000E+00
 1.86237500000000E+03  -6.18260000000000E+00
 1.86245830000000E+03  -1.67530000000000E+01
 1.86254170000000E+03   6.13800000000000E+00
 1.86262500000000E+03   2.32600000000000E+01
 1.86270830000000E+03   2.76897000000000E+01
 1.86279170000000E+03   4.01961000000000E+01
 1.86287500000000E+03   3.46258000000000E+01
 1.86295830000000E+03   3.86709000000000E+01
 1.86304170000000E+03   3.96389000000000E+01
 1.86312500000000E+03   3.13763000000000E+01
 1.86320830000000E+03   4.69599000000000E+01
 1.86329170000000E+03   6.10048000000000E+01
 1.86337500000000E+03   4.81269000000000E+01
 1.86345830000000E+03   9.83259000000000E+01
 1.86354170000000E+03   6.50631000000000E+01
 1.86362500000000E+03   3.71852000000000E+01
 1.86370830000000E+03   2.81534000000000E+01
 1.86379170000000E+03   2.52753000000000E+01
 1.86387500000000E+03   1.66282000000000E+01
 1.86395830000000E+03   2.25965000000000E+01
 1.86404170000000E+03   2.70261000000000E+01
 1.86412500000000E+03   2.91482000000000E+01
 1.86420830000000E+03   3.39627000000000E+01
 1.86429170000000E+03   1.76231000000000E+01
 1.86437500000000E+03   6.28370000000000E+00
 1.86445830000000E+03  -1.85172000000000E+01
 1.86454170000000E+03  -4.71645000000000E+01
 1.86462500000000E+03  -4.85038000000000E+01
 1.86470830000000E+03  -6.25354000000000E+01
 1.86479170000000E+03  -7.31058000000000E+01
 1.86487500000000E+03  -6.67528000000000E+01
 1.86495830000000E+03  -5.73229000000000E+01
 1.86504170000000E+03  -5.63547000000000E+01
 1.86512500000000E+03  -5.73094000000000E+01
 1.86520830000000E+03  -6.67256000000000E+01
 1.86529170000000E+03  -7.11420000000000E+01
 1.86537500000000E+03  -6.47890000000000E+01
 1.86545830000000E+03  -6.03590000000000E+01
 1.86554170000000E+03  -1.97754000000000E+01
 1.86562500000000E+03  -7.65310000000000E+00
 1.86570830000000E+03  -5.53080000000000E+00
 1.86579170000000E+03   2.36050000000000E+00
 1.86587500000000E+03   5.63670000000000E+00
 1.86595830000000E+03   5.45130000000000E+00
 1.86604170000000E+03   1.48811000000000E+01
 1.86612500000000E+03   2.46957000000000E+01
 1.86620830000000E+03   3.37412000000000E+01
 1.86629170000000E+03   1.97095000000000E+01
 1.86637500000000E+03   4.79857000000000E+01
 1.86645830000000E+03   6.51081000000000E+01
 1.86654170000000E+03   6.53071000000000E+01
 1.86662500000000E+03   6.20449000000000E+01
 1.86670830000000E+03   2.18596000000000E+01
 1.86679170000000E+03   5.28280000000000E+01
 1.86687500000000E+03   5.34119000000000E+01
 1.86695830000000E+03   6.24574000000000E+01
 1.86704170000000E+03   7.57335000000000E+01
 1.86712500000000E+03   6.74713000000000E+01
 1.86720830000000E+03   6.69015000000000E+01
 1.86729170000000E+03   6.55622000000000E+01
 1.86737500000000E+03   9.99923000000000E+01
 1.86745830000000E+03   8.09610000000000E+01
 1.86754170000000E+03   5.88524000000000E+01
 1.86762500000000E+03   9.28980000000000E+01
 1.86770830000000E+03   7.96359000000000E+01
 1.86779170000000E+03   9.56043000000000E+01
 1.86787500000000E+03   7.65730000000000E+01
 1.86795830000000E+03   8.83109000000000E+01
 1.86804170000000E+03   8.46640000000000E+01
 1.86812500000000E+03   8.17866000000000E+01
 1.86820830000000E+03   8.23707000000000E+01
 1.86829170000000E+03   8.71853000000000E+01
 1.86837500000000E+03   8.31540000000000E+01
 1.86845830000000E+03   7.45074000000000E+01
 1.86854170000000E+03   4.97067000000000E+01
 1.86862500000000E+03   7.06754000000000E+01
 1.86870830000000E+03   1.93365000000000E+01
 1.86879170000000E+03  -7.96000000000000E-02
 1.86887500000000E+03  -5.26470000000000E+00
 1.86895830000000E+03   4.55030000000000E+00
 1.86904170000000E+03   9.03500000000000E-01
 1.86912500000000E+03   6.48760000000000E+00
 1.86920830000000E+03   1.86103000000000E+01
 1.86929170000000E+03   3.61173000000000E+01
 1.86937500000000E+03   4.93939000000000E+01
 1.86945830000000E+03   4.38242000000000E+01
 1.86954170000000E+03   2.71005000000000E+01
 1.86962500000000E+03   3.83860000000000E+00
 1.86970830000000E+03  -2.44233000000000E+01
 1.86979170000000E+03  -1.07623000000000E+01
 1.86987500000000E+03   9.75800000000000E-01
 1.86995830000000E+03   6.94470000000000E+00
 1.87004170000000E+03   1.75950000000000E+00
 1.87012500000000E+03   9.65150000000000E+00
 1.87020830000000E+03   1.10050000000000E+01
 1.87029170000000E+03   3.12750000000000E+00
 1.87037500000000E+03  -1.16728000000000E+01
 1.87045830000000E+03  -5.41654000000000E+01
 1.87054170000000E+03  -7.62736000000000E+01
 1.87062500000000E+03  -8.68431000000000E+01
 1.87070830000000E+03  -5.70280000000000E+01
 1.87079170000000E+03  -5.37515000000000E+01
 1.87087500000000E+03  -4.93210000000000E+01
 1.87095830000000E+03  -4.95059000000000E+01
 1.87104170000000E+03  -4.35371000000000E+01
 1.87112500000000E+03  -3.94912000000000E+01
 1.87120830000000E+03  -4.62145000000000E+01
 1.87129170000000E+03  -5.67842000000000E+01
 1.87137500000000E+03  -7.11997000000000E+01
 1.87145830000000E+03  -6.90769000000000E+01
 1.87154170000000E+03  -6.15696000000000E+01
 1.87162500000000E+03  -6.21390000000000E+01
 1.87170830000000E+03  -5.46315000000000E+01
 1.87179170000000E+03  -5.21242000000000E+01
 1.87187500000000E+03  -5.26935000000000E+01
 1.87195830000000E+03  -5.78783000000000E+01
 1.87204170000000E+03  -5.53710000000000E+01
 1.87212500000000E+03  -5.94019000000000E+01
 1.87220830000000E+03  -3.80481000000000E+01
 1.87229170000000E+03  -3.55408000000000E+01
 1.87237500000000E+03  -2.57255000000000E+01
 1.87245830000000E+03  -3.09102000000000E+01
 1.87254170000000E+03  -3.07105000000000E+01
 1.87262500000000E+03  -3.97414000000000E+01
 1.87270830000000E+03  -4.03107000000000E+01
 1.87279170000000E+03  -4.66494000000000E+01
 1.87287500000000E+03  -4.56802000000000E+01
 1.87295830000000E+03  -4.04803000000000E+01
 1.87304170000000E+03  -3.37421000000000E+01
 1.87312500000000E+03  -2.81575000000000E+01
 1.87320830000000E+03  -1.29575000000000E+01
 1.87329170000000E+03  -2.23731000000000E+01
 1.87337500000000E+03  -1.44808000000000E+01
 1.87345830000000E+03   2.64230000000000E+00
 1.87354170000000E+03   3.28421000000000E+01
 1.87362500000000E+03   1.88113000000000E+01
 1.87370830000000E+03   3.82421000000000E+01
 1.87379170000000E+03   5.76727000000000E+01
 1.87387500000000E+03   5.63343000000000E+01
 1.87395830000000E+03   5.65344000000000E+01
 1.87404170000000E+03   5.13496000000000E+01
 1.87412500000000E+03   5.77035000000000E+01
 1.87420830000000E+03   5.82882000000000E+01
 1.87429170000000E+03   5.88727000000000E+01
 1.87437500000000E+03   4.48420000000000E+01
 1.87445830000000E+03   3.35037000000000E+01
 1.87454170000000E+03   1.25497000000000E+01
 1.87462500000000E+03  -3.91732000000000E+01
 1.87470830000000E+03  -4.62808000000000E+01
 1.87479170000000E+03  -5.95424000000000E+01
 1.87487500000000E+03  -6.12653000000000E+01
 1.87495830000000E+03  -5.06806000000000E+01
 1.87504170000000E+03  -5.47114000000000E+01
 1.87512500000000E+03  -5.25881000000000E+01
 1.87520830000000E+03  -5.96957000000000E+01
 1.87529170000000E+03  -8.37265000000000E+01
 1.87537500000000E+03  -1.06603200000000E+02
 1.87545830000000E+03  -1.02172200000000E+02
 1.87554170000000E+03  -1.13510700000000E+02
 1.87562500000000E+03  -1.14464300000000E+02
 1.87570830000000E+03  -6.81102000000000E+01
 1.87579170000000E+03  -6.44486000000000E+01
 1.87587500000000E+03  -7.00176000000000E+01
 1.87595830000000E+03  -7.13558000000000E+01
 1.87604170000000E+03  -6.42327000000000E+01
 1.87612500000000E+03  -5.67247000000000E+01
 1.87620830000000E+03  -4.49860000000000E+01
 1.87629170000000E+03  -4.70936000000000E+01
 1.87637500000000E+03  -4.15087000000000E+01
 1.87645830000000E+03  -5.78469000000000E+01
 1.87654170000000E+03  -5.53391000000000E+01
 1.87662500000000E+03  -2.39849000000000E+01
 1.87670830000000E+03  -2.57076000000000E+01
 1.87679170000000E+03  -5.89690000000000E+01
 1.87687500000000E+03  -5.41533000000000E+01
 1.87695830000000E+03  -4.16453000000000E+01
 1.87704170000000E+03  -2.75990000000000E+01
 1.87712500000000E+03  -2.35524000000000E+01
 1.87720830000000E+03  -1.83520000000000E+01
 1.87729170000000E+03  -1.08442000000000E+01
 1.87737500000000E+03   7.43310000000000E+00
 1.87745830000000E+03   2.34028000000000E+01
 1.87754170000000E+03   5.28338000000000E+01
 1.87762500000000E+03   4.57265000000000E+01
 1.87770830000000E+03   4.97731000000000E+01
 1.87779170000000E+03   3.88195000000000E+01
 1.87787500000000E+03   5.28661000000000E+01
 1.87795830000000E+03   5.84511000000000E+01
 1.87804170000000E+03   6.82668000000000E+01
 1.87812500000000E+03   6.46211000000000E+01
 1.87820830000000E+03   7.02062000000000E+01
 1.87829170000000E+03   7.00219000000000E+01
 1.87837500000000E+03   5.17608000000000E+01
 1.87845830000000E+03   4.04229000000000E+01
 1.87854170000000E+03   1.87001000000000E+01
 1.87862500000000E+03   1.20830000000000E+00
 1.87870830000000E+03  -1.74373000000000E+01
 1.87879170000000E+03  -4.95447000000000E+01
 1.87887500000000E+03  -4.70364000000000E+01
 1.87895830000000E+03  -4.33743000000000E+01
 1.87904170000000E+03  -3.62509000000000E+01
 1.87912500000000E+03  -3.91272000000000E+01
 1.87920830000000E+03  -4.08497000000000E+01
 1.87929170000000E+03  -4.37263000000000E+01
 1.87937500000000E+03  -4.66026000000000E+01
 1.87945830000000E+03  -4.52481000000000E+01
 1.87954170000000E+03  -5.08170000000000E+01
 1.87962500000000E+03  -3.33086000000000E+01
 1.87970830000000E+03  -3.46465000000000E+01
 1.87979170000000E+03  -2.05999000000000E+01
 1.87987500000000E+03  -1.42454000000000E+01
 1.87995830000000E+03  -2.12170000000000E+00
 1.88004170000000E+03   1.54030000000000E+00
 1.88012500000000E+03  -5.18210000000000E+00
 1.88020830000000E+03  -5.36600000000000E+00
 1.88029170000000E+03   4.44990000000000E+00
 1.88037500000000E+03   1.50352000000000E+01
 1.88045830000000E+03   4.60051000000000E+01
 1.88054170000000E+03   3.88979000000000E+01
 1.88062500000000E+03   1.98679000000000E+01
 1.88070830000000E+03   1.12225000000000E+01
 1.88079170000000E+03   1.18076000000000E+01
 1.88087500000000E+03   9.31610000000000E+00
 1.88095830000000E+03   1.64399000000000E+01
 1.88104170000000E+03   2.39482000000000E+01
 1.88112500000000E+03   3.79951000000000E+01
 1.88120830000000E+03   3.35805000000000E+01
 1.88129170000000E+03   2.95503000000000E+01
 1.88137500000000E+03   2.97511000000000E+01
 1.88145830000000E+03   1.41827000000000E+01
 1.88154170000000E+03  -1.56167000000000E+01
 1.88162500000000E+03   1.12260000000000E+00
 1.88170830000000E+03   2.82465000000000E+01
 1.88179170000000E+03   2.46010000000000E+01
 1.88187500000000E+03   3.05711000000000E+01
 1.88195830000000E+03   4.30796000000000E+01
 1.88204170000000E+03   4.21264000000000E+01
 1.88212500000000E+03   5.30966000000000E+01
 1.88220830000000E+03   3.13744000000000E+01
 1.88229170000000E+03   2.69597000000000E+01
 1.88237500000000E+03   3.67760000000000E+01
 1.88245830000000E+03   1.00538000000000E+01
 1.88254170000000E+03  -4.36090000000000E+00
 1.88262500000000E+03  -2.14676000000000E+01
 1.88270830000000E+03  -4.47282000000000E+01
 1.88279170000000E+03  -7.02967000000000E+01
 1.88287500000000E+03  -6.04804000000000E+01
 1.88295830000000E+03  -6.14333000000000E+01
 1.88304170000000E+03  -6.00787000000000E+01
 1.88312500000000E+03  -5.29546000000000E+01
 1.88320830000000E+03  -6.96767000000000E+01
 1.88329170000000E+03  -5.44759000000000E+01
 1.88337500000000E+03  -2.92749000000000E+01
 1.88345830000000E+03  -1.79201000000000E+01
 1.88354170000000E+03   2.57423000000000E+01
 1.88362500000000E+03   2.55587000000000E+01
 1.88370830000000E+03   2.19136000000000E+01
 1.88379170000000E+03   1.86529000000000E+01
 1.88387500000000E+03   3.50078000000000E+01
 1.88395830000000E+03   3.67473000000000E+01
 1.88404170000000E+03   4.38712000000000E+01
 1.88412500000000E+03   3.59954000000000E+01
 1.88420830000000E+03   3.38888000000000E+01
 1.88429170000000E+03   5.75512000000000E+01
 1.88437500000000E+03   4.62139000000000E+01
 1.88445830000000E+03   4.64150000000000E+01
 1.88454170000000E+03   9.30820000000000E+00
 1.88462500000000E+03  -2.39522000000000E+01
 1.88470830000000E+03  -1.68280000000000E+01
 1.88479170000000E+03  -1.66271000000000E+01
 1.88487500000000E+03  -3.34900000000000E+00
 1.88495830000000E+03  -3.53240000000000E+00
 1.88504170000000E+03  -6.79300000000000E+00
 1.88512500000000E+03  -2.74570000000000E+00
 1.88520830000000E+03   7.07090000000000E+00
 1.88529170000000E+03   8.42570000000000E+00
 1.88537500000000E+03  -3.13730000000000E+01
 1.88545830000000E+03  -1.27103000000000E+01
 1.88554170000000E+03  -3.09708000000000E+01
 1.88562500000000E+03  -4.11542000000000E+01
 1.88570830000000E+03  -5.86453000000000E+01
 1.88579170000000E+03  -6.80596000000000E+01
 1.88587500000000E+03  -6.40122000000000E+01
 1.88595830000000E+03  -6.15032000000000E+01
 1.88604170000000E+03  -5.63022000000000E+01
 1.88612500000000E+03  -5.03317000000000E+01
 1.88620830000000E+03  -5.12842000000000E+01
 1.88629170000000E+03  -7.37754000000000E+01
 1.88637500000000E+03  -7.70357000000000E+01
 1.88645830000000E+03  -4.64497000000000E+01
 1.88654170000000E+03  -8.16332000000000E+01
 1.88662500000000E+03  -9.45088000000000E+01
 1.88670830000000E+03  -7.96921000000000E+01
 1.88679170000000E+03  -6.56448000000000E+01
 1.88687500000000E+03  -6.00588000000000E+01
 1.88695830000000E+03  -5.17805000000000E+01
 1.88704170000000E+03  -5.08102000000000E+01
 1.88712500000000E+03  -4.63780000000000E+01
 1.88720830000000E+03  -4.50228000000000E+01
 1.88729170000000E+03  -3.09754000000000E+01
 1.88737500000000E+03  -2.11586000000000E+01
 1.88745830000000E+03  -1.48034000000000E+01
 1.88754170000000E+03  -3.88329000000000E+01
 1.88762500000000E+03  -4.59392000000000E+01
 1.88770830000000E+03  -5.41993000000000E+01
 1.88779170000000E+03  -5.55365000000000E+01
 1.88787500000000E+03  -4.99504000000000E+01
 1.88795830000000E+03  -5.12874000000000E+01
 1.88804170000000E+03  -4.33938000000000E+01
 1.88812500000000E+03  -4.08847000000000E+01
 1.88820830000000E+03  -5.64524000000000E+01
 1.88829170000000E+03  -4.97126000000000E+01
 1.88837500000000E+03  -7.10496000000000E+01
 1.88845830000000E+03  -6.89250000000000E+01
 1.88854170000000E+03  -9.25698000000000E+01
 1.88862500000000E+03  -7.73683000000000E+01
 1.88870830000000E+03  -6.29360000000000E+01
 1.88879170000000E+03  -5.42731000000000E+01
 1.88887500000000E+03  -5.98408000000000E+01
 1.88895830000000E+03  -6.69469000000000E+01
 1.88904170000000E+03  -5.67455000000000E+01
 1.88912500000000E+03  -5.30824000000000E+01
 1.88920830000000E+03  -4.90347000000000E+01
 1.88929170000000E+03  -5.42179000000000E+01
 1.88937500000000E+03  -6.40163000000000E+01
 1.88945830000000E+03  -7.07377000000000E+01
 1.88954170000000E+03  -5.51517000000000E+01
 1.88962500000000E+03  -6.99501000000000E+01
 1.88970830000000E+03  -7.74407000000000E+01
 1.88979170000000E+03  -7.33931000000000E+01
 1.88987500000000E+03  -6.28068000000000E+01
 1.88995830000000E+03  -4.52975000000000E+01
 1.89004170000000E+03  -2.85576000000000E+01
 1.89012500000000E+03  -2.79713000000000E+01
 1.89020830000000E+03  -3.93080000000000E+01
 1.89029170000000E+03  -2.33373000000000E+01
 1.89037500000000E+03  -1.58279000000000E+01
 1.89045830000000E+03  -4.67800000000000E+01
 1.89054170000000E+03  -4.15785000000000E+01
 1.89062500000000E+03  -6.86845000000000E+01
 1.89070830000000E+03  -3.23289000000000E+01
 1.89079170000000E+03  -5.25119000000000E+01
 1.89087500000000E+03  -5.65409000000000E+01
 1.89095830000000E+03  -6.28776000000000E+01
 1.89104170000000E+03  -6.11376000000000E+01
 1.89112500000000E+03  -5.93974000000000E+01
 1.89120830000000E+03  -5.61186000000000E+01
 1.89129170000000E+03  -5.59170000000000E+01
 1.89137500000000E+03  -8.84075000000000E+01
 1.89145830000000E+03  -7.12826000000000E+01
 1.89154170000000E+03  -3.72349000000000E+01
 1.89162500000000E+03  -3.47253000000000E+01
 1.89170830000000E+03  -3.95235000000000E+01
 1.89179170000000E+03  -5.70141000000000E+01
 1.89187500000000E+03  -4.41200000000000E+01
 1.89195830000000E+03  -3.62258000000000E+01
 1.89204170000000E+03  -2.71780000000000E+01
 1.89212500000000E+03  -2.54376000000000E+01
 1.89220830000000E+03  -3.13896000000000E+01
 1.89229170000000E+03  -3.84956000000000E+01
 1.89237500000000E+03  -4.82937000000000E+01
 1.89245830000000E+03  -3.53994000000000E+01
 1.89254170000000E+03  -5.75054000000000E+01
 1.89262500000000E+03  -6.46111000000000E+01
 1.89270830000000E+03  -5.36400000000000E+01
 1.89279170000000E+03  -4.68998000000000E+01
 1.89287500000000E+03  -4.74670000000000E+01
 1.89295830000000E+03  -4.57266000000000E+01
 1.89304170000000E+03  -4.70633000000000E+01
 1.89312500000000E+03  -3.99382000000000E+01
 1.89320830000000E+03  -2.93516000000000E+01
 1.89329170000000E+03  -1.18421000000000E+01
 1.89337500000000E+03  -3.56320000000000E+00
 1.89345830000000E+03   1.20235000000000E+01
 1.89354170000000E+03  -8.24000000000000E-02
 1.89362500000000E+03   2.78119000000000E+01
 1.89370830000000E+03   2.60909000000000E+01
 1.89379170000000E+03   1.38900000000000E-01
 1.89387500000000E+03   2.26410000000000E+00
 1.89395830000000E+03   8.23540000000000E+00
 1.89404170000000E+03   1.03603000000000E+01
 1.89412500000000E+03   1.74855000000000E+01
 1.89420830000000E+03   1.26876000000000E+01
 1.89429170000000E+03  -5.18740000000000E+00
 1.89437500000000E+03  -1.96007000000000E+01
 1.89445830000000E+03  -7.86010000000000E+00
 1.89454170000000E+03  -3.03505000000000E+01
 1.89462500000000E+03  -3.59176000000000E+01
 1.89470830000000E+03  -5.80231000000000E+01
 1.89479170000000E+03  -5.74366000000000E+01
 1.89487500000000E+03  -5.10806000000000E+01
 1.89495830000000E+03  -4.62630000000000E+01
 1.89504170000000E+03  -3.29841000000000E+01
 1.89512500000000E+03  -2.39358000000000E+01
 1.89520830000000E+03  -2.41182000000000E+01
 1.89529170000000E+03  -6.60850000000000E+00
 1.89537500000000E+03  -1.02524000000000E+01
 1.89545830000000E+03  -4.66560000000000E+00
 1.89554170000000E+03  -2.17713000000000E+01
 1.89562500000000E+03  -1.65690000000000E+01
 1.89570830000000E+03   3.24860000000000E+00
 1.89579170000000E+03   8.45070000000000E+00
 1.89587500000000E+03   1.05760000000000E+01
 1.89595830000000E+03   2.46244000000000E+01
 1.89604170000000E+03   3.44419000000000E+01
 1.89612500000000E+03   2.96442000000000E+01
 1.89620830000000E+03   3.29234000000000E+01
 1.89629170000000E+03   2.65871000000000E+01
 1.89637500000000E+03   3.71250000000000E+00
 1.89645830000000E+03  -2.62370000000000E+00
 1.89654170000000E+03  -3.97292000000000E+01
 1.89662500000000E+03  -4.76038000000000E+01
 1.89670830000000E+03  -3.16322000000000E+01
 1.89679170000000E+03  -4.64301000000000E+01
 1.89687500000000E+03  -4.89200000000000E+01
 1.89695830000000E+03  -5.14100000000000E+01
 1.89704170000000E+03  -4.81309000000000E+01
 1.89712500000000E+03  -5.02362000000000E+01
 1.89720830000000E+03  -4.04184000000000E+01
 1.89729170000000E+03  -5.09854000000000E+01
 1.89737500000000E+03  -5.11676000000000E+01
 1.89745830000000E+03  -4.82729000000000E+01
 1.89754170000000E+03  -2.42245000000000E+01
 1.89762500000000E+03   2.29010000000000E+01
 1.89770830000000E+03   1.88727000000000E+01
 1.89779170000000E+03   2.92110000000000E+00
 1.89787500000000E+03   1.19697000000000E+01
 1.89795830000000E+03   1.29415000000000E+01
 1.89804170000000E+03   3.08360000000000E+01
 1.89812500000000E+03   2.91155000000000E+01
 1.89820830000000E+03   3.20103000000000E+01
 1.89829170000000E+03   3.36640000000000E+00
 1.89837500000000E+03   3.18430000000000E+00
 1.89845830000000E+03   3.99253000000000E+01
 1.89854170000000E+03   5.78199000000000E+01
 1.89862500000000E+03   4.64840000000000E+01
 1.89870830000000E+03   3.09174000000000E+01
 1.89879170000000E+03   4.26582000000000E+01
 1.89887500000000E+03   5.28607000000000E+01
 1.89895830000000E+03   5.22941000000000E+01
 1.89904170000000E+03   5.71118000000000E+01
 1.89912500000000E+03   4.92375000000000E+01
 1.89920830000000E+03   6.82863000000000E+01
 1.89929170000000E+03   7.61810000000000E+01
 1.89937500000000E+03   1.12922100000000E+02
 1.89945830000000E+03   1.04663200000000E+02
 1.89954170000000E+03   6.71733000000000E+01
 1.89962500000000E+03   4.27606000000000E+01
 1.89970830000000E+03   3.56555000000000E+01
 1.89979170000000E+03   2.62426000000000E+01
 1.89987500000000E+03   2.33683000000000E+01
 1.89995830000000E+03   2.47249000000000E+01
 1.90004170000000E+03   2.99273000000000E+01
 1.90012500000000E+03   2.85916000000000E+01
 1.90020830000000E+03   3.07174000000000E+01
 1.90029170000000E+03   2.86122000000000E+01
 1.90037500000000E+03   3.04570000000000E+00
 1.90045830000000E+03  -4.82850000000000E+00
 1.90054170000000E+03   2.29710000000000E+00
 1.90062500000000E+03  -9.61700000000000E-01
 1.90070830000000E+03  -7.29740000000000E+00
 1.90079170000000E+03  -3.24870000000000E+00
 1.90087500000000E+03  -1.26613000000000E+01
 1.90095830000000E+03  -1.09201000000000E+01
 1.90104170000000E+03  -1.61021000000000E+01
 1.90112500000000E+03  -1.35916000000000E+01
 1.90120830000000E+03  -2.06965000000000E+01
 1.90129170000000E+03  -1.78016000000000E+01
 1.90137500000000E+03  -1.72142000000000E+01
 1.90145830000000E+03   4.14250000000000E+00
 1.90154170000000E+03   2.12682000000000E+01
 1.90162500000000E+03   3.00950000000000E+00
 1.90170830000000E+03   1.16739000000000E+01
 1.90179170000000E+03   9.56890000000000E+00
 1.90187500000000E+03   1.55410000000000E+01
 1.90195830000000E+03   2.34362000000000E+01
 1.90204170000000E+03   3.28696000000000E+01
 1.90212500000000E+03   4.73033000000000E+01
 1.90220830000000E+03   4.09678000000000E+01
 1.90229170000000E+03   4.77089000000000E+01
 1.90237500000000E+03   1.56041000000000E+01
 1.90245830000000E+03  -9.19290000000000E+00
 1.90254170000000E+03  -1.43748000000000E+01
 1.90262500000000E+03  -1.99411000000000E+01
 1.90270830000000E+03   2.95420000000000E+00
 1.90279170000000E+03   1.54646000000000E+01
 1.90287500000000E+03   2.79753000000000E+01
 1.90295830000000E+03   1.97167000000000E+01
 1.90304170000000E+03   3.10734000000000E+01
 1.90312500000000E+03   3.78148000000000E+01
 1.90320830000000E+03   3.03255000000000E+01
 1.90329170000000E+03   4.16822000000000E+01
 1.90337500000000E+03   6.07314000000000E+01
 1.90345830000000E+03   6.78575000000000E+01
 1.90354170000000E+03   6.80603000000000E+01
 1.90362500000000E+03   6.13403000000000E+01
 1.90370830000000E+03   1.19280000000000E+01
 1.90379170000000E+03   1.29000000000000E+01
 1.90387500000000E+03  -6.89690000000000E+00
 1.90395830000000E+03  -2.07840000000000E+00
 1.90404170000000E+03   8.16800000000000E-01
 1.90412500000000E+03   2.17370000000000E+00
 1.90420830000000E+03  -2.60847000000000E+01
 1.90429170000000E+03  -1.81895000000000E+01
 1.90437500000000E+03  -1.18325000000000E+01
 1.90445830000000E+03  -2.00909000000000E+01
 1.90454170000000E+03   3.57360000000000E+00
 1.90462500000000E+03   1.14690000000000E+01
 1.90470830000000E+03  -2.50900000000000E-01
 1.90479170000000E+03   1.68751000000000E+01
 1.90487500000000E+03   4.00140000000000E+00
 1.90495830000000E+03  -4.10800000000000E-01
 1.90504170000000E+03   2.86910000000000E+00
 1.90512500000000E+03   1.11492000000000E+01
 1.90520830000000E+03   9.42940000000000E+00
 1.90529170000000E+03   4.11708000000000E+01
 1.90537500000000E+03   2.59894000000000E+01
 1.90545830000000E+03   9.65420000000000E+00
 1.90554170000000E+03   7.16490000000000E+00
 1.90562500000000E+03  -1.47800000000000E+00
 1.90570830000000E+03   1.10330000000000E+01
 1.90579170000000E+03   1.16207000000000E+01
 1.90587500000000E+03   6.82390000000000E+00
 1.90595830000000E+03   1.51042000000000E+01
 1.90604170000000E+03   2.49226000000000E+01
 1.90612500000000E+03   2.74336000000000E+01
 1.90620830000000E+03   2.18677000000000E+01
 1.90629170000000E+03   1.59170000000000E+01
 1.90637500000000E+03   3.04340000000000E+00
 1.90645830000000E+03   2.44006000000000E+01
 1.90654170000000E+03   2.46037000000000E+01
 1.90662500000000E+03   1.90378000000000E+01
 1.90670830000000E+03   1.88566000000000E+01
 1.90679170000000E+03  -8.63260000000000E+00
 1.90687500000000E+03   3.23000000000000E-02
 1.90695830000000E+03   1.13896000000000E+01
 1.90704170000000E+03   1.54389000000000E+01
 1.90712500000000E+03   2.71808000000000E+01
 1.90720830000000E+03   1.85380000000000E+01
 1.90729170000000E+03   1.48951000000000E+01
 1.90737500000000E+03   4.32930000000000E+00
 1.90745830000000E+03  -9.31340000000000E+00
 1.90754170000000E+03  -1.44948000000000E+01
 1.90762500000000E+03  -2.36830000000000E+00
 1.90770830000000E+03  -3.10110000000000E+01
 1.90779170000000E+03  -4.38846000000000E+01
 1.90787500000000E+03  -4.17581000000000E+01
 1.90795830000000E+03  -4.11700000000000E+01
 1.90804170000000E+03  -4.32744000000000E+01
 1.90812500000000E+03  -3.49939000000000E+01
 1.90820830000000E+03  -4.70981000000000E+01
 1.90829170000000E+03  -6.45871000000000E+01
 1.90837500000000E+03  -5.28451000000000E+01
 1.90845830000000E+03  -5.26416000000000E+01
 1.90854170000000E+03  -3.78229000000000E+01
 1.90862500000000E+03  -5.60808000000000E+01
 1.90870830000000E+03  -8.81850000000000E+01
 1.90879170000000E+03  -7.14432000000000E+01
 1.90887500000000E+03  -7.04703000000000E+01
 1.90895830000000E+03  -6.91129000000000E+01
 1.90904170000000E+03  -5.50634000000000E+01
 1.90912500000000E+03  -4.90905000000000E+01
 1.90920830000000E+03  -6.23484000000000E+01
 1.90929170000000E+03  -5.52220000000000E+01
 1.90937500000000E+03  -2.34799000000000E+01
 1.90945830000000E+03  -2.28916000000000E+01
 1.90954170000000E+03   2.69640000000000E+00
 1.90962500000000E+03  -4.02300000000000E+00
 1.90970830000000E+03  -4.20390000000000E+00
 1.90979170000000E+03   1.09995000000000E+01
 1.90987500000000E+03   1.00494000000000E+01
 1.90995830000000E+03   1.94838000000000E+01
 1.91004170000000E+03   3.00719000000000E+01
 1.91012500000000E+03   2.37372000000000E+01
 1.91020830000000E+03   2.04794000000000E+01
 1.91029170000000E+03   9.91360000000000E+00
 1.91037500000000E+03   1.66558000000000E+01
 1.91045830000000E+03   5.32110000000000E+00
 1.91054170000000E+03  -3.70610000000000E+00
 1.91062500000000E+03   3.42070000000000E+00
 1.91070830000000E+03  -1.21447000000000E+01
 1.91079170000000E+03  -3.09500000000000E+00
 1.91087500000000E+03  -1.01989000000000E+01
 1.91095830000000E+03  -5.37970000000000E+00
 1.91104170000000E+03  -5.94540000000000E+00
 1.91112500000000E+03  -9.97240000000000E+00
 1.91120830000000E+03  -7.07620000000000E+00
 1.91129170000000E+03  -8.79570000000000E+00
 1.91137500000000E+03   1.25620000000000E+01
 1.91145830000000E+03  -7.23420000000000E+00
 1.91154170000000E+03  -3.20305000000000E+01
 1.91162500000000E+03  -3.41344000000000E+01
 1.91170830000000E+03  -5.58536000000000E+01
 1.91179170000000E+03  -4.10345000000000E+01
 1.91187500000000E+03  -3.92922000000000E+01
 1.91195830000000E+03  -3.06267000000000E+01
 1.91204170000000E+03  -3.38846000000000E+01
 1.91212500000000E+03  -2.36807000000000E+01
 1.91220830000000E+03  -1.77075000000000E+01
 1.91229170000000E+03  -2.28884000000000E+01
 1.91237500000000E+03  -5.37680000000000E+00
 1.91245830000000E+03   1.09810000000000E+01
 1.91254170000000E+03  -1.38153000000000E+01
 1.91262500000000E+03   6.38870000000000E+00
 1.91270830000000E+03   1.89004000000000E+01
 1.91279170000000E+03   9.87330000000000E+00
 1.91287500000000E+03  -9.15340000000000E+00
 1.91295830000000E+03  -8.18020000000000E+00
 1.91304170000000E+03  -5.28410000000000E+00
 1.91312500000000E+03   2.99680000000000E+00
 1.91320830000000E+03  -1.48761000000000E+01
 1.91329170000000E+03  -2.15953000000000E+01
 1.91337500000000E+03   7.83950000000000E+00
 1.91345830000000E+03   2.18897000000000E+01
 1.91354170000000E+03   1.32430000000000E+00
 1.91362500000000E+03   3.30668000000000E+01
 1.91370830000000E+03   4.01939000000000E+01
 1.91379170000000E+03   2.69363000000000E+01
 1.91387500000000E+03   3.06019000000000E+01
 1.91395830000000E+03   4.42675000000000E+01
 1.91404170000000E+03   4.52407000000000E+01
 1.91412500000000E+03   4.00602000000000E+01
 1.91420830000000E+03   5.71874000000000E+01
 1.91429170000000E+03   5.73913000000000E+01
 1.91437500000000E+03   6.75954000000000E+01
 1.91445830000000E+03   4.77996000000000E+01
 1.91454170000000E+03   2.06958000000000E+01
 1.91462500000000E+03  -1.40770000000000E+00
 1.91470830000000E+03  -7.35740000000000E+00
 1.91479170000000E+03  -1.75380000000000E+01
 1.91487500000000E+03  -2.57954000000000E+01
 1.91495830000000E+03  -2.90527000000000E+01
 1.91504170000000E+03  -2.03872000000000E+01
 1.91512500000000E+03  -2.01830000000000E+01
 1.91520830000000E+03  -1.88249000000000E+01
 1.91529170000000E+03  -5.90055000000000E+01
 1.91537500000000E+03  -4.11090000000000E+01
 1.91545830000000E+03  -4.85970000000000E+01
 1.91554170000000E+03  -2.07007000000000E+01
 1.91562500000000E+03  -2.54964000000000E+01
 1.91570830000000E+03  -2.49075000000000E+01
 1.91579170000000E+03  -2.81650000000000E+01
 1.91587500000000E+03  -2.87299000000000E+01
 1.91595830000000E+03  -1.50641000000000E+01
 1.91604170000000E+03  -9.09080000000000E+00
 1.91612500000000E+03  -6.96340000000000E+00
 1.91620830000000E+03  -7.52830000000000E+00
 1.91629170000000E+03   6.90660000000000E+00
 1.91637500000000E+03   2.78802000000000E+01
 1.91645830000000E+03   2.69307000000000E+01
 1.91654170000000E+03   8.67330000000000E+00
 1.91662500000000E+03  -3.95839000000000E+01
 1.91670830000000E+03  -5.39949000000000E+01
 1.91679170000000E+03  -3.64831000000000E+01
 1.91687500000000E+03  -4.55094000000000E+01
 1.91695830000000E+03  -4.49204000000000E+01
 1.91704170000000E+03  -4.51008000000000E+01
 1.91712500000000E+03  -3.91272000000000E+01
 1.91720830000000E+03  -2.81535000000000E+01
 1.91729170000000E+03  -1.02570000000000E+01
 1.91737500000000E+03   3.32000000000000E-01
 1.91745830000000E+03   1.05365000000000E+01
 1.91754170000000E+03   1.76638000000000E+01
 1.91762500000000E+03   3.90221000000000E+01
 1.91770830000000E+03   2.65343000000000E+01
 1.91779170000000E+03   2.90463000000000E+01
 1.91787500000000E+03   1.34815000000000E+01
 1.91795830000000E+03   3.98399000000000E+01
 1.91804170000000E+03   5.04288000000000E+01
 1.91812500000000E+03   5.48641000000000E+01
 1.91820830000000E+03   7.31455000000000E+01
 1.91829170000000E+03   5.68114000000000E+01
 1.91837500000000E+03   3.08621000000000E+01
 1.91845830000000E+03   2.14512000000000E+01
 1.91854170000000E+03  -2.19060000000000E+00
 1.91862500000000E+03  -2.31399000000000E+01
 1.91870830000000E+03  -3.33199000000000E+01
 1.91879170000000E+03  -1.35001000000000E+01
 1.91887500000000E+03  -1.82955000000000E+01
 1.91895830000000E+03   7.67830000000000E+00
 1.91904170000000E+03   1.34420000000000E+00
 1.91912500000000E+03   1.23181000000000E+01
 1.91920830000000E+03   1.79073000000000E+01
 1.91929170000000E+03  -1.88830000000000E+00
 1.91937500000000E+03  -1.16836000000000E+01
 1.91945830000000E+03  -3.25100000000000E-01
 1.91954170000000E+03   4.11010000000000E+00
 1.91962500000000E+03   3.23917000000000E+01
 1.91970830000000E+03   4.10579000000000E+01
 1.91979170000000E+03   4.74162000000000E+01
 1.91987500000000E+03   4.53132000000000E+01
 1.91995830000000E+03   6.20564000000000E+01
 1.92004170000000E+03   5.57224000000000E+01
 1.92012500000000E+03   5.74656000000000E+01
 1.92020830000000E+03   4.61319000000000E+01
 1.92029170000000E+03   1.32595000000000E+01
 1.92037500000000E+03  -3.81900000000000E-01
 1.92045830000000E+03  -5.17720000000000E+00
 1.92054170000000E+03   2.00274000000000E+01
 1.92062500000000E+03  -4.38330000000000E+00
 1.92070830000000E+03  -1.41785000000000E+01
 1.92079170000000E+03  -2.55124000000000E+01
 1.92087500000000E+03  -3.53076000000000E+01
 1.92095830000000E+03  -2.43335000000000E+01
 1.92104170000000E+03  -2.29751000000000E+01
 1.92112500000000E+03  -2.12318000000000E+01
 1.92120830000000E+03  -2.56424000000000E+01
 1.92129170000000E+03  -1.54378000000000E+01
 1.92137500000000E+03  -2.32900000000000E-01
 1.92145830000000E+03   3.84335000000000E+01
 1.92154170000000E+03   3.51766000000000E+01
 1.92162500000000E+03  -9.23390000000000E+00
 1.92170830000000E+03  -7.10600000000000E+00
 1.92179170000000E+03  -1.99782000000000E+01
 1.92187500000000E+03  -1.05425000000000E+01
 1.92195830000000E+03  -1.10690000000000E+00
 1.92204170000000E+03   1.02090000000000E+00
 1.92212500000000E+03   6.99510000000000E+00
 1.92220830000000E+03   4.12310000000000E+00
 1.92229170000000E+03  -6.82610000000000E+00
 1.92237500000000E+03   1.07120000000000E+00
 1.92245830000000E+03   2.47377000000000E+01
 1.92254170000000E+03   1.49424000000000E+01
 1.92262500000000E+03   8.60900000000000E+00
 1.92270830000000E+03   1.50620000000000E+00
 1.92279170000000E+03  -1.32890000000000E+01
 1.92287500000000E+03  -8.08400000000000E+00
 1.92295830000000E+03   4.42870000000000E+00
 1.92304170000000E+03   7.71040000000000E+00
 1.92312500000000E+03   1.29155000000000E+01
 1.92320830000000E+03   1.19666000000000E+01
 1.92329170000000E+03   3.21715000000000E+01
 1.92337500000000E+03   5.73765000000000E+01
 1.92345830000000E+03   3.91200000000000E+01
 1.92354170000000E+03   7.01720000000000E+00
 1.92362500000000E+03  -1.73931000000000E+01
 1.92370830000000E+03   1.19600000000000E-01
 1.92379170000000E+03   1.41707000000000E+01
 1.92387500000000E+03   2.59142000000000E+01
 1.92395830000000E+03   2.88117000000000E+01
 1.92404170000000E+03   2.17089000000000E+01
 1.92412500000000E+03   2.22986000000000E+01
 1.92420830000000E+03   2.13499000000000E+01
 1.92429170000000E+03   1.50164000000000E+01
 1.92437500000000E+03  -1.17016000000000E+01
 1.92445830000000E+03  -2.34195000000000E+01
 1.92454170000000E+03  -8.21450000000000E+00
 1.92462500000000E+03   1.12214000000000E+01
 1.92470830000000E+03   1.60420000000000E+01
 1.92479170000000E+03   1.35546000000000E+01
 1.92487500000000E+03   1.26060000000000E+01
 1.92495830000000E+03   2.70420000000000E+01
 1.92504170000000E+03   2.64777000000000E+01
 1.92512500000000E+03   3.09137000000000E+01
 1.92520830000000E+03   4.49651000000000E+01
 1.92529170000000E+03   4.44009000000000E+01
 1.92537500000000E+03   4.92215000000000E+01
 1.92545830000000E+03   7.21191000000000E+01
 1.92554170000000E+03   6.46319000000000E+01
 1.92562500000000E+03   3.63756000000000E+01
 1.92570830000000E+03   4.46578000000000E+01
 1.92579170000000E+03   4.10167000000000E+01
 1.92587500000000E+03   4.66066000000000E+01
 1.92595830000000E+03   5.83504000000000E+01
 1.92604170000000E+03   6.08632000000000E+01
 1.92612500000000E+03   7.56839000000000E+01
 1.92620830000000E+03   7.81969000000000E+01
 1.92629170000000E+03   7.84021000000000E+01
 1.92637500000000E+03   6.89920000000000E+01
 1.92645830000000E+03   7.65051000000000E+01
 1.92654170000000E+03   6.78641000000000E+01
 1.92662500000000E+03   6.57618000000000E+01
 1.92670830000000E+03   7.17364000000000E+01
 1.92679170000000E+03   7.38646000000000E+01
 1.92687500000000E+03   8.21470000000000E+01
 1.92695830000000E+03   9.08139000000000E+01
 1.92704170000000E+03   8.90960000000000E+01
 1.92712500000000E+03   8.66092000000000E+01
 1.92720830000000E+03   8.52761000000000E+01
 1.92729170000000E+03   9.04814000000000E+01
 1.92737500000000E+03   6.45330000000000E+01
 1.92745830000000E+03   3.62769000000000E+01
 1.92754170000000E+03   3.14821000000000E+01
 1.92762500000000E+03   2.78415000000000E+01
 1.92770830000000E+03   5.35460000000000E+00
 1.92779170000000E+03  -2.13240000000000E+00
 1.92787500000000E+03  -2.46192000000000E+01
 1.92795830000000E+03  -1.74906000000000E+01
 1.92804170000000E+03  -1.34391000000000E+01
 1.92812500000000E+03  -6.31050000000000E+00
 1.92820830000000E+03  -9.56650000000000E+00
 1.92829170000000E+03  -1.24381000000000E+01
 1.92837500000000E+03   4.59700000000000E-01
 1.92845830000000E+03   7.97300000000000E+00
 1.92854170000000E+03   1.77937000000000E+01
 1.92862500000000E+03  -3.12315000000000E+01
 1.92870830000000E+03  -4.60259000000000E+01
 1.92879170000000E+03  -2.15897000000000E+01
 1.92887500000000E+03  -1.98457000000000E+01
 1.92895830000000E+03  -5.02470000000000E+00
 1.92904170000000E+03  -1.09731000000000E+01
 1.92912500000000E+03  -1.80752000000000E+01
 1.92920830000000E+03  -1.78695000000000E+01
 1.92929170000000E+03  -1.51030000000000E+00
 1.92937500000000E+03  -5.53540000000000E+00
 1.92945830000000E+03  -2.22528000000000E+01
 1.92954170000000E+03  -1.55089000000000E+01
 1.92962500000000E+03  -2.49186000000000E+01
 1.92970830000000E+03   1.06717000000000E+01
 1.92979170000000E+03   1.26180000000000E+00
 1.92987500000000E+03  -7.09000000000000E-02
 1.92995830000000E+03   2.05790000000000E+00
 1.93004170000000E+03   3.41720000000000E+00
 1.93012500000000E+03   9.39220000000000E+00
 1.93020830000000E+03   6.13640000000000E+00
 1.93029170000000E+03   1.48034000000000E+01
 1.93037500000000E+03   2.46246000000000E+01
 1.93045830000000E+03   1.05996000000000E+01
 1.93054170000000E+03   1.23436000000000E+01
 1.93062500000000E+03  -3.60450000000000E+00
 1.93070830000000E+03   1.00629000000000E+01
 1.93079170000000E+03   9.88380000000000E+00
 1.93087500000000E+03   2.08589000000000E+01
 1.93095830000000E+03   2.72185000000000E+01
 1.93104170000000E+03   4.74241000000000E+01
 1.93112500000000E+03   5.18607000000000E+01
 1.93120830000000E+03   5.01435000000000E+01
 1.93129170000000E+03   7.18876000000000E+01
 1.93137500000000E+03   4.78627000000000E+01
 1.93145830000000E+03   3.88378000000000E+01
 1.93154170000000E+03   5.94280000000000E+01
 1.93162500000000E+03   3.50185000000000E+01
 1.93170830000000E+03   3.21475000000000E+01
 1.93179170000000E+03   4.65840000000000E+01
 1.93187500000000E+03   5.25591000000000E+01
 1.93195830000000E+03   5.89189000000000E+01
 1.93204170000000E+03   6.56630000000000E+01
 1.93212500000000E+03   5.50997000000000E+01
 1.93220830000000E+03   5.76134000000000E+01
 1.93229170000000E+03   6.51268000000000E+01
 1.93237500000000E+03   5.03328000000000E+01
 1.93245830000000E+03   5.36156000000000E+01
 1.93254170000000E+03   2.07445000000000E+01
 1.93262500000000E+03   1.17197000000000E+01
 1.93270830000000E+03   1.46180000000000E+01
 1.93279170000000E+03   2.59776000000000E+01
 1.93287500000000E+03   2.07990000000000E+01
 1.93295830000000E+03   2.40820000000000E+01
 1.93304170000000E+03   2.96724000000000E+01
 1.93312500000000E+03   3.25707000000000E+01
 1.93320830000000E+03   2.85460000000000E+01
 1.93329170000000E+03   2.29826000000000E+01
 1.93337500000000E+03  -2.72900000000000E-01
 1.93345830000000E+03  -2.31437000000000E+01
 1.93354170000000E+03  -1.52456000000000E+01
 1.93362500000000E+03   5.34510000000000E+00
 1.93370830000000E+03  -5.21800000000000E+00
 1.93379170000000E+03  -1.42429000000000E+01
 1.93387500000000E+03  -1.32676000000000E+01
 1.93395830000000E+03  -1.22922000000000E+01
 1.93404170000000E+03  -9.77860000000000E+00
 1.93412500000000E+03  -9.95710000000000E+00
 1.93420830000000E+03  -1.59048000000000E+01
 1.93429170000000E+03   1.19935000000000E+01
 1.93437500000000E+03   3.73810000000000E+00
 1.93445830000000E+03   2.79040000000000E+00
 1.93454170000000E+03   2.14579000000000E+01
 1.93462500000000E+03   3.89718000000000E+01
 1.93470830000000E+03   1.34087000000000E+01
 1.93479170000000E+03   2.36147000000000E+01
 1.93487500000000E+03   2.61286000000000E+01
 1.93495830000000E+03   2.44118000000000E+01
 1.93504170000000E+03   4.11562000000000E+01
 1.93512500000000E+03   3.55932000000000E+01
 1.93520830000000E+03   5.38764000000000E+01
 1.93529170000000E+03   7.40824000000000E+01
 1.93537500000000E+03   4.54426000000000E+01
 1.93545830000000E+03   4.25719000000000E+01
 1.93554170000000E+03   6.43164000000000E+01
 1.93562500000000E+03   5.29842000000000E+01
 1.93570830000000E+03   1.39598000000000E+01
 1.93579170000000E+03   3.53197000000000E+01
 1.93587500000000E+03   1.62952000000000E+01
 1.93595830000000E+03   2.41939000000000E+01
 1.93604170000000E+03   2.94000000000000E+01
 1.93612500000000E+03   1.88371000000000E+01
 1.93620830000000E+03   1.63511000000000E+01
 1.93629170000000E+03   1.92496000000000E+01
 1.93637500000000E+03  -2.08250000000000E+00
 1.93645830000000E+03   2.15854000000000E+01
 1.93654170000000E+03  -1.01315000000000E+01
 1.93662500000000E+03  -1.10790000000000E+01
 1.93670830000000E+03  -1.08726000000000E+01
 1.93679170000000E+03   1.64130000000000E+00
 1.93687500000000E+03  -8.53690000000000E+00
 1.93695830000000E+03   1.28234000000000E+01
 1.93704170000000E+03   2.76450000000000E+01
 1.93712500000000E+03   2.63129000000000E+01
 1.93720830000000E+03   3.34425000000000E+01
 1.93729170000000E+03   3.32641000000000E+01
 1.93737500000000E+03   1.34705000000000E+01
 1.93745830000000E+03  -1.32300000000000E+00
 1.93754170000000E+03  -3.80900000000000E+00
 1.93762500000000E+03   2.63975000000000E+01
 1.93770830000000E+03   2.81424000000000E+01
 1.93779170000000E+03   4.48872000000000E+01
 1.93787500000000E+03   4.20168000000000E+01
 1.93795830000000E+03   5.33771000000000E+01
 1.93804170000000E+03   4.43527000000000E+01
 1.93812500000000E+03   3.60977000000000E+01
 1.93820830000000E+03   3.28427000000000E+01
 1.93829170000000E+03   3.92029000000000E+01
 1.93837500000000E+03   6.24863000000000E+01
 1.93845830000000E+03   3.42314000000000E+01
 1.93854170000000E+03   4.55916000000000E+01
 1.93862500000000E+03   3.34905000000000E+01
 1.93870830000000E+03   2.90817000000000E+01
 1.93879170000000E+03   1.69804000000000E+01
 1.93887500000000E+03  -3.96680000000000E+00
 1.93895830000000E+03  -6.83300000000000E-01
 1.93904170000000E+03  -2.01530000000000E+00
 1.93912500000000E+03  -6.54800000000000E-01
 1.93920830000000E+03  -3.52510000000000E+00
 1.93929170000000E+03  -2.25494000000000E+01
 1.93937500000000E+03  -2.96505000000000E+01
 1.93945830000000E+03  -5.02130000000000E+01
 1.93954170000000E+03  -5.07758000000000E+01
 1.93962500000000E+03  -7.63383000000000E+01
 1.93970830000000E+03  -7.76701000000000E+01
 1.93979170000000E+03  -7.66944000000000E+01
 1.93987500000000E+03  -8.53338000000000E+01
 1.93995830000000E+03  -7.74348000000000E+01
 1.94004170000000E+03  -6.91513000000000E+01
 1.94012500000000E+03  -5.50985000000000E+01
 1.94020830000000E+03  -3.18148000000000E+01
 1.94029170000000E+03  -3.85313000000000E+01
 1.94037500000000E+03   5.52160000000000E+00
 1.94045830000000E+03  -4.27160000000000E+00
 1.94054170000000E+03  -3.82958000000000E+01
 1.94062500000000E+03  -2.88583000000000E+01
 1.94070830000000E+03  -1.21130000000000E+01
 1.94079170000000E+03  -3.69064000000000E+01
 1.94087500000000E+03  -3.90073000000000E+01
 1.94095830000000E+03  -3.07235000000000E+01
 1.94104170000000E+03  -2.39785000000000E+01
 1.94112500000000E+03  -1.45408000000000E+01
 1.94120830000000E+03  -3.47186000000000E+01
 1.94129170000000E+03  -4.10504000000000E+01
 1.94137500000000E+03  -5.54589000000000E+01
 1.94145830000000E+03  -5.56367000000000E+01
 1.94154170000000E+03  -8.77377000000000E+01
 1.94162500000000E+03  -7.59924000000000E+01
 1.94170830000000E+03  -9.42470000000000E+01
 1.94179170000000E+03  -1.04040300000000E+02
 1.94187500000000E+03  -9.03718000000000E+01
 1.94195830000000E+03  -8.13188000000000E+01
 1.94204170000000E+03  -7.76505000000000E+01
 1.94212500000000E+03  -7.97513000000000E+01
 1.94220830000000E+03  -8.33905000000000E+01
 1.94229170000000E+03  -5.81837000000000E+01
 1.94237500000000E+03  -5.68229000000000E+01
 1.94245830000000E+03  -1.70005000000000E+01
 1.94254170000000E+03  -4.75630000000000E+01
 1.94262500000000E+03   4.95170000000000E+00
 1.94270830000000E+03   2.05433000000000E+01
 1.94279170000000E+03   6.88270000000000E+01
 1.94287500000000E+03   8.05725000000000E+01
 1.94295830000000E+03   8.77026000000000E+01
 1.94304170000000E+03   9.21402000000000E+01
 1.94312500000000E+03   1.01193400000000E+02
 1.94320830000000E+03   1.07169700000000E+02
 1.94329170000000E+03   9.73765000000000E+01
 1.94337500000000E+03   8.71990000000000E+01
 1.94345830000000E+03   6.93291000000000E+01
 1.94354170000000E+03   8.10745000000000E+01
 1.94362500000000E+03   8.93585000000000E+01
 1.94370830000000E+03   7.84117000000000E+01
 1.94379170000000E+03   8.16955000000000E+01
 1.94387500000000E+03   6.61334000000000E+01
 1.94395830000000E+03   7.67252000000000E+01
 1.94404170000000E+03   7.73167000000000E+01
 1.94412500000000E+03   7.25239000000000E+01
 1.94420830000000E+03   6.92695000000000E+01
 1.94429170000000E+03   6.06303000000000E+01
 1.94437500000000E+03   7.42990000000000E+01
 1.94445830000000E+03   6.52754000000000E+01
 1.94454170000000E+03   6.89439000000000E+01
 1.94462500000000E+03   4.68434000000000E+01
 1.94470830000000E+03   5.43583000000000E+01
 1.94479170000000E+03   4.87961000000000E+01
 1.94487500000000E+03   5.09264000000000E+01
 1.94495830000000E+03   5.65182000000000E+01
 1.94504170000000E+03   6.13406000000000E+01
 1.94512500000000E+03   6.84709000000000E+01
 1.94520830000000E+03   6.94474000000000E+01
 1.94529170000000E+03   7.04237000000000E+01
 1.94537500000000E+03   7.56310000000000E+01
 1.94545830000000E+03   6.92998000000000E+01
 1.94554170000000E+03   6.64299000000000E+01
 1.94562500000000E+03   9.54834000000000E+01
 1.94570830000000E+03   7.64599000000000E+01
 1.94579170000000E+03   7.05132000000000E+01
 1.94587500000000E+03   5.64897000000000E+01
 1.94595830000000E+03   6.74663000000000E+01
 1.94604170000000E+03   6.42119000000000E+01
 1.94612500000000E+03   6.24961000000000E+01
 1.94620830000000E+03   6.88573000000000E+01
 1.94629170000000E+03   6.25260000000000E+01
 1.94637500000000E+03   5.11949000000000E+01
 1.94645830000000E+03   3.52485000000000E+01
 1.94654170000000E+03  -8.00590000000000E+00
 1.94662500000000E+03  -6.70293000000000E+01
 1.94670830000000E+03  -1.04514200000000E+02
 1.94679170000000E+03  -8.62300000000000E+01
 1.94687500000000E+03  -1.10638000000000E+02
 1.94695830000000E+03  -1.01584400000000E+02
 1.94704170000000E+03  -1.09454100000000E+02
 1.94712500000000E+03  -1.21169700000000E+02
 1.94720830000000E+03  -1.19039200000000E+02
 1.94729170000000E+03  -1.44985800000000E+02
 1.94737500000000E+03  -1.11701400000000E+02
 1.94745830000000E+03  -9.88016000000000E+01
 1.94754170000000E+03  -7.66713000000000E+01
 1.94762500000000E+03  -4.80022000000000E+01
 1.94770830000000E+03   9.12830000000000E+00
 1.94779170000000E+03   1.35664000000000E+01
 1.94787500000000E+03   3.12400000000000E-01
 1.94795830000000E+03   2.39815000000000E+01
 1.94804170000000E+03   2.99580000000000E+01
 1.94812500000000E+03   3.93963000000000E+01
 1.94820830000000E+03   6.96039000000000E+01
 1.94829170000000E+03   7.71189000000000E+01
 1.94837500000000E+03   9.77111000000000E+01
 1.94845830000000E+03   7.17649000000000E+01
 1.94854170000000E+03   8.08184000000000E+01
 1.94862500000000E+03   9.10260000000000E+01
 1.94870830000000E+03   8.77721000000000E+01
 1.94879170000000E+03   1.00287200000000E+02
 1.94887500000000E+03   9.93409000000000E+01
 1.94895830000000E+03   1.10317800000000E+02
 1.94904170000000E+03   1.10140600000000E+02
 1.94912500000000E+03   1.11886700000000E+02
 1.94920830000000E+03   9.86328000000000E+01
 1.94929170000000E+03   8.73018000000000E+01
 1.94937500000000E+03   7.36634000000000E+01
 1.94945830000000E+03   9.31018000000000E+01
 1.94954170000000E+03   8.10016000000000E+01
 1.94962500000000E+03   6.89016000000000E+01
 1.94970830000000E+03   4.87247000000000E+01
 1.94979170000000E+03   6.50860000000000E+01
 1.94987500000000E+03   4.45245000000000E+01
 1.94995830000000E+03   4.97323000000000E+01
 1.95004170000000E+03   4.87860000000000E+01
 1.95012500000000E+03   4.78399000000000E+01
 1.95020830000000E+03   6.15092000000000E+01
 1.95029170000000E+03   7.28706000000000E+01
 1.95037500000000E+03   6.76937000000000E+01
 1.95045830000000E+03   6.79015000000000E+01
 1.95054170000000E+03   4.34937000000000E+01
 1.95062500000000E+03   4.13938000000000E+01
 1.95070830000000E+03   2.69862000000000E+01
 1.95079170000000E+03   2.98861000000000E+01
 1.95087500000000E+03   1.00940000000000E+01
 1.95095830000000E+03   1.53018000000000E+01
 1.95104170000000E+03   1.39710000000000E+01
 1.95112500000000E+03   1.41788000000000E+01
 1.95120830000000E+03   1.63098000000000E+01
 1.95129170000000E+03  -1.92518000000000E+01
 1.95137500000000E+03  -1.86593000000000E+01
 1.95145830000000E+03   4.24090000000000E+00
 1.95154170000000E+03   1.71409000000000E+01
 1.95162500000000E+03   2.58103000000000E+01
 1.95170830000000E+03   1.87105000000000E+01
 1.95179170000000E+03   1.69951000000000E+01
 1.95187500000000E+03   1.37415000000000E+01
 1.95195830000000E+03   3.27956000000000E+01
 1.95204170000000E+03   3.72341000000000E+01
 1.95212500000000E+03   4.09036000000000E+01
 1.95220830000000E+03   5.14962000000000E+01
 1.95229170000000E+03   5.63193000000000E+01
 1.95237500000000E+03   7.84504000000000E+01
 1.95245830000000E+03   7.32738000000000E+01
 1.95254170000000E+03   4.80969000000000E+01
 1.95262500000000E+03   3.40742000000000E+01
 1.95270830000000E+03   1.50514000000000E+01
 1.95279170000000E+03   2.37207000000000E+01
 1.95287500000000E+03   2.73903000000000E+01
 1.95295830000000E+03   2.49060000000000E+01
 1.95304170000000E+03   2.51139000000000E+01
 1.95312500000000E+03   3.64758000000000E+01
 1.95320830000000E+03   4.16838000000000E+01
 1.95329170000000E+03   2.99686000000000E+01
 1.95337500000000E+03   2.74844000000000E+01
 1.95345830000000E+03   1.61540000000000E+01
 1.95354170000000E+03   9.82340000000000E+00
 1.95362500000000E+03  -2.84300000000000E+01
 1.95370830000000E+03  -4.20680000000000E+01
 1.95379170000000E+03  -4.45524000000000E+01
 1.95387500000000E+03  -4.66520000000000E+01
 1.95395830000000E+03  -4.49054000000000E+01
 1.95404170000000E+03  -2.85436000000000E+01
 1.95412500000000E+03  -2.64124000000000E+01
 1.95420830000000E+03  -1.81273000000000E+01
 1.95429170000000E+03  -1.17655000000000E+01
 1.95437500000000E+03  -1.38650000000000E+01
 1.95445830000000E+03   7.49700000000000E+00
 1.95454170000000E+03   1.03973000000000E+01
 1.95462500000000E+03   6.75940000000000E+00
 1.95470830000000E+03   2.85060000000000E+01
 1.95479170000000E+03   3.71756000000000E+01
 1.95487500000000E+03   5.12300000000000E+01
 1.95495830000000E+03   5.75920000000000E+01
 1.95504170000000E+03   5.74155000000000E+01
 1.95512500000000E+03   4.45468000000000E+01
 1.95520830000000E+03   4.66781000000000E+01
 1.95529170000000E+03   4.15016000000000E+01
 1.95537500000000E+03   3.36329000000000E+01
 1.95545830000000E+03   6.07643000000000E+01
 1.95554170000000E+03   3.98185000000000E+01
 1.95562500000000E+03   1.50269000000000E+01
 1.95570830000000E+03   4.85050000000000E+00
 1.95579170000000E+03   9.67400000000000E+00
 1.95587500000000E+03   7.95930000000000E+00
 1.95595830000000E+03   8.59900000000000E-01
 1.95604170000000E+03   1.18373000000000E+01
 1.95612500000000E+03   2.28149000000000E+01
 1.95620830000000E+03   2.41771000000000E+01
 1.95629170000000E+03   2.32314000000000E+01
 1.95637500000000E+03   1.38244000000000E+01
 1.95645830000000E+03   5.18670000000000E+00
 1.95654170000000E+03  -1.57590000000000E+01
 1.95662500000000E+03  -1.78583000000000E+01
 1.95670830000000E+03  -3.42200000000000E-01
 1.95679170000000E+03   3.32760000000000E+00
 1.95687500000000E+03   4.59100000000000E-01
 1.95695830000000E+03   1.43680000000000E+00
 1.95704170000000E+03   2.79880000000000E+00
 1.95712500000000E+03   5.31500000000000E+00
 1.95720830000000E+03   1.16773000000000E+01
 1.95729170000000E+03   2.61163000000000E+01
 1.95737500000000E+03   1.51710000000000E+01
 1.95745830000000E+03   1.49948000000000E+01
 1.95754170000000E+03   2.17416000000000E+01
 1.95762500000000E+03   2.88732000000000E+01
 1.95770830000000E+03   4.08170000000000E+00
 1.95779170000000E+03   1.59770000000000E+00
 1.95787500000000E+03   9.11390000000000E+00
 1.95795830000000E+03   1.23994000000000E+01
 1.95804170000000E+03   2.45308000000000E+01
 1.95812500000000E+03   2.70470000000000E+01
 1.95820830000000E+03   1.99479000000000E+01
 1.95829170000000E+03   1.70794000000000E+01
 1.95837500000000E+03  -2.32740000000000E+00
 1.95845830000000E+03   8.26580000000000E+00
 1.95854170000000E+03   2.41665000000000E+01
 1.95862500000000E+03   8.52890000000000E+00
 1.95870830000000E+03  -2.13394000000000E+01
 1.95879170000000E+03  -3.90020000000000E+00
 1.95887500000000E+03  -7.99930000000000E+00
 1.95895830000000E+03  -6.32910000000000E+00
 1.95904170000000E+03  -8.12900000000000E-01
 1.95912500000000E+03  -9.52740000000000E+00
 1.95920830000000E+03  -1.36264000000000E+01
 1.95929170000000E+03  -6.95640000000000E+00
 1.95937500000000E+03  -3.49016000000000E+01
 1.95945830000000E+03  -4.36159000000000E+01
 1.95954170000000E+03  -5.57921000000000E+01
 1.95962500000000E+03  -8.90449000000000E+01
 1.95970830000000E+03  -1.12297700000000E+02
 1.95979170000000E+03  -1.05550700000000E+02
 1.95987500000000E+03  -1.13034300000000E+02
 1.95995830000000E+03  -9.74409000000000E+01
 1.96004170000000E+03  -9.10786000000000E+01
 1.96012500000000E+03  -8.20236000000000E+01
 1.96020830000000E+03  -8.25841000000000E+01
 1.96029170000000E+03  -8.73755000000000E+01
 1.96037500000000E+03  -8.13975000000000E+01
 1.96045830000000E+03  -5.84964000000000E+01
 1.96054170000000E+03  -5.52109000000000E+01
 1.96062500000000E+03  -4.57713000000000E+01
 1.96070830000000E+03  -1.24856000000000E+01
 1.96079170000000E+03   1.58000000000000E+01
 1.96087500000000E+03   3.40857000000000E+01
 1.96095830000000E+03   5.50638000000000E+01
 1.96104170000000E+03   7.10417000000000E+01
 1.96112500000000E+03   8.24044000000000E+01
 1.96120830000000E+03   8.03055000000000E+01
 1.96129170000000E+03   8.70527000000000E+01
 1.96137500000000E+03   9.91846000000000E+01
 1.96145830000000E+03   9.40089000000000E+01
 1.96154170000000E+03   1.05371500000000E+02
 1.96162500000000E+03   1.27888100000000E+02
 1.96170830000000E+03   1.12712400000000E+02
 1.96179170000000E+03   8.48442000000000E+01
 1.96187500000000E+03   9.19762000000000E+01
 1.96195830000000E+03   8.68005000000000E+01
 1.96204170000000E+03   7.93169000000000E+01
 1.96212500000000E+03   7.60644000000000E+01
 1.96220830000000E+03   6.78118000000000E+01
 1.96229170000000E+03   6.91744000000000E+01
 1.96237500000000E+03   5.39988000000000E+01
 1.96245830000000E+03   4.69001000000000E+01
 1.96254170000000E+03   1.09550000000000E+01
 1.96262500000000E+03  -3.19129000000000E+01
 1.96270830000000E+03  -6.13192000000000E+01
 1.96279170000000E+03  -6.91874000000000E+01
 1.96287500000000E+03  -7.43629000000000E+01
 1.96295830000000E+03  -8.26154000000000E+01
 1.96304170000000E+03  -9.00989000000000E+01
 1.96312500000000E+03  -8.95052000000000E+01
 1.96320830000000E+03  -9.85269000000000E+01
 1.96329170000000E+03  -9.40873000000000E+01
 1.96337500000000E+03  -7.50320000000000E+01
 1.96345830000000E+03  -6.71306000000000E+01
 1.96354170000000E+03  -7.21525000000000E+01
 1.96362500000000E+03  -4.79434000000000E+01
 1.96370830000000E+03  -6.64266000000000E+01
 1.96379170000000E+03  -6.22176000000000E+01
 1.96387500000000E+03  -5.10854000000000E+01
 1.96395830000000E+03  -4.11071000000000E+01
 1.96404170000000E+03  -3.38212000000000E+01
 1.96412500000000E+03  -2.65351000000000E+01
 1.96420830000000E+03  -1.92490000000000E+01
 1.96429170000000E+03  -2.92708000000000E+01
 1.96437500000000E+03  -2.54462000000000E+01
 1.96445830000000E+03  -4.58524000000000E+01
 1.96454170000000E+03  -3.85665000000000E+01
 1.96462500000000E+03  -3.02804000000000E+01
 1.96470830000000E+03  -3.96865000000000E+01
 1.96479170000000E+03  -4.47750000000000E+00
 1.96487500000000E+03   2.27020000000000E+00
 1.96495830000000E+03   9.78710000000000E+00
 1.96504170000000E+03   2.15346000000000E+01
 1.96512500000000E+03   2.13593000000000E+01
 1.96520830000000E+03   2.38763000000000E+01
 1.96529170000000E+03   1.44700000000000E+01
 1.96537500000000E+03   2.23715000000000E+01
 1.96545830000000E+03   2.95039000000000E+01
 1.96554170000000E+03   6.63610000000000E+00
 1.96562500000000E+03  -4.69300000000000E+00
 1.96570830000000E+03   8.97780000000000E+00
 1.96579170000000E+03   4.18690000000000E+00
 1.96587500000000E+03   6.31940000000000E+00
 1.96595830000000E+03   1.38364000000000E+01
 1.96604170000000E+03   2.01994000000000E+01
 1.96612500000000E+03   1.50241000000000E+01
 1.96620830000000E+03   2.94643000000000E+01
 1.96629170000000E+03   2.46735000000000E+01
 1.96637500000000E+03   2.37290000000000E+01
 1.96645830000000E+03   4.12461000000000E+01
 1.96654170000000E+03   2.68399000000000E+01
 1.96662500000000E+03   5.58955000000000E+01
 1.96670830000000E+03   9.22587000000000E+01
 1.96679170000000E+03   7.82372000000000E+01
 1.96687500000000E+03   8.96005000000000E+01
 1.96695830000000E+03   9.28869000000000E+01
 1.96704170000000E+03   8.92500000000000E+01
 1.96712500000000E+03   8.52287000000000E+01
 1.96720830000000E+03   8.19766000000000E+01
 1.96729170000000E+03   9.79551000000000E+01
 1.96737500000000E+03   1.03164600000000E+02
 1.96745830000000E+03   1.28758700000000E+02
 1.96754170000000E+03   1.25506500000000E+02
 1.96762500000000E+03   1.08792900000000E+02
 1.96770830000000E+03   1.09002400000000E+02
 1.96779170000000E+03   7.26733000000000E+01
 1.96787500000000E+03   6.01905000000000E+01
 1.96795830000000E+03   6.42462000000000E+01
 1.96804170000000E+03   6.25325000000000E+01
 1.96812500000000E+03   6.38959000000000E+01
 1.96820830000000E+03   5.94901000000000E+01
 1.96829170000000E+03   7.08533000000000E+01
 1.96837500000000E+03   3.29860000000000E+01
 1.96845830000000E+03   2.20418000000000E+01
 1.96854170000000E+03  -1.04411000000000E+01
 1.96862500000000E+03  -4.02315000000000E+01
 1.96870830000000E+03  -7.27142000000000E+01
 1.96879170000000E+03  -8.55817000000000E+01
 1.96887500000000E+03  -8.76798000000000E+01
 1.96895830000000E+03  -8.05470000000000E+01
 1.96904170000000E+03  -7.61068000000000E+01
 1.96912500000000E+03  -7.20510000000000E+01
 1.96920830000000E+03  -6.60721000000000E+01
 1.96929170000000E+03  -5.27857000000000E+01
 1.96937500000000E+03  -3.06529000000000E+01
 1.96945830000000E+03  -5.00586000000000E+01
 1.96954170000000E+03  -7.02337000000000E+01
 1.96962500000000E+03  -6.61778000000000E+01
 1.96970830000000E+03  -4.98143000000000E+01
 1.96979170000000E+03  -3.74000000000000E-01
 1.96987500000000E+03  -4.39500000000000E+00
 1.96995830000000E+03  -1.49290000000000E+00
 1.97004170000000E+03   1.37166000000000E+01
 1.97012500000000E+03   9.31100000000000E+00
 1.97020830000000E+03   1.56746000000000E+01
 1.97029170000000E+03   3.20381000000000E+01
 1.97037500000000E+03   3.68632000000000E+01
 1.97045830000000E+03   1.50000000000000E-01
 1.97054170000000E+03   2.34365000000000E+01
 1.97062500000000E+03   4.98002000000000E+01
 1.97070830000000E+03   4.15485000000000E+01
 1.97079170000000E+03   2.56042000000000E+01
 1.97087500000000E+03   2.35250000000000E+00
 1.97095830000000E+03   4.87010000000000E+00
 1.97104170000000E+03   9.31050000000000E+00
 1.97112500000000E+03  -2.78730000000000E+00
 1.97120830000000E+03  -3.34670000000000E+00
 1.97129170000000E+03  -3.13700000000000E+00
 1.97137500000000E+03  -5.61940000000000E+00
 1.97145830000000E+03  -1.69479000000000E+01
 1.97154170000000E+03  -5.75075000000000E+01
 1.97162500000000E+03  -8.03745000000000E+01
 1.97170830000000E+03  -1.00549200000000E+02
 1.97179170000000E+03  -9.41856000000000E+01
 1.97187500000000E+03  -8.85910000000000E+01
 1.97195830000000E+03  -7.41503000000000E+01
 1.97204170000000E+03  -7.70175000000000E+01
 1.97212500000000E+03  -7.75767000000000E+01
 1.97220830000000E+03  -7.92898000000000E+01
 1.97229170000000E+03  -7.71570000000000E+01
 1.97237500000000E+03  -6.34854000000000E+01
 1.97245830000000E+03  -8.67370000000000E+01
 1.97254170000000E+03  -1.04219500000000E+02
 1.97262500000000E+03  -5.36248000000000E+01
 1.97270830000000E+03  -3.61071000000000E+01
 1.97279170000000E+03  -1.51280000000000E+01
 1.97287500000000E+03  -2.10718000000000E+01
 1.97295830000000E+03  -2.35541000000000E+01
 1.97304170000000E+03  -2.10365000000000E+01
 1.97312500000000E+03  -2.04419000000000E+01
 1.97320830000000E+03  -1.86933000000000E+01
 1.97329170000000E+03  -1.73296000000000E+01
 1.97337500000000E+03   2.51882000000000E+01
 1.97345830000000E+03   2.61675000000000E+01
 1.97354170000000E+03   3.02236000000000E+01
 1.97362500000000E+03   3.58183000000000E+01
 1.97370830000000E+03  -1.66380000000000E+00
 1.97379170000000E+03  -1.68385000000000E+01
 1.97387500000000E+03  -3.16284000000000E+01
 1.97395830000000E+03  -2.33413000000000E+01
 1.97404170000000E+03  -2.74670000000000E+00
 1.97412500000000E+03  -7.15190000000000E+00
 1.97420830000000E+03   7.67360000000000E+00
 1.97429170000000E+03   1.59605000000000E+01
 1.97437500000000E+03   2.69400000000000E+01
 1.97445830000000E+03   2.71502000000000E+01
 1.97454170000000E+03   3.38986000000000E+01
 1.97462500000000E+03   1.60319000000000E+01
 1.97470830000000E+03   8.93450000000000E+00
 1.97479170000000E+03   2.72214000000000E+01
 1.97487500000000E+03   4.12778000000000E+01
 1.97495830000000E+03   4.57189000000000E+01
 1.97504170000000E+03   4.47751000000000E+01
 1.97512500000000E+03   2.69084000000000E+01
 1.97520830000000E+03   3.59649000000000E+01
 1.97529170000000E+03   2.38673000000000E+01
 1.97537500000000E+03   1.48468000000000E+01
 1.97545830000000E+03   1.92879000000000E+01
 1.97554170000000E+03   3.72870000000000E+00
 1.97562500000000E+03  -4.83686000000000E+01
 1.97570830000000E+03  -5.23891000000000E+01
 1.97579170000000E+03  -5.41020000000000E+01
 1.97587500000000E+03  -5.61993000000000E+01
 1.97595830000000E+03  -5.48351000000000E+01
 1.97604170000000E+03  -5.07788000000000E+01
 1.97612500000000E+03  -5.74915000000000E+01
 1.97620830000000E+03  -5.72811000000000E+01
 1.97629170000000E+03  -7.13017000000000E+01
 1.97637500000000E+03  -6.33990000000000E+01
 1.97645830000000E+03  -6.54963000000000E+01
 1.97654170000000E+03  -8.87476000000000E+01
 1.97662500000000E+03  -1.24691000000000E+02
 1.97670830000000E+03  -1.08711400000000E+02
 1.97679170000000E+03  -8.15781000000000E+01
 1.97687500000000E+03  -8.67522000000000E+01
 1.97695830000000E+03  -7.96187000000000E+01
 1.97704170000000E+03  -7.24854000000000E+01
 1.97712500000000E+03  -8.07364000000000E+01
 1.97720830000000E+03  -6.78336000000000E+01
 1.97729170000000E+03  -5.83926000000000E+01
 1.97737500000000E+03  -1.47205000000000E+01
 1.97745830000000E+03  -2.79716000000000E+01
 1.97754170000000E+03  -2.54536000000000E+01
 1.97762500000000E+03  -4.37046000000000E+01
 1.97770830000000E+03  -3.04171000000000E+01
 1.97779170000000E+03  -4.75145000000000E+01
 1.97787500000000E+03  -7.07654000000000E+01
 1.97795830000000E+03  -5.24780000000000E+01
 1.97804170000000E+03  -4.84215000000000E+01
 1.97812500000000E+03  -4.47493000000000E+01
 1.97820830000000E+03  -8.00030000000000E+00
 1.97829170000000E+03  -2.78990000000000E+00
 1.97837500000000E+03   9.72840000000000E+00
 1.97845830000000E+03  -5.73687000000000E+01
 1.97854170000000E+03  -6.48506000000000E+01
 1.97862500000000E+03  -8.92553000000000E+01
 1.97870830000000E+03  -6.90447000000000E+01
 1.97879170000000E+03  -8.42189000000000E+01
 1.97887500000000E+03  -7.36236000000000E+01
 1.97895830000000E+03  -6.30283000000000E+01
 1.97904170000000E+03  -5.78179000000000E+01
 1.97912500000000E+03  -5.49149000000000E+01
 1.97920830000000E+03  -4.93196000000000E+01
 1.97929170000000E+03  -9.64168000000000E+01
 1.97937500000000E+03  -9.46676000000000E+01
 1.97945830000000E+03  -1.01380000000000E+02
 1.97954170000000E+03  -8.77079000000000E+01
 1.97962500000000E+03  -9.59587000000000E+01
 1.97970830000000E+03  -9.80557000000000E+01
 1.97979170000000E+03  -9.32298000000000E+01
 1.97987500000000E+03  -1.00326700000000E+02
 1.97995830000000E+03  -8.78083000000000E+01
 1.98004170000000E+03  -8.06746000000000E+01
 1.98012500000000E+03  -7.58485000000000E+01
 1.98020830000000E+03  -7.14069000000000E+01
 1.98029170000000E+03  -6.19655000000000E+01
 1.98037500000000E+03  -3.75240000000000E+01
 1.98045830000000E+03  -2.84670000000000E+01
 1.98054170000000E+03  -2.32564000000000E+01
 1.98062500000000E+03  -1.45840000000000E+01
 1.98070830000000E+03   2.93450000000000E+00
 1.98079170000000E+03   1.00682000000000E+01
 1.98087500000000E+03   2.20220000000000E+00
 1.98095830000000E+03   2.35669000000000E+01
 1.98104170000000E+03   2.45468000000000E+01
 1.98112500000000E+03   2.74500000000000E+01
 1.98120830000000E+03   1.45839000000000E+01
 1.98129170000000E+03   2.90254000000000E+01
 1.98137500000000E+03   4.42363000000000E+01
 1.98145830000000E+03   4.86780000000000E+01
 1.98154170000000E+03   2.81195000000000E+01
 1.98162500000000E+03  -5.13110000000000E+00
 1.98170830000000E+03   2.00290000000000E+00
 1.98179170000000E+03   1.18290000000000E+01
 1.98187500000000E+03   2.35784000000000E+01
 1.98195830000000E+03   2.76355000000000E+01
 1.98204170000000E+03   1.70771000000000E+01
 1.98212500000000E+03   2.30573000000000E+01
 1.98220830000000E+03   2.17298000000000E+01
 1.98229170000000E+03   2.23252000000000E+01
 1.98237500000000E+03   1.56131000000000E+01
 1.98245830000000E+03   1.20880000000000E+00
 1.98254170000000E+03   3.87273000000000E+01
 1.98262500000000E+03   2.77845000000000E+01
 1.98270830000000E+03   4.91494000000000E+01
 1.98279170000000E+03   4.51294000000000E+01
 1.98287500000000E+03   3.61097000000000E+01
 1.98295830000000E+03   3.70900000000000E+01
 1.98304170000000E+03   3.80701000000000E+01
 1.98312500000000E+03   4.17427000000000E+01
 1.98320830000000E+03   4.88769000000000E+01
 1.98329170000000E+03   7.56263000000000E+01
 1.98337500000000E+03   8.85297000000000E+01
 1.98345830000000E+03   8.22023000000000E+01
 1.98354170000000E+03   8.24132000000000E+01
 1.98362500000000E+03   1.60859000000000E+01
 1.98370830000000E+03  -1.77990000000000E+00
 1.98379170000000E+03  -2.23381000000000E+01
 1.98387500000000E+03  -2.78962000000000E+01
 1.98395830000000E+03  -1.92235000000000E+01
 1.98404170000000E+03  -1.36279000000000E+01
 1.98412500000000E+03  -1.68783000000000E+01
 1.98420830000000E+03  -7.43630000000000E+00
 1.98429170000000E+03  -3.76380000000000E+00
 1.98437500000000E+03  -4.08603000000000E+01
 1.98445830000000E+03  -5.91106000000000E+01
 1.98454170000000E+03  -8.28996000000000E+01
 1.98462500000000E+03  -1.23149900000000E+02
 1.98470830000000E+03  -1.15169400000000E+02
 1.98479170000000E+03  -8.53430000000000E+01
 1.98487500000000E+03  -8.29779000000000E+01
 1.98495830000000E+03  -7.43051000000000E+01
 1.98504170000000E+03  -8.13248000000000E+01
 1.98512500000000E+03  -7.75750000000000E+01
 1.98520830000000E+03  -6.25176000000000E+01
 1.98529170000000E+03  -7.09219000000000E+01
 1.98537500000000E+03  -8.18644000000000E+01
 1.98545830000000E+03  -6.10377000000000E+01
 1.98554170000000E+03  -4.73650000000000E+01
 1.98562500000000E+03  -8.19999000000000E+01
 1.98570830000000E+03  -7.60193000000000E+01
 1.98579170000000E+03  -8.16543000000000E+01
 1.98587500000000E+03  -9.05968000000000E+01
 1.98595830000000E+03  -8.20008000000000E+01
 1.98604170000000E+03  -7.61742000000000E+01
 1.98612500000000E+03  -7.41936000000000E+01
 1.98620830000000E+03  -7.31361000000000E+01
 1.98629170000000E+03  -6.72326000000000E+01
 1.98637500000000E+03  -5.29442000000000E+01
 1.98645830000000E+03  -4.08097000000000E+01
 1.98654170000000E+03  -7.44447000000000E+01
 1.98662500000000E+03  -8.63871000000000E+01
 1.98670830000000E+03  -5.33295000000000E+01
 1.98679170000000E+03  -5.27336000000000E+01
 1.98687500000000E+03  -3.66760000000000E+01
 1.98695830000000E+03  -3.03876000000000E+01
 1.98704170000000E+03  -2.40225000000000E+01
 1.98712500000000E+03  -1.88110000000000E+01
 1.98720830000000E+03  -5.13800000000000E+00
 1.98729170000000E+03  -1.77728000000000E+01
 1.98737500000000E+03  -2.46382000000000E+01
 1.98745830000000E+03  -3.21190000000000E+01
 1.98754170000000E+03  -4.12154000000000E+01
 1.98762500000000E+03  -2.85000000000000E+00
 1.98770830000000E+03   9.90000000000000E+00
 1.98779170000000E+03   1.28806000000000E+01
 1.98787500000000E+03   8.55370000000000E+00
 1.98795830000000E+03   7.84220000000000E+00
 1.98804170000000E+03   1.19766000000000E+01
 1.98812500000000E+03   1.65728000000000E+01
 1.98820830000000E+03   2.05536000000000E+01
 1.98829170000000E+03   4.53430000000000E+00
 1.98837500000000E+03   1.92843000000000E+01
 1.98845830000000E+03   3.21883000000000E+01
 1.98854170000000E+03   3.77843000000000E+01
 1.98862500000000E+03   4.56883000000000E+01
 1.98870830000000E+03   3.86691000000000E+01
 1.98879170000000E+03   9.41900000000000E+00
 1.98887500000000E+03   1.13230000000000E+01
 1.98895830000000E+03   1.89962000000000E+01
 1.98904170000000E+03   1.82077000000000E+01
 1.98912500000000E+03   2.20348000000000E+01
 1.98920830000000E+03   1.40157000000000E+01
 1.98929170000000E+03   1.51503000000000E+01
 1.98937500000000E+03   1.81312000000000E+01
 1.98945830000000E+03   1.68814000000000E+01
 1.98954170000000E+03   1.61699000000000E+01
 1.98962500000000E+03   4.13047000000000E+01
 1.98970830000000E+03   4.06703000000000E+01
 1.98979170000000E+03   2.19587000000000E+01
 1.98987500000000E+03   2.90167000000000E+01
 1.98995830000000E+03   3.73054000000000E+01
 1.99004170000000E+03   5.02092000000000E+01
 1.99012500000000E+03   6.01133000000000E+01
 1.99020830000000E+03   7.00944000000000E+01
 1.99029170000000E+03   7.83060000000000E+01
 1.99037500000000E+03   6.93639000000000E+01
 1.99045830000000E+03   7.68065000000000E+01
 1.99054170000000E+03   7.70951000000000E+01
 1.99062500000000E+03   3.10761000000000E+01
 1.99070830000000E+03  -2.06351000000000E+01
 1.99079170000000E+03  -4.58080000000000E+01
 1.99087500000000E+03  -4.39039000000000E+01
 1.99095830000000E+03  -2.48458000000000E+01
 1.99104170000000E+03  -2.54034000000000E+01
 1.99112500000000E+03  -2.45761000000000E+01
 1.99120830000000E+03  -2.09796000000000E+01
 1.99129170000000E+03  -3.32295000000000E+01
 1.99137500000000E+03  -2.97868000000000E+01
 1.99145830000000E+03  -2.45748000000000E+01
 1.99154170000000E+03  -3.36708000000000E+01
 1.99162500000000E+03  -3.48435000000000E+01
 1.99170830000000E+03  -5.86230000000000E+00
 1.99179170000000E+03   7.19560000000000E+00
 1.99187500000000E+03   2.53700000000000E-01
 1.99195830000000E+03  -6.99580000000000E+00
 1.99204170000000E+03  -1.50148000000000E+01
 1.99212500000000E+03  -7.03360000000000E+00
 1.99220830000000E+03  -1.52062000000000E+01
 1.99229170000000E+03  -3.13021000000000E+01
 1.99237500000000E+03  -1.56286000000000E+01
 1.99245830000000E+03  -2.61088000000000E+01
 1.99254170000000E+03  -7.82010000000000E+00
 1.99262500000000E+03  -8.83880000000000E+00
 1.99270830000000E+03  -3.14729000000000E+01
 1.99279170000000E+03  -5.59534000000000E+01
 1.99287500000000E+03  -6.93567000000000E+01
 1.99295830000000E+03  -5.87600000000000E+01
 1.99304170000000E+03  -4.00097000000000E+01
 1.99312500000000E+03  -3.41822000000000E+01
 1.99320830000000E+03  -4.85855000000000E+01
 1.99329170000000E+03  -5.52197000000000E+01
 1.99337500000000E+03  -7.09307000000000E+01
 1.99345830000000E+03  -7.27955000000000E+01
 1.99354170000000E+03  -4.68143000000000E+01
 1.99362500000000E+03  -1.06371400000000E+02
 1.99370830000000E+03  -8.74669000000000E+01
 1.99379170000000E+03  -7.46396000000000E+01
 1.99387500000000E+03  -5.84274000000000E+01
 1.99395830000000E+03  -3.59076000000000E+01
 1.99404170000000E+03  -4.03879000000000E+01
 1.99412500000000E+03  -3.94065000000000E+01
 1.99420830000000E+03  -3.14250000000000E+01
 1.99429170000000E+03  -2.03669000000000E+01
 1.99437500000000E+03  -2.00080000000000E+00
 1.99445830000000E+03   4.39037000000000E+01
 1.99454170000000E+03   4.24234000000000E+01
 1.99462500000000E+03   4.81742000000000E+01
 1.99470830000000E+03   9.52326000000000E+01
 1.99479170000000E+03   7.97523000000000E+01
 1.99487500000000E+03   7.81953000000000E+01
 1.99495830000000E+03   8.40230000000000E+01
 1.99504170000000E+03   7.48505000000000E+01
 1.99512500000000E+03   8.18320000000000E+01
 1.99520830000000E+03   8.40443000000000E+01
 1.99529170000000E+03   8.07949000000000E+01
 1.99537500000000E+03   8.35457000000000E+01
 1.99545830000000E+03   5.36811000000000E+01
 1.99554170000000E+03  -1.54145000000000E+01
 1.99562500000000E+03  -5.65098000000000E+01
 1.99570830000000E+03  -1.17220600000000E+02
 1.99579170000000E+03  -1.48239200000000E+02
 1.99587500000000E+03  -1.54873000000000E+02
 1.99595830000000E+03  -1.48276000000000E+02
 1.99604170000000E+03  -1.46833000000000E+02
 1.99612500000000E+03  -1.49774500000000E+02
 1.99620830000000E+03  -1.54715900000000E+02
 1.99629170000000E+03  -1.57272900000000E+02
 1.99637500000000E+03  -1.46752800000000E+02
 1.99645830000000E+03  -1.62386500000000E+02
 1.99654170000000E+03  -1.56174300000000E+02
 1.99662500000000E+03  -9.48080000000000E+01
 1.99670830000000E+03  -6.97494000000000E+01
 1.99679170000000E+03  -3.64602000000000E+01
 1.99687500000000E+03  -2.84785000000000E+01
 1.99695830000000E+03  -2.96507000000000E+01
 1.99704170000000E+03  -3.71307000000000E+01
 1.99712500000000E+03  -4.62259000000000E+01
 1.99720830000000E+03  -3.29365000000000E+01
 1.99729170000000E+03  -1.04165000000000E+01
 1.99737500000000E+03  -3.62039000000000E+01
 1.99745830000000E+03  -5.89914000000000E+01
 1.99754170000000E+03  -3.72406000000000E+01
 1.99762500000000E+03  -5.56650000000000E+00
 1.99770830000000E+03  -2.15847000000000E+01
 1.99779170000000E+03  -2.79878000000000E+01
 1.99787500000000E+03  -3.92367000000000E+01
 1.99795830000000E+03  -3.39472000000000E+01
 1.99804170000000E+03  -1.58118000000000E+01
 1.99812500000000E+03  -9.06900000000000E-01
 1.99820830000000E+03   5.15190000000000E+00
 1.99829170000000E+03   2.05951000000000E+01
 1.99837500000000E+03   6.80770000000000E+00
 1.99845830000000E+03   3.48665000000000E+01
 1.99854170000000E+03   5.00020000000000E+01
 1.99862500000000E+03   6.45223000000000E+01
 1.99870830000000E+03   4.64273000000000E+01
 1.99879170000000E+03   4.18705000000000E+01
 1.99887500000000E+03   3.74678000000000E+01
 1.99895830000000E+03   4.20651000000000E+01
 1.99904170000000E+03   4.18161000000000E+01
 1.99912500000000E+03   3.06441000000000E+01
 1.99920830000000E+03   2.55492000000000E+01
 1.99929170000000E+03   3.08386000000000E+01
 1.99937500000000E+03   1.35898000000000E+01
 1.99945830000000E+03   4.40333000000000E+01
 1.99954170000000E+03   5.15535000000000E+01
 1.99962500000000E+03   6.37663000000000E+01
 1.99970830000000E+03   4.81329000000000E+01
 1.99979170000000E+03   4.29608000000000E+01
 1.99987500000000E+03   4.21736000000000E+01
 1.99995830000000E+03   5.30018000000000E+01
 2.00004170000000E+03   6.02913000000000E+01
 2.00012500000000E+03   5.93502000000000E+01
 2.00020830000000E+03   5.08707000000000E+01
 2.00029170000000E+03   5.22372000000000E+01
 2.00037500000000E+03   4.85269000000000E+01
 2.00045830000000E+03   5.40474000000000E+01
 2.00054170000000E+03   1.52601000000000E+01
 2.00062500000000E+03  -9.29630000000000E+00
 2.00070830000000E+03  -4.61604000000000E+01
 2.00079170000000E+03  -5.67939000000000E+01
 2.00087500000000E+03  -5.69656000000000E+01
 2.00095830000000E+03  -4.85989000000000E+01
 2.00104170000000E+03  -4.86169000000000E+01
 2.00112500000000E+03  -4.83271000000000E+01
 2.00120830000000E+03  -3.11142000000000E+01
 2.00129170000000E+03  -8.82460000000000E+00
 2.00137500000000E+03   5.00370000000000E+00
 2.00145830000000E+03   1.25244000000000E+01
 2.00154170000000E+03   1.74294000000000E+01
 2.00162500000000E+03   5.85654000000000E+01
 2.00170830000000E+03   6.84707000000000E+01
 2.00179170000000E+03   7.26065000000000E+01
 2.00187500000000E+03   6.77426000000000E+01
 2.00195830000000E+03   7.74171000000000E+01
 2.00204170000000E+03   7.81684000000000E+01
 2.00212500000000E+03   7.96121000000000E+01
 2.00220830000000E+03   7.67482000000000E+01
 2.00229170000000E+03   6.69610000000000E+01
 2.00237500000000E+03   4.71741000000000E+01
 2.00245830000000E+03  -1.61290000000000E+00
 2.00254170000000E+03   6.29230000000000E+00
 2.00262500000000E+03  -2.44947000000000E+01
 2.00270830000000E+03  -6.91278000000000E+01
 2.00279170000000E+03  -7.82226000000000E+01
 2.00287500000000E+03  -6.91634000000000E+01
 2.00295830000000E+03  -5.90272000000000E+01
 2.00304170000000E+03  -5.98143000000000E+01
 2.00312500000000E+03  -5.78320000000000E+01
 2.00320830000000E+03  -5.73112000000000E+01
 2.00329170000000E+03  -5.17137000000000E+01
 2.00337500000000E+03  -5.90390000000000E+01
 2.00345830000000E+03  -4.26720000000000E+01
 2.00354170000000E+03  -5.84370000000000E+00
 2.00362500000000E+03  -8.16900000000000E+00
 2.00370830000000E+03   6.59500000000000E-01
 2.00379170000000E+03  -2.35830000000000E+00
 2.00387500000000E+03   4.47030000000000E+00
 2.00395830000000E+03   1.27604000000000E+01
 2.00404170000000E+03   1.15119000000000E+01
 2.00412500000000E+03   1.33405000000000E+01
 2.00420830000000E+03   2.55537000000000E+01
 2.00429170000000E+03   2.32282000000000E+01
 2.00437500000000E+03   2.86722000000000E+01
 2.00445830000000E+03   4.53470000000000E+01
 2.00454170000000E+03   6.44831000000000E+01
 2.00462500000000E+03   4.66194000000000E+01
 2.00470830000000E+03   2.42942000000000E+01
 2.00479170000000E+03   1.85842000000000E+01
 2.00487500000000E+03   2.58744000000000E+01
 2.00495830000000E+03   2.48570000000000E+01
 2.00504170000000E+03   2.26085000000000E+01
 2.00512500000000E+03   2.78218000000000E+01
 2.00520830000000E+03   2.59582000000000E+01
 2.00529170000000E+03   2.78670000000000E+00
 2.00537500000000E+03   1.26923000000000E+01
 2.00545830000000E+03   1.21340000000000E+00
 2.00554170000000E+03  -3.15735000000000E+01
 2.00562500000000E+03  -7.08217000000000E+01
 2.00570830000000E+03  -7.56852000000000E+01
 2.00579170000000E+03  -6.41644000000000E+01
 2.00587500000000E+03  -5.71818000000000E+01
 2.00595830000000E+03  -5.86607000000000E+01
 2.00604170000000E+03  -6.46013000000000E+01
 2.00612500000000E+03  -6.07725000000000E+01
 2.00620830000000E+03  -6.18668000000000E+01
 2.00629170000000E+03  -4.99613000000000E+01
 2.00637500000000E+03  -1.43632000000000E+01
 2.00645830000000E+03  -9.07290000000000E+00
 2.00654170000000E+03   2.78327000000000E+01
 2.00662500000000E+03   4.02000000000000E+01
 2.00670830000000E+03   5.17981000000000E+01
 2.00679170000000E+03   5.54729000000000E+01
 2.00687500000000E+03   5.28402000000000E+01
 2.00695830000000E+03   5.95152000000000E+01
 2.00704170000000E+03   7.64977000000000E+01
 2.00712500000000E+03   8.77882000000000E+01
 2.00720830000000E+03   9.48478000000000E+01
 2.00729170000000E+03   8.87535000000000E+01
 2.00737500000000E+03   9.66593000000000E+01
 2.00745830000000E+03   8.03344000000000E+01
 2.00754170000000E+03   7.63939000000000E+01
 2.00762500000000E+03   5.23767000000000E+01
 2.00770830000000E+03   8.12056000000000E+01
 2.00779170000000E+03   7.06498000000000E+01
 2.00787500000000E+03   6.69403000000000E+01
 2.00795830000000E+03   6.71539000000000E+01
 2.00804170000000E+03   6.74442000000000E+01
 2.00812500000000E+03   6.36578000000000E+01
 2.00820830000000E+03   5.37945000000000E+01
 2.00829170000000E+03   5.89310000000000E+01
 2.00837500000000E+03   7.19138000000000E+01
 2.00845830000000E+03   4.35121000000000E+01
 2.00854170000000E+03   2.34179000000000E+01
 2.00862500000000E+03   4.01610000000000E+00
 2.00870830000000E+03  -8.46250000000000E+00
 2.00879170000000E+03  -4.64029000000000E+01
 2.00887500000000E+03  -4.75738000000000E+01
 2.00895830000000E+03  -3.46678000000000E+01
 2.00904170000000E+03  -2.52236000000000E+01
 2.00912500000000E+03  -2.53175000000000E+01
 2.00920830000000E+03  -2.63346000000000E+01
 2.00929170000000E+03  -1.71980000000000E+01
 2.00937500000000E+03  -2.06766000000000E+01
 2.00945830000000E+03  -3.66167000000000E+01
 2.00954170000000E+03  -5.43262000000000E+01
 2.00962500000000E+03  -5.74201000000000E+01
 2.00970830000000E+03  -4.85910000000000E+01
 2.00979170000000E+03  -5.61466000000000E+01
 2.00987500000000E+03  -4.92405000000000E+01
 2.00995830000000E+03  -4.06421000000000E+01
 2.01004170000000E+03  -3.66593000000000E+01
 2.01012500000000E+03  -3.75993000000000E+01
 2.01020830000000E+03  -3.56163000000000E+01
 2.01029170000000E+03  -3.30181000000000E+01
 2.01037500000000E+03  -3.17273000000000E+01
 2.01045830000000E+03  -5.16673000000000E+01
 2.01054170000000E+03  -4.51460000000000E+01
 2.01062500000000E+03  -2.94706000000000E+01
 2.01070830000000E+03  -3.30259000000000E+01
 2.01079170000000E+03  -4.20430000000000E+01
 2.01087500000000E+03  -4.20599000000000E+01
 2.01095830000000E+03  -3.59999000000000E+01
 2.01104170000000E+03  -3.28631000000000E+01
 2.01112500000000E+03  -2.54953000000000E+01
 2.01120830000000E+03  -2.08199000000000E+01
 2.01129170000000E+03  -1.92215000000000E+01
 2.01137500000000E+03  -3.01614000000000E+01
 2.01145830000000E+03   2.83300000000000E-01
 2.01154170000000E+03   2.27278000000000E+01
 2.01162500000000E+03   8.01870000000000E+00
 2.01170830000000E+03   9.61730000000000E+00
 2.01179170000000E+03   1.52157000000000E+01
 2.01187500000000E+03   1.49681000000000E+01
 2.01195830000000E+03   2.04898000000000E+01
 2.01204170000000E+03   2.23959000000000E+01
 2.01212500000000E+03   1.72253000000000E+01
 2.01220830000000E+03   1.82855000000000E+01
 2.01229170000000E+03   1.10378000000000E+01
 2.01237500000000E+03   1.39441000000000E+01
 2.01245830000000E+03   1.16966000000000E+01
 2.01254170000000E+03  -2.73972000000000E+01
 2.01262500000000E+03  -6.23370000000000E+01
 2.01270830000000E+03  -9.21999000000000E+01
 2.01279170000000E+03  -9.62937000000000E+01
 2.01287500000000E+03  -9.04642000000000E+01
 2.01295830000000E+03  -8.16347000000000E+01
 2.01304170000000E+03  -8.28055000000000E+01
 2.01312500000000E+03  -8.25144000000000E+01
 2.01320830000000E+03  -7.69157000000000E+01
 2.01329170000000E+03  -8.36248000000000E+01
 2.01337500000000E+03  -7.71799000000000E+01
 2.01345830000000E+03  -6.22735000000000E+01
 2.01354170000000E+03  -6.99057000000000E+01
 2.01362500000000E+03  -6.53069000000000E+01
 2.01370830000000E+03  -5.92466000000000E+01
 2.01379170000000E+03  -2.40326000000000E+01
 2.01387500000000E+03  -2.04338000000000E+01
 2.01395830000000E+03  -1.80657000000000E+01
 2.01404170000000E+03  -1.99287000000000E+01
 2.01412500000000E+03  -1.02529000000000E+01
 2.01420830000000E+03  -8.50020000000000E+00
 2.01429170000000E+03  -1.05540000000000E+00
 2.01437500000000E+03  -1.49950000000000E+01
 2.01445830000000E+03  -3.55000000000000E+00
 2.01454170000000E+03   1.35630000000000E+00
 2.01462500000000E+03   8.03210000000000E+00
 2.01470830000000E+03   5.55410000000000E+00
 2.01479170000000E+03   1.41528000000000E+01
 2.01487500000000E+03   2.17517000000000E+01
 2.01495830000000E+03   2.66583000000000E+01
 2.01504170000000E+03   3.31032000000000E+01
 2.01512500000000E+03   3.00867000000000E+01
 2.01520830000000E+03   2.84549000000000E+01
 2.01529170000000E+03   1.82075000000000E+01
 2.01537500000000E+03   4.24988000000000E+01
 2.01545830000000E+03   7.35593000000000E+01
 2.01554170000000E+03   4.55426000000000E+01
 2.01562500000000E+03   3.31416000000000E+01
 2.01570830000000E+03   3.08945000000000E+01
 2.01579170000000E+03   3.52625000000000E+01
 2.01587500000000E+03   3.18615000000000E+01
 2.01595830000000E+03   2.78451000000000E+01
 2.01604170000000E+03   3.61362000000000E+01
 2.01612500000000E+03   3.54276000000000E+01
 2.01620830000000E+03   4.57959000000000E+01
 2.01629170000000E+03   2.77024000000000E+01
 2.01637500000000E+03   3.82245000000000E+01
 2.01645830000000E+03   1.72851000000000E+01
 2.01654170000000E+03   4.73010000000000E+00
 2.01662500000000E+03  -4.05540000000000E+00
 2.01670830000000E+03  -2.27640000000000E+01
 2.01679170000000E+03  -1.14728000000000E+01
 2.01687500000000E+03  -2.09506000000000E+01
 2.01695830000000E+03  -1.25823000000000E+01
 2.01704170000000E+03  -1.04449000000000E+01
 2.01712500000000E+03  -1.42304000000000E+01
 2.01720830000000E+03  -1.57851000000000E+01
 2.01729170000000E+03   4.81390000000000E+00
 2.01737500000000E+03   4.24900000000000E+01
 2.01745830000000E+03   6.20122000000000E+01
 2.01754170000000E+03   5.63035000000000E+01
 2.01762500000000E+03   3.59796000000000E+01
 2.01770830000000E+03   1.71942000000000E+01
 2.01779170000000E+03   9.48550000000000E+00
 2.01787500000000E+03  -3.45380000000000E+00
 2.01795830000000E+03   2.45310000000000E+00
 2.01804170000000E+03  -6.87090000000000E+00
 2.01812500000000E+03  -3.19480000000000E+00
 2.01820830000000E+03   6.09680000000000E+00
 2.01829170000000E+03   1.13881000000000E+01
 2.01837500000000E+03  -3.20126000000000E+01
 2.01845830000000E+03  -4.86441000000000E+01
 2.01854170000000E+03  -5.58143000000000E+01
 2.01862500000000E+03  -6.51381000000000E+01
 2.01870830000000E+03  -3.03849000000000E+01
 2.01879170000000E+03  -1.87858000000000E+01
 2.01887500000000E+03  -1.07250000000000E+01
 2.01895830000000E+03  -9.12570000000000E+00
 2.01904170000000E+03  -3.75730000000000E+00
 2.01912500000000E+03   3.07280000000000E+00
 2.01920830000000E+03   1.04414000000000E+01
 2.01929170000000E+03   1.15021000000000E+01
 2.01937500000000E+03  -5.14000000000000E-01
 2.01945830000000E+03   3.24700000000000E+01
 2.01954170000000E+03   4.13769000000000E+01
 2.01962500000000E+03   6.60532000000000E+01
 2.01970830000000E+03   6.36526000000000E+01
 2.01979170000000E+03   3.32518000000000E+01
 2.01987500000000E+03   4.95435000000000E+01
 2.01995830000000E+03   4.96045000000000E+01
 2.02004170000000E+03   6.31268000000000E+01
 2.02012500000000E+03   6.00339000000000E+01
 2.02020830000000E+03   6.21718000000000E+01
 2.02029170000000E+03   5.50018000000000E+01
 2.02037500000000E+03   5.44474000000000E+01
 2.02045830000000E+03   5.31238000000000E+01
 2.02054170000000E+03   3.78769000000000E+01
 2.02062500000000E+03  -3.36970000000000E+00
 2.02070830000000E+03  -4.09241000000000E+01
 2.02079170000000E+03  -3.58632000000000E+01
 2.02087500000000E+03  -2.24176000000000E+01
 2.02095830000000E+03  -2.38950000000000E+01
 2.02104170000000E+03  -2.09880000000000E+01
 2.02112500000000E+03  -2.10038000000000E+01
 2.02120830000000E+03  -1.69427000000000E+01
 2.02129170000000E+03  -5.49720000000000E+00
 2.02137500000000E+03   7.17930000000000E+00
 2.02145830000000E+03  -2.60580000000000E+00
 2.02154170000000E+03   2.41474000000000E+01
 2.02162500000000E+03   6.08239000000000E+01
 2.02170830000000E+03   6.26543000000000E+01
 2.02179170000000E+03   5.63306000000000E+01
 2.02187500000000E+03   5.36226000000000E+01
 2.02195830000000E+03   4.76068000000000E+01
 2.02204170000000E+03   5.62831000000000E+01
 2.02212500000000E+03   5.32674000000000E+01
 2.02220830000000E+03   5.17901000000000E+01
 2.02229170000000E+03   5.77742000000000E+01
 2.02237500000000E+03   4.27585000000000E+01
 2.02245830000000E+03   3.01274000000000E+01
 2.02254170000000E+03   4.86499000000000E+01
 2.02262500000000E+03   3.50188000000000E+01
 2.02270830000000E+03   7.15700000000000E+00
 2.02279170000000E+03   1.73719000000000E+01
 2.02287500000000E+03   9.89470000000000E+00
 2.02295830000000E+03   7.03280000000000E+00
 2.02304170000000E+03   2.10939000000000E+01
 2.02312500000000E+03   2.74629000000000E+01
 2.02320830000000E+03   3.72934000000000E+01
 2.02329170000000E+03   4.39699000000000E+01
 2.02337500000000E+03   5.80312000000000E+01
 2.02345830000000E+03   8.14002000000000E+01
 2.02354170000000E+03   8.54164000000000E+01
 2.02362500000000E+03   7.14667000000000E+01
 2.02370830000000E+03   6.82609000000000E+01
 2.02379170000000E+03   6.40468000000000E+01
 2.02387500000000E+03   9.36968000000000E+01
 2.02395830000000E+03   1.33152400000000E+02
