 1.89904170000000E+03  -4.52354000000000E+01
 1.89912500000000E+03  -4.83569000000000E+01
 1.89920830000000E+03  -5.24785000000000E+01
 1.89929170000000E+03  -4.97002000000000E+01
 1.89937500000000E+03  -2.49946000000000E+01
 1.89945830000000E+03  -1.00103000000000E+01
 1.89954170000000E+03   2.64970000000000E+00
 1.89962500000000E+03   2.98940000000000E+00
 1.89970830000000E+03   1.46366000000000E+01
 1.89979170000000E+03   1.56683000000000E+01
 1.89987500000000E+03   2.40077000000000E+01
 1.89995830000000E+03   3.48856000000000E+01
 1.90004170000000E+03   3.89940000000000E+01
 1.90012500000000E+03   3.93332000000000E+01
 1.90020830000000E+03   3.80570000000000E+01
 1.90029170000000E+03   4.70882000000000E+01
 1.90037500000000E+03   5.30426000000000E+01
 1.90045830000000E+03   4.74585000000000E+01
 1.90054170000000E+03   4.37972000000000E+01
 1.90062500000000E+03   3.35206000000000E+01
 1.90070830000000E+03   2.75517000000000E+01
 1.90079170000000E+03   1.00441000000000E+01
 1.90087500000000E+03   8.45960000000000E+00
 1.90095830000000E+03  -1.27880000000000E+00
 1.90104170000000E+03  -1.17097000000000E+01
 1.90112500000000E+03  -1.51405000000000E+01
 1.90120830000000E+03  -1.29561000000000E+01
 1.90129170000000E+03  -1.21564000000000E+01
 1.90137500000000E+03  -1.02028000000000E+01
 1.90145830000000E+03  -1.52493000000000E+01
 1.90154170000000E+03  -2.77576000000000E+01
 1.90162500000000E+03  -2.17273000000000E+01
 1.90170830000000E+03  -1.90048000000000E+01
 1.90179170000000E+03  -2.19748000000000E+01
 1.90187500000000E+03  -1.45601000000000E+01
 1.90195830000000E+03  -1.56070000000000E+01
 1.90204170000000E+03  -1.31926000000000E+01
 1.90212500000000E+03  -9.31650000000000E+00
 1.90220830000000E+03  -7.59440000000000E+00
 1.90229170000000E+03  -3.48790000000000E+00
 1.90237500000000E+03   1.06956000000000E+01
 1.90245830000000E+03   1.92637000000000E+01
 1.90254170000000E+03   3.22930000000000E+01
 1.90262500000000E+03   3.37840000000000E+01
 1.90270830000000E+03   2.35057000000000E+01
 1.90279170000000E+03   1.53811000000000E+01
 1.90287500000000E+03   1.17949000000000E+01
 1.90295830000000E+03   9.28560000000000E+00
 1.90304170000000E+03   8.46850000000000E+00
 1.90312500000000E+03   7.88210000000000E+00
 1.90320830000000E+03   5.37260000000000E+00
 1.90329170000000E+03   8.32450000000000E+00
 1.90337500000000E+03   1.75841000000000E+01
 1.90345830000000E+03   1.23051000000000E+01
 1.90354170000000E+03   1.17980000000000E+00
 1.90362500000000E+03   8.74690000000000E+00
 1.90370830000000E+03   2.15447000000000E+01
 1.90379170000000E+03   1.95731000000000E+01
 1.90387500000000E+03   1.80630000000000E+01
 1.90395830000000E+03   1.83991000000000E+01
 1.90404170000000E+03   1.97349000000000E+01
 1.90412500000000E+03   1.91477000000000E+01
 1.90420830000000E+03   1.83297000000000E+01
 1.90429170000000E+03   2.00500000000000E+01
 1.90437500000000E+03   3.44626000000000E+01
 1.90445830000000E+03   3.31828000000000E+01
 1.90454170000000E+03   4.02875000000000E+01
 1.90462500000000E+03   4.90076000000000E+01
 1.90470830000000E+03   4.11891000000000E+01
 1.90479170000000E+03   2.92936000000000E+01
 1.90487500000000E+03   2.53981000000000E+01
 1.90495830000000E+03   2.45795000000000E+01
 1.90504170000000E+03   2.74529000000000E+01
 1.90512500000000E+03   2.77880000000000E+01
 1.90520830000000E+03   3.21230000000000E+01
 1.90529170000000E+03   3.53039000000000E+01
 1.90537500000000E+03   3.98696000000000E+01
 1.90545830000000E+03   3.24351000000000E+01
 1.90554170000000E+03   3.34620000000000E+01
 1.90562500000000E+03   3.61813000000000E+01
 1.90570830000000E+03   3.30544000000000E+01
 1.90579170000000E+03   2.00041000000000E+01
 1.90587500000000E+03   1.89540000000000E+01
 1.90595830000000E+03   2.55960000000000E+01
 1.90604170000000E+03   3.06225000000000E+01
 1.90612500000000E+03   3.26491000000000E+01
 1.90620830000000E+03   3.01371000000000E+01
 1.90629170000000E+03   2.48557000000000E+01
 1.90637500000000E+03   2.79589000000000E+01
 1.90645830000000E+03   3.53698000000000E+01
 1.90654170000000E+03   3.78574000000000E+01
 1.90662500000000E+03   3.39605000000000E+01
 1.90670830000000E+03   3.12173000000000E+01
 1.90679170000000E+03   2.68586000000000E+01
 1.90687500000000E+03   2.95768000000000E+01
 1.90695830000000E+03   3.11411000000000E+01
 1.90704170000000E+03   2.72437000000000E+01
 1.90712500000000E+03   2.80386000000000E+01
 1.90720830000000E+03   2.97566000000000E+01
 1.90729170000000E+03   3.22436000000000E+01
 1.90737500000000E+03   4.01152000000000E+01
 1.90745830000000E+03   5.31407000000000E+01
 1.90754170000000E+03   5.93198000000000E+01
 1.90762500000000E+03   5.49605000000000E+01
 1.90770830000000E+03   5.09088000000000E+01
 1.90779170000000E+03   3.86261000000000E+01
 1.90787500000000E+03   3.47281000000000E+01
 1.90795830000000E+03   3.08301000000000E+01
 1.90804170000000E+03   2.80857000000000E+01
 1.90812500000000E+03   2.70336000000000E+01
 1.90820830000000E+03   2.39046000000000E+01
 1.90829170000000E+03   2.05446000000000E+01
 1.90837500000000E+03   2.90308000000000E+01
 1.90845830000000E+03   3.19016000000000E+01
 1.90854170000000E+03   3.57721000000000E+01
 1.90862500000000E+03   4.05658000000000E+01
 1.90870830000000E+03   3.78979000000000E+01
 1.90879170000000E+03   2.81529000000000E+01
 1.90887500000000E+03   2.40233000000000E+01
 1.90895830000000E+03   2.18168000000000E+01
 1.90904170000000E+03   2.21484000000000E+01
 1.90912500000000E+03   1.92494000000000E+01
 1.90920830000000E+03   1.61196000000000E+01
 1.90929170000000E+03   1.96818000000000E+01
 1.90937500000000E+03   3.36287000000000E+01
 1.90945830000000E+03   3.40371000000000E+01
 1.90954170000000E+03   3.99838000000000E+01
 1.90962500000000E+03   2.39305000000000E+01
 1.90970830000000E+03   6.72330000000000E+00
 1.90979170000000E+03   2.36210000000000E+00
 1.90987500000000E+03   7.38550000000000E+00
 1.90995830000000E+03   1.05627000000000E+01
 1.91004170000000E+03   8.73970000000000E+00
 1.91012500000000E+03   3.22450000000000E+00
 1.91020830000000E+03  -2.13900000000000E-01
 1.91029170000000E+03  -5.75600000000000E-01
 1.91037500000000E+03   3.75520000000000E+00
 1.91045830000000E+03  -5.76040000000000E+00
 1.91054170000000E+03  -4.96840000000000E+00
 1.91062500000000E+03  -1.51763000000000E+01
 1.91070830000000E+03  -1.86151000000000E+01
 1.91079170000000E+03  -2.62849000000000E+01
 1.91087500000000E+03  -2.48008000000000E+01
 1.91095830000000E+03  -2.70859000000000E+01
 1.91104170000000E+03  -2.62944000000000E+01
 1.91112500000000E+03  -2.68873000000000E+01
 1.91120830000000E+03  -2.27881000000000E+01
 1.91129170000000E+03  -1.54583000000000E+01
 1.91137500000000E+03  -1.35130000000000E+01
 1.91145830000000E+03  -1.97217000000000E+01
 1.91154170000000E+03  -1.21613000000000E+01
 1.91162500000000E+03  -2.05239000000000E+01
 1.91170830000000E+03  -2.31943000000000E+01
 1.91179170000000E+03  -2.66341000000000E+01
 1.91187500000000E+03  -2.55354000000000E+01
 1.91195830000000E+03  -2.82830000000000E+01
 1.91204170000000E+03  -2.74153000000000E+01
 1.91212500000000E+03  -3.08553000000000E+01
 1.91220830000000E+03  -3.09876000000000E+01
 1.91229170000000E+03  -2.97356000000000E+01
 1.91237500000000E+03  -2.37142000000000E+01
 1.91245830000000E+03  -2.29237000000000E+01
 1.91254170000000E+03  -1.65180000000000E+01
 1.91262500000000E+03  -3.04968000000000E+01
 1.91270830000000E+03  -3.46296000000000E+01
 1.91279170000000E+03  -3.31472000000000E+01
 1.91287500000000E+03  -3.51262000000000E+01
 1.91295830000000E+03  -3.15669000000000E+01
 1.91304170000000E+03  -3.13924000000000E+01
 1.91312500000000E+03  -3.06024000000000E+01
 1.91320830000000E+03  -2.90433000000000E+01
 1.91329170000000E+03  -3.31767000000000E+01
 1.91337500000000E+03  -2.36946000000000E+01
 1.91345830000000E+03  -2.45972000000000E+01
 1.91354170000000E+03   4.80760000000000E+00
 1.91362500000000E+03   3.28950000000000E+00
 1.91370830000000E+03   8.30980000000000E+00
 1.91379170000000E+03   1.61759000000000E+01
 1.91387500000000E+03   1.62730000000000E+01
 1.91395830000000E+03   2.17546000000000E+01
 1.91404170000000E+03   1.88513000000000E+01
 1.91412500000000E+03   1.87174000000000E+01
 1.91420830000000E+03   1.85834000000000E+01
 1.91429170000000E+03   2.72953000000000E+01
 1.91437500000000E+03   3.77766000000000E+01
 1.91445830000000E+03   3.90270000000000E+01
 1.91454170000000E+03   4.35848000000000E+01
 1.91462500000000E+03   3.19890000000000E+01
 1.91470830000000E+03   3.16238000000000E+01
 1.91479170000000E+03   3.61814000000000E+01
 1.91487500000000E+03   3.88161000000000E+01
 1.91495830000000E+03   3.49123000000000E+01
 1.91504170000000E+03   3.50082000000000E+01
 1.91512500000000E+03   3.76426000000000E+01
 1.91520830000000E+03   4.14309000000000E+01
 1.91529170000000E+03   4.33727000000000E+01
 1.91537500000000E+03   4.65455000000000E+01
 1.91545830000000E+03   5.81027000000000E+01
 1.91554170000000E+03   5.96598000000000E+01
 1.91562500000000E+03   5.48323000000000E+01
 1.91570830000000E+03   4.53124000000000E+01
 1.91579170000000E+03   4.23308000000000E+01
 1.91587500000000E+03   3.58877000000000E+01
 1.91595830000000E+03   2.71369000000000E+01
 1.91604170000000E+03   3.26935000000000E+01
 1.91612500000000E+03   3.37118000000000E+01
 1.91620830000000E+03   3.35761000000000E+01
 1.91629170000000E+03   2.50556000000000E+01
 1.91637500000000E+03   2.21506000000000E+01
 1.91645830000000E+03   1.91685000000000E+01
 1.91654170000000E+03   2.87860000000000E+00
 1.91662500000000E+03  -1.17959000000000E+01
 1.91670830000000E+03  -2.22396000000000E+01
 1.91679170000000E+03  -3.08375000000000E+01
 1.91687500000000E+03  -3.91275000000000E+01
 1.91695830000000E+03  -4.32638000000000E+01
 1.91704170000000E+03  -4.22465000000000E+01
 1.91712500000000E+03  -4.92291000000000E+01
 1.91720830000000E+03  -5.28271000000000E+01
 1.91729170000000E+03  -6.21177000000000E+01
 1.91737500000000E+03  -5.64082000000000E+01
 1.91745830000000E+03  -4.50833000000000E+01
 1.91754170000000E+03  -4.28356000000000E+01
 1.91762500000000E+03  -3.05878000000000E+01
 1.91770830000000E+03  -1.81094000000000E+01
 1.91779170000000E+03  -1.42465000000000E+01
 1.91787500000000E+03  -1.50759000000000E+01
 1.91795830000000E+03  -8.44370000000000E+00
 1.91804170000000E+03  -3.65800000000000E+00
 1.91812500000000E+03  -3.33370000000000E+00
 1.91820830000000E+03   3.14430000000000E+00
 1.91829170000000E+03   8.85290000000000E+00
 1.91837500000000E+03   2.72539000000000E+01
 1.91845830000000E+03   3.85780000000000E+01
 1.91854170000000E+03   4.52094000000000E+01
 1.91862500000000E+03   4.90718000000000E+01
 1.91870830000000E+03   4.44725000000000E+01
 1.91879170000000E+03   3.73345000000000E+01
 1.91887500000000E+03   3.78889000000000E+01
 1.91895830000000E+03   3.49818000000000E+01
 1.91904170000000E+03   3.20744000000000E+01
 1.91912500000000E+03   2.84747000000000E+01
 1.91920830000000E+03   2.81058000000000E+01
 1.91929170000000E+03   2.04290000000000E+01
 1.91937500000000E+03   1.65215000000000E+01
 1.91945830000000E+03   9.84460000000000E+00
 1.91954170000000E+03  -3.70900000000000E-01
 1.91962500000000E+03  -2.11248000000000E+01
 1.91970830000000E+03  -2.94941000000000E+01
 1.91979170000000E+03  -4.24791000000000E+01
 1.91987500000000E+03  -5.22331000000000E+01
 1.91995830000000E+03  -5.77565000000000E+01
 1.92004170000000E+03  -5.76648000000000E+01
 1.92012500000000E+03  -5.88037000000000E+01
 1.92020830000000E+03  -5.47888000000000E+01
 1.92029170000000E+03  -4.71588000000000E+01
 1.92037500000000E+03  -3.92979000000000E+01
 1.92045830000000E+03  -2.32833000000000E+01
 1.92054170000000E+03  -1.47304000000000E+01
 1.92062500000000E+03  -1.01774000000000E+01
 1.92070830000000E+03  -1.39370000000000E+00
 1.92079170000000E+03  -1.16103000000000E+01
 1.92087500000000E+03  -8.51900000000000E+00
 1.92095830000000E+03  -1.65860000000000E+00
 1.92104170000000E+03  -2.02930000000000E+00
 1.92112500000000E+03  -4.09210000000000E+00
 1.92120830000000E+03  -4.00110000000000E+00
 1.92129170000000E+03  -3.37190000000000E+00
 1.92137500000000E+03  -6.58880000000000E+00
 1.92145830000000E+03  -3.95960000000000E+00
 1.92154170000000E+03  -2.30229000000000E+01
 1.92162500000000E+03  -2.90862000000000E+01
 1.92170830000000E+03  -3.39187000000000E+01
 1.92179170000000E+03  -4.81361000000000E+01
 1.92187500000000E+03  -4.89687000000000E+01
 1.92195830000000E+03  -4.76476000000000E+01
 1.92204170000000E+03  -5.07883000000000E+01
 1.92212500000000E+03  -4.78520000000000E+01
 1.92220830000000E+03  -4.53772000000000E+01
 1.92229170000000E+03  -4.12873000000000E+01
 1.92237500000000E+03  -4.49666000000000E+01
 1.92245830000000E+03  -4.01843000000000E+01
 1.92254170000000E+03  -3.00177000000000E+01
 1.92262500000000E+03  -3.09279000000000E+01
 1.92270830000000E+03  -4.92998000000000E+01
 1.92279170000000E+03  -4.96718000000000E+01
 1.92287500000000E+03  -4.37361000000000E+01
 1.92295830000000E+03  -3.73389000000000E+01
 1.92304170000000E+03  -3.82496000000000E+01
 1.92312500000000E+03  -3.70064000000000E+01
 1.92320830000000E+03  -3.64556000000000E+01
 1.92329170000000E+03  -3.25973000000000E+01
 1.92337500000000E+03  -2.98928000000000E+01
 1.92345830000000E+03  -2.04191000000000E+01
 1.92354170000000E+03  -2.70994000000000E+01
 1.92362500000000E+03  -3.35489000000000E+01
 1.92370830000000E+03  -3.64601000000000E+01
 1.92379170000000E+03  -3.29099000000000E+01
 1.92387500000000E+03  -3.95904000000000E+01
 1.92395830000000E+03  -4.13478000000000E+01
 1.92404170000000E+03  -4.84902000000000E+01
 1.92412500000000E+03  -5.84786000000000E+01
 1.92420830000000E+03  -6.10055000000000E+01
 1.92429170000000E+03  -5.36865000000000E+01
 1.92437500000000E+03  -5.01366000000000E+01
 1.92445830000000E+03  -5.18945000000000E+01
 1.92454170000000E+03  -5.29603000000000E+01
 1.92462500000000E+03  -3.81030000000000E+01
 1.92470830000000E+03  -4.67072000000000E+01
 1.92479170000000E+03  -4.19271000000000E+01
 1.92487500000000E+03  -3.38392000000000E+01
 1.92495830000000E+03  -2.69821000000000E+01
 1.92504170000000E+03  -2.15099000000000E+01
 1.92512500000000E+03  -1.58068000000000E+01
 1.92520830000000E+03  -4.87300000000000E+00
 1.92529170000000E+03  -3.78560000000000E+00
 1.92537500000000E+03  -6.46730000000000E+00
 1.92545830000000E+03  -2.84140000000000E+00
 1.92554170000000E+03   5.86110000000000E+00
 1.92562500000000E+03   1.57946000000000E+01
 1.92570830000000E+03  -2.88740000000000E+00
 1.92579170000000E+03  -2.10810000000000E+00
 1.92587500000000E+03  -4.05700000000000E-01
 1.92595830000000E+03  -6.39560000000000E+00
 1.92604170000000E+03  -1.14627000000000E+01
 1.92612500000000E+03  -1.34527000000000E+01
 1.92620830000000E+03  -1.47505000000000E+01
 1.92629170000000E+03  -9.04860000000000E+00
 1.92637500000000E+03   5.34580000000000E+00
 1.92645830000000E+03   6.58630000000000E+00
 1.92654170000000E+03   1.09034000000000E+01
 1.92662500000000E+03   1.59129000000000E+01
 1.92670830000000E+03  -2.07760000000000E+00
 1.92679170000000E+03  -2.45300000000000E+00
 1.92687500000000E+03  -7.75140000000000E+00
 1.92695830000000E+03  -7.89590000000000E+00
 1.92704170000000E+03  -4.73310000000000E+00
 1.92712500000000E+03  -4.16300000000000E-01
 1.92720830000000E+03   2.43900000000000E+00
 1.92729170000000E+03   9.29390000000000E+00
 1.92737500000000E+03   1.63798000000000E+01
 1.92745830000000E+03   8.00400000000000E+00
 1.92754170000000E+03   1.09357000000000E+01
 1.92762500000000E+03  -6.71000000000000E-01
 1.92770830000000E+03  -9.43160000000000E+00
 1.92779170000000E+03  -3.26930000000000E+00
 1.92787500000000E+03  -4.10700000000000E+00
 1.92795830000000E+03  -1.86780000000000E+00
 1.92804170000000E+03  -3.62880000000000E+00
 1.92812500000000E+03  -7.74400000000000E-01
 1.92820830000000E+03  -3.45850000000000E+00
 1.92829170000000E+03  -6.37360000000000E+00
 1.92837500000000E+03  -7.44240000000000E+00
 1.92845830000000E+03  -1.25113000000000E+01
 1.92854170000000E+03  -1.80420000000000E+01
 1.92862500000000E+03  -3.41110000000000E+01
 1.92870830000000E+03  -4.13340000000000E+01
 1.92879170000000E+03  -4.92495000000000E+01
 1.92887500000000E+03  -6.08572000000000E+01
 1.92895830000000E+03  -5.46958000000000E+01
 1.92904170000000E+03  -5.39192000000000E+01
 1.92912500000000E+03  -5.26809000000000E+01
 1.92920830000000E+03  -5.53659000000000E+01
 1.92929170000000E+03  -5.32049000000000E+01
 1.92937500000000E+03  -6.27361000000000E+01
 1.92945830000000E+03  -6.40366000000000E+01
 1.92954170000000E+03  -7.04912000000000E+01
 1.92962500000000E+03  -5.87149000000000E+01
 1.92970830000000E+03  -5.07079000000000E+01
 1.92979170000000E+03  -4.14704000000000E+01
 1.92987500000000E+03  -4.27712000000000E+01
 1.92995830000000E+03  -3.84568000000000E+01
 1.93004170000000E+03  -4.49118000000000E+01
 1.93012500000000E+03  -4.22129000000000E+01
 1.93020830000000E+03  -3.92832000000000E+01
 1.93029170000000E+03  -3.45077000000000E+01
 1.93037500000000E+03  -3.04243000000000E+01
 1.93045830000000E+03  -1.46487000000000E+01
 1.93054170000000E+03  -5.64260000000000E+00
 1.93062500000000E+03   2.67130000000000E+00
 1.93070830000000E+03  -8.01490000000000E+00
 1.93079170000000E+03  -9.54740000000000E+00
 1.93087500000000E+03  -1.53106000000000E+01
 1.93095830000000E+03  -1.19201000000000E+01
 1.93104170000000E+03  -1.29913000000000E+01
 1.93112500000000E+03  -1.36009000000000E+01
 1.93120830000000E+03  -1.68259000000000E+01
 1.93129170000000E+03  -1.95897000000000E+01
 1.93137500000000E+03  -2.11994000000000E+01
 1.93145830000000E+03  -9.65550000000000E+00
 1.93154170000000E+03  -9.11170000000000E+00
 1.93162500000000E+03  -1.54140000000000E+01
 1.93170830000000E+03  -2.00241000000000E+01
 1.93179170000000E+03  -9.63440000000000E+00
 1.93187500000000E+03  -6.47540000000000E+00
 1.93195830000000E+03  -8.23950000000000E+00
 1.93204170000000E+03  -1.05423000000000E+01
 1.93212500000000E+03  -8.15270000000000E+00
 1.93220830000000E+03  -9.76320000000000E+00
 1.93229170000000E+03  -9.45080000000000E+00
 1.93237500000000E+03  -1.83070000000000E+00
 1.93245830000000E+03   5.09710000000000E+00
 1.93254170000000E+03   2.64000000000000E+00
 1.93262500000000E+03  -1.50930000000000E+00
 1.93270830000000E+03   1.18750000000000E+00
 1.93279170000000E+03  -7.42360000000000E+00
 1.93287500000000E+03  -1.48039000000000E+01
 1.93295830000000E+03  -1.64150000000000E+01
 1.93304170000000E+03  -1.56417000000000E+01
 1.93312500000000E+03  -1.71761000000000E+01
 1.93320830000000E+03  -1.40181000000000E+01
 1.93329170000000E+03  -1.37066000000000E+01
 1.93337500000000E+03  -1.68565000000000E+01
 1.93345830000000E+03  -1.77570000000000E+00
 1.93354170000000E+03   3.45870000000000E+00
 1.93362500000000E+03   8.00000000000000E-04
 1.93370830000000E+03   4.31220000000000E+00
 1.93379170000000E+03  -4.29980000000000E+00
 1.93387500000000E+03   4.24220000000000E+00
 1.93395830000000E+03  -8.31300000000000E-01
 1.93404170000000E+03  -3.98190000000000E+00
 1.93412500000000E+03  -5.28630000000000E+00
 1.93420830000000E+03  -6.12920000000000E+00
 1.93429170000000E+03  -7.43390000000000E+00
 1.93437500000000E+03   1.18769000000000E+01
 1.93445830000000E+03   2.29569000000000E+01
 1.93454170000000E+03   1.74212000000000E+01
 1.93462500000000E+03   1.39626000000000E+01
 1.93470830000000E+03   1.51962000000000E+01
 1.93479170000000E+03   1.01218000000000E+01
 1.93487500000000E+03   4.35530000000000E+00
 1.93495830000000E+03  -2.56520000000000E+00
 1.93504170000000E+03   2.83400000000000E-01
 1.93512500000000E+03   1.28580000000000E+00
 1.93520830000000E+03   4.13440000000000E+00
 1.93529170000000E+03   6.05970000000000E+00
 1.93537500000000E+03   5.23500000000000E-01
 1.93545830000000E+03  -4.78200000000000E+00
 1.93554170000000E+03  -2.41600000000000E-01
 1.93562500000000E+03  -8.62410000000000E+00
 1.93570830000000E+03  -2.00068000000000E+01
 1.93579170000000E+03  -3.58512000000000E+01
 1.93587500000000E+03  -3.40801000000000E+01
 1.93595830000000E+03  -2.27706000000000E+01
 1.93604170000000E+03  -1.99229000000000E+01
 1.93612500000000E+03  -2.21520000000000E+01
 1.93620830000000E+03  -2.53043000000000E+01
 1.93629170000000E+03  -2.99183000000000E+01
 1.93637500000000E+03  -3.56861000000000E+01
 1.93645830000000E+03  -2.72232000000000E+01
 1.93654170000000E+03  -4.06836000000000E+01
 1.93662500000000E+03  -4.27593000000000E+01
 1.93670830000000E+03  -4.66812000000000E+01
 1.93679170000000E+03  -4.21418000000000E+01
 1.93687500000000E+03  -3.71408000000000E+01
 1.93695830000000E+03  -3.66013000000000E+01
 1.93704170000000E+03  -4.28314000000000E+01
 1.93712500000000E+03  -4.52921000000000E+01
 1.93720830000000E+03  -4.68298000000000E+01
 1.93729170000000E+03  -4.09062000000000E+01
 1.93737500000000E+03  -2.32133000000000E+01
 1.93745830000000E+03  -5.05890000000000E+00
 1.93754170000000E+03  -2.89400000000000E-01
 1.93762500000000E+03   2.13264000000000E+01
 1.93770830000000E+03   2.47113000000000E+01
 1.93779170000000E+03   1.96345000000000E+01
 1.93787500000000E+03   1.29424000000000E+01
 1.93795830000000E+03   9.32720000000000E+00
 1.93804170000000E+03   5.40400000000000E+00
 1.93812500000000E+03   1.94240000000000E+00
 1.93820830000000E+03   2.25000000000000E+00
 1.93829170000000E+03   6.24970000000000E+00
 1.93837500000000E+03   1.63410000000000E+00
 1.93845830000000E+03  -9.28930000000000E+00
 1.93854170000000E+03  -1.32129000000000E+01
 1.93862500000000E+03  -2.48287000000000E+01
 1.93870830000000E+03  -4.72138000000000E+01
 1.93879170000000E+03  -6.75222000000000E+01
 1.93887500000000E+03  -6.92921000000000E+01
 1.93895830000000E+03  -6.82928000000000E+01
 1.93904170000000E+03  -6.72937000000000E+01
 1.93912500000000E+03  -6.65253000000000E+01
 1.93920830000000E+03  -6.26801000000000E+01
 1.93929170000000E+03  -6.09889000000000E+01
 1.93937500000000E+03  -5.76054000000000E+01
 1.93945830000000E+03  -3.87603000000000E+01
 1.93954170000000E+03  -2.72232000000000E+01
 1.93962500000000E+03  -1.73014000000000E+01
 1.93970830000000E+03  -4.99500000000000E+00
 1.93979170000000E+03  -9.96600000000000E-01
 1.93987500000000E+03   6.84810000000000E+00
 1.93995830000000E+03   4.61580000000000E+00
 1.94004170000000E+03   6.53710000000000E+00
 1.94012500000000E+03   6.84310000000000E+00
 1.94020830000000E+03   1.11491000000000E+01
 1.94029170000000E+03   2.01471000000000E+01
 1.94037500000000E+03   2.68375000000000E+01
 1.94045830000000E+03   4.23741000000000E+01
 1.94054170000000E+03   4.54488000000000E+01
 1.94062500000000E+03   5.02159000000000E+01
 1.94070830000000E+03   4.65215000000000E+01
 1.94079170000000E+03   4.11344000000000E+01
 1.94087500000000E+03   4.63629000000000E+01
 1.94095830000000E+03   4.45144000000000E+01
 1.94104170000000E+03   4.88195000000000E+01
 1.94112500000000E+03   5.19708000000000E+01
 1.94120830000000E+03   5.88144000000000E+01
 1.94129170000000E+03   5.65808000000000E+01
 1.94137500000000E+03   5.95012000000000E+01
 1.94145830000000E+03   7.45754000000000E+01
 1.94154170000000E+03   6.53416000000000E+01
 1.94162500000000E+03   5.39540000000000E+01
 1.94170830000000E+03   3.45665000000000E+01
 1.94179170000000E+03   2.87940000000000E+01
 1.94187500000000E+03   2.58678000000000E+01
 1.94195830000000E+03   1.87108000000000E+01
 1.94204170000000E+03   2.04765000000000E+01
 1.94212500000000E+03   1.90886000000000E+01
 1.94220830000000E+03   1.42391000000000E+01
 1.94229170000000E+03   8.92770000000000E+00
 1.94237500000000E+03   1.55396000000000E+01
 1.94245830000000E+03   1.27667000000000E+01
 1.94254170000000E+03  -3.85250000000000E+00
 1.94262500000000E+03  -6.39470000000000E+00
 1.94270830000000E+03  -1.19370000000000E+01
 1.94279170000000E+03  -6.47950000000000E+00
 1.94287500000000E+03  -1.92527000000000E+01
 1.94295830000000E+03  -1.98721000000000E+01
 1.94304170000000E+03  -1.86456000000000E+01
 1.94312500000000E+03  -2.09575000000000E+01
 1.94320830000000E+03  -2.18078000000000E+01
 1.94329170000000E+03  -1.37354000000000E+01
 1.94337500000000E+03  -1.05859000000000E+01
 1.94345830000000E+03  -1.72826000000000E+01
 1.94354170000000E+03  -1.72104000000000E+01
 1.94362500000000E+03  -1.87534000000000E+01
 1.94370830000000E+03  -2.99119000000000E+01
 1.94379170000000E+03  -3.19938000000000E+01
 1.94387500000000E+03  -4.03062000000000E+01
 1.94395830000000E+03  -3.76957000000000E+01
 1.94404170000000E+03  -4.18546000000000E+01
 1.94412500000000E+03  -4.47827000000000E+01
 1.94420830000000E+03  -4.47108000000000E+01
 1.94429170000000E+03  -4.39469000000000E+01
 1.94437500000000E+03  -3.91829000000000E+01
 1.94445830000000E+03  -3.60343000000000E+01
 1.94454170000000E+03  -2.96552000000000E+01
 1.94462500000000E+03  -3.28144000000000E+01
 1.94470830000000E+03  -2.96661000000000E+01
 1.94479170000000E+03  -3.47487000000000E+01
 1.94487500000000E+03  -3.20620000000000E+01
 1.94495830000000E+03  -3.12985000000000E+01
 1.94504170000000E+03  -2.98429000000000E+01
 1.94512500000000E+03  -2.90795000000000E+01
 1.94520830000000E+03  -2.83161000000000E+01
 1.94529170000000E+03  -2.93992000000000E+01
 1.94537500000000E+03  -1.75590000000000E+01
 1.94545830000000E+03  -1.04882000000000E+01
 1.94554170000000E+03  -8.34070000000000E+00
 1.94562500000000E+03  -4.73160000000000E+00
 1.94570830000000E+03  -4.89170000000000E+00
 1.94579170000000E+03  -9.74440000000000E+00
 1.94587500000000E+03  -9.81600000000000E-01
 1.94595830000000E+03  -2.06510000000000E+00
 1.94604170000000E+03   2.00510000000000E+00
 1.94612500000000E+03  -1.38620000000000E+00
 1.94620830000000E+03   1.06870000000000E+00
 1.94629170000000E+03   2.52320000000000E+00
 1.94637500000000E+03   7.05480000000000E+00
 1.94645830000000E+03   5.50940000000000E+00
 1.94654170000000E+03  -7.34390000000000E+00
 1.94662500000000E+03  -6.81250000000000E+00
 1.94670830000000E+03  -1.28196000000000E+01
 1.94679170000000E+03  -2.07501000000000E+01
 1.94687500000000E+03  -2.37574000000000E+01
 1.94695830000000E+03  -2.16108000000000E+01
 1.94704170000000E+03  -2.29261000000000E+01
 1.94712500000000E+03  -2.50105000000000E+01
 1.94720830000000E+03  -2.44796000000000E+01
 1.94729170000000E+03  -1.50259000000000E+01
 1.94737500000000E+03  -1.39566000000000E+01
 1.94745830000000E+03  -1.01182000000000E+01
 1.94754170000000E+03  -1.28955000000000E+01
 1.94762500000000E+03  -9.74950000000000E+00
 1.94770830000000E+03  -1.43729000000000E+01
 1.94779170000000E+03  -8.45800000000000E+00
 1.94787500000000E+03  -3.89200000000000E-01
 1.94795830000000E+03   4.37190000000000E+00
 1.94804170000000E+03   3.51730000000000E+00
 1.94812500000000E+03   4.04740000000000E+00
 1.94820830000000E+03   5.57750000000000E+00
 1.94829170000000E+03   6.79970000000000E+00
 1.94837500000000E+03  -1.36270000000000E+00
 1.94845830000000E+03   9.01330000000000E+00
 1.94854170000000E+03  -2.61090000000000E+00
 1.94862500000000E+03   3.30350000000000E+00
 1.94870830000000E+03   4.52540000000000E+00
 1.94879170000000E+03  -2.86820000000000E+00
 1.94887500000000E+03  -1.31079000000000E+01
 1.94895830000000E+03  -2.15015000000000E+01
 1.94904170000000E+03  -2.77416000000000E+01
 1.94912500000000E+03  -3.07507000000000E+01
 1.94920830000000E+03  -3.32984000000000E+01
 1.94929170000000E+03  -4.23848000000000E+01
 1.94937500000000E+03  -3.54710000000000E+01
 1.94945830000000E+03  -3.27881000000000E+01
 1.94954170000000E+03  -3.36440000000000E+01
 1.94962500000000E+03  -1.92689000000000E+01
 1.94970830000000E+03  -2.32016000000000E+01
 1.94979170000000E+03  -2.99038000000000E+01
 1.94987500000000E+03  -3.07597000000000E+01
 1.94995830000000E+03  -3.18465000000000E+01
 1.95004170000000E+03  -2.82412000000000E+01
 1.95012500000000E+03  -2.48665000000000E+01
 1.95020830000000E+03  -2.40304000000000E+01
 1.95029170000000E+03  -1.03484000000000E+01
 1.95037500000000E+03   8.48760000000000E+00
 1.95045830000000E+03   2.00158000000000E+01
 1.95054170000000E+03   2.82361000000000E+01
 1.95062500000000E+03   3.34565000000000E+01
 1.95070830000000E+03   2.85999000000000E+01
 1.95079170000000E+03   1.81276000000000E+01
 1.95087500000000E+03   1.79632000000000E+01
 1.95095830000000E+03   2.27218000000000E+01
 1.95104170000000E+03   2.50954000000000E+01
 1.95112500000000E+03   2.30077000000000E+01
 1.95120830000000E+03   2.51507000000000E+01
 1.95129170000000E+03   3.24473000000000E+01
 1.95137500000000E+03   3.32055000000000E+01
 1.95145830000000E+03   3.41944000000000E+01
 1.95154170000000E+03   3.61062000000000E+01
 1.95162500000000E+03   3.34026000000000E+01
 1.95170830000000E+03   2.21606000000000E+01
 1.95179170000000E+03   1.63029000000000E+01
 1.95187500000000E+03   1.26761000000000E+01
 1.95195830000000E+03   8.97230000000000E+00
 1.95204170000000E+03   6.88360000000000E+00
 1.95212500000000E+03   6.02580000000000E+00
 1.95220830000000E+03   5.86030000000000E+00
 1.95229170000000E+03  -6.13200000000000E-01
 1.95237500000000E+03  -5.24040000000000E+00
 1.95245830000000E+03   3.05540000000000E+00
 1.95254170000000E+03   1.60432000000000E+01
 1.95262500000000E+03  -7.38100000000000E-01
 1.95270830000000E+03  -6.28860000000000E+00
 1.95279170000000E+03  -1.09164000000000E+01
 1.95287500000000E+03  -6.15940000000000E+00
 1.95295830000000E+03  -3.32560000000000E+00
 1.95304170000000E+03  -4.41510000000000E+00
 1.95312500000000E+03  -1.50450000000000E+00
 1.95320830000000E+03  -2.13240000000000E+00
 1.95329170000000E+03   5.47100000000000E-01
 1.95337500000000E+03   2.26114000000000E+01
 1.95345830000000E+03   2.85217000000000E+01
 1.95354170000000E+03   2.88164000000000E+01
 1.95362500000000E+03   1.97266000000000E+01
 1.95370830000000E+03   2.42522000000000E+01
 1.95379170000000E+03   2.17005000000000E+01
 1.95387500000000E+03   2.25336000000000E+01
 1.95395830000000E+03   2.33666000000000E+01
 1.95404170000000E+03   2.55839000000000E+01
 1.95412500000000E+03   2.82630000000000E+01
 1.95420830000000E+03   2.76342000000000E+01
 1.95429170000000E+03   2.83898000000000E+01
 1.95437500000000E+03   3.69148000000000E+01
 1.95445830000000E+03   3.30551000000000E+01
 1.95454170000000E+03   3.01182000000000E+01
 1.95462500000000E+03   8.64290000000000E+00
 1.95470830000000E+03  -1.05247000000000E+01
 1.95479170000000E+03  -1.33080000000000E+01
 1.95487500000000E+03  -2.26296000000000E+01
 1.95495830000000E+03  -2.49512000000000E+01
 1.95504170000000E+03  -3.12732000000000E+01
 1.95512500000000E+03  -3.68257000000000E+01
 1.95520830000000E+03  -4.14553000000000E+01
 1.95529170000000E+03  -4.23159000000000E+01
 1.95537500000000E+03  -3.91764000000000E+01
 1.95545830000000E+03  -3.14216000000000E+01
 1.95554170000000E+03  -2.22055000000000E+01
 1.95562500000000E+03  -2.21431000000000E+01
 1.95570830000000E+03  -1.62346000000000E+01
 1.95579170000000E+03  -1.28648000000000E+01
 1.95587500000000E+03  -1.44180000000000E+01
 1.95595830000000E+03  -4.74050000000000E+00
 1.95604170000000E+03  -1.60180000000000E+00
 1.95612500000000E+03  -5.39800000000000E-01
 1.95620830000000E+03   5.36830000000000E+00
 1.95629170000000E+03   1.31222000000000E+01
 1.95637500000000E+03   9.18400000000000E+00
 1.95645830000000E+03   9.01490000000000E+00
 1.95654170000000E+03  -7.76980000000000E+00
 1.95662500000000E+03  -2.50929000000000E+01
 1.95670830000000E+03  -2.05698000000000E+01
 1.95679170000000E+03  -2.56625000000000E+01
 1.95687500000000E+03  -1.59857000000000E+01
 1.95695830000000E+03  -1.59244000000000E+01
 1.95704170000000E+03  -1.72480000000000E+01
 1.95712500000000E+03  -1.58023000000000E+01
 1.95720830000000E+03  -1.01258000000000E+01
 1.95729170000000E+03  -4.21880000000000E+00
 1.95737500000000E+03  -3.61940000000000E+00
 1.95745830000000E+03   1.96722000000000E+01
 1.95754170000000E+03   3.45020000000000E+01
 1.95762500000000E+03   6.05628000000000E+01
 1.95770830000000E+03   6.32388000000000E+01
 1.95779170000000E+03   6.12223000000000E+01
 1.95787500000000E+03   6.15136000000000E+01
 1.95795830000000E+03   5.57279000000000E+01
 1.95804170000000E+03   5.46342000000000E+01
 1.95812500000000E+03   5.70791000000000E+01
 1.95820830000000E+03   5.80625000000000E+01
 1.95829170000000E+03   5.81224000000000E+01
 1.95837500000000E+03   6.07979000000000E+01
 1.95845830000000E+03   7.23195000000000E+01
 1.95854170000000E+03   7.06870000000000E+01
 1.95862500000000E+03   6.67469000000000E+01
 1.95870830000000E+03   4.36529000000000E+01
 1.95879170000000E+03   3.83278000000000E+01
 1.95887500000000E+03   2.94644000000000E+01
 1.95895830000000E+03   3.02164000000000E+01
 1.95904170000000E+03   2.81219000000000E+01
 1.95912500000000E+03   2.81814000000000E+01
 1.95920830000000E+03   3.03177000000000E+01
 1.95929170000000E+03   3.20692000000000E+01
 1.95937500000000E+03   3.07438000000000E+01
 1.95945830000000E+03   3.12646000000000E+01
 1.95954170000000E+03   2.70927000000000E+01
 1.95962500000000E+03   2.13057000000000E+01
 1.95970830000000E+03   1.17493000000000E+01
 1.95979170000000E+03   1.45772000000000E+01
 1.95987500000000E+03   1.53284000000000E+01
 1.95995830000000E+03   2.28487000000000E+01
 1.96004170000000E+03   1.84457000000000E+01
 1.96012500000000E+03   1.71198000000000E+01
 1.96020830000000E+03   1.51014000000000E+01
 1.96029170000000E+03   1.06982000000000E+01
 1.96037500000000E+03   1.36028000000000E+01
 1.96045830000000E+03   1.85843000000000E+01
 1.96054170000000E+03   2.51808000000000E+01
 1.96062500000000E+03   3.03929000000000E+01
 1.96070830000000E+03   3.42203000000000E+01
 1.96079170000000E+03   2.72782000000000E+01
 1.96087500000000E+03   2.31824000000000E+01
 1.96095830000000E+03   2.06250000000000E+01
 1.96104170000000E+03   1.36827000000000E+01
 1.96112500000000E+03   1.70482000000000E+01
 1.96120830000000E+03   1.59521000000000E+01
 1.96129170000000E+03   1.45481000000000E+01
 1.96137500000000E+03   1.43749000000000E+01
 1.96145830000000E+03   1.42017000000000E+01
 1.96154170000000E+03   7.18210000000000E+00
 1.96162500000000E+03   1.85490000000000E+00
 1.96170830000000E+03  -1.18570000000000E+01
 1.96179170000000E+03  -2.88769000000000E+01
 1.96187500000000E+03  -2.90505000000000E+01
 1.96195830000000E+03  -3.67626000000000E+01
 1.96204170000000E+03  -4.20903000000000E+01
 1.96212500000000E+03  -4.31872000000000E+01
 1.96220830000000E+03  -4.40533000000000E+01
 1.96229170000000E+03  -3.63043000000000E+01
 1.96237500000000E+03  -2.56322000000000E+01
 1.96245830000000E+03  -1.82678000000000E+01
 1.96254170000000E+03  -2.92882000000000E+01
 1.96262500000000E+03  -1.86932000000000E+01
 1.96270830000000E+03  -2.65598000000000E+01
 1.96279170000000E+03  -1.92727000000000E+01
 1.96287500000000E+03  -1.45241000000000E+01
 1.96295830000000E+03  -1.44678000000000E+01
 1.96304170000000E+03  -7.64250000000000E+00
 1.96312500000000E+03  -4.27860000000000E+00
 1.96320830000000E+03   3.23900000000000E+00
 1.96329170000000E+03   1.33717000000000E+01
 1.96337500000000E+03   2.23508000000000E+01
 1.96345830000000E+03   2.33297000000000E+01
 1.96354170000000E+03   3.10777000000000E+01
 1.96362500000000E+03   2.79026000000000E+01
 1.96370830000000E+03   1.69583000000000E+01
 1.96379170000000E+03   5.01370000000000E+00
 1.96387500000000E+03  -1.24692000000000E+01
 1.96395830000000E+03  -1.68752000000000E+01
 1.96404170000000E+03  -1.72816000000000E+01
 1.96412500000000E+03  -1.74570000000000E+01
 1.96420830000000E+03  -1.85556000000000E+01
 1.96429170000000E+03  -2.59621000000000E+01
 1.96437500000000E+03  -3.01378000000000E+01
 1.96445830000000E+03  -3.00827000000000E+01
 1.96454170000000E+03  -2.57972000000000E+01
 1.96462500000000E+03  -3.92807000000000E+01
 1.96470830000000E+03  -3.29182000000000E+01
 1.96479170000000E+03  -2.79405000000000E+01
 1.96487500000000E+03  -2.67319000000000E+01
 1.96495830000000E+03  -2.34465000000000E+01
 1.96504170000000E+03  -2.17768000000000E+01
 1.96512500000000E+03  -1.74915000000000E+01
 1.96520830000000E+03  -1.83601000000000E+01
 1.96529170000000E+03  -1.19983000000000E+01
 1.96537500000000E+03   5.13290000000000E+00
 1.96545830000000E+03   1.38795000000000E+01
 1.96554170000000E+03   1.49334000000000E+01
 1.96562500000000E+03   1.12183000000000E+01
 1.96570830000000E+03   1.71185000000000E+01
 1.96579170000000E+03   1.67107000000000E+01
 1.96587500000000E+03   7.37990000000000E+00
 1.96595830000000E+03   1.12030000000000E+01
 1.96604170000000E+03   1.52565000000000E+01
 1.96612500000000E+03   1.39256000000000E+01
 1.96620830000000E+03   1.09023000000000E+01
 1.96629170000000E+03   1.02633000000000E+01
 1.96637500000000E+03   1.59321000000000E+01
 1.96645830000000E+03   1.97548000000000E+01
 1.96654170000000E+03   1.91156000000000E+01
 1.96662500000000E+03   7.86120000000000E+00
 1.96670830000000E+03   9.83740000000000E+00
 1.96679170000000E+03   6.81340000000000E+00
 1.96687500000000E+03   2.86650000000000E+00
 1.96695830000000E+03   1.02271000000000E+01
 1.96704170000000E+03   1.52029000000000E+01
 1.96712500000000E+03   1.68712000000000E+01
 1.96720830000000E+03   1.73855000000000E+01
 1.96729170000000E+03   2.35918000000000E+01
 1.96737500000000E+03   2.78752000000000E+01
 1.96745830000000E+03   2.56201000000000E+01
 1.96754170000000E+03   1.95955000000000E+01
 1.96762500000000E+03   1.98787000000000E+01
 1.96770830000000E+03   2.34695000000000E+01
 1.96779170000000E+03   7.52160000000000E+00
 1.96787500000000E+03   2.65070000000000E+00
 1.96795830000000E+03   6.01060000000000E+00
 1.96804170000000E+03   4.67780000000000E+00
 1.96812500000000E+03   1.15760000000000E+01
 1.96820830000000E+03   1.30895000000000E+01
 1.96829170000000E+03   2.25258000000000E+01
 1.96837500000000E+03   2.81930000000000E+01
 1.96845830000000E+03   4.41678000000000E+01
 1.96854170000000E+03   5.73731000000000E+01
 1.96862500000000E+03   6.44247000000000E+01
 1.96870830000000E+03   5.53224000000000E+01
 1.96879170000000E+03   5.84506000000000E+01
 1.96887500000000E+03   6.76558000000000E+01
 1.96895830000000E+03   7.31687000000000E+01
 1.96904170000000E+03   7.48351000000000E+01
 1.96912500000000E+03   7.27324000000000E+01
 1.96920830000000E+03   7.01682000000000E+01
 1.96929170000000E+03   7.16036000000000E+01
 1.96937500000000E+03   6.85777000000000E+01
 1.96945830000000E+03   7.18594000000000E+01
 1.96954170000000E+03   6.67561000000000E+01
 1.96962500000000E+03   5.54992000000000E+01
 1.96970830000000E+03   3.91653000000000E+01
 1.96979170000000E+03   2.98311000000000E+01
 1.96987500000000E+03   1.34201000000000E+01
 1.96995830000000E+03   8.08600000000000E+00
 1.97004170000000E+03   1.05930000000000E+00
 1.97012500000000E+03  -1.19800000000000E+00
 1.97020830000000E+03  -3.22470000000000E+00
 1.97029170000000E+03  -5.71310000000000E+00
 1.97037500000000E+03  -2.78400000000000E-01
 1.97045830000000E+03   1.01563000000000E+01
 1.97054170000000E+03   1.59080000000000E+00
 1.97062500000000E+03  -1.21285000000000E+01
 1.97070830000000E+03  -1.62325000000000E+01
 1.97079170000000E+03  -1.68752000000000E+01
 1.97087500000000E+03  -1.42101000000000E+01
 1.97095830000000E+03  -8.69890000000000E+00
 1.97104170000000E+03  -6.95720000000000E+00
 1.97112500000000E+03  -3.60000000000000E+00
 1.97120830000000E+03  -2.42800000000000E-01
 1.97129170000000E+03   1.65250000000000E+00
 1.97137500000000E+03   3.08640000000000E+00
 1.97145830000000E+03   3.36640000000000E+00
 1.97154170000000E+03  -4.81540000000000E+00
 1.97162500000000E+03   1.31070000000000E+00
 1.97170830000000E+03   1.21289000000000E+01
 1.97179170000000E+03   1.26392000000000E+01
 1.97187500000000E+03   9.91890000000000E+00
 1.97195830000000E+03   1.41985000000000E+01
 1.97204170000000E+03   1.84009000000000E+01
 1.97212500000000E+03   2.29112000000000E+01
 1.97220830000000E+03   2.45752000000000E+01
 1.97229170000000E+03   2.57774000000000E+01
 1.97237500000000E+03   3.59797000000000E+01
 1.97245830000000E+03   4.63358000000000E+01
 1.97254170000000E+03   5.32301000000000E+01
 1.97262500000000E+03   5.72784000000000E+01
 1.97270830000000E+03   5.24035000000000E+01
 1.97279170000000E+03   3.03745000000000E+01
 1.97287500000000E+03   1.88841000000000E+01
 1.97295830000000E+03   1.47014000000000E+01
 1.97304170000000E+03   8.21060000000000E+00
 1.97312500000000E+03  -1.26100000000000E-01
 1.97320830000000E+03  -8.77060000000000E+00
 1.97329170000000E+03  -1.41077000000000E+01
 1.97337500000000E+03  -6.29090000000000E+00
 1.97345830000000E+03   1.44900000000000E+00
 1.97354170000000E+03  -2.19600000000000E+00
 1.97362500000000E+03  -1.08408000000000E+01
 1.97370830000000E+03  -8.48570000000000E+00
 1.97379170000000E+03  -1.02848000000000E+01
 1.97387500000000E+03  -1.54520000000000E+00
 1.97395830000000E+03   6.04040000000000E+00
 1.97404170000000E+03   1.21642000000000E+01
 1.97412500000000E+03   1.66728000000000E+01
 1.97420830000000E+03   1.85659000000000E+01
 1.97429170000000E+03   1.69972000000000E+01
 1.97437500000000E+03   2.28902000000000E+01
 1.97445830000000E+03   2.00908000000000E+01
 1.97454170000000E+03   5.82960000000000E+00
 1.97462500000000E+03   7.03000000000000E+00
 1.97470830000000E+03   6.15350000000000E+00
 1.97479170000000E+03  -1.04156000000000E+01
 1.97487500000000E+03  -2.21384000000000E+01
 1.97495830000000E+03  -2.50921000000000E+01
 1.97504170000000E+03  -2.85845000000000E+01
 1.97512500000000E+03  -3.34613000000000E+01
 1.97520830000000E+03  -3.83383000000000E+01
 1.97529170000000E+03  -3.14463000000000E+01
 1.97537500000000E+03  -1.70926000000000E+01
 1.97545830000000E+03  -1.65082000000000E+01
 1.97554170000000E+03  -1.78472000000000E+01
 1.97562500000000E+03  -1.14168000000000E+01
 1.97570830000000E+03  -2.00633000000000E+01
 1.97579170000000E+03  -2.58641000000000E+01
 1.97587500000000E+03  -2.53569000000000E+01
 1.97595830000000E+03  -2.06191000000000E+01
 1.97604170000000E+03  -1.33431000000000E+01
 1.97612500000000E+03  -8.37470000000000E+00
 1.97620830000000E+03  -3.40630000000000E+00
 1.97629170000000E+03   2.02330000000000E+00
 1.97637500000000E+03  -2.39300000000000E+00
 1.97645830000000E+03  -5.88640000000000E+00
 1.97654170000000E+03  -8.91850000000000E+00
 1.97662500000000E+03  -1.05658000000000E+01
 1.97670830000000E+03  -2.27517000000000E+01
 1.97679170000000E+03  -3.53225000000000E+01
 1.97687500000000E+03  -3.72008000000000E+01
 1.97695830000000E+03  -3.87715000000000E+01
 1.97704170000000E+03  -4.19579000000000E+01
 1.97712500000000E+03  -4.16826000000000E+01
 1.97720830000000E+03  -4.14073000000000E+01
 1.97729170000000E+03  -4.09016000000000E+01
 1.97737500000000E+03  -3.29342000000000E+01
 1.97745830000000E+03  -1.38899000000000E+01
 1.97754170000000E+03   2.76950000000000E+00
 1.97762500000000E+03   1.94290000000000E+01
 1.97770830000000E+03   2.32423000000000E+01
 1.97779170000000E+03   3.03630000000000E+01
 1.97787500000000E+03   3.64838000000000E+01
 1.97795830000000E+03   3.68354000000000E+01
 1.97804170000000E+03   4.11097000000000E+01
 1.97812500000000E+03   4.98457000000000E+01
 1.97820830000000E+03   5.08894000000000E+01
 1.97829170000000E+03   4.50866000000000E+01
 1.97837500000000E+03   4.08993000000000E+01
 1.97845830000000E+03   3.16351000000000E+01
 1.97854170000000E+03   1.38320000000000E+01
 1.97862500000000E+03   4.26000000000000E+00
 1.97870830000000E+03  -1.01583000000000E+01
 1.97879170000000E+03  -1.82692000000000E+01
 1.97887500000000E+03  -2.78415000000000E+01
 1.97895830000000E+03  -3.01831000000000E+01
 1.97904170000000E+03  -3.11404000000000E+01
 1.97912500000000E+03  -3.27898000000000E+01
 1.97920830000000E+03  -3.60547000000000E+01
 1.97929170000000E+03  -3.55506000000000E+01
 1.97937500000000E+03  -2.93541000000000E+01
 1.97945830000000E+03  -1.40038000000000E+01
 1.97954170000000E+03  -1.34610000000000E+00
 1.97962500000000E+03   1.06964000000000E+01
 1.97970830000000E+03   4.43110000000000E+00
 1.97979170000000E+03   1.85780000000000E+00
 1.97987500000000E+03   6.69300000000000E-01
 1.97995830000000E+03   4.48070000000000E+00
 1.98004170000000E+03   7.36880000000000E+00
 1.98012500000000E+03   8.18010000000000E+00
 1.98020830000000E+03   9.45280000000000E+00
 1.98029170000000E+03   6.87920000000000E+00
 1.98037500000000E+03   6.22870000000000E+00
 1.98045830000000E+03   1.44243000000000E+01
 1.98054170000000E+03   1.30043000000000E+01
 1.98062500000000E+03   9.58440000000000E+00
 1.98070830000000E+03   1.06000000000000E-02
 1.98079170000000E+03  -7.87120000000000E+00
 1.98087500000000E+03  -1.05990000000000E+01
 1.98095830000000E+03  -1.00192000000000E+01
 1.98104170000000E+03  -1.21320000000000E+01
 1.98112500000000E+03  -9.70610000000000E+00
 1.98120830000000E+03  -9.66500000000000E+00
 1.98129170000000E+03  -4.93180000000000E+00
 1.98137500000000E+03   1.08784000000000E+01
 1.98145830000000E+03   2.21502000000000E+01
 1.98154170000000E+03   1.74985000000000E+01
 1.98162500000000E+03   1.54624000000000E+01
 1.98170830000000E+03   2.01955000000000E+01
 1.98179170000000E+03   2.44667000000000E+01
 1.98187500000000E+03   2.16611000000000E+01
 1.98195830000000E+03   2.58555000000000E+01
 1.98204170000000E+03   2.84342000000000E+01
 1.98212500000000E+03   3.33977000000000E+01
 1.98220830000000E+03   3.85919000000000E+01
 1.98229170000000E+03   4.84780000000000E+01
 1.98237500000000E+03   6.21336000000000E+01
 1.98245830000000E+03   6.91737000000000E+01
 1.98254170000000E+03   8.30597000000000E+01
 1.98262500000000E+03   1.05868900000000E+02
 1.98270830000000E+03   1.19293500000000E+02
 1.98279170000000E+03   1.12948500000000E+02
 1.98287500000000E+03   1.08065200000000E+02
 1.98295830000000E+03   1.16335600000000E+02
 1.98304170000000E+03   1.20375000000000E+02
 1.98312500000000E+03   1.25799200000000E+02
 1.98320830000000E+03   1.28454100000000E+02
 1.98329170000000E+03   1.27339500000000E+02
 1.98337500000000E+03   1.41455700000000E+02
 1.98345830000000E+03   1.31418100000000E+02
 1.98354170000000E+03   1.14149400000000E+02
 1.98362500000000E+03   9.65732000000000E+01
 1.98370830000000E+03   7.48430000000000E+01
 1.98379170000000E+03   5.25741000000000E+01
 1.98387500000000E+03   4.63054000000000E+01
 1.98395830000000E+03   4.21135000000000E+01
 1.98404170000000E+03   3.69982000000000E+01
 1.98412500000000E+03   3.28831000000000E+01
 1.98420830000000E+03   2.94602000000000E+01
 1.98429170000000E+03   3.06525000000000E+01
 1.98437500000000E+03   4.46910000000000E+01
 1.98445830000000E+03   2.78064000000000E+01
 1.98454170000000E+03   2.07676000000000E+01
 1.98462500000000E+03   1.41906000000000E+01
 1.98470830000000E+03  -1.46350000000000E+00
 1.98479170000000E+03  -1.27332000000000E+01
 1.98487500000000E+03  -1.83105000000000E+01
 1.98495830000000E+03  -2.01186000000000E+01
 1.98504170000000E+03  -1.96193000000000E+01
 1.98512500000000E+03  -2.05045000000000E+01
 1.98520830000000E+03  -2.12359000000000E+01
 1.98529170000000E+03  -2.31214000000000E+01
 1.98537500000000E+03  -2.84683000000000E+01
 1.98545830000000E+03  -4.61999000000000E+01
 1.98554170000000E+03  -3.81626000000000E+01
 1.98562500000000E+03  -2.40482000000000E+01
 1.98570830000000E+03  -1.20108000000000E+01
 1.98579170000000E+03  -1.08198000000000E+01
 1.98587500000000E+03  -7.70560000000000E+00
 1.98595830000000E+03  -3.43760000000000E+00
 1.98604170000000E+03  -3.40070000000000E+00
 1.98612500000000E+03  -2.90210000000000E+00
 1.98620830000000E+03   1.34900000000000E-01
 1.98629170000000E+03  -2.82840000000000E+00
 1.98637500000000E+03  -1.79150000000000E+00
 1.98645830000000E+03   8.09150000000000E+00
 1.98654170000000E+03   1.82049000000000E+01
 1.98662500000000E+03   1.59339000000000E+01
 1.98670830000000E+03   1.17397000000000E+01
 1.98679170000000E+03   1.69910000000000E+00
 1.98687500000000E+03   6.96630000000000E+00
 1.98695830000000E+03   4.92570000000000E+00
 1.98704170000000E+03   8.26950000000000E+00
 1.98712500000000E+03   9.45960000000000E+00
 1.98720830000000E+03   8.11120000000000E+00
 1.98729170000000E+03   5.14710000000000E+00
 1.98737500000000E+03   1.07985000000000E+01
 1.98745830000000E+03   1.85268000000000E+01
 1.98754170000000E+03   1.62547000000000E+01
 1.98762500000000E+03   3.13670000000000E+00
 1.98770830000000E+03  -1.11352000000000E+01
 1.98779170000000E+03  -2.18690000000000E+01
 1.98787500000000E+03  -2.09103000000000E+01
 1.98795830000000E+03  -2.39516000000000E+01
 1.98804170000000E+03  -2.43779000000000E+01
 1.98812500000000E+03  -2.92656000000000E+01
 1.98820830000000E+03  -3.29995000000000E+01
 1.98829170000000E+03  -3.51183000000000E+01
 1.98837500000000E+03  -2.33907000000000E+01
 1.98845830000000E+03  -2.92018000000000E+01
 1.98854170000000E+03  -4.01669000000000E+01
 1.98862500000000E+03  -5.39781000000000E+01
 1.98870830000000E+03  -4.26354000000000E+01
 1.98879170000000E+03  -4.12162000000000E+01
 1.98887500000000E+03  -4.23353000000000E+01
 1.98895830000000E+03  -4.39928000000000E+01
 1.98904170000000E+03  -4.47276000000000E+01
 1.98912500000000E+03  -4.50777000000000E+01
 1.98920830000000E+03  -4.45816000000000E+01
 1.98929170000000E+03  -4.17012000000000E+01
 1.98937500000000E+03  -3.79746000000000E+01
 1.98945830000000E+03  -4.87095000000000E+01
 1.98954170000000E+03  -3.92139000000000E+01
 1.98962500000000E+03  -3.32567000000000E+01
 1.98970830000000E+03  -2.72995000000000E+01
 1.98979170000000E+03  -3.67272000000000E+01
 1.98987500000000E+03  -3.84625000000000E+01
 1.98995830000000E+03  -3.63517000000000E+01
 1.99004170000000E+03  -3.50104000000000E+01
 1.99012500000000E+03  -3.21305000000000E+01
 1.99020830000000E+03  -2.92506000000000E+01
 1.99029170000000E+03  -2.79096000000000E+01
 1.99037500000000E+03  -1.96453000000000E+01
 1.99045830000000E+03  -1.67656000000000E+01
 1.99054170000000E+03  -1.36555000000000E+01
 1.99062500000000E+03  -1.03914000000000E+01
 1.99070830000000E+03  -6.43510000000000E+00
 1.99079170000000E+03  -7.40210000000000E+00
 1.99087500000000E+03  -9.90740000000000E+00
 1.99095830000000E+03  -1.21051000000000E+01
 1.99104170000000E+03  -1.66877000000000E+01
 1.99112500000000E+03  -1.31933000000000E+01
 1.99120830000000E+03  -1.63912000000000E+01
 1.99129170000000E+03  -1.83586000000000E+01
 1.99137500000000E+03  -1.70182000000000E+01
 1.99145830000000E+03  -1.76779000000000E+01
 1.99154170000000E+03  -5.87630000000000E+00
 1.99162500000000E+03   1.52331000000000E+01
 1.99170830000000E+03   1.44964000000000E+01
 1.99179170000000E+03   1.38362000000000E+01
 1.99187500000000E+03   1.40993000000000E+01
 1.99195830000000E+03   1.81315000000000E+01
 1.99204170000000E+03   2.43173000000000E+01
 1.99212500000000E+03   2.71186000000000E+01
 1.99220830000000E+03   2.45352000000000E+01
 1.99229170000000E+03   3.06439000000000E+01
 1.99237500000000E+03   3.53681000000000E+01
 1.99245830000000E+03   4.19384000000000E+01
 1.99254170000000E+03   4.66622000000000E+01
 1.99262500000000E+03   3.99246000000000E+01
 1.99270830000000E+03   2.23409000000000E+01
 1.99279170000000E+03   1.77568000000000E+01
 1.99287500000000E+03   1.73267000000000E+01
 1.99295830000000E+03   2.25120000000000E+01
 1.99304170000000E+03   2.16200000000000E+01
 1.99312500000000E+03   1.94974000000000E+01
 1.99320830000000E+03   1.83748000000000E+01
 1.99329170000000E+03   1.70211000000000E+01
 1.99337500000000E+03   8.12900000000000E+00
 1.99345830000000E+03   1.21600000000000E+01
 1.99354170000000E+03   1.01138000000000E+01
 1.99362500000000E+03   8.22160000000000E+00
 1.99370830000000E+03   2.63700000000000E+00
 1.99379170000000E+03  -5.48640000000000E+00
 1.99387500000000E+03  -1.46096000000000E+01
 1.99395830000000E+03  -2.48867000000000E+01
 1.99404170000000E+03  -3.20872000000000E+01
 1.99412500000000E+03  -3.25183000000000E+01
 1.99420830000000E+03  -3.31803000000000E+01
 1.99429170000000E+03  -3.15348000000000E+01
 1.99437500000000E+03  -2.48892000000000E+01
 1.99445830000000E+03  -3.93600000000000E+00
 1.99454170000000E+03   1.04016000000000E+01
 1.99462500000000E+03   1.34316000000000E+01
 1.99470830000000E+03   1.88462000000000E+01
 1.99479170000000E+03   1.46450000000000E+01
 1.99487500000000E+03   1.42133000000000E+01
 1.99495830000000E+03   1.42431000000000E+01
 1.99504170000000E+03   1.68110000000000E+01
 1.99512500000000E+03   1.89175000000000E+01
 1.99520830000000E+03   2.01009000000000E+01
 1.99529170000000E+03   1.87455000000000E+01
 1.99537500000000E+03   2.49287000000000E+01
 1.99545830000000E+03   3.57273000000000E+01
 1.99554170000000E+03   3.03717000000000E+01
 1.99562500000000E+03   2.44778000000000E+01
 1.99570830000000E+03   1.68916000000000E+01
 1.99579170000000E+03   8.61270000000000E+00
 1.99587500000000E+03   8.71860000000000E+00
 1.99595830000000E+03   6.43980000000000E+00
 1.99604170000000E+03   7.39150000000000E+00
 1.99612500000000E+03   4.49720000000000E+00
 1.99620830000000E+03   2.67980000000000E+00
 1.99629170000000E+03   3.16970000000000E+00
 1.99637500000000E+03   6.65980000000000E+00
 1.99645830000000E+03   1.46883000000000E+01
 1.99654170000000E+03   1.20242000000000E+01
 1.99662500000000E+03   2.59100000000000E+00
 1.99670830000000E+03  -7.45760000000000E+00
 1.99679170000000E+03  -1.07373000000000E+01
 1.99687500000000E+03  -1.45553000000000E+01
 1.99695830000000E+03  -7.68110000000000E+00
 1.99704170000000E+03  -1.91800000000000E-01
 1.99712500000000E+03   8.83620000000000E+00
 1.99720830000000E+03   1.96333000000000E+01
 1.99729170000000E+03   3.46609000000000E+01
 1.99737500000000E+03   5.57655000000000E+01
 1.99745830000000E+03   7.11009000000000E+01
 1.99754170000000E+03   8.62821000000000E+01
 1.99762500000000E+03   1.01925000000000E+02
 1.99770830000000E+03   1.07952500000000E+02
 1.99779170000000E+03   1.02748900000000E+02
 1.99787500000000E+03   1.07160800000000E+02
 1.99795830000000E+03   1.04649600000000E+02
 1.99804170000000E+03   9.87535000000000E+01
 1.99812500000000E+03   9.40883000000000E+01
 1.99820830000000E+03   8.60384000000000E+01
 1.99829170000000E+03   7.59113000000000E+01
 1.99837500000000E+03   7.75536000000000E+01
 1.99845830000000E+03   6.09650000000000E+01
 1.99854170000000E+03   5.30685000000000E+01
 1.99862500000000E+03   4.38644000000000E+01
 1.99870830000000E+03   2.68141000000000E+01
 1.99879170000000E+03   1.43020000000000E+01
 1.99887500000000E+03   8.63620000000000E+00
 1.99895830000000E+03   3.58570000000000E+00
 1.99904170000000E+03   1.38100000000000E+00
 1.99912500000000E+03   7.91900000000000E-01
 1.99920830000000E+03  -2.02800000000000E+00
 1.99929170000000E+03  -6.84830000000000E+00
 1.99937500000000E+03   3.63940000000000E+00
 1.99945830000000E+03  -8.10390000000000E+00
 1.99954170000000E+03  -6.23200000000000E+00
 1.99962500000000E+03  -2.12920000000000E+00
 1.99970830000000E+03  -2.31034000000000E+01
 1.99979170000000E+03  -3.86933000000000E+01
 1.99987500000000E+03  -3.37446000000000E+01
 1.99995830000000E+03  -2.95651000000000E+01
 2.00004170000000E+03  -2.89245000000000E+01
 2.00012500000000E+03  -3.05144000000000E+01
 2.00020830000000E+03  -3.24121000000000E+01
 2.00029170000000E+03  -2.70024000000000E+01
 2.00037500000000E+03  -2.52848000000000E+01
 2.00045830000000E+03  -3.08750000000000E+01
 2.00054170000000E+03  -3.46194000000000E+01
 2.00062500000000E+03  -4.29790000000000E+01
 2.00070830000000E+03  -6.07232000000000E+01
 2.00079170000000E+03  -6.64678000000000E+01
 2.00087500000000E+03  -6.91353000000000E+01
 2.00104170000000E+03  -7.43168000000000E+01
 2.00112500000000E+03  -7.50614000000000E+01
 2.00120830000000E+03  -7.64984000000000E+01
 2.00129170000000E+03  -7.65511000000000E+01
 2.00137500000000E+03  -6.47574000000000E+01
 2.00145830000000E+03  -5.43485000000000E+01
 2.00154170000000E+03  -4.15552000000000E+01
 2.00162500000000E+03  -4.14541000000000E+01
 2.00170830000000E+03  -3.98145000000000E+01
 2.00179170000000E+03  -4.29445000000000E+01
 2.00187500000000E+03  -4.36898000000000E+01
 2.00195830000000E+03  -4.12812000000000E+01
 2.00204170000000E+03  -3.77961000000000E+01
 2.00212500000000E+03  -3.53107000000000E+01
 2.00220830000000E+03  -3.46716000000000E+01
 2.00229170000000E+03  -3.84174000000000E+01
 2.00237500000000E+03  -2.89323000000000E+01
 2.00245830000000E+03  -1.77549000000000E+01
 2.00254170000000E+03  -1.65010000000000E+01
 2.00262500000000E+03  -2.26314000000000E+01
 2.00270830000000E+03  -1.81466000000000E+01
 2.00279170000000E+03  -1.10466000000000E+01
 2.00287500000000E+03  -8.86960000000000E+00
 2.00295830000000E+03  -6.92340000000000E+00
 2.00304170000000E+03  -5.59300000000000E+00
 2.00312500000000E+03  -1.80080000000000E+00
 2.00320830000000E+03  -1.31630000000000E+00
 2.00329170000000E+03   4.39860000000000E+00
 2.00337500000000E+03   1.57290000000000E+01
 2.00345830000000E+03   2.62902000000000E+01
 2.00354170000000E+03   1.93895000000000E+01
 2.00362500000000E+03   1.74120000000000E+01
 2.00370830000000E+03   1.55114000000000E+01
 2.00379170000000E+03   5.53360000000000E+00
 2.00387500000000E+03  -2.90560000000000E+00
 2.00395830000000E+03  -1.57560000000000E+00
 2.00404170000000E+03   1.83090000000000E+00
 2.00412500000000E+03   5.23770000000000E+00
 2.00420830000000E+03   5.02900000000000E+00
 2.00429170000000E+03   9.74300000000000E+00
 2.00437500000000E+03   2.68810000000000E+00
 2.00445830000000E+03   2.86380000000000E+00
 2.00454170000000E+03  -1.26850000000000E+00
 2.00462500000000E+03  -1.30160000000000E+01
 2.00470830000000E+03  -1.64559000000000E+01
 2.00479170000000E+03  -1.42038000000000E+01
 2.00487500000000E+03  -7.18230000000000E+00
 2.00495830000000E+03  -7.85320000000000E+00
 2.00504170000000E+03  -7.67820000000000E+00
 2.00512500000000E+03  -7.65690000000000E+00
 2.00520830000000E+03  -1.26357000000000E+01
 2.00529170000000E+03  -1.21532000000000E+01
 2.00537500000000E+03  -1.30552000000000E+01
 2.00545830000000E+03  -2.57260000000000E+00
 2.00554170000000E+03   9.90960000000000E+00
 2.00562500000000E+03  -3.77200000000000E-01
 2.00570830000000E+03   1.09514000000000E+01
 2.00579170000000E+03   1.32796000000000E+01
 2.00587500000000E+03   9.45410000000000E+00
 2.00595830000000E+03   3.47470000000000E+00
 2.00604170000000E+03   5.03350000000000E+00
 2.00612500000000E+03   5.97700000000000E+00
 2.00620830000000E+03   4.53590000000000E+00
 2.00629170000000E+03   4.55600000000000E+00
 2.00637500000000E+03   1.63455000000000E+01
 2.00645830000000E+03   2.40580000000000E+01
 2.00654170000000E+03   1.63086000000000E+01
 2.00662500000000E+03   6.09790000000000E+00
 2.00670830000000E+03   2.81020000000000E+00
 2.00679170000000E+03  -1.24009000000000E+01
 2.00687500000000E+03  -2.76118000000000E+01
 2.00695830000000E+03  -3.05920000000000E+01
 2.00704170000000E+03  -2.97264000000000E+01
 2.00712500000000E+03  -3.02452000000000E+01
 2.00720830000000E+03  -3.30718000000000E+01
 2.00729170000000E+03  -2.98987000000000E+01
 2.00737500000000E+03  -2.83408000000000E+01
 2.00745830000000E+03  -3.39368000000000E+01
 2.00754170000000E+03  -3.33023000000000E+01
 2.00762500000000E+03  -3.13600000000000E+01
 2.00770830000000E+03  -4.37255000000000E+01
 2.00779170000000E+03  -5.07836000000000E+01
 2.00787500000000E+03  -5.63799000000000E+01
 2.00795830000000E+03  -5.58225000000000E+01
 2.00804170000000E+03  -5.25731000000000E+01
 2.00812500000000E+03  -4.97081000000000E+01
 2.00820830000000E+03  -5.25355000000000E+01
 2.00829170000000E+03  -5.52094000000000E+01
 2.00837500000000E+03  -5.37293000000000E+01
 2.00845830000000E+03  -4.87876000000000E+01
 2.00854170000000E+03  -5.94617000000000E+01
 2.00862500000000E+03  -6.79818000000000E+01
 2.00870830000000E+03  -6.94250000000000E+01
 2.00879170000000E+03  -7.39454000000000E+01
 2.00887500000000E+03  -7.14657000000000E+01
 2.00895830000000E+03  -6.48322000000000E+01
 2.00904170000000E+03  -6.38144000000000E+01
 2.00912500000000E+03  -6.61041000000000E+01
 2.00920830000000E+03  -7.13939000000000E+01
 2.00929170000000E+03  -6.80686000000000E+01
 2.00937500000000E+03  -5.45123000000000E+01
 2.00945830000000E+03  -5.18023000000000E+01
 2.00954170000000E+03  -3.05542000000000E+01
 2.00962500000000E+03  -1.46904000000000E+01
 2.00970830000000E+03  -1.05960000000000E+01
 2.00979170000000E+03  -5.27110000000000E+00
 2.00987500000000E+03   9.00100000000000E-01
 2.00995830000000E+03   2.30200000000000E+00
 2.01004170000000E+03  -2.37340000000000E+00
 2.01012500000000E+03  -8.94700000000000E-01
 2.01020830000000E+03  -9.54500000000000E-01
 2.01029170000000E+03   2.16100000000000E-01
 2.01037500000000E+03   3.15610000000000E+00
 2.01045830000000E+03   1.32500000000000E+01
 2.01054170000000E+03   1.13434000000000E+01
 2.01062500000000E+03  -9.87060000000000E+00
 2.01070830000000E+03  -8.16160000000000E+00
 2.01079170000000E+03  -1.20683000000000E+01
 2.01087500000000E+03  -1.94364000000000E+01
 2.01095830000000E+03  -1.69584000000000E+01
 2.01104170000000E+03  -1.38654000000000E+01
 2.01112500000000E+03  -1.08490000000000E+01
 2.01120830000000E+03  -9.75580000000000E+00
 2.01129170000000E+03  -8.27840000000000E+00
 2.01137500000000E+03  -2.72380000000000E+00
 2.01145830000000E+03  -1.34770000000000E+01
 2.01154170000000E+03  -2.57689000000000E+01
 2.01162500000000E+03  -2.92915000000000E+01
 2.01170830000000E+03  -2.17372000000000E+01
 2.01179170000000E+03  -3.01832000000000E+01
 2.01187500000000E+03  -3.61675000000000E+01
 2.01195830000000E+03  -3.60749000000000E+01
 2.01204170000000E+03  -3.66750000000000E+01
 2.01212500000000E+03  -3.68903000000000E+01
 2.01220830000000E+03  -3.86441000000000E+01
 2.01229170000000E+03  -3.54751000000000E+01
 2.01237500000000E+03  -2.37675000000000E+01
 2.01245830000000E+03  -8.44460000000000E+00
 2.01254170000000E+03  -1.81430000000000E+00
 2.01262500000000E+03  -1.47993000000000E+01
 2.01270830000000E+03  -1.93996000000000E+01
 2.01279170000000E+03  -3.53080000000000E+01
 2.01287500000000E+03  -4.80624000000000E+01
 2.01295830000000E+03  -4.67399000000000E+01
 2.01304170000000E+03  -4.91869000000000E+01
 2.01312500000000E+03  -4.85569000000000E+01
 2.01320830000000E+03  -4.36192000000000E+01
 2.01329170000000E+03  -4.32203000000000E+01
 2.01337500000000E+03  -4.69751000000000E+01
 2.01345830000000E+03  -6.57299000000000E+01
 2.01354170000000E+03  -8.70236000000000E+01
 2.01362500000000E+03  -8.21632000000000E+01
 2.01370830000000E+03  -6.91490000000000E+01
 2.01379170000000E+03  -6.09043000000000E+01
 2.01387500000000E+03  -5.24288000000000E+01
 2.01395830000000E+03  -4.90302000000000E+01
 2.01404170000000E+03  -4.50934000000000E+01
 2.01412500000000E+03  -4.14642000000000E+01
 2.01420830000000E+03  -3.62966000000000E+01
 2.01429170000000E+03  -2.77447000000000E+01
 2.01437500000000E+03  -1.64234000000000E+01
 2.01445830000000E+03   6.43630000000000E+00
 2.01454170000000E+03   2.09111000000000E+01
 2.01462500000000E+03   3.20784000000000E+01
 2.01470830000000E+03   3.16302000000000E+01
 2.01479170000000E+03   2.47971000000000E+01
 2.01487500000000E+03   2.06564000000000E+01
 2.01495830000000E+03   1.77465000000000E+01
 2.01504170000000E+03   2.46824000000000E+01
 2.01512500000000E+03   2.64646000000000E+01
 2.01520830000000E+03   3.14776000000000E+01
 2.01529170000000E+03   3.55671000000000E+01
 2.01537500000000E+03   3.01184000000000E+01
 2.01545830000000E+03   4.71311000000000E+01
 2.01554170000000E+03   4.71435000000000E+01
 2.01562500000000E+03   5.16946000000000E+01
 2.01570830000000E+03   6.13225000000000E+01
 2.01579170000000E+03   5.81039000000000E+01
 2.01587500000000E+03   5.55778000000000E+01
 2.01595830000000E+03   5.33594000000000E+01
 2.01604170000000E+03   4.99098000000000E+01
 2.01612500000000E+03   4.39220000000000E+01
 2.01620830000000E+03   3.87802000000000E+01
 2.01629170000000E+03   4.69459000000000E+01
 2.01637500000000E+03   5.91886000000000E+01
 2.01645830000000E+03   5.78928000000000E+01
 2.01654170000000E+03   4.63659000000000E+01
 2.01662500000000E+03   4.40700000000000E+01
 2.01670830000000E+03   4.55432000000000E+01
 2.01679170000000E+03   3.79392000000000E+01
 2.01687500000000E+03   3.99508000000000E+01
 2.01695830000000E+03   4.68084000000000E+01
 2.01704170000000E+03   4.95888000000000E+01
 2.01712500000000E+03   5.64463000000000E+01
 2.01720830000000E+03   6.04576000000000E+01
 2.01729170000000E+03   6.03916000000000E+01
 2.01737500000000E+03   6.04797000000000E+01
 2.01745830000000E+03   3.99523000000000E+01
 2.01754170000000E+03   4.83476000000000E+01
 2.01762500000000E+03   3.54355000000000E+01
 2.01770830000000E+03   2.42925000000000E+01
 2.01779170000000E+03   1.47646000000000E+01
 2.01787500000000E+03   4.15990000000000E+00
 2.01795830000000E+03   1.55520000000000E+00
 2.01804170000000E+03  -2.20370000000000E+00
 2.01812500000000E+03  -1.16300000000000E-01
 2.01820830000000E+03  -4.33660000000000E+00
 2.01829170000000E+03  -5.01880000000000E+00
 2.01837500000000E+03   4.53100000000000E-01
 2.01845830000000E+03   3.09500000000000E-01
 2.01854170000000E+03   1.42424000000000E+01
 2.01862500000000E+03   1.18679000000000E+01
 2.01870830000000E+03   1.30318000000000E+01
 2.01879170000000E+03   8.73380000000000E+00
 2.01887500000000E+03   7.20520000000000E+00
 2.01895830000000E+03   1.67660000000000E+00
 2.01904170000000E+03   1.30150000000000E+00
 2.01912500000000E+03   1.23430000000000E+00
 2.01920830000000E+03   2.32080000000000E+00
 2.01929170000000E+03   3.30100000000000E-01
 2.01937500000000E+03  -1.89120000000000E+00
 2.01945830000000E+03   6.57970000000000E+00
 2.01954170000000E+03   8.89650000000000E+00
 2.01962500000000E+03  -4.17110000000000E+00
 2.01970830000000E+03  -1.49312000000000E+01
 2.01979170000000E+03  -1.95377000000000E+01
 2.01987500000000E+03  -1.94517000000000E+01
 2.01995830000000E+03  -2.15196000000000E+01
 2.02004170000000E+03  -1.75879000000000E+01
 2.02012500000000E+03  -1.75021000000000E+01
 2.02020830000000E+03  -1.52625000000000E+01
 2.02029170000000E+03  -2.03310000000000E+01
 2.02037500000000E+03  -1.25531000000000E+01
 2.02045830000000E+03  -8.00610000000000E+00
 2.02054170000000E+03  -6.61320000000000E+00
 2.02062500000000E+03  -1.82971000000000E+01
 2.02070830000000E+03  -1.92887000000000E+01
 2.02079170000000E+03  -2.53576000000000E+01
 2.02087500000000E+03  -2.68109000000000E+01
 2.02095830000000E+03  -2.82643000000000E+01
 2.02104170000000E+03  -2.70257000000000E+01
 2.02112500000000E+03  -2.51715000000000E+01
 2.02120830000000E+03  -2.43174000000000E+01
 2.02129170000000E+03  -2.02328000000000E+01
 2.02137500000000E+03  -9.53270000000000E+00
 2.02145830000000E+03   1.70580000000000E+00
 2.02154170000000E+03   7.17480000000000E+00
 2.02162500000000E+03  -1.20484000000000E+01
 2.02170830000000E+03  -1.55024000000000E+01
 2.02179170000000E+03  -1.67259000000000E+01
 2.02187500000000E+03  -1.14878000000000E+01
 2.02195830000000E+03  -3.09580000000000E+00
 2.02204170000000E+03  -2.24270000000000E+00
 2.02212500000000E+03   2.26100000000000E-01
 2.02220830000000E+03   2.00240000000000E+00
 2.02229170000000E+03   1.39390000000000E+00
 2.02237500000000E+03  -3.52220000000000E+00
 2.02245830000000E+03  -5.38000000000000E-02
 2.02254170000000E+03   6.45100000000000E-01
 2.02262500000000E+03  -7.19430000000000E+00
 2.02270830000000E+03   4.04320000000000E+00
 2.02279170000000E+03   8.20350000000000E+00
 2.02287500000000E+03   1.30562000000000E+01
 2.02295830000000E+03   1.28319000000000E+01
 2.02304170000000E+03   9.91500000000000E+00
 2.02312500000000E+03   1.11521000000000E+01
 2.02320830000000E+03   1.13892000000000E+01
 2.02329170000000E+03   1.34721000000000E+01
 2.02337500000000E+03   1.96321000000000E+01
 2.02345830000000E+03   3.39459000000000E+01
 2.02354170000000E+03   3.73363000000000E+01
 2.02362500000000E+03   3.74961000000000E+01
 2.02370830000000E+03   4.74250000000000E+01
 2.02379170000000E+03   3.91998000000000E+01
 2.02387500000000E+03   2.96671000000000E+01
 2.02395830000000E+03   2.36728000000000E+01
 2.02404170000000E+03   2.17550000000000E+01
 2.02412500000000E+03   2.13759000000000E+01
 2.02420830000000E+03   1.65353000000000E+01
 2.02429170000000E+03   1.34635000000000E+01
 2.02437500000000E+03   1.75457000000000E+01
 2.02445830000000E+03   2.54741000000000E+01
 2.02454170000000E+03   1.45751000000000E+01
 2.02462500000000E+03   1.09950000000000E+00
 2.02470830000000E+03  -1.64262000000000E+01
 2.02479170000000E+03  -3.04634000000000E+01
 2.02487500000000E+03  -2.40781000000000E+01
 2.02495830000000E+03  -1.25183000000000E+01
