 1.87404170000000E+03  -1.36490800000000E+02
 1.87412500000000E+03  -1.37277300000000E+02
 1.87420830000000E+03  -1.52429100000000E+02
 1.87429170000000E+03  -1.73637100000000E+02
 1.87437500000000E+03  -1.91976100000000E+02
 1.87445830000000E+03  -1.91497000000000E+02
 1.87454170000000E+03  -1.87312200000000E+02
 1.87462500000000E+03  -1.80050200000000E+02
 1.87470830000000E+03  -1.68173000000000E+02
 1.87479170000000E+03  -1.53219500000000E+02
 1.87487500000000E+03  -1.39804000000000E+02
 1.87495830000000E+03  -1.31004100000000E+02
 1.87504170000000E+03  -1.36051100000000E+02
 1.87512500000000E+03  -1.32636100000000E+02
 1.87520830000000E+03  -1.29221200000000E+02
 1.87529170000000E+03  -1.18884000000000E+02
 1.87537500000000E+03  -9.16233000000000E+01
 1.87545830000000E+03  -6.05166000000000E+01
 1.87554170000000E+03  -5.63336000000000E+01
 1.87562500000000E+03  -5.90734000000000E+01
 1.87570830000000E+03  -5.33517000000000E+01
 1.87579170000000E+03  -4.91692000000000E+01
 1.87587500000000E+03  -3.88324000000000E+01
 1.87595830000000E+03  -3.46497000000000E+01
 1.87604170000000E+03  -3.20061000000000E+01
 1.87612500000000E+03  -3.55159000000000E+01
 1.87620830000000E+03  -4.36413000000000E+01
 1.87629170000000E+03  -4.94596000000000E+01
 1.87637500000000E+03  -4.22007000000000E+01
 1.87645830000000E+03  -4.03265000000000E+01
 1.87654170000000E+03  -4.15299000000000E+01
 1.87662500000000E+03  -3.19637000000000E+01
 1.87670830000000E+03  -1.70131000000000E+01
 1.87679170000000E+03  -2.83230000000000E+00
 1.87687500000000E+03   1.75027000000000E+01
 1.87695830000000E+03   3.01452000000000E+01
 1.87704170000000E+03   3.89409000000000E+01
 1.87712500000000E+03   3.85063000000000E+01
 1.87720830000000E+03   3.65330000000000E+01
 1.87729170000000E+03   3.22513000000000E+01
 1.87737500000000E+03   3.33547000000000E+01
 1.87745830000000E+03   2.75348000000000E+01
 1.87754170000000E+03   2.78681000000000E+01
 1.87762500000000E+03   1.82017000000000E+01
 1.87770830000000E+03   1.54583000000000E+01
 1.87779170000000E+03   2.88681000000000E+01
 1.87787500000000E+03   2.92013000000000E+01
 1.87795830000000E+03   2.33806000000000E+01
 1.87804170000000E+03   1.52515000000000E+01
 1.87812500000000E+03   6.35350000000000E+00
 1.87820830000000E+03   1.30150000000000E+00
 1.87829170000000E+03  -4.52040000000000E+00
 1.87837500000000E+03  -3.41880000000000E+00
 1.87845830000000E+03   1.07596000000000E+01
 1.87854170000000E+03   3.10911000000000E+01
 1.87862500000000E+03   3.60384000000000E+01
 1.87870830000000E+03   5.56009000000000E+01
 1.87879170000000E+03   7.05474000000000E+01
 1.87887500000000E+03   6.78020000000000E+01
 1.87895830000000E+03   6.89025000000000E+01
 1.87904170000000E+03   6.61563000000000E+01
 1.87912500000000E+03   5.34104000000000E+01
 1.87920830000000E+03   4.60490000000000E+01
 1.87929170000000E+03   3.94561000000000E+01
 1.87937500000000E+03   4.36328000000000E+01
 1.87945830000000E+03   6.16556000000000E+01
 1.87954170000000E+03   5.12161000000000E+01
 1.87962500000000E+03   2.77002000000000E+01
 1.87970830000000E+03   6.49170000000000E+00
 1.87979170000000E+03  -4.71740000000000E+00
 1.87987500000000E+03  -1.05416000000000E+01
 1.87995830000000E+03  -1.48274000000000E+01
 1.88004170000000E+03  -2.37292000000000E+01
 1.88012500000000E+03  -2.64769000000000E+01
 1.88020830000000E+03  -2.69170000000000E+01
 1.88029170000000E+03  -2.65885000000000E+01
 1.88037500000000E+03  -1.93366000000000E+01
 1.88045830000000E+03  -1.97772000000000E+01
 1.88054170000000E+03  -2.25261000000000E+01
 1.88062500000000E+03  -4.50540000000000E+00
 1.88070830000000E+03   1.88998000000000E+01
 1.88079170000000E+03   5.23043000000000E+01
 1.88087500000000E+03   7.03246000000000E+01
 1.88095830000000E+03   8.06524000000000E+01
 1.88104170000000E+03   9.02103000000000E+01
 1.88112500000000E+03   8.97686000000000E+01
 1.88120830000000E+03   8.47114000000000E+01
 1.88129170000000E+03   8.81150000000000E+01
 1.88137500000000E+03   8.53651000000000E+01
 1.88145830000000E+03   7.64613000000000E+01
 1.88154170000000E+03   8.14029000000000E+01
 1.88162500000000E+03   6.63450000000000E+01
 1.88170830000000E+03   4.89792000000000E+01
 1.88179170000000E+03   3.69973000000000E+01
 1.88187500000000E+03   2.50158000000000E+01
 1.88195830000000E+03   1.07265000000000E+01
 1.88204170000000E+03  -2.79430000000000E+00
 1.88212500000000E+03  -2.24685000000000E+01
 1.88220830000000E+03  -2.98352000000000E+01
 1.88229170000000E+03  -3.56641000000000E+01
 1.88237500000000E+03  -4.07234000000000E+01
 1.88245830000000E+03  -3.11675000000000E+01
 1.88254170000000E+03  -2.69968000000000E+01
 1.88262500000000E+03  -2.74412000000000E+01
 1.88270830000000E+03  -1.63472000000000E+01
 1.88279170000000E+03   1.30700000000000E-01
 1.88287500000000E+03   1.73782000000000E+01
 1.88295830000000E+03   3.15487000000000E+01
 1.88304170000000E+03   3.95646000000000E+01
 1.88312500000000E+03   4.14271000000000E+01
 1.88320830000000E+03   3.79048000000000E+01
 1.88329170000000E+03   3.13049000000000E+01
 1.88337500000000E+03   2.62438000000000E+01
 1.88345830000000E+03   2.57980000000000E+01
 1.88354170000000E+03   2.07362000000000E+01
 1.88362500000000E+03   1.72131000000000E+01
 1.88370830000000E+03   1.59977000000000E+01
 1.88379170000000E+03   2.01661000000000E+01
 1.88387500000000E+03   1.89503000000000E+01
 1.88395830000000E+03   1.38883000000000E+01
 1.88404170000000E+03   1.13320000000000E+00
 1.88412500000000E+03  -3.15990000000000E+00
 1.88420830000000E+03  -9.76090000000000E+00
 1.88429170000000E+03  -7.13180000000000E+00
 1.88437500000000E+03  -1.42540000000000E+00
 1.88445830000000E+03   4.28090000000000E+00
 1.88454170000000E+03   7.55700000000000E-01
 1.88462500000000E+03  -4.30750000000000E+00
 1.88470830000000E+03   2.16760000000000E+00
 1.88479170000000E+03   8.64200000000000E+00
 1.88487500000000E+03   1.28090000000000E+01
 1.88495830000000E+03   1.38991000000000E+01
 1.88504170000000E+03   1.03730000000000E+01
 1.88512500000000E+03   6.07810000000000E+00
 1.88520830000000E+03  -3.60150000000000E+00
 1.88529170000000E+03  -8.66650000000000E+00
 1.88537500000000E+03  -1.37311000000000E+01
 1.88545830000000E+03  -1.41804000000000E+01
 1.88554170000000E+03  -1.77073000000000E+01
 1.88562500000000E+03  -1.27723000000000E+01
 1.88570830000000E+03  -1.68360000000000E+00
 1.88579170000000E+03   1.73600000000000E-01
 1.88587500000000E+03   3.56970000000000E+00
 1.88595830000000E+03   3.88880000000000E+00
 1.88604170000000E+03   5.74560000000000E+00
 1.88612500000000E+03   2.21820000000000E+00
 1.88620830000000E+03  -5.92480000000000E+00
 1.88629170000000E+03  -1.40684000000000E+01
 1.88637500000000E+03  -1.83655000000000E+01
 1.88645830000000E+03  -2.42012000000000E+01
 1.88654170000000E+03  -2.15761000000000E+01
 1.88662500000000E+03  -2.35659000000000E+01
 1.88670830000000E+03  -2.24790000000000E+01
 1.88679170000000E+03  -2.67773000000000E+01
 1.88687500000000E+03  -2.64599000000000E+01
 1.88695830000000E+03  -2.99888000000000E+01
 1.88704170000000E+03  -3.96722000000000E+01
 1.88712500000000E+03  -5.32014000000000E+01
 1.88720830000000E+03  -6.74999000000000E+01
 1.88729170000000E+03  -6.71838000000000E+01
 1.88737500000000E+03  -5.91749000000000E+01
 1.88745830000000E+03  -4.88585000000000E+01
 1.88754170000000E+03  -2.46967000000000E+01
 1.88762500000000E+03  -1.97652000000000E+01
 1.88770830000000E+03  -1.75690000000000E+00
 1.88779170000000E+03   1.70199000000000E+01
 1.88787500000000E+03   4.11817000000000E+01
 1.88795830000000E+03   6.53434000000000E+01
 1.88804170000000E+03   8.25813000000000E+01
 1.88812500000000E+03   9.75119000000000E+01
 1.88820830000000E+03   1.03211600000000E+02
 1.88829170000000E+03   1.08910600000000E+02
 1.88837500000000E+03   1.16148400000000E+02
 1.88845830000000E+03   1.18001500000000E+02
 1.88854170000000E+03   1.08315500000000E+02
 1.88862500000000E+03   8.55529000000000E+01
 1.88870830000000E+03   8.50979000000000E+01
 1.88879170000000E+03   8.54114000000000E+01
 1.88887500000000E+03   9.34176000000000E+01
 1.88895830000000E+03   9.60390000000000E+01
 1.88904170000000E+03   9.09675000000000E+01
 1.88912500000000E+03   7.89733000000000E+01
 1.88920830000000E+03   6.08250000000000E+01
 1.88929170000000E+03   4.95992000000000E+01
 1.88937500000000E+03   5.14507000000000E+01
 1.88945830000000E+03   3.94559000000000E+01
 1.88954170000000E+03   2.59219000000000E+01
 1.88962500000000E+03   2.39268000000000E+01
 1.88970830000000E+03   2.27008000000000E+01
 1.88979170000000E+03   1.07048000000000E+01
 1.88987500000000E+03  -1.29070000000000E+00
 1.88995830000000E+03  -2.17479000000000E+01
 1.89004170000000E+03  -4.37443000000000E+01
 1.89012500000000E+03  -6.49711000000000E+01
 1.89020830000000E+03  -7.61980000000000E+01
 1.89029170000000E+03  -8.12717000000000E+01
 1.89037500000000E+03  -8.55758000000000E+01
 1.89045830000000E+03  -8.83416000000000E+01
 1.89054170000000E+03  -8.72620000000000E+01
 1.89062500000000E+03  -8.31050000000000E+01
 1.89070830000000E+03  -8.81789000000000E+01
 1.89079170000000E+03  -7.70997000000000E+01
 1.89087500000000E+03  -6.52509000000000E+01
 1.89095830000000E+03  -5.72483000000000E+01
 1.89104170000000E+03  -4.92464000000000E+01
 1.89112500000000E+03  -4.81673000000000E+01
 1.89120830000000E+03  -4.47805000000000E+01
 1.89129170000000E+03  -5.29330000000000E+01
 1.89137500000000E+03  -5.10850000000000E+01
 1.89145830000000E+03  -4.53910000000000E+01
 1.89154170000000E+03  -4.35439000000000E+01
 1.89162500000000E+03  -3.47733000000000E+01
 1.89170830000000E+03  -1.60028000000000E+01
 1.89179170000000E+03   1.04593000000000E+01
 1.89187500000000E+03   2.46141000000000E+01
 1.89195830000000E+03   3.18456000000000E+01
 1.89204170000000E+03   3.52303000000000E+01
 1.89212500000000E+03   2.78462000000000E+01
 1.89220830000000E+03   1.43081000000000E+01
 1.89229170000000E+03  -1.53840000000000E+00
 1.89237500000000E+03  -1.23060000000000E+00
 1.89245830000000E+03  -3.23070000000000E+00
 1.89254170000000E+03  -2.15460000000000E+00
 1.89262500000000E+03  -1.03088000000000E+01
 1.89270830000000E+03  -1.30785000000000E+01
 1.89279170000000E+03  -1.73874000000000E+01
 1.89287500000000E+03  -1.09267000000000E+01
 1.89295830000000E+03  -9.08150000000000E+00
 1.89304170000000E+03  -9.54470000000000E+00
 1.89312500000000E+03  -1.30844000000000E+01
 1.89320830000000E+03  -1.81628000000000E+01
 1.89329170000000E+03  -1.70879000000000E+01
 1.89337500000000E+03  -2.93580000000000E+00
 1.89345830000000E+03   1.04470000000000E+01
 1.89354170000000E+03   1.38291000000000E+01
 1.89362500000000E+03   1.02885000000000E+01
 1.89370830000000E+03   1.36708000000000E+01
 1.89379170000000E+03   1.16678000000000E+01
 1.89387500000000E+03   5.81910000000000E+00
 1.89395830000000E+03  -4.64520000000000E+00
 1.89404170000000E+03  -1.74178000000000E+01
 1.89412500000000E+03  -2.94208000000000E+01
 1.89420830000000E+03  -4.06548000000000E+01
 1.89429170000000E+03  -5.03509000000000E+01
 1.89437500000000E+03  -5.31236000000000E+01
 1.89445830000000E+03  -7.20503000000000E+01
 1.89454170000000E+03  -8.94392000000000E+01
 1.89462500000000E+03  -7.75969000000000E+01
 1.89470830000000E+03  -5.57548000000000E+01
 1.89479170000000E+03  -3.23749000000000E+01
 1.89487500000000E+03  -1.36100000000000E+01
 1.89495830000000E+03   9.00090000000000E+00
 1.89504170000000E+03   1.93034000000000E+01
 1.89512500000000E+03   2.42217000000000E+01
 1.89520830000000E+03   2.83706000000000E+01
 1.89529170000000E+03   2.48266000000000E+01
 1.89537500000000E+03   3.58983000000000E+01
 1.89545830000000E+03   4.62006000000000E+01
 1.89554170000000E+03   7.34253000000000E+01
 1.89562500000000E+03   9.68043000000000E+01
 1.89570830000000E+03   9.09523000000000E+01
 1.89579170000000E+03   8.81766000000000E+01
 1.89587500000000E+03   8.77090000000000E+01
 1.89595830000000E+03   9.80105000000000E+01
 1.89604170000000E+03   8.83112000000000E+01
 1.89612500000000E+03   8.39970000000000E+01
 1.89620830000000E+03   7.58365000000000E+01
 1.89629170000000E+03   6.61368000000000E+01
 1.89637500000000E+03   6.87452000000000E+01
 1.89645830000000E+03   6.28919000000000E+01
 1.89654170000000E+03   5.62687000000000E+01
 1.89662500000000E+03   5.34921000000000E+01
 1.89670830000000E+03   4.99461000000000E+01
 1.89679170000000E+03   6.25532000000000E+01
 1.89687500000000E+03   6.82377000000000E+01
 1.89695830000000E+03   7.54605000000000E+01
 1.89704170000000E+03   6.96056000000000E+01
 1.89712500000000E+03   7.52896000000000E+01
 1.89720830000000E+03   7.78966000000000E+01
 1.89729170000000E+03   8.35798000000000E+01
 1.89737500000000E+03   9.31095000000000E+01
 1.89745830000000E+03   9.03314000000000E+01
 1.89754170000000E+03   8.21680000000000E+01
 1.89762500000000E+03   7.78511000000000E+01
 1.89770830000000E+03   6.27649000000000E+01
 1.89779170000000E+03   6.38318000000000E+01
 1.89787500000000E+03   5.64376000000000E+01
 1.89795830000000E+03   5.51971000000000E+01
 1.89804170000000E+03   4.24174000000000E+01
 1.89812500000000E+03   2.57920000000000E+01
 1.89820830000000E+03  -1.60280000000000E+00
 1.89829170000000E+03  -2.13060000000000E+01
 1.89837500000000E+03  -4.02396000000000E+01
 1.89845830000000E+03  -5.53271000000000E+01
 1.89854170000000E+03  -5.88769000000000E+01
 1.89862500000000E+03  -4.93494000000000E+01
 1.89870830000000E+03  -4.05912000000000E+01
 1.89879170000000E+03  -2.87568000000000E+01
 1.89887500000000E+03  -2.92297000000000E+01
 1.89895830000000E+03  -3.20105000000000E+01
 1.89904170000000E+03  -4.40227000000000E+01
 1.89912500000000E+03  -5.29576000000000E+01
 1.89920830000000E+03  -6.42003000000000E+01
 1.89929170000000E+03  -5.92898000000000E+01
 1.89937500000000E+03  -6.05328000000000E+01
 1.89945830000000E+03  -4.48529000000000E+01
 1.89954170000000E+03  -3.76352000000000E+01
 1.89962500000000E+03  -2.42633000000000E+01
 1.89970830000000E+03  -1.70454000000000E+01
 1.89979170000000E+03  -7.52040000000000E+00
 1.89987500000000E+03   4.31260000000000E+00
 1.89995830000000E+03   2.15301000000000E+01
 1.90004170000000E+03   3.41315000000000E+01
 1.90012500000000E+03   4.36564000000000E+01
 1.90020830000000E+03   4.08735000000000E+01
 1.90029170000000E+03   4.34745000000000E+01
 1.90037500000000E+03   3.83836000000000E+01
 1.90045830000000E+03   4.17540000000000E+01
 1.90054170000000E+03   3.89700000000000E+01
 1.90062500000000E+03   4.15709000000000E+01
 1.90070830000000E+03   4.18640000000000E+01
 1.90079170000000E+03   4.44641000000000E+01
 1.90087500000000E+03   4.86031000000000E+01
 1.90095830000000E+03   4.73573000000000E+01
 1.90104170000000E+03   4.38031000000000E+01
 1.90112500000000E+03   3.87109000000000E+01
 1.90120830000000E+03   2.74647000000000E+01
 1.90129170000000E+03   2.54485000000000E+01
 1.90137500000000E+03   2.49712000000000E+01
 1.90145830000000E+03   3.29553000000000E+01
 1.90154170000000E+03   3.94002000000000E+01
 1.90162500000000E+03   4.27687000000000E+01
 1.90170830000000E+03   5.07523000000000E+01
 1.90179170000000E+03   5.87353000000000E+01
 1.90187500000000E+03   6.82571000000000E+01
 1.90195830000000E+03   7.31634000000000E+01
 1.90204170000000E+03   7.03767000000000E+01
 1.90212500000000E+03   6.22058000000000E+01
 1.90220830000000E+03   5.01886000000000E+01
 1.90229170000000E+03   4.20168000000000E+01
 1.90237500000000E+03   3.30762000000000E+01
 1.90245830000000E+03   2.95201000000000E+01
 1.90254170000000E+03   2.44248000000000E+01
 1.90262500000000E+03   2.08684000000000E+01
 1.90270830000000E+03   1.26965000000000E+01
 1.90279170000000E+03   1.68315000000000E+01
 1.90287500000000E+03   2.25054000000000E+01
 1.90295830000000E+03   1.81792000000000E+01
 1.90304170000000E+03   2.00061000000000E+01
 1.90312500000000E+03   2.41411000000000E+01
 1.90320830000000E+03   2.51991000000000E+01
 1.90329170000000E+03   2.93332000000000E+01
 1.90337500000000E+03   3.19294000000000E+01
 1.90345830000000E+03   3.52946000000000E+01
 1.90354170000000E+03   3.63514000000000E+01
 1.90362500000000E+03   3.51009000000000E+01
 1.90370830000000E+03   3.07733000000000E+01
 1.90379170000000E+03   3.79835000000000E+01
 1.90387500000000E+03   3.44249000000000E+01
 1.90395830000000E+03   2.70200000000000E+01
 1.90404170000000E+03   1.73067000000000E+01
 1.90412500000000E+03  -4.71390000000000E+00
 1.90420830000000E+03  -2.90423000000000E+01
 1.90429170000000E+03  -5.02945000000000E+01
 1.90437500000000E+03  -6.07771000000000E+01
 1.90445830000000E+03  -5.35674000000000E+01
 1.90454170000000E+03  -4.32816000000000E+01
 1.90462500000000E+03  -4.29954000000000E+01
 1.90470830000000E+03  -4.04016000000000E+01
 1.90479170000000E+03  -3.55009000000000E+01
 1.90487500000000E+03  -3.05997000000000E+01
 1.90495830000000E+03  -3.03141000000000E+01
 1.90504170000000E+03  -3.54137000000000E+01
 1.90512500000000E+03  -4.05130000000000E+01
 1.90520830000000E+03  -4.79201000000000E+01
 1.90529170000000E+03  -4.84048000000000E+01
 1.90537500000000E+03  -4.65815000000000E+01
 1.90545830000000E+03  -3.70659000000000E+01
 1.90554170000000E+03  -3.90896000000000E+01
 1.90562500000000E+03  -4.57282000000000E+01
 1.90570830000000E+03  -3.54438000000000E+01
 1.90579170000000E+03  -2.36218000000000E+01
 1.90587500000000E+03  -1.02608000000000E+01
 1.90595830000000E+03  -2.28460000000000E+00
 1.90604170000000E+03   7.99850000000000E+00
 1.90612500000000E+03   1.44360000000000E+01
 1.90620830000000E+03   2.01041000000000E+01
 1.90629170000000E+03   3.03868000000000E+01
 1.90637500000000E+03   3.68238000000000E+01
 1.90645830000000E+03   4.71068000000000E+01
 1.90654170000000E+03   5.89275000000000E+01
 1.90662500000000E+03   5.84410000000000E+01
 1.90670830000000E+03   6.25698000000000E+01
 1.90679170000000E+03   6.82362000000000E+01
 1.90687500000000E+03   8.23647000000000E+01
 1.90695830000000E+03   8.57237000000000E+01
 1.90704170000000E+03   9.21590000000000E+01
 1.90712500000000E+03   8.01331000000000E+01
 1.90720830000000E+03   7.04148000000000E+01
 1.90729170000000E+03   4.91573000000000E+01
 1.90737500000000E+03   3.71310000000000E+01
 1.90745830000000E+03   3.43354000000000E+01
 1.90754170000000E+03   2.84620000000000E+01
 1.90762500000000E+03   1.10507000000000E+01
 1.90770830000000E+03   5.94690000000000E+00
 1.90779170000000E+03   7.76550000000000E+00
 1.90787500000000E+03   1.18921000000000E+01
 1.90795830000000E+03   2.17250000000000E+00
 1.90804170000000E+03  -1.37017000000000E+01
 1.90812500000000E+03  -3.72678000000000E+01
 1.90820830000000E+03  -5.54494000000000E+01
 1.90829170000000E+03  -7.28625000000000E+01
 1.90837500000000E+03  -6.56597000000000E+01
 1.90845830000000E+03  -5.99956000000000E+01
 1.90854170000000E+03  -6.66399000000000E+01
 1.90862500000000E+03  -7.63607000000000E+01
 1.90870830000000E+03  -7.68509000000000E+01
 1.90879170000000E+03  -6.42649000000000E+01
 1.90887500000000E+03  -5.16784000000000E+01
 1.90895830000000E+03  -5.52459000000000E+01
 1.90904170000000E+03  -6.18911000000000E+01
 1.90912500000000E+03  -6.23820000000000E+01
 1.90920830000000E+03  -6.21039000000000E+01
 1.90929170000000E+03  -5.02879000000000E+01
 1.90937500000000E+03  -2.92408000000000E+01
 1.90945830000000E+03  -1.66554000000000E+01
 1.90954170000000E+03  -8.68610000000000E+00
 1.90962500000000E+03   6.20680000000000E+00
 1.90970830000000E+03   2.03302000000000E+01
 1.90979170000000E+03   2.67606000000000E+01
 1.90987500000000E+03   2.70376000000000E+01
 1.90995830000000E+03   3.11607000000000E+01
 1.91004170000000E+03   3.45137000000000E+01
 1.91012500000000E+03   3.78672000000000E+01
 1.91020830000000E+03   3.66052000000000E+01
 1.91029170000000E+03   3.45732000000000E+01
 1.91037500000000E+03   3.71570000000000E+01
 1.91045830000000E+03   2.97407000000000E+01
 1.91054170000000E+03   2.77082000000000E+01
 1.91062500000000E+03   2.87531000000000E+01
 1.91070830000000E+03   2.74902000000000E+01
 1.91079170000000E+03   3.39189000000000E+01
 1.91087500000000E+03   4.03480000000000E+01
 1.91095830000000E+03   3.83154000000000E+01
 1.91104170000000E+03   2.32052000000000E+01
 1.91112500000000E+03   3.48000000000000E+00
 1.91120830000000E+03  -1.23992000000000E+01
 1.91129170000000E+03  -2.98176000000000E+01
 1.91137500000000E+03  -4.87740000000000E+01
 1.91145830000000E+03  -6.92690000000000E+01
 1.91154170000000E+03  -7.89955000000000E+01
 1.91162500000000E+03  -8.25677000000000E+01
 1.91170830000000E+03  -9.22939000000000E+01
 1.91179170000000E+03  -8.50978000000000E+01
 1.91187500000000E+03  -8.25166000000000E+01
 1.91195830000000E+03  -8.30125000000000E+01
 1.91204170000000E+03  -8.04322000000000E+01
 1.91212500000000E+03  -7.93899000000000E+01
 1.91220830000000E+03  -7.60400000000000E+01
 1.91229170000000E+03  -7.34602000000000E+01
 1.91237500000000E+03  -5.62645000000000E+01
 1.91245830000000E+03  -3.06074000000000E+01
 1.91254170000000E+03  -8.79720000000000E+00
 1.91262500000000E+03   7.62880000000000E+00
 1.91270830000000E+03   9.43930000000000E+00
 1.91279170000000E+03   2.12491000000000E+01
 1.91287500000000E+03   1.84439000000000E+01
 1.91295830000000E+03   1.25616000000000E+01
 1.91304170000000E+03   3.60170000000000E+00
 1.91312500000000E+03  -3.81930000000000E+00
 1.91320830000000E+03  -6.62510000000000E+00
 1.91329170000000E+03   1.33770000000000E+00
 1.91337500000000E+03   8.39300000000000E-01
 1.91345830000000E+03   1.11000000000000E+00
 1.91354170000000E+03   6.10700000000000E-01
 1.91362500000000E+03  -7.58040000000000E+00
 1.91370830000000E+03  -1.80793000000000E+01
 1.91379170000000E+03  -2.16559000000000E+01
 1.91387500000000E+03  -2.52321000000000E+01
 1.91395830000000E+03  -2.26546000000000E+01
 1.91670830000000E+03  -4.15310000000000E+01
 1.91679170000000E+03  -3.43437000000000E+01
 1.91687500000000E+03  -2.25405000000000E+01
 1.91695830000000E+03  -6.89130000000000E+00
 1.91704170000000E+03   2.60330000000000E+00
 1.91712500000000E+03   1.44060000000000E+01
 1.91720830000000E+03   1.31317000000000E+01
 1.91729170000000E+03   1.85660000000000E+00
 1.91737500000000E+03  -5.57190000000000E+00
 1.91745830000000E+03  -6.07740000000000E+00
 1.91754170000000E+03  -1.04299000000000E+01
 1.91762500000000E+03  -2.24742000000000E+01
 1.91770830000000E+03  -4.52879000000000E+01
 1.91779170000000E+03  -5.73331000000000E+01
 1.91787500000000E+03  -5.63009000000000E+01
 1.91795830000000E+03  -6.37304000000000E+01
 1.91804170000000E+03  -8.26991000000000E+01
 1.91812500000000E+03  -9.47443000000000E+01
 1.91820830000000E+03  -9.90973000000000E+01
 1.91829170000000E+03  -9.49895000000000E+01
 1.92262500000000E+03  -1.08489100000000E+02
 1.92270830000000E+03  -8.74654000000000E+01
 1.92279170000000E+03  -7.25963000000000E+01
 1.92287500000000E+03  -5.31113000000000E+01
 1.92295830000000E+03  -3.36265000000000E+01
 1.92304170000000E+03  -7.21940000000000E+00
 1.92312500000000E+03   6.88050000000000E+00
 1.92320830000000E+03  -5.94290000000000E+00
 1.92329170000000E+03  -1.79978000000000E+01
 1.92337500000000E+03  -2.23598000000000E+01
 1.92345830000000E+03  -2.36452000000000E+01
 1.92354170000000E+03  -1.72389000000000E+01
 1.92362500000000E+03  -1.62168000000000E+01
 1.92370830000000E+03  -1.28872000000000E+01
 1.92379170000000E+03  -1.10968000000000E+01
 1.92387500000000E+03  -2.38290000000000E+00
 1.92395830000000E+03   6.33090000000000E+00
 1.92404170000000E+03   1.11978000000000E+01
 1.92412500000000E+03   8.37290000000000E+00
 1.92420830000000E+03   7.85550000000000E+00
 1.92429170000000E+03   1.50296000000000E+01
 1.92437500000000E+03   3.29735000000000E+01
 1.92445830000000E+03   3.78402000000000E+01
 1.92454170000000E+03   2.50139000000000E+01
 1.92462500000000E+03  -3.19650000000000E+00
 1.92470830000000E+03  -1.90994000000000E+01
 1.92479170000000E+03  -2.96184000000000E+01
 1.92487500000000E+03  -3.78293000000000E+01
 1.92495830000000E+03  -4.60403000000000E+01
 1.92504170000000E+03  -5.50214000000000E+01
 1.92512500000000E+03  -6.16942000000000E+01
 1.92520830000000E+03  -7.06749000000000E+01
 1.92529170000000E+03  -7.88872000000000E+01
 1.92537500000000E+03  -8.70989000000000E+01
 1.92545830000000E+03  -9.30031000000000E+01
 1.92554170000000E+03  -7.73696000000000E+01
 1.92562500000000E+03  -5.32742000000000E+01
 1.92570830000000E+03  -2.53327000000000E+01
 1.92579170000000E+03  -5.85350000000000E+00
 1.92587500000000E+03   1.05493000000000E+01
 1.92595830000000E+03   2.38750000000000E+01
 1.92604170000000E+03   3.56614000000000E+01
 1.92612500000000E+03   3.97560000000000E+01
 1.92620830000000E+03   3.84659000000000E+01
 1.92629170000000E+03   3.48673000000000E+01
 1.92637500000000E+03   3.66538000000000E+01
 1.92645830000000E+03   4.30555000000000E+01
 1.92654170000000E+03   3.94564000000000E+01
 1.92662500000000E+03   3.12425000000000E+01
 1.92670830000000E+03   1.99515000000000E+01
 1.92679170000000E+03   1.78904000000000E+01
 1.92687500000000E+03   1.96760000000000E+01
 1.92695830000000E+03   1.99230000000000E+01
 1.92704170000000E+03   1.63231000000000E+01
 1.92712500000000E+03   8.10830000000000E+00
 1.92720830000000E+03  -1.64520000000000E+00
 1.92729170000000E+03  -9.86090000000000E+00
 1.92737500000000E+03  -9.61470000000000E+00
 1.92745830000000E+03  -7.06080000000000E+00
 1.92754170000000E+03  -9.12320000000000E+00
 1.92762500000000E+03  -1.11851000000000E+01
 1.92770830000000E+03  -2.24778000000000E+01
 1.92779170000000E+03  -2.76175000000000E+01
 1.92787500000000E+03  -3.04491000000000E+01
 1.92795830000000E+03  -2.78961000000000E+01
 1.92804170000000E+03  -3.07286000000000E+01
 1.92812500000000E+03  -4.04837000000000E+01
 1.92820830000000E+03  -5.40850000000000E+01
 1.92829170000000E+03  -6.61487000000000E+01
 1.92837500000000E+03  -7.35965000000000E+01
 1.92845830000000E+03  -6.95060000000000E+01
 1.92854170000000E+03  -6.84931000000000E+01
 1.92862500000000E+03  -6.90183000000000E+01
 1.92870830000000E+03  -7.80051000000000E+01
 1.92879170000000E+03  -8.00697000000000E+01
 1.92887500000000E+03  -7.29030000000000E+01
 1.92895830000000E+03  -6.34287000000000E+01
 1.92904170000000E+03  -6.08783000000000E+01
 1.92912500000000E+03  -6.29428000000000E+01
 1.92920830000000E+03  -6.11613000000000E+01
 1.92929170000000E+03  -6.32267000000000E+01
 1.92937500000000E+03  -5.99071000000000E+01
 1.92945830000000E+03  -5.58183000000000E+01
 1.92954170000000E+03  -6.32688000000000E+01
 1.92962500000000E+03  -6.91803000000000E+01
 1.92970830000000E+03  -7.58612000000000E+01
 1.92979170000000E+03  -6.94660000000000E+01
 1.92987500000000E+03  -5.61472000000000E+01
 1.92995830000000E+03  -4.97516000000000E+01
 1.93004170000000E+03  -5.48953000000000E+01
 1.93012500000000E+03  -6.23462000000000E+01
 1.93020830000000E+03  -7.13356000000000E+01
 1.93029170000000E+03  -7.87874000000000E+01
 1.93037500000000E+03  -7.54695000000000E+01
 1.93045830000000E+03  -7.06133000000000E+01
 1.93054170000000E+03  -6.19117000000000E+01
 1.93062500000000E+03  -5.16711000000000E+01
 1.93070830000000E+03  -3.68153000000000E+01
 1.93079170000000E+03  -1.81142000000000E+01
 1.93087500000000E+03  -9.51000000000000E-01
 1.93095830000000E+03   1.62121000000000E+01
 1.93104170000000E+03   3.18359000000000E+01
 1.93112500000000E+03   4.28448000000000E+01
 1.93120830000000E+03   4.46228000000000E+01
 1.93129170000000E+03   4.87077000000000E+01
 1.93137500000000E+03   5.81777000000000E+01
 1.93145830000000E+03   6.38014000000000E+01
 1.93154170000000E+03   6.48090000000000E+01
 1.93162500000000E+03   6.04324000000000E+01
 1.93170830000000E+03   5.45172000000000E+01
 1.93179170000000E+03   4.78320000000000E+01
 1.93187500000000E+03   5.42242000000000E+01
 1.93195830000000E+03   6.21547000000000E+01
 1.93204170000000E+03   6.16229000000000E+01
 1.93212500000000E+03   5.57070000000000E+01
 1.93220830000000E+03   4.36371000000000E+01
 1.93229170000000E+03   3.38740000000000E+01
 1.93237500000000E+03   3.10346000000000E+01
 1.93245830000000E+03   2.28104000000000E+01
 1.93254170000000E+03   1.45854000000000E+01
 1.93262500000000E+03   8.66860000000000E+00
 1.93270830000000E+03   7.36700000000000E+00
 1.93279170000000E+03   1.06801000000000E+01
 1.93287500000000E+03   1.63013000000000E+01
 1.93295830000000E+03   1.34608000000000E+01
 1.93304170000000E+03   1.13888000000000E+01
 1.93312500000000E+03   3.16340000000000E+00
 1.93320830000000E+03  -9.67750000000000E+00
 1.93329170000000E+03  -1.40576000000000E+01
 1.93337500000000E+03  -6.12960000000000E+00
 1.93345830000000E+03   7.18290000000000E+00
 1.93354170000000E+03   2.12639000000000E+01
 1.93362500000000E+03   3.07299000000000E+01
 1.93370830000000E+03   3.40420000000000E+01
 1.93379170000000E+03   4.11994000000000E+01
 1.93387500000000E+03   4.91266000000000E+01
 1.93395830000000E+03   5.01305000000000E+01
 1.93404170000000E+03   4.42106000000000E+01
 1.93412500000000E+03   3.29065000000000E+01
 1.93420830000000E+03   2.77562000000000E+01
 1.93429170000000E+03   2.02973000000000E+01
 1.93437500000000E+03   1.43774000000000E+01
 1.93445830000000E+03   5.38050000000000E+00
 1.93454170000000E+03  -9.00190000000000E+00
 1.93462500000000E+03  -2.03068000000000E+01
 1.93470830000000E+03  -1.93042000000000E+01
 1.93479170000000E+03  -1.29177000000000E+01
 1.93487500000000E+03  -8.83850000000000E+00
 1.93495830000000E+03  -7.06710000000000E+00
 1.93504170000000E+03  -8.37340000000000E+00
 1.93512500000000E+03  -1.19869000000000E+01
 1.93520830000000E+03  -2.32929000000000E+01
 1.93529170000000E+03  -3.53688000000000E+01
 1.93537500000000E+03  -3.12905000000000E+01
 1.93545830000000E+03  -2.64430000000000E+01
 1.93554170000000E+03  -2.15964000000000E+01
 1.93562500000000E+03  -9.05690000000000E+00
 1.93570830000000E+03   3.48240000000000E+00
 1.93579170000000E+03   1.14056000000000E+01
 1.93587500000000E+03   2.54831000000000E+01
 1.93595830000000E+03   3.64835000000000E+01
 1.93604170000000E+03   4.90216000000000E+01
 1.93612500000000E+03   5.46371000000000E+01
 1.93620830000000E+03   5.33294000000000E+01
 1.93629170000000E+03   5.66362000000000E+01
 1.93637500000000E+03   6.53282000000000E+01
 1.93645830000000E+03   7.09432000000000E+01
 1.93654170000000E+03   7.42496000000000E+01
 1.93662500000000E+03   7.60181000000000E+01
 1.93670830000000E+03   7.16326000000000E+01
 1.93679170000000E+03   7.10924000000000E+01
 1.93687500000000E+03   7.51681000000000E+01
 1.93695830000000E+03   7.23206000000000E+01
 1.93704170000000E+03   6.56262000000000E+01
 1.93712500000000E+03   5.35476000000000E+01
 1.93720830000000E+03   4.76228000000000E+01
 1.93729170000000E+03   5.01587000000000E+01
 1.93737500000000E+03   5.11566000000000E+01
 1.93745830000000E+03   5.67698000000000E+01
 1.93754170000000E+03   6.39206000000000E+01
 1.93762500000000E+03   7.41489000000000E+01
 1.93770830000000E+03   7.74539000000000E+01
 1.93779170000000E+03   7.92197000000000E+01
 1.93787500000000E+03   8.17552000000000E+01
 1.93795830000000E+03   8.35213000000000E+01
 1.93804170000000E+03   8.45174000000000E+01
 1.93812500000000E+03   8.32063000000000E+01
 1.93820830000000E+03   8.11259000000000E+01
 1.93829170000000E+03   7.36600000000000E+01
 1.93837500000000E+03   6.61946000000000E+01
 1.93845830000000E+03   6.18061000000000E+01
 1.93854170000000E+03   5.35705000000000E+01
 1.93862500000000E+03   4.68739000000000E+01
 1.93870830000000E+03   3.32541000000000E+01
 1.93879170000000E+03   2.96335000000000E+01
 1.93887500000000E+03   3.13981000000000E+01
 1.93895830000000E+03   3.08548000000000E+01
 1.93904170000000E+03   3.10799000000000E+01
 1.93912500000000E+03   3.05363000000000E+01
 1.93920830000000E+03   2.92233000000000E+01
 1.93929170000000E+03   2.56018000000000E+01
 1.93937500000000E+03   3.35193000000000E+01
 1.93945830000000E+03   4.52828000000000E+01
 1.93954170000000E+03   6.01224000000000E+01
 1.93962500000000E+03   6.95779000000000E+01
 1.93970830000000E+03   6.82641000000000E+01
 1.93979170000000E+03   8.00263000000000E+01
 1.93987500000000E+03   9.56353000000000E+01
 1.93995830000000E+03   1.12782500000000E+02
 1.94004170000000E+03   1.26852000000000E+02
 1.94012500000000E+03   1.29383600000000E+02
 1.94020830000000E+03   1.22684200000000E+02
 1.94029170000000E+03   1.16753300000000E+02
 1.94037500000000E+03   1.16976700000000E+02
 1.94045830000000E+03   1.19507700000000E+02
 1.94054170000000E+03   1.20499400000000E+02
 1.94062500000000E+03   1.21491600000000E+02
 1.94070830000000E+03   1.30945200000000E+02
 1.94079170000000E+03   1.44244200000000E+02
 1.94087500000000E+03   1.54466700000000E+02
 1.94095830000000E+03   1.62381400000000E+02
 1.94104170000000E+03   1.64141500000000E+02
 1.94112500000000E+03   1.59748200000000E+02
 1.94120830000000E+03   1.53816300000000E+02
 1.94129170000000E+03   1.50960600000000E+02
 1.94137500000000E+03   1.55797600000000E+02
 1.94145830000000E+03   1.59096100000000E+02
 1.94154170000000E+03   1.52393700000000E+02
 1.94162500000000E+03   1.44922700000000E+02
 1.94170830000000E+03   1.35913000000000E+02
 1.94179170000000E+03   1.19979400000000E+02
 1.94187500000000E+03   1.14815600000000E+02
 1.94195830000000E+03   1.11190100000000E+02
 1.94204170000000E+03   1.03717600000000E+02
 1.94212500000000E+03   8.70149000000000E+01
 1.94220830000000E+03   6.95428000000000E+01
 1.94229170000000E+03   5.36083000000000E+01
 1.94237500000000E+03   4.99821000000000E+01
 1.94245830000000E+03   4.17403000000000E+01
 1.94254170000000E+03   3.50362000000000E+01
 1.94262500000000E+03   3.06403000000000E+01
 1.94270830000000E+03   2.08596000000000E+01
 1.94279170000000E+03   1.10781000000000E+01
 1.94287500000000E+03   2.06640000000000E+00
 1.94295830000000E+03  -1.00224000000000E+01
 1.94304170000000E+03  -2.74966000000000E+01
 1.94312500000000E+03  -4.72780000000000E+01
 1.94320830000000E+03  -6.39826000000000E+01
 1.94329170000000E+03  -7.68419000000000E+01
 1.94337500000000E+03  -8.43161000000000E+01
 1.94345830000000E+03  -9.10211000000000E+01
 1.94354170000000E+03  -9.46501000000000E+01
 1.94362500000000E+03  -9.75093000000000E+01
 1.94370830000000E+03  -9.03687000000000E+01
 1.94379170000000E+03  -7.09211000000000E+01
 1.94387500000000E+03  -5.07038000000000E+01
 1.94395830000000E+03  -2.97175000000000E+01
 1.94404170000000E+03  -1.48858000000000E+01
 1.94412500000000E+03  -5.43820000000000E+00
 1.94420830000000E+03  -5.22150000000000E+00
 1.94429170000000E+03  -1.19287000000000E+01
 1.94437500000000E+03  -4.78920000000000E+00
 1.94445830000000E+03   4.65780000000000E+00
 1.94454170000000E+03   1.25656000000000E+01
 1.94462500000000E+03   2.12431000000000E+01
 1.94470830000000E+03   2.91512000000000E+01
 1.94479170000000E+03   2.85970000000000E+01
 1.94487500000000E+03   2.57356000000000E+01
 1.94495830000000E+03   2.44125000000000E+01
 1.94504170000000E+03   1.77040000000000E+01
 1.94512500000000E+03   4.84210000000000E+00
 1.94520830000000E+03  -3.40450000000000E+00
 1.94529170000000E+03  -7.03650000000000E+00
 1.94537500000000E+03  -1.43720000000000E+00
 1.94545830000000E+03  -5.83810000000000E+00
 1.94554170000000E+03  -8.70140000000000E+00
 1.94562500000000E+03  -1.54102000000000E+01
 1.94570830000000E+03  -1.67346000000000E+01
 1.94579170000000E+03  -1.65214000000000E+01
 1.94587500000000E+03  -1.01538000000000E+01
 1.94595830000000E+03  -3.01710000000000E+00
 1.94604170000000E+03  -2.80430000000000E+00
 1.94612500000000E+03  -9.51400000000000E+00
 1.94620830000000E+03  -1.39162000000000E+01
 1.94629170000000E+03  -2.29346000000000E+01
 1.94637500000000E+03  -2.81064000000000E+01
 1.94645830000000E+03  -2.32782000000000E+01
 1.94654170000000E+03  -2.07586000000000E+01
 1.94662500000000E+03  -2.20846000000000E+01
 1.94670830000000E+03  -1.41800000000000E+01
 1.94679170000000E+03  -8.58390000000000E+00
 1.94687500000000E+03  -5.29500000000000E+00
 1.94695830000000E+03  -8.16010000000000E+00
 1.94704170000000E+03  -1.41029000000000E+01
 1.94712500000000E+03  -2.38913000000000E+01
 1.94720830000000E+03  -2.44491000000000E+01
 1.94729170000000E+03  -2.50077000000000E+01
 1.94737500000000E+03  -2.47966000000000E+01
 1.94745830000000E+03  -1.68933000000000E+01
 1.94754170000000E+03  -9.76010000000000E+00
 1.94762500000000E+03   8.14290000000000E+00
 1.94770830000000E+03   2.37381000000000E+01
 1.94779170000000E+03   2.62555000000000E+01
 1.94787500000000E+03   2.56965000000000E+01
 1.94795830000000E+03   3.20605000000000E+01
 1.94804170000000E+03   3.76544000000000E+01
 1.94812500000000E+03   3.86334000000000E+01
 1.94820830000000E+03   3.88431000000000E+01
 1.94829170000000E+03   3.28981000000000E+01
 1.94837500000000E+03   2.69536000000000E+01
 1.94845830000000E+03   2.79321000000000E+01
 1.94854170000000E+03   1.50636000000000E+01
 1.94862500000000E+03  -2.41980000000000E+00
 1.94870830000000E+03  -2.83649000000000E+01
 1.94879170000000E+03  -4.58492000000000E+01
 1.94887500000000E+03  -5.64099000000000E+01
 1.94895830000000E+03  -6.38939000000000E+01
 1.94904170000000E+03  -7.36864000000000E+01
 1.94912500000000E+03  -8.27091000000000E+01
 1.94920830000000E+03  -8.94243000000000E+01
 1.94929170000000E+03  -9.76787000000000E+01
 1.94937500000000E+03  -1.05163400000000E+02
 1.94945830000000E+03  -1.02648200000000E+02
 1.94954170000000E+03  -9.32108000000000E+01
 1.94962500000000E+03  -8.30036000000000E+01
 1.94970830000000E+03  -6.97197000000000E+01
 1.94979170000000E+03  -5.33596000000000E+01
 1.94987500000000E+03  -3.77683000000000E+01
 1.94995830000000E+03  -2.37155000000000E+01
 1.95004170000000E+03  -1.81252000000000E+01
 1.95012500000000E+03  -2.48419000000000E+01
 1.95020830000000E+03  -3.84819000000000E+01
 1.95029170000000E+03  -4.59689000000000E+01
 1.95037500000000E+03  -4.65323000000000E+01
 1.95045830000000E+03  -3.86343000000000E+01
 1.95054170000000E+03  -2.53525000000000E+01
 1.95062500000000E+03  -2.13009000000000E+01
 1.95070830000000E+03  -6.48020000000000E+00
 1.95079170000000E+03   7.57040000000000E+00
 1.95087500000000E+03   2.16215000000000E+01
 1.95095830000000E+03   3.10571000000000E+01
 1.95104170000000E+03   3.81842000000000E+01
 1.95112500000000E+03   4.37734000000000E+01
 1.95120830000000E+03   4.93624000000000E+01
 1.95129170000000E+03   5.34121000000000E+01
 1.95137500000000E+03   4.59239000000000E+01
 1.95145830000000E+03   4.76663000000000E+01
 1.95154170000000E+03   4.78694000000000E+01
 1.95162500000000E+03   4.11500000000000E+01
 1.95170830000000E+03   3.90458000000000E+01
 1.95179170000000E+03   3.77101000000000E+01
 1.95187500000000E+03   3.17595000000000E+01
 1.95195830000000E+03   2.19625000000000E+01
 1.95204170000000E+03   1.37032000000000E+01
 1.95212500000000E+03   3.13680000000000E+00
 1.95220830000000E+03  -1.43529000000000E+01
 1.95229170000000E+03  -2.33818000000000E+01
 1.95237500000000E+03  -2.31795000000000E+01
 1.95245830000000E+03  -9.13110000000000E+00
 1.95254170000000E+03   4.14720000000000E+00
 1.95262500000000E+03   2.28106000000000E+01
 1.95270830000000E+03   3.83970000000000E+01
 1.95279170000000E+03   4.01364000000000E+01
 1.95287500000000E+03   4.49532000000000E+01
 1.95295830000000E+03   5.20776000000000E+01
 1.95304170000000E+03   5.84320000000000E+01
 1.95312500000000E+03   5.63253000000000E+01
 1.95320830000000E+03   5.11416000000000E+01
 1.95329170000000E+03   5.13416000000000E+01
 1.95337500000000E+03   4.69268000000000E+01
 1.95345830000000E+03   3.86657000000000E+01
 1.95354170000000E+03   2.50192000000000E+01
 1.95362500000000E+03   7.52700000000000E+00
 1.95370830000000E+03  -1.76576000000000E+01
 1.95379170000000E+03  -4.13046000000000E+01
 1.95387500000000E+03  -4.57202000000000E+01
 1.95395830000000E+03  -5.16745000000000E+01
 1.95404170000000E+03  -5.60912000000000E+01
 1.95412500000000E+03  -6.66611000000000E+01
 1.95420830000000E+03  -7.41543000000000E+01
 1.95429170000000E+03  -7.78022000000000E+01
 1.95437500000000E+03  -7.60649000000000E+01
 1.95445830000000E+03  -6.50970000000000E+01
 1.95454170000000E+03  -4.95145000000000E+01
 1.95462500000000E+03  -3.23930000000000E+01
 1.95470830000000E+03  -1.14256000000000E+01
 1.95479170000000E+03   1.26180000000000E+01
 1.95487500000000E+03   3.12775000000000E+01
 1.95495830000000E+03   4.07061000000000E+01
 1.95504170000000E+03   4.85954000000000E+01
 1.95512500000000E+03   5.49467000000000E+01
 1.95520830000000E+03   6.20672000000000E+01
 1.95529170000000E+03   6.53406000000000E+01
 1.95537500000000E+03   7.63069000000000E+01
 1.95545830000000E+03   8.49654000000000E+01
 1.95554170000000E+03   9.20846000000000E+01
 1.95562500000000E+03   1.00742700000000E+02
 1.95570830000000E+03   1.06323800000000E+02
 1.95579170000000E+03   1.03442600000000E+02
 1.95587500000000E+03   1.04408000000000E+02
 1.95595830000000E+03   1.06911700000000E+02
 1.95604170000000E+03   1.10953100000000E+02
 1.95612500000000E+03   1.04225800000000E+02
 1.95620830000000E+03   9.05753000000000E+01
 1.95629170000000E+03   7.30777000000000E+01
 1.95637500000000E+03   6.63500000000000E+01
 1.95645830000000E+03   5.65451000000000E+01
 1.95654170000000E+03   4.98164000000000E+01
 1.95662500000000E+03   3.77036000000000E+01
 1.95670830000000E+03   2.71291000000000E+01
 1.95679170000000E+03   1.27076000000000E+01
 1.95687500000000E+03   8.28660000000000E+00
 1.95695830000000E+03   2.32710000000000E+00
 1.95704170000000E+03  -5.94100000000000E+00
 1.95712500000000E+03  -1.72854000000000E+01
 1.95720830000000E+03  -2.70916000000000E+01
 1.95729170000000E+03  -3.68986000000000E+01
 1.95737500000000E+03  -3.74742000000000E+01
 1.95745830000000E+03  -3.88193000000000E+01
 1.95754170000000E+03  -3.40113000000000E+01
 1.95762500000000E+03  -2.76644000000000E+01
 1.95770830000000E+03  -1.51637000000000E+01
 1.95779170000000E+03   4.13100000000000E-01
 1.95787500000000E+03   2.21442000000000E+01
 1.95795830000000E+03   4.00290000000000E+01
 1.95804170000000E+03   5.25284000000000E+01
 1.95812500000000E+03   5.81053000000000E+01
 1.95820830000000E+03   5.98359000000000E+01
 1.95829170000000E+03   5.84886000000000E+01
 1.95837500000000E+03   5.63728000000000E+01
 1.95845830000000E+03   5.04106000000000E+01
 1.95854170000000E+03   5.52168000000000E+01
 1.95862500000000E+03   6.07928000000000E+01
 1.95870830000000E+03   5.63686000000000E+01
 1.95879170000000E+03   4.65590000000000E+01
 1.95887500000000E+03   3.44422000000000E+01
 1.95895830000000E+03   2.23253000000000E+01
 1.95904170000000E+03   7.89980000000000E+00
 1.95912500000000E+03  -4.98660000000000E+00
 1.95920830000000E+03  -1.47963000000000E+01
 1.95929170000000E+03  -2.84529000000000E+01
 1.95937500000000E+03  -3.13398000000000E+01
 1.95945830000000E+03  -2.73037000000000E+01
 1.95954170000000E+03  -1.24993000000000E+01
 1.95962500000000E+03  -1.00020000000000E+01
 1.95970830000000E+03  -1.13510000000000E+01
 1.95979170000000E+03  -5.77780000000000E+00
 1.95987500000000E+03  -2.04000000000000E-01
 1.95995830000000E+03   6.13890000000000E+00
 1.96004170000000E+03   1.17117000000000E+01
 1.96012500000000E+03   1.65158000000000E+01
 1.96020830000000E+03   1.36275000000000E+01
 1.96029170000000E+03   1.15075000000000E+01
 1.96037500000000E+03   2.47727000000000E+01
 1.96045830000000E+03   3.57301000000000E+01
 1.96054170000000E+03   5.05328000000000E+01
 1.96062500000000E+03   5.53360000000000E+01
 1.96070830000000E+03   5.47545000000000E+01
 1.96079170000000E+03   4.95567000000000E+01
 1.96087500000000E+03   4.97442000000000E+01
 1.96095830000000E+03   5.68545000000000E+01
 1.96104170000000E+03   5.85794000000000E+01
 1.96112500000000E+03   5.03048000000000E+01
 1.96120830000000E+03   3.20301000000000E+01
 1.96129170000000E+03   1.45238000000000E+01
 1.96137500000000E+03   6.24880000000000E+00
 1.96145830000000E+03  -1.25710000000000E+00
 1.96154170000000E+03  -4.14850000000000E+00
 1.96162500000000E+03  -1.01163000000000E+01
 1.96170830000000E+03  -1.06996000000000E+01
 1.96179170000000E+03  -1.28370000000000E+00
 1.96187500000000E+03   7.36350000000000E+00
 1.96195830000000E+03   1.29336000000000E+01
 1.96204170000000E+03   8.50290000000000E+00
 1.96212500000000E+03  -2.08110000000000E+00
 1.96220830000000E+03  -1.26653000000000E+01
 1.96229170000000E+03  -1.55580000000000E+01
 1.96237500000000E+03  -1.22963000000000E+01
 1.96245830000000E+03  -9.80400000000000E+00
 1.96254170000000E+03  -2.69710000000000E+00
 1.96262500000000E+03   1.33340000000000E+00
 1.96270830000000E+03   8.44070000000000E+00
 1.96279170000000E+03   1.47779000000000E+01
 1.96287500000000E+03   1.80387000000000E+01
 1.96295830000000E+03   2.20686000000000E+01
 1.96304170000000E+03   2.45592000000000E+01
 1.96312500000000E+03   2.32042000000000E+01
 1.96320830000000E+03   1.95413000000000E+01
 1.96329170000000E+03   1.81853000000000E+01
 1.96337500000000E+03   1.68299000000000E+01
 1.96345830000000E+03   2.39358000000000E+01
 1.96354170000000E+03   2.25794000000000E+01
 1.96362500000000E+03   6.60810000000000E+00
 1.96370830000000E+03  -4.74790000000000E+00
 1.96379170000000E+03  -1.61048000000000E+01
 1.96387500000000E+03  -2.20765000000000E+01
 1.96395830000000E+03  -2.95868000000000E+01
 1.96404170000000E+03  -4.32518000000000E+01
 1.96412500000000E+03  -5.92239000000000E+01
 1.96420830000000E+03  -7.28885000000000E+01
 1.96429170000000E+03  -8.04001000000000E+01
 1.96437500000000E+03  -8.17573000000000E+01
 1.96445830000000E+03  -8.00378000000000E+01
 1.96454170000000E+03  -8.75498000000000E+01
 1.96462500000000E+03  -8.50613000000000E+01
 1.96470830000000E+03  -7.64191000000000E+01
 1.96479170000000E+03  -7.23931000000000E+01
 1.96487500000000E+03  -6.45204000000000E+01
 1.96495830000000E+03  -6.58786000000000E+01
 1.96504170000000E+03  -6.49300000000000E+01
 1.96512500000000E+03  -5.70578000000000E+01
 1.96520830000000E+03  -5.22626000000000E+01
 1.96529170000000E+03  -4.90067000000000E+01
 1.96537500000000E+03  -4.80580000000000E+01
 1.96545830000000E+03  -4.24940000000000E+01
 1.96554170000000E+03  -2.77001000000000E+01
 1.96562500000000E+03  -1.13672000000000E+01
 1.96570830000000E+03   1.11940000000000E+00
 1.96579170000000E+03   9.75900000000000E+00
 1.96587500000000E+03   1.99377000000000E+01
 1.96595830000000E+03   1.85777000000000E+01
 1.96604170000000E+03   1.87553000000000E+01
 1.96612500000000E+03   1.35489000000000E+01
 1.96620830000000E+03   4.49610000000000E+00
 1.96629170000000E+03  -9.17280000000000E+00
 1.96637500000000E+03  -1.74566000000000E+01
 1.96645830000000E+03  -1.26636000000000E+01
 1.96654170000000E+03  -6.33300000000000E+00
 1.96662500000000E+03  -1.46173000000000E+01
 1.96670830000000E+03  -2.36709000000000E+01
 1.96679170000000E+03  -3.34946000000000E+01
 1.96687500000000E+03  -3.63946000000000E+01
 1.96695830000000E+03  -3.92948000000000E+01
 1.96704170000000E+03  -3.98882000000000E+01
 1.96712500000000E+03  -4.66348000000000E+01
 1.96720830000000E+03  -5.64585000000000E+01
 1.96729170000000E+03  -6.47446000000000E+01
 1.96737500000000E+03  -5.84148000000000E+01
 1.96745830000000E+03  -4.90082000000000E+01
 1.96754170000000E+03  -4.19101000000000E+01
 1.96762500000000E+03  -4.25038000000000E+01
 1.96770830000000E+03  -3.84822000000000E+01
 1.96779170000000E+03  -3.44615000000000E+01
 1.96787500000000E+03  -3.19787000000000E+01
 1.96795830000000E+03  -3.48807000000000E+01
 1.96804170000000E+03  -4.47066000000000E+01
 1.96812500000000E+03  -5.45319000000000E+01
 1.96820830000000E+03  -5.74343000000000E+01
 1.96829170000000E+03  -5.26452000000000E+01
 1.96837500000000E+03  -5.09326000000000E+01
 1.96845830000000E+03  -5.61431000000000E+01
 1.96854170000000E+03  -5.90468000000000E+01
 1.96862500000000E+03  -6.42576000000000E+01
 1.96870830000000E+03  -6.94686000000000E+01
 1.96879170000000E+03  -7.23727000000000E+01
 1.96887500000000E+03  -7.14301000000000E+01
 1.96895830000000E+03  -7.12569000000000E+01
 1.96904170000000E+03  -7.10845000000000E+01
 1.96912500000000E+03  -7.01424000000000E+01
 1.96920830000000E+03  -7.61235000000000E+01
 1.96929170000000E+03  -9.28746000000000E+01
 1.96937500000000E+03  -1.18086800000000E+02
 1.96945830000000E+03  -1.25606700000000E+02
 1.96954170000000E+03  -1.13896800000000E+02
 1.96962500000000E+03  -9.83402000000000E+01
 1.96970830000000E+03  -8.20144000000000E+01
 1.96979170000000E+03  -6.33819000000000E+01
 1.96987500000000E+03  -4.47487000000000E+01
 1.96995830000000E+03  -4.15003000000000E+01
 1.97004170000000E+03  -2.44067000000000E+01
 1.97012500000000E+03  -1.42355000000000E+01
 1.97020830000000E+03  -1.02183000000000E+01
 1.97029170000000E+03  -5.43280000000000E+00
 1.97037500000000E+03   5.50710000000000E+00
 1.97045830000000E+03   3.18316000000000E+01
 1.97054170000000E+03   4.58474000000000E+01
 1.97062500000000E+03   4.83254000000000E+01
 1.97070830000000E+03   4.31109000000000E+01
 1.97079170000000E+03   3.94340000000000E+01
 1.97087500000000E+03   3.72962000000000E+01
 1.97095830000000E+03   3.05428000000000E+01
 1.97104170000000E+03   3.30193000000000E+01
 1.97112500000000E+03   2.47272000000000E+01
 1.97120830000000E+03   1.25888000000000E+01
 1.97129170000000E+03  -3.19800000000000E-01
 1.97137500000000E+03  -1.24585000000000E+01
 1.97145830000000E+03   7.87300000000000E-01
 1.97154170000000E+03  -2.89090000000000E+00
 1.97162500000000E+03  -1.42609000000000E+01
 1.97170830000000E+03  -2.94771000000000E+01
 1.97179170000000E+03  -4.54635000000000E+01
 1.97187500000000E+03  -5.76031000000000E+01
 1.97195830000000E+03  -6.66659000000000E+01
 1.97204170000000E+03  -7.41911000000000E+01
 1.97212500000000E+03  -7.55619000000000E+01
 1.97220830000000E+03  -8.07791000000000E+01
 1.97229170000000E+03  -8.13817000000000E+01
 1.97237500000000E+03  -7.04452000000000E+01
 1.97245830000000E+03  -4.95089000000000E+01
 1.97254170000000E+03  -5.24197000000000E+01
 1.97262500000000E+03  -5.91760000000000E+01
 1.97270830000000E+03  -6.59324000000000E+01
 1.97279170000000E+03  -5.88436000000000E+01
 1.97287500000000E+03  -4.63696000000000E+01
 1.97295830000000E+03  -3.92803000000000E+01
 1.97304170000000E+03  -3.83458000000000E+01
 1.97312500000000E+03  -4.20260000000000E+01
 1.97320830000000E+03  -6.03218000000000E+01
 1.97329170000000E+03  -7.63108000000000E+01
 1.97337500000000E+03  -8.53761000000000E+01
 1.97345830000000E+03  -9.36723000000000E+01
 1.97354170000000E+03  -1.01200200000000E+02
 1.97362500000000E+03  -1.08727500000000E+02
 1.97370830000000E+03  -1.03947300000000E+02
 1.97379170000000E+03  -9.37833000000000E+01
 1.97387500000000E+03  -9.28495000000000E+01
 1.97395830000000E+03  -9.34543000000000E+01
 1.97404170000000E+03  -9.55984000000000E+01
 1.97412500000000E+03  -9.77420000000000E+01
 1.97420830000000E+03  -9.68087000000000E+01
 1.97429170000000E+03  -9.20302000000000E+01
 1.97437500000000E+03  -7.72512000000000E+01
 1.97445830000000E+03  -6.01645000000000E+01
 1.97454170000000E+03  -4.61557000000000E+01
 1.97462500000000E+03  -3.59925000000000E+01
 1.97470830000000E+03  -2.89063000000000E+01
 1.97479170000000E+03  -2.10517000000000E+01
 1.97487500000000E+03  -5.50430000000000E+00
 1.97495830000000E+03   8.50450000000000E+00
 1.97504170000000E+03   2.09740000000000E+01
 1.97512500000000E+03   2.49825000000000E+01
 1.97520830000000E+03   2.36063000000000E+01
 1.97529170000000E+03   2.29984000000000E+01
 1.97537500000000E+03   1.93142000000000E+01
 1.97545830000000E+03   7.16830000000000E+00
 1.97554170000000E+03  -8.05540000000000E+00
 1.97562500000000E+03  -1.94323000000000E+01
 1.97570830000000E+03  -3.69633000000000E+01
 1.97579170000000E+03  -4.68028000000000E+01
 1.97587500000000E+03  -5.27956000000000E+01
 1.97595830000000E+03  -6.18655000000000E+01
 1.97604170000000E+03  -7.55516000000000E+01
 1.97612500000000E+03  -9.15448000000000E+01
 1.97620830000000E+03  -1.01384300000000E+02
 1.97629170000000E+03  -1.09686300000000E+02
 1.97637500000000E+03  -1.19526100000000E+02
 1.97645830000000E+03  -1.16289100000000E+02
 1.97654170000000E+03  -1.13053100000000E+02
 1.97662500000000E+03  -1.08277900000000E+02
 1.97670830000000E+03  -9.81183000000000E+01
 1.97679170000000E+03  -8.33442000000000E+01
 1.97687500000000E+03  -6.70311000000000E+01
 1.97695830000000E+03  -5.76412000000000E+01
 1.97704170000000E+03  -4.97906000000000E+01
 1.97712500000000E+03  -4.57856000000000E+01
 1.97720830000000E+03  -4.40884000000000E+01
 1.97729170000000E+03  -5.00844000000000E+01
 1.97737500000000E+03  -5.91567000000000E+01
 1.97745830000000E+03  -5.82292000000000E+01
 1.97754170000000E+03  -6.11488000000000E+01
 1.97762500000000E+03  -6.09908000000000E+01
 1.97770830000000E+03  -5.39099000000000E+01
 1.97779170000000E+03  -4.91375000000000E+01
 1.97787500000000E+03  -4.20569000000000E+01
 1.97795830000000E+03  -3.65149000000000E+01
 1.97804170000000E+03  -3.09737000000000E+01
 1.97812500000000E+03  -2.77397000000000E+01
 1.97820830000000E+03  -2.68135000000000E+01
 1.97829170000000E+03  -2.97344000000000E+01
 1.97837500000000E+03  -3.03469000000000E+01
 1.97845830000000E+03  -2.71135000000000E+01
 1.97854170000000E+03  -2.00348000000000E+01
 1.97862500000000E+03  -1.41700000000000E+00
 1.97870830000000E+03   1.02775000000000E+01
 1.97879170000000E+03   2.04327000000000E+01
 1.97887500000000E+03   2.44347000000000E+01
 1.97895830000000E+03   2.61288000000000E+01
 1.97904170000000E+03   2.62835000000000E+01
 1.97912500000000E+03   2.56697000000000E+01
 1.97920830000000E+03   2.35172000000000E+01
 1.97929170000000E+03   2.29023000000000E+01
 1.97937500000000E+03   1.92110000000000E+01
 1.97945830000000E+03   1.93658000000000E+01
 1.97954170000000E+03   2.95197000000000E+01
 1.97962500000000E+03   2.81357000000000E+01
 1.97970830000000E+03   5.21310000000000E+00
 1.97979170000000E+03   7.51100000000000E-01
 1.97987500000000E+03  -4.47940000000000E+00
 1.97995830000000E+03  -1.04794000000000E+01
 1.98004170000000E+03  -1.95572000000000E+01
 1.98012500000000E+03  -3.32497000000000E+01
 1.98020830000000E+03  -5.23271000000000E+01
 1.98029170000000E+03  -5.60207000000000E+01
 1.98037500000000E+03  -5.89444000000000E+01
 1.98045830000000E+03  -4.72530000000000E+01
 1.98054170000000E+03  -3.32547000000000E+01
 1.98062500000000E+03  -2.54097000000000E+01
 1.98070830000000E+03  -1.60263000000000E+01
 1.98079170000000E+03   6.43300000000000E+00
 1.98087500000000E+03   1.81238000000000E+01
 1.98095830000000E+03   2.21221000000000E+01
 1.98104170000000E+03   2.53502000000000E+01
 1.98112500000000E+03   2.70405000000000E+01
 1.98120830000000E+03   2.33461000000000E+01
 1.98129170000000E+03   2.34969000000000E+01
 1.98137500000000E+03   1.98021000000000E+01
 1.98145830000000E+03   2.45687000000000E+01
 1.98154170000000E+03   3.62576000000000E+01
 1.98162500000000E+03   4.64085000000000E+01
 1.98170830000000E+03   4.96363000000000E+01
 1.98179170000000E+03   3.44016000000000E+01
 1.98187500000000E+03   3.45521000000000E+01
 1.98195830000000E+03   2.85486000000000E+01
 1.98204170000000E+03   2.48519000000000E+01
 1.98212500000000E+03   2.26943000000000E+01
 1.98220830000000E+03   2.51520000000000E+01
 1.98229170000000E+03   2.45318000000000E+01
 1.98237500000000E+03   2.23737000000000E+01
 1.98245830000000E+03   1.02155000000000E+01
 1.98254170000000E+03   3.44100000000000E+00
 1.98262500000000E+03  -1.10251000000000E+01
 1.98270830000000E+03  -2.70299000000000E+01
 1.98279170000000E+03  -3.45741000000000E+01
 1.98287500000000E+03  -2.28869000000000E+01
 1.98295830000000E+03  -2.65844000000000E+01
 1.98304170000000E+03  -2.79751000000000E+01
 1.98312500000000E+03  -3.01345000000000E+01
 1.98320830000000E+03  -4.15248000000000E+01
 1.98329170000000E+03  -5.59929000000000E+01
 1.98337500000000E+03  -6.66142000000000E+01
 1.98345830000000E+03  -7.41588000000000E+01
 1.98354170000000E+03  -7.40120000000000E+01
 1.98362500000000E+03  -7.92491000000000E+01
 1.98370830000000E+03  -8.37172000000000E+01
 1.98379170000000E+03  -8.28016000000000E+01
 1.98387500000000E+03  -9.72700000000000E+01
 1.98395830000000E+03  -9.86616000000000E+01
 1.98404170000000E+03  -1.06207900000000E+02
 1.98412500000000E+03  -1.14522900000000E+02
 1.98420830000000E+03  -1.43607200000000E+02
 1.98429170000000E+03  -1.51923300000000E+02
 1.98437500000000E+03  -1.57161700000000E+02
 1.98445830000000E+03  -1.55477300000000E+02
 1.98454170000000E+03  -1.52255300000000E+02
 1.98462500000000E+03  -1.45186500000000E+02
 1.98470830000000E+03  -1.51194800000000E+02
 1.98479170000000E+03  -1.58742500000000E+02
 1.98487500000000E+03  -1.64751100000000E+02
 1.98495830000000E+03  -1.46913700000000E+02
 1.98504170000000E+03  -1.43692600000000E+02
 1.98512500000000E+03  -1.38932400000000E+02
 1.98520830000000E+03  -1.42633900000000E+02
 1.98529170000000E+03  -1.21720900000000E+02
 1.98537500000000E+03  -1.20807300000000E+02
 1.98545830000000E+03  -1.14509200000000E+02
 1.98554170000000E+03  -9.28274000000000E+01
 1.98562500000000E+03  -6.42219000000000E+01
 1.98570830000000E+03  -4.56166000000000E+01
 1.98579170000000E+03  -3.16276000000000E+01
 1.98587500000000E+03  -2.53302000000000E+01
 1.98595830000000E+03  -9.80230000000000E+00
 1.98604170000000E+03  -5.81370000000000E+00
 1.98612500000000E+03  -7.20910000000000E+00
 1.98620830000000E+03  -1.39893000000000E+01
 1.98629170000000E+03  -1.92319000000000E+01
 1.98637500000000E+03  -2.44739000000000E+01
 1.98645830000000E+03  -2.66391000000000E+01
 1.98654170000000E+03  -2.41898000000000E+01
 1.98662500000000E+03  -2.94323000000000E+01
 1.98670830000000E+03  -3.77518000000000E+01
 1.98679170000000E+03  -4.60722000000000E+01
 1.98687500000000E+03  -3.74689000000000E+01
 1.98695830000000E+03  -2.04043000000000E+01
 1.98704170000000E+03  -1.64174000000000E+01
 1.98712500000000E+03  -1.55069000000000E+01
 1.98720830000000E+03  -2.15196000000000E+01
 1.98729170000000E+03  -2.06101000000000E+01
 1.98737500000000E+03  -1.20077000000000E+01
 1.98745830000000E+03   1.20990000000000E+00
 1.98754170000000E+03   1.82728000000000E+01
 1.98762500000000E+03   2.53363000000000E+01
 1.98770830000000E+03   2.77842000000000E+01
 1.98779170000000E+03   3.25390000000000E+01
 1.98787500000000E+03   3.96021000000000E+01
 1.98795830000000E+03   4.66650000000000E+01
 1.98804170000000E+03   5.14193000000000E+01
 1.98812500000000E+03   4.84819000000000E+01
 1.98820830000000E+03   4.16982000000000E+01
 1.98829170000000E+03   4.72213000000000E+01
 1.98837500000000E+03   5.19758000000000E+01
 1.98845830000000E+03   5.59609000000000E+01
 1.98854170000000E+03   5.60989000000000E+01
 1.98862500000000E+03   4.46991000000000E+01
 1.98870830000000E+03   3.86838000000000E+01
 1.98879170000000E+03   3.18983000000000E+01
 1.98887500000000E+03   2.51135000000000E+01
 1.98895830000000E+03   1.75593000000000E+01
 1.98904170000000E+03   9.23490000000000E+00
 1.98912500000000E+03  -6.78120000000000E+00
 1.98920830000000E+03  -1.66435000000000E+01
 1.98929170000000E+03  -2.26607000000000E+01
 1.98937500000000E+03  -2.79079000000000E+01
 1.98945830000000E+03  -2.77707000000000E+01
 1.98954170000000E+03  -2.60960000000000E+01
 1.98962500000000E+03  -3.51899000000000E+01
 1.98970830000000E+03  -3.27454000000000E+01
 1.98979170000000E+03  -3.56865000000000E+01
 1.98987500000000E+03  -3.01654000000000E+01
 1.98995830000000E+03  -2.92599000000000E+01
 1.99004170000000E+03  -4.29706000000000E+01
 1.99012500000000E+03  -4.89884000000000E+01
 1.99020830000000E+03  -5.26987000000000E+01
 1.99029170000000E+03  -5.71791000000000E+01
 1.99037500000000E+03  -5.85820000000000E+01
 1.99045830000000E+03  -5.30619000000000E+01
 1.99054170000000E+03  -4.90812000000000E+01
 1.99062500000000E+03  -5.50999000000000E+01
 1.99070830000000E+03  -4.95803000000000E+01
 1.99079170000000E+03  -4.25232000000000E+01
 1.99087500000000E+03  -3.08500000000000E+01
 1.99095830000000E+03  -2.30231000000000E+01
 1.99104170000000E+03  -1.21202000000000E+01
 1.99112500000000E+03   8.01400000000000E+00
 1.99120830000000E+03  -2.62110000000000E+00
 1.99129170000000E+03   2.12750000000000E+00
 1.99137500000000E+03   2.26130000000000E+00
 1.99145830000000E+03   1.54719000000000E+01
 1.99154170000000E+03   1.40663000000000E+01
 1.99162500000000E+03   9.58430000000000E+00
 1.99170830000000E+03   8.17900000000000E+00
 1.99179170000000E+03   2.92680000000000E+00
 1.99187500000000E+03  -2.32490000000000E+00
 1.99195830000000E+03  -1.60383000000000E+01
 1.99204170000000E+03  -2.35987000000000E+01
 1.99212500000000E+03  -4.19277000000000E+01
 1.99220830000000E+03  -5.87184000000000E+01
 1.99229170000000E+03  -5.78177000000000E+01
 1.99237500000000E+03  -5.15318000000000E+01
 1.99245830000000E+03  -3.75537000000000E+01
 1.99254170000000E+03  -3.74227000000000E+01
 1.99262500000000E+03  -3.57526000000000E+01
 1.99270830000000E+03  -3.63904000000000E+01
 1.99279170000000E+03  -3.16444000000000E+01
 1.99287500000000E+03  -2.45901000000000E+01
 1.99295830000000E+03  -1.21514000000000E+01
 1.99304170000000E+03   1.82490000000000E+00
 1.99312500000000E+03   2.72490000000000E+00
 1.99320830000000E+03   1.20862000000000E+01
 1.99329170000000E+03   1.99082000000000E+01
 1.99337500000000E+03   2.92693000000000E+01
 1.99345830000000E+03   2.55533000000000E+01
 1.99354170000000E+03   1.72211000000000E+01
 1.99362500000000E+03   1.35048000000000E+01
 1.99370830000000E+03   1.20960000000000E+01
 1.99379170000000E+03   1.60710000000000E+01
 1.99387500000000E+03   2.31235000000000E+01
 1.99395830000000E+03   2.86374000000000E+01
 1.99404170000000E+03   2.95350000000000E+01
 1.99412500000000E+03   3.12025000000000E+01
 1.99420830000000E+03   3.36390000000000E+01
 1.99429170000000E+03   3.37670000000000E+01
 1.99437500000000E+03   4.00494000000000E+01
 1.99445830000000E+03   4.78701000000000E+01
 1.99454170000000E+03   5.18437000000000E+01
 1.99462500000000E+03   5.81257000000000E+01
 1.99470830000000E+03   6.20998000000000E+01
 1.99479170000000E+03   6.60730000000000E+01
 1.99487500000000E+03   6.15853000000000E+01
 1.99495830000000E+03   5.40206000000000E+01
 1.99504170000000E+03   5.87626000000000E+01
 1.99512500000000E+03   5.58129000000000E+01
 1.99520830000000E+03   5.28630000000000E+01
 1.99529170000000E+03   5.06815000000000E+01
 1.99537500000000E+03   4.61929000000000E+01
 1.99545830000000E+03   4.17042000000000E+01
 1.99554170000000E+03   4.10607000000000E+01
 1.99562500000000E+03   3.65717000000000E+01
 1.99570830000000E+03   3.43902000000000E+01
 1.99579170000000E+03   2.75924000000000E+01
 1.99587500000000E+03   2.54107000000000E+01
 1.99595830000000E+03   3.32288000000000E+01
 1.99604170000000E+03   3.87382000000000E+01
 1.99612500000000E+03   1.96329000000000E+01
 1.99620830000000E+03   1.51429000000000E+01
 1.99629170000000E+03   1.91135000000000E+01
 1.99637500000000E+03   1.77000000000000E+01
 1.99645830000000E+03   2.39788000000000E+01
 1.99654170000000E+03   3.79489000000000E+01
 1.99662500000000E+03   4.19197000000000E+01
 1.99670830000000E+03   4.43518000000000E+01
 1.99679170000000E+03   4.83215000000000E+01
 1.99687500000000E+03   5.15226000000000E+01
 1.99695830000000E+03   5.62620000000000E+01
 1.99704170000000E+03   6.10005000000000E+01
 1.99712500000000E+03   7.03550000000000E+01
 1.99720830000000E+03   8.74017000000000E+01
 1.99729170000000E+03   9.36782000000000E+01
 1.99737500000000E+03   8.99553000000000E+01
 1.99745830000000E+03   9.62323000000000E+01
 1.99754170000000E+03   1.00969900000000E+02
 1.99762500000000E+03   1.04169700000000E+02
 1.99770830000000E+03   1.08907700000000E+02
 1.99779170000000E+03   1.14414100000000E+02
 1.99787500000000E+03   1.21459600000000E+02
 1.99795830000000E+03   1.30812600000000E+02
 1.99804170000000E+03   1.24010900000000E+02
 1.99812500000000E+03   1.22594400000000E+02
 1.99820830000000E+03   1.12716200000000E+02
 1.99829170000000E+03   1.05144800000000E+02
 1.99837500000000E+03   1.02958700000000E+02
 1.99845830000000E+03   1.06157000000000E+02
 1.99854170000000E+03   1.01662100000000E+02
 1.99862500000000E+03   9.79370000000000E+01
 1.99870830000000E+03   8.88272000000000E+01
 1.99879170000000E+03   8.66395000000000E+01
 1.99887500000000E+03   9.44525000000000E+01
 1.99895830000000E+03   9.84191000000000E+01
 1.99904170000000E+03   1.03154100000000E+02
 1.99912500000000E+03   1.17120400000000E+02
 1.99920830000000E+03   1.18009700000000E+02
 1.99929170000000E+03   1.23513500000000E+02
 1.99937500000000E+03   1.25171700000000E+02
 1.99945830000000E+03   1.17599000000000E+02
 1.99954170000000E+03   1.12333100000000E+02
 1.99962500000000E+03   1.16298600000000E+02
 1.99970830000000E+03   1.17187000000000E+02
 1.99979170000000E+03   1.14997600000000E+02
 1.99987500000000E+03   1.15885700000000E+02
 1.99995830000000E+03   1.14466000000000E+02
 2.00004170000000E+03   1.02276100000000E+02
 2.00012500000000E+03   9.39331000000000E+01
 2.00020830000000E+03   8.32821000000000E+01
 2.00029170000000E+03   7.26303000000000E+01
 2.00037500000000E+03   5.73637000000000E+01
 2.00045830000000E+03   4.90200000000000E+01
 2.00054170000000E+03   4.83677000000000E+01
 2.00062500000000E+03   4.77161000000000E+01
 2.00070830000000E+03   5.39874000000000E+01
 2.00079170000000E+03   4.02577000000000E+01
 2.00087500000000E+03   5.72979000000000E+01
 2.00095830000000E+03   4.12611000000000E+01
 2.00112500000000E+03   3.22631000000000E+01
 2.00120830000000E+03   2.54565000000000E+01
 2.00129170000000E+03   1.71106000000000E+01
 2.00137500000000E+03   8.76530000000000E+00
 2.00145830000000E+03   5.80450000000000E+00
 2.00154170000000E+03   1.28428000000000E+01
 2.00162500000000E+03   1.52663000000000E+01
 2.00170830000000E+03   1.99974000000000E+01
 2.00179170000000E+03   2.78044000000000E+01
 2.00187500000000E+03   2.17659000000000E+01
 2.00195830000000E+03   3.80350000000000E+01
 2.00204170000000E+03   2.27647000000000E+01
 2.00212500000000E+03   3.67258000000000E+01
 2.00220830000000E+03   3.68406000000000E+01
 2.00229170000000E+03   4.46468000000000E+01
 2.00237500000000E+03   4.70690000000000E+01
 2.00245830000000E+03   4.94910000000000E+01
 2.00254170000000E+03   5.34506000000000E+01
 2.00262500000000E+03   5.89493000000000E+01
 2.00270830000000E+03   6.67555000000000E+01
 2.00279170000000E+03   7.22531000000000E+01
 2.00287500000000E+03   7.46744000000000E+01
 2.00295830000000E+03   8.01725000000000E+01
 2.00404170000000E+03   7.00920000000000E+01
 2.00412500000000E+03   7.02034000000000E+01
 2.00420830000000E+03   6.41609000000000E+01
 2.00429170000000E+03   5.19635000000000E+01
 2.00437500000000E+03   4.28437000000000E+01
 2.00445830000000E+03   4.06469000000000E+01
 2.00454170000000E+03   4.38337000000000E+01
 2.00462500000000E+03   4.70212000000000E+01
 2.00470830000000E+03   4.94393000000000E+01
 2.00479170000000E+03   4.95488000000000E+01
 2.00487500000000E+03   5.04281000000000E+01
 2.00495830000000E+03   4.74611000000000E+01
 2.00504170000000E+03   4.06471000000000E+01
 2.00512500000000E+03   4.15260000000000E+01
 2.00520830000000E+03   3.77894000000000E+01
 2.00529170000000E+03   4.09749000000000E+01
 2.00537500000000E+03   4.80072000000000E+01
 2.00545830000000E+03   4.96547000000000E+01
 2.00554170000000E+03   5.28398000000000E+01
 2.00562500000000E+03   5.14101000000000E+01
 2.00570830000000E+03   4.92111000000000E+01
 2.00579170000000E+03   4.70111000000000E+01
 2.00587500000000E+03   4.86579000000000E+01
 2.00595830000000E+03   5.10738000000000E+01
 2.00604170000000E+03   5.50272000000000E+01
 2.00612500000000E+03   5.12890000000000E+01
 2.00620830000000E+03   4.52429000000000E+01
 2.00629170000000E+03   3.68882000000000E+01
 2.00637500000000E+03   2.93034000000000E+01
 2.00645830000000E+03   2.55645000000000E+01
 2.00654170000000E+03   2.02863000000000E+01
 2.00662500000000E+03   1.34703000000000E+01
 2.00670830000000E+03   1.35772000000000E+01
 2.00679170000000E+03   1.36831000000000E+01
 2.00687500000000E+03   4.55890000000000E+00
 2.00695830000000E+03  -2.25770000000000E+00
 2.00704170000000E+03  -1.36906000000000E+01
 2.00712500000000E+03  -3.20460000000000E+01
 2.00720830000000E+03  -4.04015000000000E+01
 2.00729170000000E+03  -5.26042000000000E+01
 2.00737500000000E+03  -5.09600000000000E+01
 2.00745830000000E+03  -6.23929000000000E+01
 2.00754170000000E+03  -6.30575000000000E+01
 2.00762500000000E+03  -6.52599000000000E+01
 2.00770830000000E+03  -7.36163000000000E+01
 2.00779170000000E+03  -7.81275000000000E+01
 2.00787500000000E+03  -7.87919000000000E+01
 2.00795830000000E+03  -7.56103000000000E+01
 2.00804170000000E+03  -7.62757000000000E+01
 2.00812500000000E+03  -8.00175000000000E+01
 2.00820830000000E+03  -8.45286000000000E+01
 2.00829170000000E+03  -8.59638000000000E+01
 2.00837500000000E+03  -8.81675000000000E+01
 2.00845830000000E+03  -9.26791000000000E+01
 2.00854170000000E+03  -8.87301000000000E+01
 2.00862500000000E+03  -8.93958000000000E+01
 2.00870830000000E+03  -8.16001000000000E+01
 2.00879170000000E+03  -6.99592000000000E+01
 2.00887500000000E+03  -6.37023000000000E+01
 2.00895830000000E+03  -6.59070000000000E+01
 2.00904170000000E+03  -6.50358000000000E+01
 2.00912500000000E+03  -6.57024000000000E+01
 2.00920830000000E+03  -6.40614000000000E+01
 2.00929170000000E+03  -6.39599000000000E+01
 2.00937500000000E+03  -6.07807000000000E+01
 2.00945830000000E+03  -4.99095000000000E+01
 2.00954170000000E+03  -3.59622000000000E+01
 2.00962500000000E+03  -1.66297000000000E+01
 2.00970830000000E+03   5.01040000000000E+00
 2.00979170000000E+03   1.66496000000000E+01
 2.00987500000000E+03   2.52124000000000E+01
 2.00995830000000E+03   3.91598000000000E+01
 2.01004170000000E+03   5.92600000000000E+01
 2.01012500000000E+03   7.01301000000000E+01
 2.01020830000000E+03   7.33078000000000E+01
 2.01029170000000E+03   8.10999000000000E+01
 2.01037500000000E+03   8.73542000000000E+01
 2.01045830000000E+03   9.74545000000000E+01
 2.01054170000000E+03   1.09861500000000E+02
 2.01062500000000E+03   1.13807700000000E+02
 2.01070830000000E+03   1.09292100000000E+02
 2.01079170000000E+03   9.47757000000000E+01
 2.01087500000000E+03   8.64137000000000E+01
 2.01095830000000E+03   8.49747000000000E+01
 2.01104170000000E+03   7.43039000000000E+01
 2.01112500000000E+03   5.97877000000000E+01
 2.01120830000000E+03   4.68097000000000E+01
 2.01129170000000E+03   4.07539000000000E+01
 2.01137500000000E+03   3.62372000000000E+01
 2.01145830000000E+03   3.17204000000000E+01
 2.01154170000000E+03   2.18180000000000E+01
 2.01162500000000E+03   8.07010000000000E+00
 2.01170830000000E+03  -5.67800000000000E+00
 2.01179170000000E+03  -2.09655000000000E+01
 2.01187500000000E+03  -2.47138000000000E+01
 2.01195830000000E+03  -2.46161000000000E+01
 2.01204170000000E+03  -3.06733000000000E+01
 2.01212500000000E+03  -3.21143000000000E+01
 2.01220830000000E+03  -4.43248000000000E+01
 2.01229170000000E+03  -5.19208000000000E+01
 2.01237500000000E+03  -5.56701000000000E+01
 2.01245830000000E+03  -5.78810000000000E+01
 2.01254170000000E+03  -5.00928000000000E+01
 2.01262500000000E+03  -4.61502000000000E+01
 2.01270830000000E+03  -3.68231000000000E+01
 2.01279170000000E+03  -2.74969000000000E+01
 2.01287500000000E+03  -1.27855000000000E+01
 2.01295830000000E+03  -6.53570000000000E+00
 2.01304170000000E+03   2.02080000000000E+00
 2.01312500000000E+03   7.50100000000000E+00
 2.01320830000000E+03   8.36570000000000E+00
 2.01329170000000E+03   1.69218000000000E+01
 2.01337500000000E+03   2.00939000000000E+01
 2.01345830000000E+03   2.78812000000000E+01
 2.01354170000000E+03   2.64368000000000E+01
 2.01362500000000E+03   2.34546000000000E+01
 2.01370830000000E+03   2.35492000000000E+01
 2.01379170000000E+03   1.21044000000000E+01
 2.01387500000000E+03   3.73720000000000E+00
 2.01395830000000E+03   1.52360000000000E+00
 2.01404170000000E+03  -6.90900000000000E-01
 2.01412500000000E+03  -6.75090000000000E+00
 2.01420830000000E+03  -8.96480000000000E+00
 2.01429170000000E+03  -1.50259000000000E+01
 2.01437500000000E+03  -1.49325000000000E+01
 2.01445830000000E+03  -8.68540000000000E+00
 2.01454170000000E+03  -9.36230000000000E+00
 2.01462500000000E+03  -2.34620000000000E+00
 2.01470830000000E+03   2.36200000000000E+00
 2.01479170000000E+03   4.76160000000000E+00
 2.01487500000000E+03   8.70020000000000E+00
 2.01495830000000E+03   1.11003000000000E+01
 2.01504170000000E+03   8.88410000000000E+00
 2.01512500000000E+03   5.13000000000000E+00
 2.01520830000000E+03  -6.31650000000000E+00
 2.01529170000000E+03  -1.31486000000000E+01
 2.01537500000000E+03  -1.61338000000000E+01
 2.01545830000000E+03  -1.91192000000000E+01
 2.01554170000000E+03  -1.90287000000000E+01
 2.01562500000000E+03  -2.12451000000000E+01
 2.01570830000000E+03  -2.42310000000000E+01
 2.01579170000000E+03  -2.72178000000000E+01
 2.01587500000000E+03  -2.55885000000000E+01
 2.01595830000000E+03  -1.78056000000000E+01
 2.01604170000000E+03  -1.31005000000000E+01
 2.01612500000000E+03  -1.53179000000000E+01
 2.01620830000000E+03  -1.52277000000000E+01
 2.01629170000000E+03  -9.75380000000000E+00
 2.01637500000000E+03  -9.66390000000000E+00
 2.01645830000000E+03  -3.42030000000000E+00
 2.01654170000000E+03  -2.56230000000000E+00
 2.01662500000000E+03  -4.01130000000000E+00
 2.01670830000000E+03  -7.76810000000000E+00
 2.01679170000000E+03  -1.15259000000000E+01
 2.01687500000000E+03  -1.14369000000000E+01
 2.01695830000000E+03  -1.59634000000000E+01
 2.01704170000000E+03  -2.27985000000000E+01
 2.01712500000000E+03  -2.96330000000000E+01
 2.01720830000000E+03  -3.72369000000000E+01
 2.01729170000000E+03  -3.94571000000000E+01
 2.01737500000000E+03  -4.47536000000000E+01
 2.01745830000000E+03  -4.69732000000000E+01
 2.01754170000000E+03  -4.99631000000000E+01
 2.01762500000000E+03  -5.21831000000000E+01
 2.01770830000000E+03  -5.36340000000000E+01
 2.01779170000000E+03  -4.73936000000000E+01
 2.01787500000000E+03  -4.19217000000000E+01
 2.01795830000000E+03  -3.33730000000000E+01
 2.01804170000000E+03  -3.48253000000000E+01
 2.01812500000000E+03  -3.16616000000000E+01
 2.01820830000000E+03  -3.08056000000000E+01
 2.01829170000000E+03  -2.22584000000000E+01
 2.01837500000000E+03  -1.44797000000000E+01
 2.01845830000000E+03   6.37580000000000E+00
 2.01904170000000E+03   2.00499000000000E+01
 2.01912500000000E+03   3.16734000000000E+01
 2.01920830000000E+03   3.63737000000000E+01
 2.01929170000000E+03   3.33808000000000E+01
 2.01937500000000E+03   2.11577000000000E+01
 2.01945830000000E+03   1.35499000000000E+01
 2.01954170000000E+03   4.40260000000000E+00
 2.01962500000000E+03   3.71760000000000E+00
 2.01970830000000E+03  -1.58300000000000E+00
 2.01979170000000E+03  -7.65370000000000E+00
 2.01987500000000E+03  -9.87760000000000E+00
 2.01995830000000E+03  -9.79400000000000E+00
 2.02004170000000E+03  -2.66345000000000E+01
 2.02012500000000E+03  -4.36840000000000E+01
 2.02020830000000E+03  -5.90064000000000E+01
 2.02029170000000E+03  -6.42490000000000E+01
 2.02037500000000E+03  -6.06298000000000E+01
 2.02045830000000E+03  -4.43520000000000E+01
