 1.88704170000000E+03  -9.10872000000000E+01
 1.88712500000000E+03  -6.70713000000000E+01
 1.88720830000000E+03  -5.39287000000000E+01
 1.88729170000000E+03  -4.23971000000000E+01
 1.88737500000000E+03  -3.65829000000000E+01
 1.88745830000000E+03  -2.00568000000000E+01
 1.88754170000000E+03  -2.29828000000000E+01
 1.88762500000000E+03  -9.81940000000000E+00
 1.88770830000000E+03  -2.12714000000000E+01
 1.88779170000000E+03  -3.65696000000000E+01
 1.88787500000000E+03  -3.41757000000000E+01
 1.88795830000000E+03  -3.56282000000000E+01
 1.88804170000000E+03  -3.55421000000000E+01
 1.88812500000000E+03  -3.69948000000000E+01
 1.88820830000000E+03  -5.22937000000000E+01
 1.88829170000000E+03  -5.06695000000000E+01
 1.88837500000000E+03  -5.98148000000000E+01
 1.88845830000000E+03  -5.04987000000000E+01
 1.88854170000000E+03  -6.96442000000000E+01
 1.88862500000000E+03  -5.03283000000000E+01
 1.88870830000000E+03  -5.56279000000000E+01
 1.88879170000000E+03  -4.01584000000000E+01
 1.88887500000000E+03  -4.23813000000000E+01
 1.88895830000000E+03  -4.61428000000000E+01
 1.88904170000000E+03  -3.75967000000000E+01
 1.88912500000000E+03  -2.67431000000000E+01
 1.88920830000000E+03  -2.35819000000000E+01
 1.88929170000000E+03  -1.58054000000000E+01
 1.88937500000000E+03  -2.87983000000000E+01
 1.88945830000000E+03  -3.17913000000000E+01
 1.88954170000000E+03  -5.63228000000000E+01
 1.88962500000000E+03  -5.31622000000000E+01
 1.88970830000000E+03  -7.84632000000000E+01
 1.88979170000000E+03  -7.37643000000000E+01
 1.88987500000000E+03  -7.82964000000000E+01
 1.88995830000000E+03  -5.20594000000000E+01
 1.89004170000000E+03  -3.81301000000000E+01
 1.89012500000000E+03  -3.65087000000000E+01
 1.89020830000000E+03  -4.71951000000000E+01
 1.89029170000000E+03  -3.40353000000000E+01
 1.89037500000000E+03  -2.47220000000000E+01
 1.89045830000000E+03  -2.92549000000000E+01
 1.89054170000000E+03  -3.53263000000000E+01
 1.89062500000000E+03  -2.98594000000000E+01
 1.89070830000000E+03  -2.74696000000000E+01
 1.89079170000000E+03  -3.35414000000000E+01
 1.89087500000000E+03  -4.03826000000000E+01
 1.89095830000000E+03  -3.79931000000000E+01
 1.89104170000000E+03  -4.63730000000000E+01
 1.89112500000000E+03  -4.62914000000000E+01
 1.89120830000000E+03  -4.62100000000000E+01
 1.89129170000000E+03  -4.38210000000000E+01
 1.89137500000000E+03  -6.98937000000000E+01
 1.89145830000000E+03  -7.90434000000000E+01
 1.89154170000000E+03  -6.43470000000000E+01
 1.89162500000000E+03  -4.50354000000000E+01
 1.89170830000000E+03  -5.88009000000000E+01
 1.89179170000000E+03  -6.64126000000000E+01
 1.89187500000000E+03  -5.32552000000000E+01
 1.89195830000000E+03  -4.16364000000000E+01
 1.89204170000000E+03  -2.30946000000000E+01
 1.89212500000000E+03  -1.60915000000000E+01
 1.89220830000000E+03  -1.83192000000000E+01
 1.89229170000000E+03  -2.43931000000000E+01
 1.89237500000000E+03  -4.04672000000000E+01
 1.89245830000000E+03  -2.88492000000000E+01
 1.89254170000000E+03  -3.87696000000000E+01
 1.89262500000000E+03  -4.86902000000000E+01
 1.89270830000000E+03  -5.39956000000000E+01
 1.89279170000000E+03  -3.54548000000000E+01
 1.89287500000000E+03  -3.76835000000000E+01
 1.89295830000000E+03  -3.60662000000000E+01
 1.89304170000000E+03  -3.75258000000000E+01
 1.89312500000000E+03  -4.20625000000000E+01
 1.89320830000000E+03  -2.89071000000000E+01
 1.89329170000000E+03  -1.72901000000000E+01
 1.89337500000000E+03   3.55740000000000E+00
 1.89345830000000E+03   2.51740000000000E+01
 1.89354170000000E+03   1.60214000000000E+01
 1.89362500000000E+03   4.60993000000000E+01
 1.89370830000000E+03   5.77156000000000E+01
 1.89379170000000E+03   4.01010000000000E+01
 1.89387500000000E+03   3.17171000000000E+01
 1.89395830000000E+03   3.71791000000000E+01
 1.89404170000000E+03   3.80258000000000E+01
 1.89412500000000E+03   4.34876000000000E+01
 1.89420830000000E+03   4.81801000000000E+01
 1.89429170000000E+03   2.44110000000000E+01
 1.89437500000000E+03   8.33400000000000E+00
 1.89445830000000E+03  -6.20470000000000E+00
 1.89454170000000E+03  -1.07433000000000E+01
 1.89462500000000E+03  -1.75899000000000E+01
 1.89470830000000E+03  -4.59751000000000E+01
 1.89479170000000E+03  -5.20526000000000E+01
 1.89487500000000E+03  -4.73611000000000E+01
 1.89495830000000E+03  -4.49774000000000E+01
 1.89504170000000E+03  -3.49014000000000E+01
 1.89512500000000E+03  -3.09795000000000E+01
 1.89520830000000E+03  -2.32115000000000E+01
 1.89529170000000E+03  -2.08282000000000E+01
 1.89537500000000E+03  -6.90660000000000E+00
 1.89545830000000E+03  -2.98520000000000E+00
 1.89554170000000E+03  -1.21407000000000E+01
 1.89562500000000E+03  -5.91180000000000E+00
 1.89570830000000E+03   5.70160000000000E+00
 1.89579170000000E+03   5.77650000000000E+00
 1.89587500000000E+03   6.62050000000000E+00
 1.89595830000000E+03   1.66950000000000E+01
 1.89604170000000E+03   3.44619000000000E+01
 1.89612500000000E+03   3.29978000000000E+01
 1.89620830000000E+03   2.61489000000000E+01
 1.89629170000000E+03   1.23770000000000E+01
 1.89637500000000E+03   1.43200000000000E-01
 1.89645830000000E+03  -1.82444000000000E+01
 1.89654170000000E+03  -3.12475000000000E+01
 1.89662500000000E+03  -3.57893000000000E+01
 1.89670830000000E+03  -5.03312000000000E+01
 1.89679170000000E+03  -5.33346000000000E+01
 1.89687500000000E+03  -4.86460000000000E+01
 1.89695830000000E+03  -5.39575000000000E+01
 1.89704170000000E+03  -4.61920000000000E+01
 1.89712500000000E+03  -5.53499000000000E+01
 1.89720830000000E+03  -5.37387000000000E+01
 1.89729170000000E+03  -4.59736000000000E+01
 1.89737500000000E+03  -5.20549000000000E+01
 1.89745830000000E+03  -4.81363000000000E+01
 1.89754170000000E+03  -2.96024000000000E+01
 1.89762500000000E+03   4.31590000000000E+00
 1.89770830000000E+03   1.66957000000000E+01
 1.89779170000000E+03   1.52293000000000E+01
 1.89787500000000E+03   9.91650000000000E+00
 1.89795830000000E+03   1.07574000000000E+01
 1.89804170000000E+03   3.08291000000000E+01
 1.89812500000000E+03   3.16698000000000E+01
 1.89820830000000E+03   4.17411000000000E+01
 1.89829170000000E+03   3.18125000000000E+01
 1.89837500000000E+03   2.49605000000000E+01
 1.89845830000000E+03   4.96469000000000E+01
 1.89854170000000E+03   6.81794000000000E+01
 1.89862500000000E+03   7.20963000000000E+01
 1.89870830000000E+03   5.67823000000000E+01
 1.89879170000000E+03   6.14683000000000E+01
 1.89887500000000E+03   6.07694000000000E+01
 1.89895830000000E+03   7.46859000000000E+01
 1.89904170000000E+03   7.39869000000000E+01
 1.89912500000000E+03   7.09800000000000E+01
 1.89920830000000E+03   7.79730000000000E+01
 1.89929170000000E+03   8.26582000000000E+01
 1.89937500000000E+03   1.12727900000000E+02
 1.89945830000000E+03   1.33566700000000E+02
 1.89954170000000E+03   1.04405400000000E+02
 1.89962500000000E+03   7.37055000000000E+01
 1.89970830000000E+03   5.45440000000000E+01
 1.89979170000000E+03   3.38439000000000E+01
 1.89987500000000E+03   1.69898000000000E+01
 1.89995830000000E+03   2.16740000000000E+01
 1.90004170000000E+03   2.02043000000000E+01
 1.90012500000000E+03   2.64268000000000E+01
 1.90020830000000E+03   1.88029000000000E+01
 1.90029170000000E+03   2.11791000000000E+01
 1.90037500000000E+03   6.63190000000000E+00
 1.90045830000000E+03  -1.25307000000000E+01
 1.90054170000000E+03  -3.47703000000000E+01
 1.90062500000000E+03  -1.93178000000000E+01
 1.90070830000000E+03  -2.38655000000000E+01
 1.90079170000000E+03  -2.45670000000000E+01
 1.90087500000000E+03  -3.14225000000000E+01
 1.90095830000000E+03  -2.52013000000000E+01
 1.90104170000000E+03  -2.66724000000000E+01
 1.90112500000000E+03  -3.12206000000000E+01
 1.90120830000000E+03  -3.88459000000000E+01
 1.90129170000000E+03  -4.87788000000000E+01
 1.90137500000000E+03  -5.87120000000000E+01
 1.90145830000000E+03  -3.71069000000000E+01
 1.90154170000000E+03  -2.31941000000000E+01
 1.90162500000000E+03  -1.77430000000000E+01
 1.90170830000000E+03  -2.69075000000000E+01
 1.90179170000000E+03  -2.83796000000000E+01
 1.90187500000000E+03  -2.67751000000000E+01
 1.90195830000000E+03  -9.01680000000000E+00
 1.90204170000000E+03   4.89530000000000E+00
 1.90212500000000E+03   2.11148000000000E+01
 1.90220830000000E+03   2.96420000000000E+01
 1.90229170000000E+03   3.12460000000000E+01
 1.90237500000000E+03   3.59268000000000E+01
 1.90245830000000E+03   1.82997000000000E+01
 1.90254170000000E+03  -8.65900000000000E-01
 1.90262500000000E+03  -3.16000000000000E-02
 1.90270830000000E+03   7.72560000000000E+00
 1.90279170000000E+03   3.08674000000000E+01
 1.90287500000000E+03   4.63166000000000E+01
 1.90295830000000E+03   5.09965000000000E+01
 1.90304170000000E+03   5.79841000000000E+01
 1.90312500000000E+03   6.42023000000000E+01
 1.90320830000000E+03   6.81126000000000E+01
 1.90329170000000E+03   6.43306000000000E+01
 1.90337500000000E+03   7.43945000000000E+01
 1.90345830000000E+03   7.52275000000000E+01
 1.90354170000000E+03   7.29836000000000E+01
 1.90362500000000E+03   6.76626000000000E+01
 1.90370830000000E+03   2.77260000000000E+01
 1.90379170000000E+03   3.17410000000000E+00
 1.90387500000000E+03  -2.59935000000000E+01
 1.90395830000000E+03  -2.74688000000000E+01
 1.90404170000000E+03  -1.20212000000000E+01
 1.90412500000000E+03  -6.57370000000000E+00
 1.90420830000000E+03  -2.34340000000000E+01
 1.90429170000000E+03  -4.02944000000000E+01
 1.90437500000000E+03  -3.40781000000000E+01
 1.90445830000000E+03  -2.24772000000000E+01
 1.90454170000000E+03  -9.33800000000000E+00
 1.90462500000000E+03   1.99549000000000E+01
 1.90470830000000E+03   7.70930000000000E+00
 1.90479170000000E+03   1.93097000000000E+01
 1.90487500000000E+03   2.78330000000000E+01
 1.90495830000000E+03   3.25101000000000E+01
 1.90504170000000E+03   4.02640000000000E+01
 1.90512500000000E+03   3.80177000000000E+01
 1.90520830000000E+03   3.88483000000000E+01
 1.90529170000000E+03   5.04480000000000E+01
 1.90537500000000E+03   4.74321000000000E+01
 1.90545830000000E+03   4.74931000000000E+01
 1.90554170000000E+03   3.44771000000000E+01
 1.90562500000000E+03   2.83839000000000E+01
 1.90570830000000E+03   2.61368000000000E+01
 1.90579170000000E+03   3.77358000000000E+01
 1.90587500000000E+03   3.47192000000000E+01
 1.90595830000000E+03   4.32410000000000E+01
 1.90604170000000E+03   5.79166000000000E+01
 1.90612500000000E+03   6.33612000000000E+01
 1.90620830000000E+03   6.03441000000000E+01
 1.90629170000000E+03   4.34809000000000E+01
 1.90637500000000E+03   2.43097000000000E+01
 1.90645830000000E+03   4.43692000000000E+01
 1.90654170000000E+03   3.82749000000000E+01
 1.90662500000000E+03   2.83341000000000E+01
 1.90670830000000E+03   2.91625000000000E+01
 1.90679170000000E+03   9.99080000000000E+00
 1.90687500000000E+03   1.38959000000000E+01
 1.90695830000000E+03   2.01085000000000E+01
 1.90704170000000E+03   2.63211000000000E+01
 1.90712500000000E+03   3.56105000000000E+01
 1.90720830000000E+03   3.79766000000000E+01
 1.90729170000000E+03   2.88042000000000E+01
 1.90737500000000E+03   1.96316000000000E+01
 1.90745830000000E+03   1.81512000000000E+01
 1.90754170000000E+03  -2.56000000000000E+00
 1.90762500000000E+03   1.36517000000000E+01
 1.90770830000000E+03   3.70940000000000E+00
 1.90779170000000E+03  -2.23867000000000E+01
 1.90787500000000E+03  -2.46370000000000E+01
 1.90795830000000E+03  -3.15027000000000E+01
 1.90804170000000E+03  -3.06761000000000E+01
 1.90812500000000E+03  -3.36959000000000E+01
 1.90820830000000E+03  -4.13312000000000E+01
 1.90829170000000E+03  -5.89666000000000E+01
 1.90837500000000E+03  -6.81406000000000E+01
 1.90845830000000E+03  -4.80840000000000E+01
 1.90854170000000E+03  -4.41812000000000E+01
 1.90862500000000E+03  -3.79710000000000E+01
 1.90870830000000E+03  -7.32993000000000E+01
 1.90879170000000E+03  -7.24739000000000E+01
 1.90887500000000E+03  -6.24178000000000E+01
 1.90895830000000E+03  -5.39004000000000E+01
 1.90904170000000E+03  -4.07676000000000E+01
 1.90912500000000E+03  -2.22503000000000E+01
 1.90920830000000E+03  -2.29640000000000E+01
 1.90929170000000E+03  -3.36777000000000E+01
 1.90937500000000E+03  -1.90070000000000E+01
 1.90945830000000E+03  -6.64410000000000E+00
 1.90954170000000E+03   5.71870000000000E+00
 1.90962500000000E+03   1.80814000000000E+01
 1.90970830000000E+03   1.35209000000000E+01
 1.90979170000000E+03   2.35757000000000E+01
 1.90987500000000E+03   3.51687000000000E+01
 1.90995830000000E+03   3.90694000000000E+01
 1.91004170000000E+03   4.83546000000000E+01
 1.91012500000000E+03   4.76396000000000E+01
 1.91020830000000E+03   3.15399000000000E+01
 1.91029170000000E+03   2.92863000000000E+01
 1.91037500000000E+03   3.16478000000000E+01
 1.91045830000000E+03   1.24708000000000E+01
 1.91054170000000E+03   2.02169000000000E+01
 1.91062500000000E+03   1.13473000000000E+01
 1.91070830000000E+03   1.26315000000000E+01
 1.91079170000000E+03   1.18387000000000E+01
 1.91087500000000E+03   1.79688000000000E+01
 1.91095830000000E+03   1.31757000000000E+01
 1.91104170000000E+03   2.56902000000000E+01
 1.91112500000000E+03   1.81277000000000E+01
 1.91120830000000E+03   2.64880000000000E+01
 1.91129170000000E+03   3.16176000000000E+01
 1.91137500000000E+03   3.99778000000000E+01
 1.91145830000000E+03   3.40301000000000E+01
 1.91154170000000E+03   3.36978000000000E+01
 1.91162500000000E+03   2.06729000000000E+01
 1.91170830000000E+03   6.26340000000000E+00
 1.91179170000000E+03   4.39220000000000E+00
 1.91187500000000E+03   9.52090000000000E+00
 1.91195830000000E+03   1.72648000000000E+01
 1.91204170000000E+03   1.94702000000000E+01
 1.91212500000000E+03   1.90601000000000E+01
 1.91220830000000E+03   3.39575000000000E+01
 1.91229170000000E+03   2.03933000000000E+01
 1.91237500000000E+03   2.18289000000000E+01
 1.91245830000000E+03   3.08798000000000E+01
 1.91254170000000E+03   4.71614000000000E+01
 1.91262500000000E+03   5.38275000000000E+01
 1.91270830000000E+03   7.14934000000000E+01
 1.91279170000000E+03   8.14670000000000E+01
 1.91287500000000E+03   6.70557000000000E+01
 1.91295830000000E+03   7.07213000000000E+01
 1.91304170000000E+03   7.50791000000000E+01
 1.91312500000000E+03   9.17444000000000E+01
 1.91320830000000E+03   8.20250000000000E+01
 1.91329170000000E+03   5.63056000000000E+01
 1.91337500000000E+03   6.90475000000000E+01
 1.91345830000000E+03   1.05096900000000E+02
 1.91354170000000E+03   1.03146300000000E+02
 1.91362500000000E+03   1.07811000000000E+02
 1.91370830000000E+03   1.14013900000000E+02
 1.91379170000000E+03   9.53706000000000E+01
 1.91387500000000E+03   9.77272000000000E+01
 1.91395830000000E+03   1.05391300000000E+02
 1.91404170000000E+03   1.02363100000000E+02
 1.91412500000000E+03   9.55655000000000E+01
 1.91420830000000E+03   8.72292000000000E+01
 1.91429170000000E+03   9.95853000000000E+01
 1.91437500000000E+03   9.37873000000000E+01
 1.91445830000000E+03   8.78353000000000E+01
 1.91454170000000E+03   4.52679000000000E+01
 1.91462500000000E+03   2.00080000000000E+01
 1.91470830000000E+03  -1.40590000000000E+00
 1.91479170000000E+03  -6.74290000000000E+00
 1.91487500000000E+03  -6.00320000000000E+00
 1.91495830000000E+03  -1.07251000000000E+01
 1.91504170000000E+03  -5.67780000000000E+00
 1.91512500000000E+03   3.75390000000000E+00
 1.91520830000000E+03   1.11085000000000E+01
 1.91529170000000E+03  -9.98400000000000E-01
 1.91537500000000E+03  -1.71825000000000E+01
 1.91545830000000E+03   5.86410000000000E+00
 1.91554170000000E+03   1.10645000000000E+01
 1.91562500000000E+03   2.46493000000000E+01
 1.91570830000000E+03   1.70802000000000E+01
 1.91579170000000E+03   1.75109000000000E+01
 1.91587500000000E+03   1.28646000000000E+01
 1.91595830000000E+03   1.67567000000000E+01
 1.91604170000000E+03   2.04948000000000E+01
 1.91612500000000E+03   2.90020000000000E+01
 1.91620830000000E+03   2.52013000000000E+01
 1.91629170000000E+03   2.13237000000000E+01
 1.91637500000000E+03   2.63690000000000E+01
 1.91645830000000E+03   3.23372000000000E+01
 1.91654170000000E+03   2.12285000000000E+01
 1.91662500000000E+03  -5.03430000000000E+00
 1.91670830000000E+03  -3.09895000000000E+01
 1.91679170000000E+03  -2.04063000000000E+01
 1.91687500000000E+03  -2.21310000000000E+01
 1.91695830000000E+03  -2.60096000000000E+01
 1.91704170000000E+03  -2.67344000000000E+01
 1.91712500000000E+03  -3.70749000000000E+01
 1.91720830000000E+03  -4.33385000000000E+01
 1.91729170000000E+03  -3.81406000000000E+01
 1.91737500000000E+03  -3.63275000000000E+01
 1.91745830000000E+03  -6.05300000000000E+00
 1.91754170000000E+03  -5.31710000000000E+00
 1.91762500000000E+03  -2.81200000000000E+00
 1.91770830000000E+03  -1.76870000000000E+00
 1.91779170000000E+03  -4.49460000000000E+00
 1.91787500000000E+03  -2.49899000000000E+01
 1.91795830000000E+03  -1.49469000000000E+01
 1.91804170000000E+03   2.17290000000000E+00
 1.91812500000000E+03   1.01388000000000E+01
 1.91820830000000E+03   2.63353000000000E+01
 1.91829170000000E+03   3.10702000000000E+01
 1.91837500000000E+03   1.46511000000000E+01
 1.91845830000000E+03   1.07800000000000E+00
 1.91854170000000E+03  -3.17260000000000E+01
 1.91862500000000E+03  -4.42224000000000E+01
 1.91870830000000E+03  -6.11804000000000E+01
 1.91879170000000E+03  -5.60617000000000E+01
 1.91887500000000E+03  -5.45584000000000E+01
 1.91895830000000E+03  -2.77476000000000E+01
 1.91904170000000E+03  -2.31677000000000E+01
 1.91912500000000E+03  -1.42802000000000E+01
 1.91920830000000E+03  -1.48543000000000E+01
 1.91929170000000E+03  -1.29670000000000E+01
 1.91937500000000E+03  -3.87722000000000E+01
 1.91945830000000E+03  -3.31160000000000E+01
 1.91954170000000E+03  -2.72290000000000E+01
 1.91962500000000E+03  -2.02653000000000E+01
 1.91970830000000E+03  -3.53250000000000E+00
 1.91979170000000E+03   5.73870000000000E+00
 1.91987500000000E+03   1.40866000000000E+01
 1.91995830000000E+03   2.83575000000000E+01
 1.92004170000000E+03   2.67822000000000E+01
 1.92012500000000E+03   2.99760000000000E+01
 1.92020830000000E+03   1.64773000000000E+01
 1.92029170000000E+03  -5.94460000000000E+00
 1.92037500000000E+03  -3.63666000000000E+01
 1.92045830000000E+03  -4.12502000000000E+01
 1.92054170000000E+03  -3.55955000000000E+01
 1.92062500000000E+03  -3.27101000000000E+01
 1.92070830000000E+03  -3.68249000000000E+01
 1.92079170000000E+03  -3.72475000000000E+01
 1.92087500000000E+03  -3.95163000000000E+01
 1.92095830000000E+03  -3.89392000000000E+01
 1.92104170000000E+03  -2.78236000000000E+01
 1.92112500000000E+03  -2.05544000000000E+01
 1.92120830000000E+03  -2.22853000000000E+01
 1.92129170000000E+03  -1.47855000000000E+01
 1.92137500000000E+03   1.07142000000000E+01
 1.92145830000000E+03   2.67522000000000E+01
 1.92154170000000E+03   6.62516000000000E+01
 1.92162500000000E+03   4.32894000000000E+01
 1.92170830000000E+03   4.27116000000000E+01
 1.92179170000000E+03   3.60569000000000E+01
 1.92187500000000E+03   2.78635000000000E+01
 1.92195830000000E+03   4.43623000000000E+01
 1.92204170000000E+03   5.13995000000000E+01
 1.92212500000000E+03   5.01288000000000E+01
 1.92220830000000E+03   4.67042000000000E+01
 1.92229170000000E+03   3.57410000000000E+01
 1.92237500000000E+03   2.87777000000000E+01
 1.92245830000000E+03   3.38143000000000E+01
 1.92254170000000E+03   4.00046000000000E+01
 1.92262500000000E+03   2.80409000000000E+01
 1.92270830000000E+03   1.96155000000000E+01
 1.92279170000000E+03  -9.65600000000000E+00
 1.92287500000000E+03  -7.23550000000000E+00
 1.92295830000000E+03   6.95420000000000E+00
 1.92304170000000E+03   7.99000000000000E+00
 1.92312500000000E+03   1.61025000000000E+01
 1.92320830000000E+03   1.69072000000000E+01
 1.92329170000000E+03   2.92503000000000E+01
 1.92337500000000E+03   5.42086000000000E+01
 1.92345830000000E+03   6.01668000000000E+01
 1.92354170000000E+03   3.98941000000000E+01
 1.92362500000000E+03   3.75444000000000E+01
 1.92370830000000E+03   2.31945000000000E+01
 1.92379170000000E+03   4.54600000000000E+01
 1.92387500000000E+03   6.14176000000000E+01
 1.92395830000000E+03   6.64520000000000E+01
 1.92404170000000E+03   6.80248000000000E+01
 1.92412500000000E+03   6.26743000000000E+01
 1.92420830000000E+03   4.62468000000000E+01
 1.92429170000000E+03   3.65116000000000E+01
 1.92437500000000E+03   2.17761000000000E+01
 1.92445830000000E+03  -7.34400000000000E+00
 1.92454170000000E+03  -8.48900000000000E-01
 1.92462500000000E+03   1.74922000000000E+01
 1.92470830000000E+03   8.21790000000000E+00
 1.92479170000000E+03   5.32800000000000E+00
 1.92487500000000E+03  -5.33120000000000E+00
 1.92495830000000E+03   5.70180000000000E+00
 1.92504170000000E+03   6.96540000000000E+00
 1.92512500000000E+03   1.99820000000000E+00
 1.92520830000000E+03   1.47231000000000E+01
 1.92529170000000E+03   2.85248000000000E+01
 1.92537500000000E+03   3.43264000000000E+01
 1.92545830000000E+03   3.75125000000000E+01
 1.92554170000000E+03   4.51601000000000E+01
 1.92562500000000E+03   1.69613000000000E+01
 1.92570830000000E+03   5.99320000000000E+00
 1.92579170000000E+03   7.10190000000000E+00
 1.92587500000000E+03   8.44130000000000E+00
 1.92595830000000E+03   1.90882000000000E+01
 1.92604170000000E+03   1.45812000000000E+01
 1.92612500000000E+03   2.25355000000000E+01
 1.92620830000000E+03   3.00282000000000E+01
 1.92629170000000E+03   2.19824000000000E+01
 1.92637500000000E+03   7.93640000000000E+00
 1.92645830000000E+03   4.27490000000000E+00
 1.92654170000000E+03   4.15180000000000E+00
 1.92662500000000E+03  -4.84000000000000E-02
 1.92670830000000E+03   3.59750000000000E+00
 1.92679170000000E+03  -1.41400000000000E-01
 1.92687500000000E+03   1.36580000000000E+01
 1.92695830000000E+03   3.04574000000000E+01
 1.92704170000000E+03   3.76412000000000E+01
 1.92712500000000E+03   4.22865000000000E+01
 1.92720830000000E+03   3.92393000000000E+01
 1.92729170000000E+03   3.38074000000000E+01
 1.92737500000000E+03   3.86830000000000E+01
 1.92745830000000E+03   2.81740000000000E+01
 1.92754170000000E+03   1.50494000000000E+01
 1.92762500000000E+03   7.69390000000000E+00
 1.92770830000000E+03  -1.69694000000000E+01
 1.92779170000000E+03  -2.44020000000000E+01
 1.92787500000000E+03  -3.46040000000000E+01
 1.92795830000000E+03  -3.88061000000000E+01
 1.92804170000000E+03  -3.25467000000000E+01
 1.92812500000000E+03  -2.31337000000000E+01
 1.92820830000000E+03  -1.82592000000000E+01
 1.92829170000000E+03  -1.76156000000000E+01
 1.92837500000000E+03  -2.17414000000000E+01
 1.92845830000000E+03  -2.56366000000000E+01
 1.92854170000000E+03  -2.15318000000000E+01
 1.92862500000000E+03  -3.53502000000000E+01
 1.92870830000000E+03  -5.08611000000000E+01
 1.92879170000000E+03  -3.03721000000000E+01
 1.92887500000000E+03  -1.90370000000000E+01
 1.92895830000000E+03  -4.16370000000000E+00
 1.92904170000000E+03   7.09600000000000E-01
 1.92912500000000E+03  -1.09557000000000E+01
 1.92920830000000E+03  -1.73904000000000E+01
 1.92929170000000E+03  -1.15174000000000E+01
 1.92937500000000E+03  -9.64460000000000E+00
 1.92945830000000E+03  -1.07720000000000E+01
 1.92954170000000E+03  -1.47456000000000E+01
 1.92962500000000E+03  -1.75654000000000E+01
 1.92970830000000E+03  -5.38550000000000E+00
 1.92979170000000E+03  -2.82500000000000E-01
 1.92987500000000E+03  -7.87190000000000E+00
 1.92995830000000E+03  -1.36923000000000E+01
 1.93004170000000E+03  -1.11281000000000E+01
 1.93012500000000E+03  -8.87180000000000E+00
 1.93020830000000E+03  -1.47695000000000E+01
 1.93029170000000E+03  -2.04364000000000E+01
 1.93037500000000E+03  -8.71890000000000E+00
 1.93045830000000E+03  -1.40785000000000E+01
 1.93054170000000E+03  -1.39766000000000E+01
 1.93062500000000E+03  -3.16440000000000E+01
 1.93070830000000E+03  -2.80039000000000E+01
 1.93079170000000E+03  -2.50562000000000E+01
 1.93087500000000E+03  -2.13395000000000E+01
 1.93095830000000E+03  -1.02382000000000E+01
 1.93104170000000E+03   9.70920000000000E+00
 1.93112500000000E+03   1.03487000000000E+01
 1.93120830000000E+03   9.14190000000000E+00
 1.93129170000000E+03   2.22427000000000E+01
 1.93137500000000E+03   2.32665000000000E+01
 1.93145830000000E+03  -1.47910000000000E+00
 1.93154170000000E+03   9.46750000000000E+00
 1.93162500000000E+03   1.84909000000000E+01
 1.93170830000000E+03   2.35911000000000E+01
 1.93179170000000E+03   2.50758000000000E+01
 1.93187500000000E+03   2.74066000000000E+01
 1.93195830000000E+03   3.49679000000000E+01
 1.93204170000000E+03   4.19138000000000E+01
 1.93212500000000E+03   4.00134000000000E+01
 1.93220830000000E+03   4.13437000000000E+01
 1.93229170000000E+03   4.78277000000000E+01
 1.93237500000000E+03   3.75423000000000E+01
 1.93245830000000E+03   3.65645000000000E+01
 1.93254170000000E+03   2.80482000000000E+01
 1.93262500000000E+03   1.79163000000000E+01
 1.93270830000000E+03  -1.09080000000000E+01
 1.93279170000000E+03   2.19070000000000E+00
 1.93287500000000E+03   2.89200000000000E-01
 1.93295830000000E+03  -1.38160000000000E+00
 1.93304170000000E+03   3.33210000000000E+00
 1.93312500000000E+03   1.38918000000000E+01
 1.93320830000000E+03   1.06821000000000E+01
 1.93329170000000E+03  -2.60450000000000E+00
 1.93337500000000E+03  -2.18144000000000E+01
 1.93345830000000E+03  -3.27167000000000E+01
 1.93354170000000E+03  -4.30807000000000E+01
 1.93362500000000E+03  -2.55986000000000E+01
 1.93370830000000E+03  -2.61166000000000E+01
 1.93379170000000E+03  -3.43271000000000E+01
 1.93387500000000E+03  -4.49223000000000E+01
 1.93395830000000E+03  -3.51330000000000E+01
 1.93404170000000E+03  -2.19592000000000E+01
 1.93412500000000E+03  -1.55548000000000E+01
 1.93420830000000E+03  -3.05351000000000E+01
 1.93429170000000E+03  -2.27463000000000E+01
 1.93437500000000E+03  -4.03450000000000E+00
 1.93445830000000E+03  -1.55370000000000E+00
 1.93454170000000E+03  -1.61130000000000E+00
 1.93462500000000E+03   1.50231000000000E+01
 1.93470830000000E+03   1.88830000000000E+00
 1.93479170000000E+03   2.13790000000000E+00
 1.93487500000000E+03   1.50797000000000E+01
 1.93495830000000E+03   1.64060000000000E+01
 1.93504170000000E+03   2.29630000000000E+01
 1.93512500000000E+03   3.16737000000000E+01
 1.93520830000000E+03   2.66920000000000E+01
 1.93529170000000E+03   4.37870000000000E+01
 1.93537500000000E+03   3.64974000000000E+01
 1.93545830000000E+03   2.94383000000000E+01
 1.93554170000000E+03   3.48407000000000E+01
 1.93562500000000E+03   4.80892000000000E+01
 1.93570830000000E+03   2.34913000000000E+01
 1.93579170000000E+03   2.15857000000000E+01
 1.93587500000000E+03   7.98760000000000E+00
 1.93595830000000E+03   1.30048000000000E+01
 1.93604170000000E+03   1.53296000000000E+01
 1.93612500000000E+03   8.65420000000000E+00
 1.93620830000000E+03  -1.17510000000000E+00
 1.93629170000000E+03   1.38010000000000E+00
 1.93637500000000E+03  -6.52640000000000E+00
 1.93645830000000E+03  -4.89460000000000E+00
 1.93654170000000E+03  -7.41670000000000E+00
 1.93662500000000E+03  -3.20928000000000E+01
 1.93670830000000E+03  -4.52305000000000E+01
 1.93679170000000E+03  -4.22145000000000E+01
 1.93687500000000E+03  -4.99679000000000E+01
 1.93695830000000E+03  -4.46444000000000E+01
 1.93704170000000E+03  -3.16288000000000E+01
 1.93712500000000E+03  -2.39979000000000E+01
 1.93720830000000E+03  -2.32902000000000E+01
 1.93729170000000E+03  -2.87365000000000E+01
 1.93737500000000E+03  -3.49521000000000E+01
 1.93745830000000E+03  -4.57832000000000E+01
 1.93754170000000E+03  -5.64606000000000E+01
 1.93762500000000E+03  -4.88304000000000E+01
 1.93770830000000E+03  -1.86619000000000E+01
 1.93779170000000E+03   1.55065000000000E+01
 1.93787500000000E+03   2.79056000000000E+01
 1.93795830000000E+03   4.17660000000000E+01
 1.93804170000000E+03   5.57033000000000E+01
 1.93812500000000E+03   4.57943000000000E+01
 1.93820830000000E+03   4.26544000000000E+01
 1.93829170000000E+03   4.48990000000000E+01
 1.93837500000000E+03   5.72973000000000E+01
 1.93845830000000E+03   5.23879000000000E+01
 1.93854170000000E+03   4.64014000000000E+01
 1.93862500000000E+03   5.61839000000000E+01
 1.93870830000000E+03   4.40433000000000E+01
 1.93879170000000E+03   2.46718000000000E+01
 1.93887500000000E+03  -9.23820000000000E+00
 1.93895830000000E+03  -1.04561000000000E+01
 1.93904170000000E+03  -9.13570000000000E+00
 1.93912500000000E+03  -1.86615000000000E+01
 1.93920830000000E+03  -2.57259000000000E+01
 1.93929170000000E+03  -4.04058000000000E+01
 1.93937500000000E+03  -6.53166000000000E+01
 1.93945830000000E+03  -7.61506000000000E+01
 1.93954170000000E+03  -6.98308000000000E+01
 1.93962500000000E+03  -8.05882000000000E+01
 1.93970830000000E+03  -9.15764000000000E+01
 1.93979170000000E+03  -1.03333900000000E+02
 1.93987500000000E+03  -1.10245400000000E+02
 1.93995830000000E+03  -1.07387800000000E+02
 1.94004170000000E+03  -1.08222600000000E+02
 1.94012500000000E+03  -9.91345000000000E+01
 1.94020830000000E+03  -8.05850000000000E+01
 1.94029170000000E+03  -6.96509000000000E+01
 1.94037500000000E+03  -6.08708000000000E+01
 1.94045830000000E+03  -3.48601000000000E+01
 1.94054170000000E+03  -4.53880000000000E+01
 1.94062500000000E+03  -6.55313000000000E+01
 1.94070830000000E+03  -5.54440000000000E+01
 1.94079170000000E+03  -6.48953000000000E+01
 1.94087500000000E+03  -6.45006000000000E+01
 1.94095830000000E+03  -5.85675000000000E+01
 1.94104170000000E+03  -4.86345000000000E+01
 1.94112500000000E+03  -4.38555000000000E+01
 1.94120830000000E+03  -4.42305000000000E+01
 1.94129170000000E+03  -6.00671000000000E+01
 1.94137500000000E+03  -7.22885000000000E+01
 1.94145830000000E+03  -6.27407000000000E+01
 1.94154170000000E+03  -7.14238000000000E+01
 1.94162500000000E+03  -7.85686000000000E+01
 1.94170830000000E+03  -8.24828000000000E+01
 1.94179170000000E+03  -8.76278000000000E+01
 1.94187500000000E+03  -8.34653000000000E+01
 1.94195830000000E+03  -7.02259000000000E+01
 1.94204170000000E+03  -5.40636000000000E+01
 1.94212500000000E+03  -5.66707000000000E+01
 1.94220830000000E+03  -5.80471000000000E+01
 1.94229170000000E+03  -5.61928000000000E+01
 1.94237500000000E+03  -4.74926000000000E+01
 1.94245830000000E+03  -2.01001000000000E+01
 1.94254170000000E+03  -2.70923000000000E+01
 1.94262500000000E+03  -1.76232000000000E+01
 1.94270830000000E+03   8.15350000000000E+00
 1.94279170000000E+03   4.02378000000000E+01
 1.94287500000000E+03   5.93220000000000E+01
 1.94295830000000E+03   7.20215000000000E+01
 1.94304170000000E+03   8.14900000000000E+01
 1.94312500000000E+03   8.68046000000000E+01
 1.94320830000000E+03   9.23499000000000E+01
 1.94329170000000E+03   9.67411000000000E+01
 1.94337500000000E+03   7.99784000000000E+01
 1.94345830000000E+03   7.02926000000000E+01
 1.94354170000000E+03   7.36066000000000E+01
 1.94362500000000E+03   9.43820000000000E+01
 1.94370830000000E+03   9.10034000000000E+01
 1.94379170000000E+03   7.56247000000000E+01
 1.94387500000000E+03   7.20921000000000E+01
 1.94395830000000E+03   6.87132000000000E+01
 1.94404170000000E+03   6.77957000000000E+01
 1.94412500000000E+03   5.25704000000000E+01
 1.94420830000000E+03   4.10373000000000E+01
 1.94429170000000E+03   3.68887000000000E+01
 1.94437500000000E+03   3.05861000000000E+01
 1.94445830000000E+03   2.98987000000000E+01
 1.94454170000000E+03   3.19036000000000E+01
 1.94462500000000E+03   6.75450000000000E+00
 1.94470830000000E+03  -4.39470000000000E+00
 1.94479170000000E+03  -4.67100000000000E-01
 1.94487500000000E+03   8.38340000000000E+00
 1.94495830000000E+03   7.61850000000000E+00
 1.94504170000000E+03   1.60072000000000E+01
 1.94512500000000E+03   2.46266000000000E+01
 1.94520830000000E+03   3.33228000000000E+01
 1.94529170000000E+03   4.26343000000000E+01
 1.94537500000000E+03   4.23303000000000E+01
 1.94545830000000E+03   5.24108000000000E+01
 1.94554170000000E+03   5.84142000000000E+01
 1.94562500000000E+03   7.13406000000000E+01
 1.94570830000000E+03   7.29592000000000E+01
 1.94579170000000E+03   7.18853000000000E+01
 1.94587500000000E+03   5.84267000000000E+01
 1.94595830000000E+03   5.83526000000000E+01
 1.94604170000000E+03   5.58169000000000E+01
 1.94612500000000E+03   5.56656000000000E+01
 1.94620830000000E+03   5.36681000000000E+01
 1.94629170000000E+03   5.48243000000000E+01
 1.94637500000000E+03   3.38265000000000E+01
 1.94645830000000E+03   1.99825000000000E+01
 1.94654170000000E+03  -1.16309000000000E+01
 1.94662500000000E+03  -5.48598000000000E+01
 1.94670830000000E+03  -8.73196000000000E+01
 1.94679170000000E+03  -8.77025000000000E+01
 1.94687500000000E+03  -1.06470300000000E+02
 1.94695830000000E+03  -1.08776500000000E+02
 1.94704170000000E+03  -1.11852200000000E+02
 1.94712500000000E+03  -1.14928000000000E+02
 1.94720830000000E+03  -1.30926900000000E+02
 1.94729170000000E+03  -1.31464500000000E+02
 1.94737500000000E+03  -1.31079000000000E+02
 1.94745830000000E+03  -1.10078400000000E+02
 1.94754170000000E+03  -8.85393000000000E+01
 1.94762500000000E+03  -6.88466000000000E+01
 1.94770830000000E+03  -3.38463000000000E+01
 1.94779170000000E+03  -2.19999000000000E+01
 1.94787500000000E+03  -2.43845000000000E+01
 1.94795830000000E+03  -1.33845000000000E+01
 1.94804170000000E+03  -1.30770000000000E+00
 1.94812500000000E+03   5.92280000000000E+00
 1.94820830000000E+03   1.56147000000000E+01
 1.94829170000000E+03   4.07680000000000E+01
 1.94837500000000E+03   4.49212000000000E+01
 1.94845830000000E+03   4.49974000000000E+01
 1.94854170000000E+03   4.35350000000000E+01
 1.94862500000000E+03   4.92263000000000E+01
 1.94870830000000E+03   5.75328000000000E+01
 1.94879170000000E+03   6.39162000000000E+01
 1.94887500000000E+03   6.90687000000000E+01
 1.94895830000000E+03   8.39903000000000E+01
 1.94904170000000E+03   8.97580000000000E+01
 1.94912500000000E+03   9.80639000000000E+01
 1.94920830000000E+03   8.76006000000000E+01
 1.94929170000000E+03   7.44448000000000E+01
 1.94937500000000E+03   5.84427000000000E+01
 1.94945830000000E+03   5.90559000000000E+01
 1.94954170000000E+03   6.12843000000000E+01
 1.94962500000000E+03   4.58204000000000E+01
 1.94970830000000E+03   3.39717000000000E+01
 1.94979170000000E+03   2.90459000000000E+01
 1.94987500000000E+03   2.01970000000000E+01
 1.94995830000000E+03   2.13479000000000E+01
 1.95004170000000E+03   1.94218000000000E+01
 1.95012500000000E+03   1.44956000000000E+01
 1.95020830000000E+03   7.56920000000000E+00
 1.95029170000000E+03   3.39505000000000E+01
 1.95037500000000E+03   4.03316000000000E+01
 1.95045830000000E+03   4.47126000000000E+01
 1.95054170000000E+03  -5.06040000000000E+00
 1.95062500000000E+03  -3.35258000000000E+01
 1.95070830000000E+03  -4.21452000000000E+01
 1.95079170000000E+03  -4.87647000000000E+01
 1.95087500000000E+03  -5.83843000000000E+01
 1.95095830000000E+03  -6.06963000000000E+01
 1.95104170000000E+03  -5.81623000000000E+01
 1.95112500000000E+03  -6.73977000000000E+01
 1.95120830000000E+03  -6.92485000000000E+01
 1.95129170000000E+03  -9.04841000000000E+01
 1.95137500000000E+03  -1.26489100000000E+02
 1.95145830000000E+03  -1.10340300000000E+02
 1.95154170000000E+03  -9.81147000000000E+01
 1.95162500000000E+03  -5.25046000000000E+01
 1.95170830000000E+03  -3.77408000000000E+01
 1.95179170000000E+03  -3.45925000000000E+01
 1.95187500000000E+03  -3.86751000000000E+01
 1.95195830000000E+03  -2.14501000000000E+01
 1.95204170000000E+03  -4.99450000000000E+00
 1.95212500000000E+03  -7.00050000000000E+00
 1.95220830000000E+03   8.91640000000000E+00
 1.95229170000000E+03   2.42179000000000E+01
 1.95237500000000E+03   4.55192000000000E+01
 1.95245830000000E+03   6.19742000000000E+01
 1.95254170000000E+03   3.74291000000000E+01
 1.95262500000000E+03   2.66532000000000E+01
 1.95270830000000E+03   1.51848000000000E+01
 1.95279170000000E+03   2.24855000000000E+01
 1.95287500000000E+03   2.87092000000000E+01
 1.95295830000000E+03   3.38558000000000E+01
 1.95304170000000E+03   2.43100000000000E+01
 1.95312500000000E+03   3.04564000000000E+01
 1.95320830000000E+03   4.49873000000000E+01
 1.95329170000000E+03   3.88257000000000E+01
 1.95337500000000E+03   1.95102000000000E+01
 1.95345830000000E+03   1.51946000000000E+01
 1.95354170000000E+03   2.00327000000000E+01
 1.95362500000000E+03  -5.24000000000000E-02
 1.95370830000000E+03  -3.66761000000000E+01
 1.95379170000000E+03  -4.43768000000000E+01
 1.95387500000000E+03  -5.91545000000000E+01
 1.95395830000000E+03  -6.62401000000000E+01
 1.95404170000000E+03  -5.53258000000000E+01
 1.95412500000000E+03  -4.74886000000000E+01
 1.95420830000000E+03  -5.25745000000000E+01
 1.95429170000000E+03  -5.38144000000000E+01
 1.95437500000000E+03  -4.75929000000000E+01
 1.95445830000000E+03  -3.58330000000000E+01
 1.95454170000000E+03  -3.30733000000000E+01
 1.95462500000000E+03  -3.42367000000000E+01
 1.95470830000000E+03  -2.04772000000000E+01
 1.95479170000000E+03   4.05140000000000E+00
 1.95487500000000E+03   1.91183000000000E+01
 1.95495830000000E+03   3.16467000000000E+01
 1.95504170000000E+03   4.57134000000000E+01
 1.95512500000000E+03   3.56262000000000E+01
 1.95520830000000E+03   2.95388000000000E+01
 1.95529170000000E+03   3.41436000000000E+01
 1.95537500000000E+03   3.12868000000000E+01
 1.95545830000000E+03   3.89683000000000E+01
 1.95554170000000E+03   5.42651000000000E+01
 1.95562500000000E+03   4.34079000000000E+01
 1.95570830000000E+03   2.58583000000000E+01
 1.95579170000000E+03   2.87700000000000E+01
 1.95587500000000E+03   2.82202000000000E+01
 1.95595830000000E+03   2.12087000000000E+01
 1.95604170000000E+03   2.64278000000000E+01
 1.95612500000000E+03   3.48006000000000E+01
 1.95620830000000E+03   3.73272000000000E+01
 1.95629170000000E+03   4.93152000000000E+01
 1.95637500000000E+03   3.69954000000000E+01
 1.95645830000000E+03   3.55216000000000E+01
 1.95654170000000E+03   1.20477000000000E+01
 1.95662500000000E+03  -8.10900000000000E-01
 1.95670830000000E+03  -5.82350000000000E+00
 1.95679170000000E+03  -4.75930000000000E+00
 1.95687500000000E+03  -2.92600000000000E+00
 1.95695830000000E+03  -4.01590000000000E+00
 1.95704170000000E+03   3.55700000000000E-01
 1.95712500000000E+03   2.34250000000000E+00
 1.95720830000000E+03   6.71380000000000E+00
 1.95729170000000E+03   2.21619000000000E+01
 1.95737500000000E+03   2.09175000000000E+01
 1.95745830000000E+03   2.69808000000000E+01
 1.95754170000000E+03   2.73516000000000E+01
 1.95762500000000E+03   4.24146000000000E+01
 1.95770830000000E+03   3.44006000000000E+01
 1.95779170000000E+03   2.78480000000000E+01
 1.95787500000000E+03   3.96798000000000E+01
 1.95795830000000E+03   4.27424000000000E+01
 1.95804170000000E+03   5.04202000000000E+01
 1.95812500000000E+03   5.45594000000000E+01
 1.95820830000000E+03   4.38523000000000E+01
 1.95829170000000E+03   3.46067000000000E+01
 1.95837500000000E+03   1.84378000000000E+01
 1.95845830000000E+03   1.11920000000000E+01
 1.95854170000000E+03   1.94844000000000E+01
 1.95862500000000E+03   5.85370000000000E+00
 1.95870830000000E+03  -1.06233000000000E+01
 1.95879170000000E+03  -1.54851000000000E+01
 1.95887500000000E+03  -1.29623000000000E+01
 1.95895830000000E+03  -1.43628000000000E+01
 1.95904170000000E+03  -7.84030000000000E+00
 1.95912500000000E+03  -2.13179000000000E+01
 1.95920830000000E+03  -2.09494000000000E+01
 1.95929170000000E+03  -1.85811000000000E+01
 1.95937500000000E+03  -3.10591000000000E+01
 1.95945830000000E+03  -5.33064000000000E+01
 1.95954170000000E+03  -5.98615000000000E+01
 1.95962500000000E+03  -8.89552000000000E+01
 1.95970830000000E+03  -1.10587500000000E+02
 1.95979170000000E+03  -1.28219900000000E+02
 1.95987500000000E+03  -1.32929400000000E+02
 1.95995830000000E+03  -1.21408200000000E+02
 1.96004170000000E+03  -1.15425600000000E+02
 1.96012500000000E+03  -1.10981500000000E+02
 1.96020830000000E+03  -9.10761000000000E+01
 1.96029170000000E+03  -1.03555400000000E+02
 1.96037500000000E+03  -1.09880900000000E+02
 1.96045830000000E+03  -9.22835000000000E+01
 1.96054170000000E+03  -7.94555000000000E+01
 1.96062500000000E+03  -7.85506000000000E+01
 1.96070830000000E+03  -5.04151000000000E+01
 1.96079170000000E+03  -1.58182000000000E+01
 1.96087500000000E+03   7.24020000000000E+00
 1.96095830000000E+03   2.31445000000000E+01
 1.96104170000000E+03   4.28180000000000E+01
 1.96112500000000E+03   5.52606000000000E+01
 1.96120830000000E+03   5.92416000000000E+01
 1.96129170000000E+03   4.27608000000000E+01
 1.96137500000000E+03   5.44338000000000E+01
 1.96145830000000E+03   7.27991000000000E+01
 1.96154170000000E+03   7.73180000000000E+01
 1.96162500000000E+03   1.05682900000000E+02
 1.96170830000000E+03   9.96632000000000E+01
 1.96179170000000E+03   7.92586000000000E+01
 1.96187500000000E+03   6.29309000000000E+01
 1.96195830000000E+03   6.16800000000000E+01
 1.96204170000000E+03   6.50444000000000E+01
 1.96212500000000E+03   5.45625000000000E+01
 1.96220830000000E+03   5.70804000000000E+01
 1.96229170000000E+03   4.78290000000000E+01
 1.96237500000000E+03   5.23468000000000E+01
 1.96245830000000E+03   5.45567000000000E+01
 1.96254170000000E+03   3.84588000000000E+01
 1.96262500000000E+03   9.82230000000000E+00
 1.96270830000000E+03  -3.01989000000000E+01
 1.96279170000000E+03  -3.66048000000000E+01
 1.96287500000000E+03  -3.97801000000000E+01
 1.96295830000000E+03  -3.50325000000000E+01
 1.96304170000000E+03  -3.53619000000000E+01
 1.96320830000000E+03  -5.19440000000000E+01
 1.96329170000000E+03  -4.34277000000000E+01
 1.96337500000000E+03  -5.58344000000000E+01
 1.96345830000000E+03  -5.65490000000000E+01
 1.96354170000000E+03  -5.16484000000000E+01
 1.96362500000000E+03  -4.78247000000000E+01
 1.96370830000000E+03  -6.27704000000000E+01
 1.96379170000000E+03  -7.05625000000000E+01
 1.96387500000000E+03  -5.41238000000000E+01
 1.96395830000000E+03  -4.61468000000000E+01
 1.96404170000000E+03  -3.00930000000000E+01
 1.96412500000000E+03  -2.49624000000000E+01
 1.96420830000000E+03  -1.66781000000000E+01
 1.96429170000000E+03  -7.62470000000000E+00
 1.96437500000000E+03  -1.74944000000000E+01
 1.96445830000000E+03  -1.40566000000000E+01
 1.96454170000000E+03  -1.24651000000000E+01
 1.96462500000000E+03  -1.07198000000000E+01
 1.96470830000000E+03  -3.18208000000000E+01
 1.96479170000000E+03  -1.90758000000000E+01
 1.96487500000000E+03  -8.63860000000000E+00
 1.96495830000000E+03  -1.18938000000000E+01
 1.96504170000000E+03   4.62010000000000E+00
 1.96512500000000E+03   5.67240000000000E+00
 1.96520830000000E+03   4.57070000000000E+00
 1.96529170000000E+03  -5.68500000000000E+00
 1.96537500000000E+03  -1.71600000000000E-01
 1.96545830000000E+03  -1.81210000000000E+00
 1.96554170000000E+03  -1.98374000000000E+01
 1.96562500000000E+03  -3.51705000000000E+01
 1.96570830000000E+03  -3.38883000000000E+01
 1.96579170000000E+03  -2.66832000000000E+01
 1.96587500000000E+03  -2.58628000000000E+01
 1.96595830000000E+03  -1.55810000000000E+01
 1.96604170000000E+03   3.93000000000000E-01
 1.96612500000000E+03  -5.63310000000000E+00
 1.96620830000000E+03  -1.96700000000000E+00
 1.96629170000000E+03  -1.76270000000000E+00
 1.96637500000000E+03  -8.48140000000000E+00
 1.96645830000000E+03  -1.65849000000000E+01
 1.96654170000000E+03  -1.27655000000000E+01
 1.96662500000000E+03  -1.15616000000000E+01
 1.96670830000000E+03   1.80269000000000E+01
 1.96679170000000E+03   2.28459000000000E+01
 1.96687500000000E+03   2.67418000000000E+01
 1.96695830000000E+03   3.41761000000000E+01
 1.96704170000000E+03   3.90717000000000E+01
 1.96712500000000E+03   3.85826000000000E+01
 1.96720830000000E+03   3.79395000000000E+01
 1.96729170000000E+03   4.11425000000000E+01
 1.96737500000000E+03   5.04223000000000E+01
 1.96745830000000E+03   8.00866000000000E+01
 1.96754170000000E+03   8.84430000000000E+01
 1.96762500000000E+03   8.84148000000000E+01
 1.96770830000000E+03   9.71556000000000E+01
 1.96779170000000E+03   8.27425000000000E+01
 1.96787500000000E+03   6.90215000000000E+01
 1.96795830000000E+03   5.56851000000000E+01
 1.96804170000000E+03   5.91947000000000E+01
 1.96812500000000E+03   5.06272000000000E+01
 1.96820830000000E+03   3.65212000000000E+01
 1.96829170000000E+03   3.43381000000000E+01
 1.96837500000000E+03   2.16165000000000E+01
 1.96845830000000E+03   1.66400000000000E+00
 1.96854170000000E+03  -3.42887000000000E+01
 1.96862500000000E+03  -5.02415000000000E+01
 1.96870830000000E+03  -8.34252000000000E+01
 1.96879170000000E+03  -9.59936000000000E+01
 1.96887500000000E+03  -1.07331300000000E+02
 1.96895830000000E+03  -1.08823000000000E+02
 1.96904170000000E+03  -9.22380000000000E+01
 1.96912500000000E+03  -1.02422200000000E+02
 1.96920830000000E+03  -9.38374000000000E+01
 1.96929170000000E+03  -7.79450000000000E+01
 1.96937500000000E+03  -5.21296000000000E+01
 1.96945830000000E+03  -4.99297000000000E+01
 1.96954170000000E+03  -5.97300000000000E+01
 1.96962500000000E+03  -5.48381000000000E+01
 1.96970830000000E+03  -6.01001000000000E+01
 1.96979170000000E+03  -3.22084000000000E+01
 1.96987500000000E+03  -2.64707000000000E+01
 1.96995830000000E+03  -1.97330000000000E+01
 1.97004170000000E+03  -9.61100000000000E+00
 1.97012500000000E+03  -1.07967000000000E+01
 1.97020830000000E+03   3.86370000000000E+00
 1.97029170000000E+03   4.67770000000000E+00
 1.97037500000000E+03   1.47994000000000E+01
 1.97045830000000E+03  -3.23300000000000E+00
 1.97054170000000E+03  -7.72700000000000E+00
 1.97062500000000E+03   1.48558000000000E+01
 1.97070830000000E+03   2.25924000000000E+01
 1.97079170000000E+03   2.50980000000000E+01
 1.97087500000000E+03   1.29112000000000E+01
 1.97095830000000E+03   1.01090000000000E+01
 1.97104170000000E+03   1.95373000000000E+01
 1.97112500000000E+03   1.23502000000000E+01
 1.97120830000000E+03   1.24706000000000E+01
 1.97129170000000E+03   1.25909000000000E+01
 1.97137500000000E+03   2.69419000000000E+01
 1.97145830000000E+03   2.58312000000000E+01
 1.97154170000000E+03   4.56650000000000E+00
 1.97162500000000E+03  -1.90060000000000E+01
 1.97170830000000E+03  -5.22708000000000E+01
 1.97179170000000E+03  -5.04590000000000E+01
 1.97187500000000E+03  -5.31856000000000E+01
 1.97195830000000E+03  -4.42201000000000E+01
 1.97204170000000E+03  -3.87163000000000E+01
 1.97212500000000E+03  -4.61356000000000E+01
 1.97220830000000E+03  -4.18628000000000E+01
 1.97229170000000E+03  -4.41285000000000E+01
 1.97237500000000E+03  -3.20098000000000E+01
 1.97245830000000E+03  -3.88142000000000E+01
 1.97254170000000E+03  -6.51572000000000E+01
 1.97262500000000E+03  -4.55004000000000E+01
 1.97270830000000E+03  -1.65359000000000E+01
 1.97279170000000E+03   1.93514000000000E+01
 1.97287500000000E+03   1.54695000000000E+01
 1.97295830000000E+03   2.33567000000000E+01
 1.97304170000000E+03   2.70129000000000E+01
 1.97312500000000E+03   2.88229000000000E+01
 1.97320830000000E+03   3.40943000000000E+01
 1.97329170000000E+03   3.07502000000000E+01
 1.97337500000000E+03   4.54829000000000E+01
 1.97345830000000E+03   4.92924000000000E+01
 1.97354170000000E+03   4.01018000000000E+01
 1.97362500000000E+03   5.03726000000000E+01
 1.97370830000000E+03   1.94895000000000E+01
 1.97379170000000E+03  -2.70150000000000E+00
 1.97387500000000E+03  -2.92003000000000E+01
 1.97395830000000E+03  -2.09299000000000E+01
 1.97404170000000E+03   3.26000000000000E-02
 1.97412500000000E+03   7.84110000000000E+00
 1.97420830000000E+03   3.95730000000000E+00
 1.97429170000000E+03   1.01502000000000E+01
 1.97437500000000E+03   1.75738000000000E+01
 1.97445830000000E+03   2.54588000000000E+01
 1.97454170000000E+03   3.18052000000000E+01
 1.97462500000000E+03   3.34592000000000E+01
 1.97470830000000E+03   2.44977000000000E+01
 1.97479170000000E+03   3.89975000000000E+01
 1.97487500000000E+03   4.93435000000000E+01
 1.97495830000000E+03   6.55355000000000E+01
 1.97504170000000E+03   6.04965000000000E+01
 1.97512500000000E+03   4.51498000000000E+01
 1.97520830000000E+03   3.31876000000000E+01
 1.97529170000000E+03   4.06867000000000E+01
 1.97537500000000E+03   2.09551000000000E+01
 1.97545830000000E+03   2.23002000000000E+01
 1.97554170000000E+03   2.97990000000000E+01
 1.97562500000000E+03  -1.07792000000000E+01
 1.97570830000000E+03  -2.78191000000000E+01
 1.97579170000000E+03  -2.35514000000000E+01
 1.97587500000000E+03  -2.37454000000000E+01
 1.97595830000000E+03  -1.84779000000000E+01
 1.97604170000000E+03  -1.77490000000000E+01
 1.97612500000000E+03  -1.35587000000000E+01
 1.97620830000000E+03  -1.82147000000000E+01
 1.97629170000000E+03  -3.94093000000000E+01
 1.97637500000000E+03  -5.79116000000000E+01
 1.97645830000000E+03  -3.87218000000000E+01
 1.97654170000000E+03  -5.32244000000000E+01
 1.97662500000000E+03  -9.41887000000000E+01
 1.97670830000000E+03  -8.91531000000000E+01
 1.97679170000000E+03  -7.81176000000000E+01
 1.97687500000000E+03  -8.00053000000000E+01
 1.97695830000000E+03  -7.78162000000000E+01
 1.97704170000000E+03  -6.53965000000000E+01
 1.97712500000000E+03  -6.69768000000000E+01
 1.97720830000000E+03  -6.55573000000000E+01
 1.97729170000000E+03  -6.05225000000000E+01
 1.97737500000000E+03  -1.96417000000000E+01
 1.97745830000000E+03  -8.60720000000000E+00
 1.97754170000000E+03  -1.52651000000000E+01
 1.97762500000000E+03  -2.63846000000000E+01
 1.97770830000000E+03  -2.48889000000000E+01
 1.97779170000000E+03  -3.22395000000000E+01
 1.97787500000000E+03  -5.42824000000000E+01
 1.97795830000000E+03  -5.86332000000000E+01
 1.97804170000000E+03  -4.99072000000000E+01
 1.97812500000000E+03  -5.81044000000000E+01
 1.97820830000000E+03  -3.06863000000000E+01
 1.97829170000000E+03  -2.42684000000000E+01
 1.97837500000000E+03  -7.69670000000000E+00
 1.97845830000000E+03  -2.33559000000000E+01
 1.97854170000000E+03  -3.37845000000000E+01
 1.97862500000000E+03  -4.60593000000000E+01
 1.97870830000000E+03  -3.74881000000000E+01
 1.97879170000000E+03  -4.66093000000000E+01
 1.97887500000000E+03  -4.24999000000000E+01
 1.97895830000000E+03  -2.93906000000000E+01
 1.97904170000000E+03  -7.74290000000000E+00
 1.97912500000000E+03  -5.09540000000000E+00
 1.97920830000000E+03   3.55200000000000E+00
 1.97929170000000E+03  -1.96469000000000E+01
 1.97937500000000E+03  -3.79228000000000E+01
 1.97945830000000E+03  -4.51988000000000E+01
 1.97954170000000E+03  -5.43980000000000E+01
 1.97962500000000E+03  -5.99050000000000E+01
 1.97970830000000E+03  -7.64891000000000E+01
 1.97979170000000E+03  -7.80733000000000E+01
 1.97987500000000E+03  -7.31192000000000E+01
 1.97995830000000E+03  -6.87805000000000E+01
 1.98004170000000E+03  -5.52882000000000E+01
 1.98012500000000E+03  -6.77190000000000E+01
 1.98020830000000E+03  -6.90730000000000E+01
 1.98029170000000E+03  -6.61195000000000E+01
 1.98037500000000E+03  -5.88584000000000E+01
 1.98045830000000E+03  -3.31358000000000E+01
 1.98054170000000E+03  -2.43365000000000E+01
 1.98062500000000E+03   1.69350000000000E+00
 1.98070830000000E+03   9.95420000000000E+00
 1.98079170000000E+03   2.17531000000000E+01
 1.98087500000000E+03   2.23212000000000E+01
 1.98095830000000E+03   3.50431000000000E+01
 1.98104170000000E+03   4.36878000000000E+01
 1.98112500000000E+03   5.11017000000000E+01
 1.98120830000000E+03   5.15924000000000E+01
 1.98129170000000E+03   5.48522000000000E+01
 1.98137500000000E+03   6.64965000000000E+01
 1.98145830000000E+03   8.59099000000000E+01
 1.98154170000000E+03   6.63232000000000E+01
 1.98162500000000E+03   3.95825000000000E+01
 1.98170830000000E+03   1.45341000000000E+01
 1.98179170000000E+03   2.67931000000000E+01
 1.98187500000000E+03   4.04367000000000E+01
 1.98195830000000E+03   4.61571000000000E+01
 1.98204170000000E+03   4.39543000000000E+01
 1.98212500000000E+03   3.86744000000000E+01
 1.98220830000000E+03   3.80868000000000E+01
 1.98229170000000E+03   2.84220000000000E+01
 1.98237500000000E+03   2.24495000000000E+01
 1.98245830000000E+03   1.07077000000000E+01
 1.98254170000000E+03   1.42734000000000E+01
 1.98262500000000E+03   3.74543000000000E+01
 1.98270830000000E+03   4.38660000000000E+01
 1.98279170000000E+03   4.76621000000000E+01
 1.98287500000000E+03   3.54581000000000E+01
 1.98295830000000E+03   2.94847000000000E+01
 1.98304170000000E+03   3.57420000000000E+01
 1.98312500000000E+03   3.92299000000000E+01
 1.98320830000000E+03   4.51024000000000E+01
 1.98329170000000E+03   5.35131000000000E+01
 1.98337500000000E+03   9.04623000000000E+01
 1.98345830000000E+03   9.69498000000000E+01
 1.98354170000000E+03   1.09821700000000E+02
 1.98362500000000E+03   6.97705000000000E+01
 1.98370830000000E+03   2.59499000000000E+01
 1.98379170000000E+03   1.29753000000000E+01
 1.98387500000000E+03   4.61600000000000E+00
 1.98395830000000E+03   9.79510000000000E+00
 1.98404170000000E+03   2.35894000000000E+01
 1.98412500000000E+03   2.16144000000000E+01
 1.98420830000000E+03   2.76392000000000E+01
 1.98429170000000E+03   3.34331000000000E+01
 1.98437500000000E+03   1.12270000000000E+01
 1.98445830000000E+03  -2.04408000000000E+01
 1.98454170000000E+03  -3.76472000000000E+01
 1.98462500000000E+03  -6.58537000000000E+01
 1.98470830000000E+03  -7.52911000000000E+01
 1.98479170000000E+03  -6.01902000000000E+01
 1.98487500000000E+03  -5.36279000000000E+01
 1.98495830000000E+03  -4.49887000000000E+01
 1.98504170000000E+03  -3.67343000000000E+01
 1.98512500000000E+03  -4.21723000000000E+01
 1.98520830000000E+03  -2.74565000000000E+01
 1.98529170000000E+03  -2.71256000000000E+01
 1.98537500000000E+03  -2.88716000000000E+01
 1.98545830000000E+03  -1.89255000000000E+01
 1.98554170000000E+03  -2.97950000000000E+00
 1.98562500000000E+03  -9.03360000000000E+00
 1.98570830000000E+03  -2.93186000000000E+01
 1.98579170000000E+03  -2.32191000000000E+01
 1.98587500000000E+03  -2.90428000000000E+01
 1.98595830000000E+03  -2.71743000000000E+01
 1.98604170000000E+03  -2.11521000000000E+01
 1.98612500000000E+03  -2.48223000000000E+01
 1.98620830000000E+03  -1.73388000000000E+01
 1.98629170000000E+03  -2.14708000000000E+01
 1.98637500000000E+03  -1.59106000000000E+01
 1.98645830000000E+03  -3.35050000000000E+00
 1.98654170000000E+03  -1.12521000000000E+01
 1.98662500000000E+03  -2.34615000000000E+01
 1.98670830000000E+03  -2.75171000000000E+01
 1.98679170000000E+03  -1.89576000000000E+01
 1.98687500000000E+03  -9.47500000000000E+00
 1.98695830000000E+03  -1.06950000000000E+00
 1.98704170000000E+03   6.64360000000000E+00
 1.98712500000000E+03   1.37412000000000E+01
 1.98720830000000E+03   2.60695000000000E+01
 1.98729170000000E+03   1.47052000000000E+01
 1.98737500000000E+03   6.11020000000000E+00
 1.98745830000000E+03  -1.71580000000000E+00
 1.98754170000000E+03  -9.54190000000000E+00
 1.98762500000000E+03  -6.59890000000000E+00
 1.98770830000000E+03  -3.42520000000000E+00
 1.98779170000000E+03   1.09021000000000E+01
 1.98787500000000E+03   1.31525000000000E+01
 1.98795830000000E+03   1.36336000000000E+01
 1.98804170000000E+03   1.19605000000000E+01
 1.98812500000000E+03   1.96721000000000E+01
 1.98820830000000E+03   1.63066000000000E+01
 1.98829170000000E+03   1.14794000000000E+01
 1.98837500000000E+03   2.04983000000000E+01
 1.98845830000000E+03   3.82863000000000E+01
 1.98854170000000E+03   5.55356000000000E+01
 1.98862500000000E+03   6.80926000000000E+01
 1.98870830000000E+03   7.91880000000000E+01
 1.98879170000000E+03   7.45139000000000E+01
 1.98887500000000E+03   7.83782000000000E+01
 1.98895830000000E+03   8.86270000000000E+01
 1.98904170000000E+03   9.24141000000000E+01
 1.98912500000000E+03   1.11278100000000E+02
 1.98920830000000E+03   1.03141900000000E+02
 1.98929170000000E+03   1.05467100000000E+02
 1.98937500000000E+03   1.06715300000000E+02
 1.98945830000000E+03   1.09655800000000E+02
 1.98954170000000E+03   1.01749800000000E+02
 1.98962500000000E+03   9.75362000000000E+01
 1.98970830000000E+03   1.04630100000000E+02
 1.98979170000000E+03   1.00031500000000E+02
 1.98987500000000E+03   9.54328000000000E+01
 1.98995830000000E+03   9.46033000000000E+01
 1.99004170000000E+03   1.05927400000000E+02
 1.99012500000000E+03   1.09405300000000E+02
 1.99020830000000E+03   1.05960000000000E+02
 1.99029170000000E+03   1.14591500000000E+02
 1.99037500000000E+03   1.10761300000000E+02
 1.99045830000000E+03   1.00161900000000E+02
 1.99054170000000E+03   9.56391000000000E+01
 1.99062500000000E+03   7.45009000000000E+01
 1.99070830000000E+03   3.60549000000000E+01
 1.99079170000000E+03  -6.85280000000000E+00
 1.99087500000000E+03  -2.11452000000000E+01
 1.99095830000000E+03  -1.28993000000000E+01
 1.99104170000000E+03  -7.11500000000000E+00
 1.99112500000000E+03  -1.10232000000000E+01
 1.99120830000000E+03  -1.03160000000000E+01
 1.99129170000000E+03  -1.32245000000000E+01
 1.99137500000000E+03  -2.57484000000000E+01
 1.99145830000000E+03  -2.68108000000000E+01
 1.99154170000000E+03  -4.48890000000000E+00
 1.99162500000000E+03  -2.78230000000000E+00
 1.99170830000000E+03   1.22318000000000E+01
 1.99179170000000E+03   2.85534000000000E+01
 1.99187500000000E+03   3.43365000000000E+01
 1.99195830000000E+03   2.77348000000000E+01
 1.99204170000000E+03   2.10561000000000E+01
 1.99212500000000E+03   2.41465000000000E+01
 1.99220830000000E+03   2.70061000000000E+01
 1.99229170000000E+03   1.53270000000000E+01
 1.99237500000000E+03   1.45709000000000E+01
 1.99245830000000E+03   2.27377000000000E+01
 1.99254170000000E+03   2.42890000000000E+01
 1.99262500000000E+03   2.11480000000000E+01
 1.99270830000000E+03   9.92990000000000E+00
 1.99279170000000E+03  -6.21150000000000E+00
 1.99287500000000E+03  -1.93529000000000E+01
 1.99295830000000E+03  -1.47252000000000E+01
 1.99304170000000E+03   1.06715000000000E+01
 1.99312500000000E+03   2.42990000000000E+01
 1.99320830000000E+03   1.92340000000000E+01
 1.99329170000000E+03  -4.06190000000000E+00
 1.99337500000000E+03  -1.64348000000000E+01
 1.99345830000000E+03  -2.64232000000000E+01
 1.99354170000000E+03  -2.79503000000000E+01
 1.99362500000000E+03  -3.52466000000000E+01
 1.99370830000000E+03  -5.70815000000000E+01
 1.99379170000000E+03  -5.68397000000000E+01
 1.99387500000000E+03  -5.81364000000000E+01
 1.99395830000000E+03  -3.45871000000000E+01
 1.99404170000000E+03  -3.74995000000000E+01
 1.99412500000000E+03  -5.33350000000000E+01
 1.99420830000000E+03  -6.24014000000000E+01
 1.99429170000000E+03  -6.00834000000000E+01
 1.99437500000000E+03  -4.43039000000000E+01
 1.99445830000000E+03  -1.38322000000000E+01
 1.99454170000000E+03   3.87010000000000E+00
 1.99462500000000E+03   1.66492000000000E+01
 1.99470830000000E+03   2.75052000000000E+01
 1.99479170000000E+03   4.87456000000000E+01
 1.99487500000000E+03   4.90628000000000E+01
 1.99495830000000E+03   5.93030000000000E+01
 1.99504170000000E+03   5.27738000000000E+01
 1.99512500000000E+03   5.26292000000000E+01
 1.99520830000000E+03   5.07921000000000E+01
 1.99529170000000E+03   5.47241000000000E+01
 1.99537500000000E+03   6.28098000000000E+01
 1.99545830000000E+03   5.11262000000000E+01
 1.99554170000000E+03   1.98271000000000E+01
 1.99562500000000E+03  -1.87029000000000E+01
 1.99570830000000E+03  -6.17715000000000E+01
 1.99579170000000E+03  -8.91479000000000E+01
 1.99587500000000E+03  -1.11755200000000E+02
 1.99595830000000E+03  -1.12516400000000E+02
 1.99604170000000E+03  -1.03277800000000E+02
 1.99612500000000E+03  -1.10962400000000E+02
 1.99620830000000E+03  -1.20800900000000E+02
 1.99629170000000E+03  -1.23178000000000E+02
 1.99637500000000E+03  -1.17478300000000E+02
 1.99645830000000E+03  -1.31317200000000E+02
 1.99654170000000E+03  -1.31156200000000E+02
 1.99662500000000E+03  -1.09995300000000E+02
 1.99670830000000E+03  -8.12961000000000E+01
 1.99679170000000E+03  -4.70586000000000E+01
 1.99687500000000E+03  -3.32058000000000E+01
 1.99695830000000E+03  -3.43530000000000E+01
 1.99704170000000E+03  -4.09621000000000E+01
 1.99712500000000E+03  -5.81865000000000E+01
 1.99720830000000E+03  -4.37187000000000E+01
 1.99729170000000E+03  -1.17127000000000E+01
 1.99737500000000E+03  -4.32210000000000E+00
 1.99745830000000E+03  -2.48547000000000E+01
 1.99754170000000E+03  -1.97722000000000E+01
 1.99762500000000E+03  -8.43500000000000E-01
 1.99770830000000E+03   1.07005000000000E+01
 1.99779170000000E+03  -5.44810000000000E+00
 1.99787500000000E+03  -2.21351000000000E+01
 1.99795830000000E+03  -2.14377000000000E+01
 1.99804170000000E+03  -3.20200000000000E+00
 1.99812500000000E+03   1.87260000000000E+01
 1.99820830000000E+03   3.42692000000000E+01
 1.99829170000000E+03   1.92738000000000E+01
 1.99837500000000E+03   1.42784000000000E+01
 1.99845830000000E+03   1.50520000000000E+01
 1.99854170000000E+03   3.42870000000000E+01
 1.99862500000000E+03   4.32912000000000E+01
 1.99870830000000E+03   3.37568000000000E+01
 1.99879170000000E+03   1.68375000000000E+01
 1.99887500000000E+03   1.99183000000000E+01
 1.99895830000000E+03   2.03835000000000E+01
 1.99904170000000E+03   1.75409000000000E+01
 1.99912500000000E+03   4.85200000000000E+00
 1.99920830000000E+03  -1.68369000000000E+01
 1.99929170000000E+03  -1.85261000000000E+01
 1.99937500000000E+03  -1.27538000000000E+01
 1.99945830000000E+03  -1.13662000000000E+01
 1.99954170000000E+03  -2.36340000000000E+00
 1.99962500000000E+03   5.71630000000000E+00
 1.99970830000000E+03   6.41120000000000E+00
 1.99979170000000E+03  -2.66330000000000E+00
 1.99987500000000E+03  -1.81224000000000E+01
 1.99995830000000E+03  -1.01202000000000E+01
 2.00004170000000E+03   5.95880000000000E+00
 2.00012500000000E+03   1.22685000000000E+01
 2.00020830000000E+03   4.50120000000000E+00
 2.00029170000000E+03  -4.65090000000000E+00
 2.00037500000000E+03  -1.71877000000000E+01
 2.00045830000000E+03  -1.49554000000000E+01
 2.00054170000000E+03  -3.76464000000000E+01
 2.00062500000000E+03  -5.43374000000000E+01
 2.00070830000000E+03  -8.16439000000000E+01
 2.00079170000000E+03  -1.09258300000000E+02
 2.00087500000000E+03  -1.09949600000000E+02
 2.00095830000000E+03  -8.99488000000000E+01
 2.00104170000000E+03  -9.43328000000000E+01
 2.00112500000000E+03  -1.03486000000000E+02
 2.00120830000000E+03  -9.51010000000000E+01
 2.00129170000000E+03  -9.18699000000000E+01
 2.00137500000000E+03  -5.31005000000000E+01
 2.00145830000000E+03  -4.25619000000000E+01
 2.00154170000000E+03  -3.71004000000000E+01
 2.00162500000000E+03  -7.17750000000000E+00
 2.00170830000000E+03   2.18992000000000E+01
 2.00179170000000E+03   2.19757000000000E+01
 2.00187500000000E+03   2.49752000000000E+01
 2.00195830000000E+03   2.67438000000000E+01
 2.00204170000000E+03   2.80507000000000E+01
 2.00212500000000E+03   2.55114000000000E+01
 2.00220830000000E+03   1.79720000000000E+01
 2.00229170000000E+03  -1.06100000000000E-01
 2.00237500000000E+03   7.38800000000000E-01
 2.00245830000000E+03  -4.44163000000000E+01
 2.00254170000000E+03  -4.84179000000000E+01
 2.00262500000000E+03  -6.27271000000000E+01
 2.00270830000000E+03  -1.06498000000000E+02
 2.00279170000000E+03  -1.33884500000000E+02
 2.00287500000000E+03  -1.31732600000000E+02
 2.00295830000000E+03  -1.19119300000000E+02
 2.00304170000000E+03  -1.04890700000000E+02
 2.00312500000000E+03  -1.04123800000000E+02
 2.00320830000000E+03  -9.31262000000000E+01
 2.00329170000000E+03  -7.57442000000000E+01
 2.00337500000000E+03  -7.15930000000000E+01
 2.00345830000000E+03  -6.10573000000000E+01
 2.00354170000000E+03  -3.45218000000000E+01
 2.00362500000000E+03  -2.72171000000000E+01
 2.00370830000000E+03  -2.42202000000000E+01
 2.00379170000000E+03  -1.45312000000000E+01
 2.00387500000000E+03  -1.45346000000000E+01
 2.00395830000000E+03  -2.99960000000000E+00
 2.00404170000000E+03   7.07370000000000E+00
 2.00412500000000E+03   6.85300000000000E-01
 2.00420830000000E+03   2.75840000000000E+00
 2.00429170000000E+03   8.44670000000000E+00
 2.00437500000000E+03   5.75030000000000E+00
 2.00445830000000E+03   2.29000000000000E+01
 2.00454170000000E+03   4.52033000000000E+01
 2.00462500000000E+03   4.99681000000000E+01
 2.00470830000000E+03   3.20404000000000E+01
 2.00479170000000E+03   1.95741000000000E+01
 2.00487500000000E+03   1.94155000000000E+01
 2.00495830000000E+03   2.68721000000000E+01
 2.00504170000000E+03   2.75593000000000E+01
 2.00512500000000E+03   2.67849000000000E+01
 2.00520830000000E+03   2.90104000000000E+01
 2.00529170000000E+03   1.69280000000000E+01
 2.00537500000000E+03   1.04610000000000E+01
 2.00545830000000E+03   7.37840000000000E+00
 2.00554170000000E+03  -2.11659000000000E+01
 2.00562500000000E+03  -5.84025000000000E+01
 2.00570830000000E+03  -8.44085000000000E+01
 2.00579170000000E+03  -7.70301000000000E+01
 2.00587500000000E+03  -7.08824000000000E+01
 2.00595830000000E+03  -6.19657000000000E+01
 2.00604170000000E+03  -6.98184000000000E+01
 2.00612500000000E+03  -7.27481000000000E+01
 2.00620830000000E+03  -7.80625000000000E+01
 2.00629170000000E+03  -7.48386000000000E+01
 2.00637500000000E+03  -4.63071000000000E+01
 2.00645830000000E+03  -3.03142000000000E+01
 2.00654170000000E+03  -3.21400000000000E-01
 2.00662500000000E+03   3.02097000000000E+01
 2.00670830000000E+03   4.12792000000000E+01
 2.00679170000000E+03   5.94254000000000E+01
 2.00687500000000E+03   6.54947000000000E+01
 2.00695830000000E+03   7.42562000000000E+01
 2.00704170000000E+03   8.71712000000000E+01
 2.00712500000000E+03   1.02317100000000E+02
 2.00720830000000E+03   1.19078200000000E+02
 2.00729170000000E+03   1.17300600000000E+02
 2.00737500000000E+03   1.25984500000000E+02
 2.00745830000000E+03   1.12206800000000E+02
 2.00754170000000E+03   9.68904000000000E+01
 2.00762500000000E+03   7.55740000000000E+01
 2.00770830000000E+03   8.51036000000000E+01
 2.00779170000000E+03   7.92483000000000E+01
 2.00787500000000E+03   6.81623000000000E+01
 2.00795830000000E+03   5.70762000000000E+01
 2.00804170000000E+03   6.46052000000000E+01
 2.00812500000000E+03   5.72111000000000E+01
 2.00820830000000E+03   4.19708000000000E+01
 2.00829170000000E+03   3.21149000000000E+01
 2.00837500000000E+03   4.38743000000000E+01
 2.00845830000000E+03   4.09413000000000E+01
 2.00854170000000E+03   3.11619000000000E+01
 2.00862500000000E+03   1.90748000000000E+01
 2.00870830000000E+03   1.67990000000000E+00
 2.00879170000000E+03  -3.67922000000000E+01
 2.00887500000000E+03  -4.28027000000000E+01
 2.00895830000000E+03  -2.74287000000000E+01
 2.00904170000000E+03  -1.56704000000000E+01
 2.00912500000000E+03  -1.99889000000000E+01
 2.00920830000000E+03  -2.13076000000000E+01
 2.00929170000000E+03   1.14270000000000E+00
 2.00937500000000E+03  -1.77147000000000E+01
 2.00945830000000E+03  -3.09569000000000E+01
 2.00954170000000E+03  -5.86607000000000E+01
 2.00962500000000E+03  -7.39800000000000E+01
 2.00970830000000E+03  -6.88379000000000E+01
 2.00979170000000E+03  -7.06960000000000E+01
 2.00987500000000E+03  -5.50926000000000E+01
 2.00995830000000E+03  -4.35662000000000E+01
 2.01004170000000E+03  -4.85016000000000E+01
 2.01012500000000E+03  -4.61293000000000E+01
 2.01020830000000E+03  -4.20648000000000E+01
 2.01029170000000E+03  -5.27698000000000E+01
 2.01037500000000E+03  -5.13209000000000E+01
 2.01045830000000E+03  -4.09491000000000E+01
 2.01054170000000E+03  -4.54237000000000E+01
 2.01062500000000E+03  -2.68213000000000E+01
 2.01070830000000E+03  -2.56037000000000E+01
 2.01079170000000E+03  -1.93863000000000E+01
 2.01087500000000E+03  -2.26305000000000E+01
 2.01095830000000E+03  -2.07979000000000E+01
 2.01104170000000E+03  -1.73501000000000E+01
 2.01112500000000E+03  -1.39792000000000E+01
 2.01120830000000E+03  -1.09931000000000E+01
 2.01129170000000E+03  -4.77640000000000E+00
 2.01137500000000E+03  -4.63670000000000E+00
 2.01145830000000E+03   1.95200000000000E-01
 2.01154170000000E+03   3.11038000000000E+01
 2.01162500000000E+03   2.27817000000000E+01
 2.01170830000000E+03   2.36902000000000E+01
 2.01179170000000E+03   4.28292000000000E+01
 2.01187500000000E+03   3.42759000000000E+01
 2.01195830000000E+03   4.44148000000000E+01
 2.01204170000000E+03   4.29381000000000E+01
 2.01212500000000E+03   3.96921000000000E+01
 2.01220830000000E+03   5.00614000000000E+01
 2.01229170000000E+03   5.70459000000000E+01
 2.01237500000000E+03   5.52611000000000E+01
 2.01245830000000E+03   5.87839000000000E+01
 2.01254170000000E+03   3.40757000000000E+01
 2.01262500000000E+03   1.21360000000000E+00
 2.01270830000000E+03  -9.34090000000000E+00
 2.01279170000000E+03  -2.92802000000000E+01
 2.01287500000000E+03  -3.96811000000000E+01
 2.01295830000000E+03  -3.99282000000000E+01
 2.01304170000000E+03  -3.86372000000000E+01
 2.01312500000000E+03  -4.04230000000000E+01
 2.01320830000000E+03  -3.96705000000000E+01
 2.01329170000000E+03  -6.33029000000000E+01
 2.01337500000000E+03  -6.34737000000000E+01
 2.01345830000000E+03  -5.52601000000000E+01
 2.01354170000000E+03  -4.60466000000000E+01
 2.01362500000000E+03  -6.36794000000000E+01
 2.01370830000000E+03  -6.48507000000000E+01
 2.01379170000000E+03  -4.87914000000000E+01
 2.01387500000000E+03  -3.73476000000000E+01
 2.01395830000000E+03  -3.61347000000000E+01
 2.01404170000000E+03  -3.19989000000000E+01
 2.01412500000000E+03  -3.39400000000000E+01
 2.01420830000000E+03  -3.82659000000000E+01
 2.01429170000000E+03  -4.66689000000000E+01
 2.01437500000000E+03  -4.17642000000000E+01
 2.01445830000000E+03  -6.01674000000000E+01
 2.01454170000000E+03  -5.65708000000000E+01
 2.01462500000000E+03  -5.57434000000000E+01
 2.01470830000000E+03  -4.02238000000000E+01
 2.01479170000000E+03  -3.40122000000000E+01
 2.01487500000000E+03  -2.59544000000000E+01
 2.01495830000000E+03  -1.36660000000000E+01
 2.01504170000000E+03  -1.60860000000000E+00
 2.01512500000000E+03  -9.35700000000000E-01
 2.01520830000000E+03  -4.03230000000000E+00
 2.01529170000000E+03  -1.05137000000000E+01
 2.01537500000000E+03   1.08190000000000E+00
 2.01545830000000E+03   3.09080000000000E+01
 2.01554170000000E+03   2.99648000000000E+01
 2.01562500000000E+03   2.17907000000000E+01
 2.01570830000000E+03   8.15500000000000E+00
 2.01579170000000E+03   8.98060000000000E+00
 2.01587500000000E+03   2.80610000000000E+00
 2.01595830000000E+03  -1.06761000000000E+01
 2.01604170000000E+03  -1.30047000000000E+01
 2.01612500000000E+03  -1.22564000000000E+01
 2.01620830000000E+03  -1.03544000000000E+01
 2.01629170000000E+03  -1.54526000000000E+01
 2.01637500000000E+03  -8.55080000000000E+00
 2.01645830000000E+03  -4.49530000000000E+00
 2.01654170000000E+03  -1.48246000000000E+01
 2.01662500000000E+03  -2.13078000000000E+01
 2.01670830000000E+03  -3.44065000000000E+01
 2.01679170000000E+03  -2.15054000000000E+01
 2.01687500000000E+03  -2.38351000000000E+01
 2.01695830000000E+03  -1.39342000000000E+01
 2.01704170000000E+03   6.04350000000000E+00
 2.01712500000000E+03   6.02110000000000E+00
 2.01720830000000E+03   7.30630000000000E+00
 2.01729170000000E+03   1.62836000000000E+01
 2.01737500000000E+03   4.57224000000000E+01
 2.01745830000000E+03   7.24688000000000E+01
 2.01754170000000E+03   6.95996000000000E+01
 2.01762500000000E+03   5.58072000000000E+01
 2.01770830000000E+03   4.90917000000000E+01
 2.01779170000000E+03   3.35298000000000E+01
 2.01787500000000E+03   1.84295000000000E+01
 2.01795830000000E+03   1.46367000000000E+01
 2.01804170000000E+03   8.99750000000000E+00
 2.01812500000000E+03  -5.64800000000000E-01
 2.01820830000000E+03  -2.74250000000000E+00
 2.01829170000000E+03   5.92560000000000E+00
 2.01837500000000E+03  -9.32930000000000E+00
 2.01845830000000E+03  -3.56613000000000E+01
 2.01854170000000E+03  -4.66858000000000E+01
 2.01862500000000E+03  -5.62488000000000E+01
 2.01870830000000E+03  -4.73504000000000E+01
 2.01879170000000E+03  -3.61445000000000E+01
 2.01887500000000E+03  -2.37847000000000E+01
 2.01895830000000E+03  -1.78097000000000E+01
 2.01904170000000E+03   3.18900000000000E-01
 2.01912500000000E+03  -3.62940000000000E+00
 2.01920830000000E+03   4.34520000000000E+00
 2.01929170000000E+03   1.23966000000000E+01
 2.01937500000000E+03  -7.85980000000000E+00
 2.01945830000000E+03   3.65290000000000E+00
 2.01954170000000E+03   2.70885000000000E+01
 2.01962500000000E+03   4.12933000000000E+01
 2.01970830000000E+03   5.81903000000000E+01
 2.01979170000000E+03   5.19333000000000E+01
 2.01987500000000E+03   6.44454000000000E+01
 2.01995830000000E+03   6.61882000000000E+01
 2.02004170000000E+03   7.65462000000000E+01
 2.02012500000000E+03   7.10579000000000E+01
 2.02020830000000E+03   8.01081000000000E+01
 2.02029170000000E+03   7.01580000000000E+01
 2.02037500000000E+03   6.89771000000000E+01
 2.02045830000000E+03   7.04884000000000E+01
 2.02054170000000E+03   6.44610000000000E+01
 2.02062500000000E+03   3.67413000000000E+01
 2.02070830000000E+03   7.94460000000000E+00
 2.02079170000000E+03   9.93800000000000E-01
 2.02087500000000E+03  -1.95710000000000E+00
 2.02095830000000E+03  -1.16772000000000E+01
 2.02104170000000E+03  -1.27054000000000E+01
 2.02112500000000E+03  -1.14258000000000E+01
 2.02120830000000E+03  -1.55309000000000E+01
 2.02129170000000E+03  -1.82517000000000E+01
 2.02137500000000E+03   1.48910000000000E+00
 2.02145830000000E+03  -5.39500000000000E-01
 2.02154170000000E+03   1.45855000000000E+01
 2.02162500000000E+03   4.34028000000000E+01
 2.02170830000000E+03   5.02970000000000E+01
 2.02179170000000E+03   4.94986000000000E+01
 2.02187500000000E+03   3.72386000000000E+01
 2.02195830000000E+03   4.34401000000000E+01
 2.02204170000000E+03   5.61028000000000E+01
 2.02212500000000E+03   6.13810000000000E+01
 2.02220830000000E+03   4.75821000000000E+01
 2.02229170000000E+03   5.23983000000000E+01
 2.02237500000000E+03   5.41377000000000E+01
 2.02245830000000E+03   2.88000000000000E+01
 2.02254170000000E+03   3.12312000000000E+01
 2.02262500000000E+03   2.92779000000000E+01
 2.02270830000000E+03   9.09370000000000E+00
 2.02279170000000E+03   3.21690000000000E+00
 2.02287500000000E+03  -3.96760000000000E+00
 2.02295830000000E+03  -5.30600000000000E+00
 2.02304170000000E+03  -4.79850000000000E+00
 2.02312500000000E+03   9.39700000000000E-01
 2.02320830000000E+03   6.77900000000000E-01
 2.02329170000000E+03   2.39542000000000E+01
 2.02337500000000E+03   3.04614000000000E+01
 2.02345830000000E+03   3.20453000000000E+01
 2.02354170000000E+03   5.18597000000000E+01
 2.02362500000000E+03   6.49819000000000E+01
 2.02370830000000E+03   4.67962000000000E+01
 2.02379170000000E+03   4.33796000000000E+01
 2.02387500000000E+03   4.01937000000000E+01
 2.02395830000000E+03   4.93923000000000E+01
 2.02404170000000E+03   6.08983000000000E+01
 2.02412500000000E+03   6.14813000000000E+01
 2.02420830000000E+03   4.74488000000000E+01
 2.02429170000000E+03   4.35698000000000E+01
 2.02437500000000E+03   3.57678000000000E+01
 2.02445830000000E+03   3.28888000000000E+01
 2.02454170000000E+03   3.01249000000000E+01
 2.02462500000000E+03   2.02421000000000E+01
 2.02470830000000E+03  -3.69530000000000E+00
 2.02479170000000E+03   6.84980000000000E+00
 2.02487500000000E+03   2.93380000000000E+00
 2.02495830000000E+03   2.82162000000000E+01
