 1.86204170000000E+03   2.18416000000000E+01
 1.86212500000000E+03   2.94197000000000E+01
 1.86220830000000E+03   2.19975000000000E+01
 1.86229170000000E+03   2.80753000000000E+01
 1.86237500000000E+03   1.94254000000000E+01
 1.86245830000000E+03   2.88966000000000E+01
 1.86254170000000E+03   2.92301000000000E+01
 1.86262500000000E+03   2.54608000000000E+01
 1.86270830000000E+03   3.01528000000000E+01
 1.86279170000000E+03   2.71523000000000E+01
 1.86287500000000E+03   2.26131000000000E+01
 1.86295830000000E+03   2.26891000000000E+01
 1.86304170000000E+03   1.66111000000000E+01
 1.86312500000000E+03   1.28405000000000E+01
 1.86320830000000E+03   1.29158000000000E+01
 1.86329170000000E+03   1.52987000000000E+01
 1.86337500000000E+03   5.37360000000000E+00
 1.86345830000000E+03   2.08329000000000E+01
 1.86354170000000E+03  -3.70790000000000E+00
 1.86362500000000E+03  -9.01820000000000E+00
 1.86370830000000E+03  -5.09800000000000E+00
 1.86379170000000E+03  -9.63940000000000E+00
 1.86387500000000E+03  -9.56580000000000E+00
 1.86395830000000E+03  -1.80000000000000E+00
 1.86404170000000E+03   5.81000000000000E-01
 1.86412500000000E+03   3.73090000000000E+00
 1.86420830000000E+03   4.57300000000000E+00
 1.86429170000000E+03  -7.39000000000000E-01
 1.86437500000000E+03  -1.43580000000000E+00
 1.86445830000000E+03  -9.82520000000000E+00
 1.86454170000000E+03  -1.51378000000000E+01
 1.86462500000000E+03  -4.29680000000000E+00
 1.86470830000000E+03  -9.60980000000000E+00
 1.86479170000000E+03  -1.56923000000000E+01
 1.86487500000000E+03  -3.31350000000000E+00
 1.86495830000000E+03  -1.65600000000000E-01
 1.86504170000000E+03   2.98210000000000E+00
 1.86512500000000E+03   5.36030000000000E+00
 1.86520830000000E+03  -7.23300000000000E-01
 1.86529170000000E+03   1.65460000000000E+00
 1.86537500000000E+03   1.72440000000000E+00
 1.86545830000000E+03  -5.12900000000000E+00
 1.86554170000000E+03   1.10944000000000E+01
 1.86562500000000E+03   1.73174000000000E+01
 1.86570830000000E+03   1.73864000000000E+01
 1.86579170000000E+03   2.28399000000000E+01
 1.86587500000000E+03   3.06008000000000E+01
 1.86595830000000E+03   3.22077000000000E+01
 1.86604170000000E+03   4.15067000000000E+01
 1.86612500000000E+03   4.77285000000000E+01
 1.86620830000000E+03   5.47194000000000E+01
 1.86629170000000E+03   5.01716000000000E+01
 1.86637500000000E+03   5.94697000000000E+01
 1.86645830000000E+03   6.72291000000000E+01
 1.86654170000000E+03   7.96038000000000E+01
 1.86662500000000E+03   8.12090000000000E+01
 1.86670830000000E+03   6.74293000000000E+01
 1.86679170000000E+03   7.98034000000000E+01
 1.86687500000000E+03   8.52540000000000E+01
 1.86695830000000E+03   8.83968000000000E+01
 1.86704170000000E+03   9.61549000000000E+01
 1.86712500000000E+03   9.00665000000000E+01
 1.86720830000000E+03   8.55163000000000E+01
 1.86729170000000E+03   8.17352000000000E+01
 1.86737500000000E+03   9.25693000000000E+01
 1.86745830000000E+03   8.34031000000000E+01
 1.86754170000000E+03   7.42368000000000E+01
 1.86762500000000E+03   7.89163000000000E+01
 1.86770830000000E+03   7.74418000000000E+01
 1.86779170000000E+03   8.21211000000000E+01
 1.86787500000000E+03   7.29538000000000E+01
 1.86795830000000E+03   7.37864000000000E+01
 1.86804170000000E+03   7.69265000000000E+01
 1.86812500000000E+03   7.23740000000000E+01
 1.86820830000000E+03   7.39752000000000E+01
 1.86829170000000E+03   7.78839000000000E+01
 1.86837500000000E+03   7.10231000000000E+01
 1.86845830000000E+03   7.64698000000000E+01
 1.86854170000000E+03   5.80702000000000E+01
 1.86862500000000E+03   7.04395000000000E+01
 1.86870830000000E+03   5.81933000000000E+01
 1.86879170000000E+03   5.21007000000000E+01
 1.86887500000000E+03   5.44694000000000E+01
 1.86895830000000E+03   6.14533000000000E+01
 1.86904170000000E+03   6.07448000000000E+01
 1.86912500000000E+03   6.00359000000000E+01
 1.86920830000000E+03   6.93268000000000E+01
 1.86929170000000E+03   8.01561000000000E+01
 1.86937500000000E+03   8.25236000000000E+01
 1.86945830000000E+03   8.25831000000000E+01
 1.86954170000000E+03   6.72579000000000E+01
 1.86962500000000E+03   5.88555000000000E+01
 1.86970830000000E+03   4.81451000000000E+01
 1.86979170000000E+03   4.97424000000000E+01
 1.86987500000000E+03   5.13393000000000E+01
 1.86995830000000E+03   4.98591000000000E+01
 1.87004170000000E+03   4.76096000000000E+01
 1.87012500000000E+03   5.84367000000000E+01
 1.87020830000000E+03   5.46482000000000E+01
 1.87029170000000E+03   4.77826000000000E+01
 1.87037500000000E+03   3.32244000000000E+01
 1.87045830000000E+03   1.02045000000000E+01
 1.87054170000000E+03  -6.66170000000000E+00
 1.87062500000000E+03  -1.27589000000000E+01
 1.87070830000000E+03   3.74400000000000E-01
 1.87079170000000E+03   3.50750000000000E+00
 1.87087500000000E+03   6.64040000000000E+00
 1.87095830000000E+03   1.66962000000000E+01
 1.87104170000000E+03   2.36749000000000E+01
 1.87112500000000E+03   2.21917000000000E+01
 1.87120830000000E+03   1.60930000000000E+01
 1.87129170000000E+03   1.53787000000000E+01
 1.87137500000000E+03   3.89500000000000E+00
 1.87145830000000E+03  -1.43520000000000E+00
 1.87154170000000E+03  -1.38080000000000E+00
 1.87162500000000E+03   5.59630000000000E+00
 1.87170830000000E+03   1.56502000000000E+01
 1.87179170000000E+03   2.49347000000000E+01
 1.87187500000000E+03   2.49881000000000E+01
 1.87195830000000E+03   2.65798000000000E+01
 1.87204170000000E+03   2.50944000000000E+01
 1.87212500000000E+03   2.28395000000000E+01
 1.87220830000000E+03   3.59690000000000E+01
 1.87229170000000E+03   3.44830000000000E+01
 1.87237500000000E+03   3.76121000000000E+01
 1.87245830000000E+03   4.07410000000000E+01
 1.87254170000000E+03   4.84851000000000E+01
 1.87262500000000E+03   4.77674000000000E+01
 1.87270830000000E+03   5.08957000000000E+01
 1.87279170000000E+03   5.24853000000000E+01
 1.87287500000000E+03   5.40747000000000E+01
 1.87295830000000E+03   5.87408000000000E+01
 1.87304170000000E+03   6.49452000000000E+01
 1.87312500000000E+03   6.57647000000000E+01
 1.87320830000000E+03   7.04301000000000E+01
 1.87329170000000E+03   6.12493000000000E+01
 1.87337500000000E+03   5.97604000000000E+01
 1.87345830000000E+03   5.13483000000000E+01
 1.87354170000000E+03   4.98592000000000E+01
 1.87362500000000E+03   3.91389000000000E+01
 1.87370830000000E+03   4.76493000000000E+01
 1.87379170000000E+03   5.23133000000000E+01
 1.87387500000000E+03   5.00540000000000E+01
 1.87395830000000E+03   4.70253000000000E+01
 1.87404170000000E+03   4.32271000000000E+01
 1.87412500000000E+03   4.32749000000000E+01
 1.87420830000000E+03   4.40916000000000E+01
 1.87429170000000E+03   3.95236000000000E+01
 1.87437500000000E+03   3.64938000000000E+01
 1.87445830000000E+03   3.03869000000000E+01
 1.87454170000000E+03   3.19721000000000E+01
 1.87462500000000E+03   1.81724000000000E+01
 1.87470830000000E+03   1.66803000000000E+01
 1.87479170000000E+03   1.21110000000000E+01
 1.87487500000000E+03   1.36953000000000E+01
 1.87495830000000E+03   1.91256000000000E+01
 1.87504170000000E+03   2.22480000000000E+01
 1.87512500000000E+03   2.22932000000000E+01
 1.87520830000000E+03   1.84921000000000E+01
 1.87529170000000E+03   6.22920000000000E+00
 1.87537500000000E+03   9.35070000000000E+00
 1.87545830000000E+03   7.08740000000000E+00
 1.87554170000000E+03  -3.63760000000000E+00
 1.87562500000000E+03   2.56020000000000E+00
 1.87570830000000E+03   3.02963000000000E+01
 1.87579170000000E+03   3.80322000000000E+01
 1.87587500000000E+03   4.03832000000000E+01
 1.87595830000000E+03   4.58109000000000E+01
 1.87604170000000E+03   5.20077000000000E+01
 1.87612500000000E+03   5.66658000000000E+01
 1.87620830000000E+03   6.51698000000000E+01
 1.87629170000000E+03   6.59814000000000E+01
 1.87637500000000E+03   7.29465000000000E+01
 1.87645830000000E+03   6.22192000000000E+01
 1.87654170000000E+03   7.30301000000000E+01
 1.87662500000000E+03   1.01533000000000E+02
 1.87670830000000E+03   1.01574300000000E+02
 1.87679170000000E+03   8.77692000000000E+01
 1.87687500000000E+03   9.24254000000000E+01
 1.87695830000000E+03   1.02465900000000E+02
 1.87704170000000E+03   1.09429500000000E+02
 1.87712500000000E+03   1.12546500000000E+02
 1.87720830000000E+03   1.07971100000000E+02
 1.87729170000000E+03   1.04934000000000E+02
 1.87737500000000E+03   1.04973500000000E+02
 1.87745830000000E+03   1.01935900000000E+02
 1.87754170000000E+03   1.01975100000000E+02
 1.87762500000000E+03   8.50909000000000E+01
 1.87770830000000E+03   8.28219000000000E+01
 1.87779170000000E+03   7.97835000000000E+01
 1.87787500000000E+03   8.82833000000000E+01
 1.87795830000000E+03   9.29368000000000E+01
 1.87804170000000E+03   9.60516000000000E+01
 1.87812500000000E+03   9.45508000000000E+01
 1.87820830000000E+03   9.15113000000000E+01
 1.87829170000000E+03   8.84716000000000E+01
 1.87837500000000E+03   8.08164000000000E+01
 1.87845830000000E+03   7.46993000000000E+01
 1.87854170000000E+03   6.16590000000000E+01
 1.87862500000000E+03   6.47723000000000E+01
 1.87870830000000E+03   6.63469000000000E+01
 1.87879170000000E+03   5.86906000000000E+01
 1.87887500000000E+03   5.87264000000000E+01
 1.87895830000000E+03   5.87619000000000E+01
 1.87904170000000E+03   6.26434000000000E+01
 1.87912500000000E+03   5.96016000000000E+01
 1.87920830000000E+03   5.27135000000000E+01
 1.87929170000000E+03   4.42867000000000E+01
 1.87937500000000E+03   4.73981000000000E+01
 1.87945830000000E+03   3.74323000000000E+01
 1.87954170000000E+03   3.05434000000000E+01
 1.87962500000000E+03   4.28849000000000E+01
 1.87970830000000E+03   3.36878000000000E+01
 1.87979170000000E+03   3.98751000000000E+01
 1.87987500000000E+03   3.52929000000000E+01
 1.87995830000000E+03   4.22490000000000E+01
 1.88004170000000E+03   3.84357000000000E+01
 1.88012500000000E+03   3.00068000000000E+01
 1.88020830000000E+03   2.77314000000000E+01
 1.88029170000000E+03   3.46867000000000E+01
 1.88037500000000E+03   4.31802000000000E+01
 1.88045830000000E+03   5.32120000000000E+01
 1.88054170000000E+03   5.77051000000000E+01
 1.88062500000000E+03   6.10441000000000E+01
 1.88070830000000E+03   5.93829000000000E+01
 1.88079170000000E+03   6.31062000000000E+01
 1.88087500000000E+03   5.64445000000000E+01
 1.88095830000000E+03   5.70904000000000E+01
 1.88104170000000E+03   5.38900000000000E+01
 1.88112500000000E+03   6.22277000000000E+01
 1.88120830000000E+03   6.28729000000000E+01
 1.88129170000000E+03   6.31334000000000E+01
 1.88137500000000E+03   5.60859000000000E+01
 1.88145830000000E+03   4.94228000000000E+01
 1.88154170000000E+03   2.89134000000000E+01
 1.88162500000000E+03   2.97114000000000E+01
 1.88170830000000E+03   3.43554000000000E+01
 1.88179170000000E+03   3.05376000000000E+01
 1.88187500000000E+03   2.63350000000000E+01
 1.88195830000000E+03   3.21322000000000E+01
 1.88204170000000E+03   2.86985000000000E+01
 1.88212500000000E+03   3.68029000000000E+01
 1.88220830000000E+03   2.29841000000000E+01
 1.88229170000000E+03   1.99343000000000E+01
 1.88237500000000E+03   2.76535000000000E+01
 1.88245830000000E+03   2.30648000000000E+01
 1.88254170000000E+03   1.73221000000000E+01
 1.88262500000000E+03   1.38869000000000E+01
 1.88270830000000E+03   1.42975000000000E+01
 1.88279170000000E+03   3.93880000000000E+00
 1.88287500000000E+03   6.27210000000000E+00
 1.88295830000000E+03   7.83600000000000E+00
 1.88304170000000E+03   8.63050000000000E+00
 1.88312500000000E+03   9.80940000000000E+00
 1.88320830000000E+03  -9.35100000000000E-01
 1.88329170000000E+03   5.62800000000000E+00
 1.88337500000000E+03   1.29601000000000E+01
 1.88345830000000E+03   1.25996000000000E+01
 1.88354170000000E+03   2.20082000000000E+01
 1.88362500000000E+03   1.52627000000000E+01
 1.88370830000000E+03   1.39017000000000E+01
 1.88379170000000E+03   9.84810000000000E+00
 1.88387500000000E+03   1.54097000000000E+01
 1.88395830000000E+03   1.40479000000000E+01
 1.88404170000000E+03   1.76861000000000E+01
 1.88412500000000E+03   1.47855000000000E+01
 1.88420830000000E+03   1.65000000000000E+01
 1.88429170000000E+03   2.55221000000000E+01
 1.88437500000000E+03   1.68517000000000E+01
 1.88445830000000E+03   1.20272000000000E+01
 1.88454170000000E+03  -6.25910000000000E+00
 1.88462500000000E+03  -1.77763000000000E+01
 1.88470830000000E+03  -1.77553000000000E+01
 1.88479170000000E+03  -1.54268000000000E+01
 1.88487500000000E+03  -7.71390000000000E+00
 1.88495830000000E+03  -9.23200000000000E+00
 1.88504170000000E+03  -1.45964000000000E+01
 1.88512500000000E+03  -1.45765000000000E+01
 1.88520830000000E+03  -1.07106000000000E+01
 1.88529170000000E+03  -2.22950000000000E+00
 1.88537500000000E+03  -1.83640000000000E+01
 1.88545830000000E+03  -1.44987000000000E+01
 1.88554170000000E+03  -1.60183000000000E+01
 1.88562500000000E+03  -2.44611000000000E+01
 1.88570830000000E+03  -3.44426000000000E+01
 1.88579170000000E+03  -3.75013000000000E+01
 1.88587500000000E+03  -3.90217000000000E+01
 1.88595830000000E+03  -4.28500000000000E+01
 1.88604170000000E+03  -3.74477000000000E+01
 1.88612500000000E+03  -2.74303000000000E+01
 1.88620830000000E+03  -2.66438000000000E+01
 1.88629170000000E+03  -3.12422000000000E+01
 1.88637500000000E+03  -3.73792000000000E+01
 1.88645830000000E+03  -2.12088000000000E+01
 1.88654170000000E+03  -3.81155000000000E+01
 1.88662500000000E+03  -5.88685000000000E+01
 1.88670830000000E+03  -5.88526000000000E+01
 1.88679170000000E+03  -6.03753000000000E+01
 1.88687500000000E+03  -5.88213000000000E+01
 1.88695830000000E+03  -6.18829000000000E+01
 1.88704170000000E+03  -6.95601000000000E+01
 1.88712500000000E+03  -7.33913000000000E+01
 1.88720830000000E+03  -7.79920000000000E+01
 1.88729170000000E+03  -7.25929000000000E+01
 1.88737500000000E+03  -7.87325000000000E+01
 1.88745830000000E+03  -8.41030000000000E+01
 1.88754170000000E+03  -1.07935300000000E+02
 1.88762500000000E+03  -1.11767800000000E+02
 1.88770830000000E+03  -1.02523700000000E+02
 1.88779170000000E+03  -1.03279700000000E+02
 1.88787500000000E+03  -1.04805100000000E+02
 1.88795830000000E+03  -1.05561500000000E+02
 1.88804170000000E+03  -9.78566000000000E+01
 1.88812500000000E+03  -9.63058000000000E+01
 1.88820830000000E+03  -1.07062900000000E+02
 1.88829170000000E+03  -1.10127800000000E+02
 1.88837500000000E+03  -1.23193000000000E+02
 1.88845830000000E+03  -1.27796900000000E+02
 1.88854170000000E+03  -1.49324000000000E+02
 1.88862500000000E+03  -1.39312900000000E+02
 1.88870830000000E+03  -1.35455800000000E+02
 1.88879170000000E+03  -1.40060500000000E+02
 1.88887500000000E+03  -1.38511600000000E+02
 1.88895830000000E+03  -1.35424400000000E+02
 1.88904170000000E+03  -1.25414300000000E+02
 1.88912500000000E+03  -1.22327500000000E+02
 1.88920830000000E+03  -1.10010200000000E+02
 1.88929170000000E+03  -9.76931000000000E+01
 1.88937500000000E+03  -9.15300000000000E+01
 1.88945830000000E+03  -9.22902000000000E+01
 1.88954170000000E+03  -7.92045000000000E+01
 1.88962500000000E+03  -7.84267000000000E+01
 1.88970830000000E+03  -7.99568000000000E+01
 1.88979170000000E+03  -6.84101000000000E+01
 1.88987500000000E+03  -5.91714000000000E+01
 1.88995830000000E+03  -5.22406000000000E+01
 1.89004170000000E+03  -4.14638000000000E+01
 1.89012500000000E+03  -4.22257000000000E+01
 1.89020830000000E+03  -5.22186000000000E+01
 1.89029170000000E+03  -4.99040000000000E+01
 1.89037500000000E+03  -5.14358000000000E+01
 1.89045830000000E+03  -7.14293000000000E+01
 1.89054170000000E+03  -7.46538000000000E+01
 1.89062500000000E+03  -9.74170000000000E+01
 1.89070830000000E+03  -7.68727000000000E+01
 1.89079170000000E+03  -8.84055000000000E+01
 1.89087500000000E+03  -9.31693000000000E+01
 1.89095830000000E+03  -9.97795000000000E+01
 1.89104170000000E+03  -9.93129000000000E+01
 1.89112500000000E+03  -1.02538900000000E+02
 1.89120830000000E+03  -1.06149700000000E+02
 1.89129170000000E+03  -9.90684000000000E+01
 1.89137500000000E+03  -1.13295000000000E+02
 1.89145830000000E+03  -1.08291100000000E+02
 1.89154170000000E+03  -8.93642000000000E+01
 1.89162500000000E+03  -8.34376000000000E+01
 1.89170830000000E+03  -7.94343000000000E+01
 1.89179170000000E+03  -8.92773000000000E+01
 1.89187500000000E+03  -8.54283000000000E+01
 1.89195830000000E+03  -8.58871000000000E+01
 1.89204170000000E+03  -8.52693000000000E+01
 1.89212500000000E+03  -8.64978000000000E+01
 1.89220830000000E+03  -8.77265000000000E+01
 1.89229170000000E+03  -8.18016000000000E+01
 1.89237500000000E+03  -8.71076000000000E+01
 1.89245830000000E+03  -8.36447000000000E+01
 1.89254170000000E+03  -9.70281000000000E+01
 1.89262500000000E+03  -9.61040000000000E+01
 1.89270830000000E+03  -9.69493000000000E+01
 1.89279170000000E+03  -9.70257000000000E+01
 1.89287500000000E+03  -9.57176000000000E+01
 1.89295830000000E+03  -9.36405000000000E+01
 1.89304170000000E+03  -9.02560000000000E+01
 1.89312500000000E+03  -8.55639000000000E+01
 1.89320830000000E+03  -7.62567000000000E+01
 1.89329170000000E+03  -6.81035000000000E+01
 1.89337500000000E+03  -7.04121000000000E+01
 1.89345830000000E+03  -6.47978000000000E+01
 1.89354170000000E+03  -7.14914000000000E+01
 1.89362500000000E+03  -6.21084000000000E+01
 1.89370830000000E+03  -6.90332000000000E+01
 1.89379170000000E+03  -6.87274000000000E+01
 1.89387500000000E+03  -5.82680000000000E+01
 1.89395830000000E+03  -5.47319000000000E+01
 1.89404170000000E+03  -4.70422000000000E+01
 1.89412500000000E+03  -4.08912000000000E+01
 1.89420830000000E+03  -3.52018000000000E+01
 1.89429170000000E+03  -3.28204000000000E+01
 1.89437500000000E+03  -3.38239000000000E+01
 1.89445830000000E+03  -1.96736000000000E+01
 1.89454170000000E+03  -2.04467000000000E+01
 1.89462500000000E+03  -2.37585000000000E+01
 1.89470830000000E+03  -2.53781000000000E+01
 1.89479170000000E+03  -2.58441000000000E+01
 1.89487500000000E+03  -2.68488000000000E+01
 1.89495830000000E+03  -2.86229000000000E+01
 1.89504170000000E+03  -2.07819000000000E+01
 1.89512500000000E+03  -2.17103000000000E+01
 1.89520830000000E+03  -2.72542000000000E+01
 1.89529170000000E+03  -1.81831000000000E+01
 1.89537500000000E+03  -2.69582000000000E+01
 1.89545830000000E+03  -1.95029000000000E+01
 1.89554170000000E+03  -3.92015000000000E+01
 1.89562500000000E+03  -5.02850000000000E+01
 1.89570830000000E+03  -3.49072000000000E+01
 1.89579170000000E+03  -3.74527000000000E+01
 1.89587500000000E+03  -3.99983000000000E+01
 1.89595830000000E+03  -3.49288000000000E+01
 1.89604170000000E+03  -2.91673000000000E+01
 1.89612500000000E+03  -3.23289000000000E+01
 1.89620830000000E+03  -2.24908000000000E+01
 1.89629170000000E+03  -1.91914000000000E+01
 1.89637500000000E+03  -3.63537000000000E+01
 1.89645830000000E+03  -4.05163000000000E+01
 1.89654170000000E+03  -6.08329000000000E+01
 1.89662500000000E+03  -6.26112000000000E+01
 1.89670830000000E+03  -5.26974000000000E+01
 1.89679170000000E+03  -6.60147000000000E+01
 1.89687500000000E+03  -6.31782000000000E+01
 1.89695830000000E+03  -5.81113000000000E+01
 1.89704170000000E+03  -5.85830000000000E+01
 1.89712500000000E+03  -5.69010000000000E+01
 1.89720830000000E+03  -5.37578000000000E+01
 1.89729170000000E+03  -6.86916000000000E+01
 1.89737500000000E+03  -7.26257000000000E+01
 1.89745830000000E+03  -7.68677000000000E+01
 1.89754170000000E+03  -7.38022000000000E+01
 1.89762500000000E+03  -5.60446000000000E+01
 1.89770830000000E+03  -5.69795000000000E+01
 1.89779170000000E+03  -6.35300000000000E+01
 1.89787500000000E+03  -5.51577000000000E+01
 1.89795830000000E+03  -5.84009000000000E+01
 1.89804170000000E+03  -5.78752000000000E+01
 1.89812500000000E+03  -5.81188000000000E+01
 1.89820830000000E+03  -6.25935000000000E+01
 1.89829170000000E+03  -6.66837000000000E+01
 1.89837500000000E+03  -6.30049000000000E+01
 1.89845830000000E+03  -5.05571000000000E+01
 1.89854170000000E+03  -3.23403000000000E+01
 1.89862500000000E+03  -3.13545000000000E+01
 1.89870830000000E+03  -4.34458000000000E+01
 1.89879170000000E+03  -3.26142000000000E+01
 1.89887500000000E+03  -2.71675000000000E+01
 1.89895830000000E+03  -3.11825000000000E+01
 1.89904170000000E+03  -2.66592000000000E+01
 1.89912500000000E+03  -2.79054000000000E+01
 1.89920830000000E+03  -1.57672000000000E+01
 1.89929170000000E+03  -1.57061000000000E+01
 1.89937500000000E+03  -1.45684000000000E+01
 1.89945830000000E+03  -2.38154000000000E+01
 1.89954170000000E+03  -3.81396000000000E+01
 1.89962500000000E+03  -5.26947000000000E+01
 1.89970830000000E+03  -6.14039000000000E+01
 1.89979170000000E+03  -6.94210000000000E+01
 1.89987500000000E+03  -8.02076000000000E+01
 1.89995830000000E+03  -8.09174000000000E+01
 1.90004170000000E+03  -8.03198000000000E+01
 1.90012500000000E+03  -8.34916000000000E+01
 1.90020830000000E+03  -8.52021000000000E+01
 1.90029170000000E+03  -9.00666000000000E+01
 1.90037500000000E+03  -9.52390000000000E+01
 1.90045830000000E+03  -9.54886000000000E+01
 1.90054170000000E+03  -9.08153000000000E+01
 1.90062500000000E+03  -9.92960000000000E+01
 1.90070830000000E+03  -1.08777000000000E+02
 1.90079170000000E+03  -1.06412000000000E+02
 1.90087500000000E+03  -1.13124200000000E+02
 1.90095830000000E+03  -1.16067300000000E+02
 1.90104170000000E+03  -1.22472200000000E+02
 1.90112500000000E+03  -1.22877300000000E+02
 1.90120830000000E+03  -1.22974900000000E+02
 1.90129170000000E+03  -1.16688200000000E+02
 1.90137500000000E+03  -1.22401600000000E+02
 1.90145830000000E+03  -1.15192100000000E+02
 1.90154170000000E+03  -1.15675200000000E+02
 1.90162500000000E+03  -1.29081600000000E+02
 1.90170830000000E+03  -1.21949700000000E+02
 1.90179170000000E+03  -1.21587200000000E+02
 1.90187500000000E+03  -1.17609600000000E+02
 1.90195830000000E+03  -1.09324500000000E+02
 1.90204170000000E+03  -1.04578100000000E+02
 1.90212500000000E+03  -9.96011000000000E+01
 1.90220830000000E+03  -1.05393500000000E+02
 1.90229170000000E+03  -1.06878500000000E+02
 1.90237500000000E+03  -1.23671400000000E+02
 1.90245830000000E+03  -1.31849100000000E+02
 1.90254170000000E+03  -1.34719300000000E+02
 1.90262500000000E+03  -1.36128200000000E+02
 1.90270830000000E+03  -1.18845000000000E+02
 1.90279170000000E+03  -1.09177400000000E+02
 1.90287500000000E+03  -9.58946000000000E+01
 1.90295830000000E+03  -1.01073500000000E+02
 1.90304170000000E+03  -8.36373000000000E+01
 1.90312500000000E+03  -6.88167000000000E+01
 1.90320830000000E+03  -5.93809000000000E+01
 1.90329170000000E+03  -3.54069000000000E+01
 1.90337500000000E+03  -1.65869000000000E+01
 1.90345830000000E+03  -4.30560000000000E+00
 1.90354170000000E+03   1.74480000000000E+00
 1.90362500000000E+03   1.22564000000000E+01
 1.90370830000000E+03   6.61400000000000E+00
 1.90379170000000E+03   9.27910000000000E+00
 1.90387500000000E+03   3.71320000000000E+00
 1.90395830000000E+03   5.07020000000000E+00
 1.90404170000000E+03   1.33500000000000E+01
 1.90412500000000E+03   7.47580000000000E+00
 1.90420830000000E+03  -6.55250000000000E+00
 1.90429170000000E+03  -5.73480000000000E+00
 1.90437500000000E+03  -6.07120000000000E+00
 1.90445830000000E+03  -1.17924000000000E+01
 1.90454170000000E+03  -8.12920000000000E+00
 1.90462500000000E+03  -7.77390000000000E+00
 1.90470830000000E+03  -2.13419000000000E+01
 1.90479170000000E+03  -1.60640000000000E+01
 1.90487500000000E+03  -2.48632000000000E+01
 1.90495830000000E+03  -2.45857000000000E+01
 1.90504170000000E+03  -2.65391000000000E+01
 1.90512500000000E+03  -2.03389000000000E+01
 1.90520830000000E+03  -2.11390000000000E+01
 1.90529170000000E+03  -1.70850000000000E+00
 1.90537500000000E+03  -9.73970000000000E+00
 1.90545830000000E+03  -2.74634000000000E+01
 1.90554170000000E+03  -3.14951000000000E+01
 1.90562500000000E+03  -3.19885000000000E+01
 1.90570830000000E+03  -2.95590000000000E+01
 1.90579170000000E+03  -3.32836000000000E+01
 1.90587500000000E+03  -3.40853000000000E+01
 1.90595830000000E+03  -2.92718000000000E+01
 1.90604170000000E+03  -2.97663000000000E+01
 1.90612500000000E+03  -2.79533000000000E+01
 1.90620830000000E+03  -3.79097000000000E+01
 1.90629170000000E+03  -3.67125000000000E+01
 1.90637500000000E+03  -4.59770000000000E+01
 1.90645830000000E+03  -3.30878000000000E+01
 1.90654170000000E+03  -3.16605000000000E+01
 1.90662500000000E+03  -4.03872000000000E+01
 1.90670830000000E+03  -4.45756000000000E+01
 1.90679170000000E+03  -4.85335000000000E+01
 1.90687500000000E+03  -3.82608000000000E+01
 1.90695830000000E+03  -3.19114000000000E+01
 1.90704170000000E+03  -2.80238000000000E+01
 1.90712500000000E+03  -2.03672000000000E+01
 1.90720830000000E+03  -2.04799000000000E+01
 1.90729170000000E+03  -1.08237000000000E+01
 1.90737500000000E+03  -9.24460000000000E+00
 1.90745830000000E+03  -1.12041000000000E+01
 1.90754170000000E+03  -1.83947000000000E+01
 1.90762500000000E+03  -7.20090000000000E+00
 1.90770830000000E+03  -1.01610000000000E+01
 1.90779170000000E+03  -7.65990000000000E+00
 1.90787500000000E+03  -6.00520000000000E+00
 1.90795830000000E+03  -6.50440000000000E+00
 1.90804170000000E+03  -8.38860000000000E+00
 1.90812500000000E+03  -1.27290000000000E+00
 1.90820830000000E+03  -3.54200000000000E+00
 1.90829170000000E+03  -8.88840000000000E+00
 1.90837500000000E+03  -9.23490000000000E+00
 1.90845830000000E+03  -1.72739000000000E+01
 1.90854170000000E+03  -1.79285000000000E+01
 1.90862500000000E+03  -2.29679000000000E+01
 1.90870830000000E+03  -3.00076000000000E+01
 1.90879170000000E+03  -2.50475000000000E+01
 1.90887500000000E+03  -3.17029000000000E+01
 1.90895830000000E+03  -3.28970000000000E+01
 1.90904170000000E+03  -2.52452000000000E+01
 1.90912500000000E+03  -2.40551000000000E+01
 1.90920830000000E+03  -3.09422000000000E+01
 1.90929170000000E+03  -2.33680000000000E+01
 1.90937500000000E+03  -9.25540000000000E+00
 1.90945830000000E+03  -2.22010000000000E+00
 1.90954170000000E+03   1.56612000000000E+01
 1.90962500000000E+03   1.65424000000000E+01
 1.90970830000000E+03   1.01925000000000E+01
 1.90979170000000E+03   9.07320000000000E+00
 1.90987500000000E+03   1.20306000000000E+01
 1.90995830000000E+03   2.32955000000000E+01
 1.91004170000000E+03   3.06370000000000E+01
 1.91012500000000E+03   2.22092000000000E+01
 1.91020830000000E+03   1.90889000000000E+01
 1.91029170000000E+03   1.54298000000000E+01
 1.91037500000000E+03   2.04629000000000E+01
 1.91045830000000E+03   1.98034000000000E+01
 1.91054170000000E+03   1.75910000000000E+00
 1.91062500000000E+03  -7.82380000000000E+00
 1.91070830000000E+03  -1.60993000000000E+01
 1.91079170000000E+03  -7.83660000000000E+00
 1.91087500000000E+03  -1.01124000000000E+01
 1.91095830000000E+03  -1.32347000000000E+01
 1.91104170000000E+03  -2.05110000000000E+01
 1.91112500000000E+03  -2.43260000000000E+01
 1.91120830000000E+03  -1.80643000000000E+01
 1.91129170000000E+03  -1.30336000000000E+01
 1.91137500000000E+03  -5.31070000000000E+00
 1.91145830000000E+03  -1.90496000000000E+01
 1.91154170000000E+03  -3.47118000000000E+01
 1.91162500000000E+03  -2.25281000000000E+01
 1.91170830000000E+03  -2.28830000000000E+01
 1.91179170000000E+03  -2.16997000000000E+01
 1.91187500000000E+03  -2.37473000000000E+01
 1.91195830000000E+03  -2.20260000000000E+01
 1.91204170000000E+03  -2.26895000000000E+01
 1.91212500000000E+03  -5.50700000000000E+00
 1.91220830000000E+03  -1.55540000000000E+00
 1.91229170000000E+03   3.31890000000000E+00
 1.91237500000000E+03   1.38854000000000E+01
 1.91245830000000E+03   2.49901000000000E+01
 1.91254170000000E+03   1.94023000000000E+01
 1.91262500000000E+03   2.44297000000000E+01
 1.91270830000000E+03   2.40722000000000E+01
 1.91279170000000E+03   2.03299000000000E+01
 1.91287500000000E+03   2.10490000000000E+01
 1.91295830000000E+03   2.69217000000000E+01
 1.91304170000000E+03   2.93326000000000E+01
 1.91312500000000E+03   3.42049000000000E+01
 1.91320830000000E+03   2.08462000000000E+01
 1.91329170000000E+03   2.29487000000000E+01
 1.91337500000000E+03   3.46665000000000E+01
 1.91345830000000E+03   3.16149000000000E+01
 1.91354170000000E+03   1.11784000000000E+01
 1.91362500000000E+03   1.66648000000000E+01
 1.91370830000000E+03   2.63048000000000E+01
 1.91379170000000E+03   1.44061000000000E+01
 1.91387500000000E+03   9.96880000000000E+00
 1.91395830000000E+03   1.04544000000000E+01
 1.91404170000000E+03   1.17858000000000E+01
 1.91412500000000E+03   6.65560000000000E+00
 1.91420830000000E+03   1.55251000000000E+01
 1.91429170000000E+03   1.66251000000000E+01
 1.91437500000000E+03   1.67250000000000E+01
 1.91445830000000E+03   6.13240000000000E+00
 1.91454170000000E+03   5.23180000000000E+00
 1.91462500000000E+03   5.79260000000000E+00
 1.91470830000000E+03   2.81470000000000E+00
 1.91479170000000E+03  -1.09326000000000E+01
 1.91487500000000E+03  -9.29550000000000E+00
 1.91495830000000E+03  -1.09664000000000E+01
 1.91504170000000E+03  -7.32980000000000E+00
 1.91512500000000E+03  -1.07702000000000E+01
 1.91520830000000E+03  -1.05186000000000E+01
 1.91529170000000E+03  -3.05749000000000E+01
 1.91537500000000E+03  -2.37853000000000E+01
 1.91545830000000E+03  -2.37650000000000E+01
 1.91554170000000E+03  -2.22066000000000E+01
 1.91562500000000E+03  -3.23406000000000E+01
 1.91570830000000E+03  -3.00903000000000E+01
 1.91579170000000E+03  -3.24556000000000E+01
 1.91587500000000E+03  -3.00518000000000E+01
 1.91595830000000E+03  -2.41097000000000E+01
 1.91604170000000E+03  -2.23218000000000E+01
 1.91612500000000E+03  -1.77648000000000E+01
 1.91620830000000E+03  -1.17465000000000E+01
 1.91629170000000E+03  -1.26690000000000E+00
 1.91637500000000E+03   9.52030000000000E+00
 1.91645830000000E+03   1.43072000000000E+01
 1.91654170000000E+03   3.32460000000000E+00
 1.91662500000000E+03  -1.74273000000000E+01
 1.91670830000000E+03  -2.12564000000000E+01
 1.91679170000000E+03  -1.96242000000000E+01
 1.91687500000000E+03  -2.19922000000000E+01
 1.91695830000000E+03  -1.98988000000000E+01
 1.91704170000000E+03  -2.04980000000000E+01
 1.91712500000000E+03  -1.04051000000000E+01
 1.91720830000000E+03  -1.13124000000000E+01
 1.91729170000000E+03  -9.12200000000000E-01
 1.91737500000000E+03   3.48780000000000E+00
 1.91745830000000E+03   4.04140000000000E+00
 1.91754170000000E+03   1.51790000000000E+00
 1.91762500000000E+03   3.99420000000000E+00
 1.91770830000000E+03   1.23950000000000E+00
 1.91779170000000E+03   4.84500000000000E-01
 1.91787500000000E+03  -6.34750000000000E+00
 1.91795830000000E+03  -4.48750000000000E+00
 1.91804170000000E+03  -4.01230000000000E+00
 1.91812500000000E+03  -6.46030000000000E+00
 1.91820830000000E+03  -2.21630000000000E+00
 1.91829170000000E+03  -1.16648000000000E+01
 1.91837500000000E+03  -3.70366000000000E+01
 1.91845830000000E+03  -4.18701000000000E+01
 1.91854170000000E+03  -5.52423000000000E+01
 1.91862500000000E+03  -7.06916000000000E+01
 1.91870830000000E+03  -7.34489000000000E+01
 1.91879170000000E+03  -6.76679000000000E+01
 1.91887500000000E+03  -7.76563000000000E+01
 1.91895830000000E+03  -7.04141000000000E+01
 1.91904170000000E+03  -6.89415000000000E+01
 1.91912500000000E+03  -6.71613000000000E+01
 1.91920830000000E+03  -6.63044000000000E+01
 1.91929170000000E+03  -7.74478000000000E+01
 1.91937500000000E+03  -7.49759000000000E+01
 1.91945830000000E+03  -6.17350000000000E+01
 1.91954170000000E+03  -6.51098000000000E+01
 1.91962500000000E+03  -5.71770000000000E+01
 1.91970830000000E+03  -5.88598000000000E+01
 1.91979170000000E+03  -5.63122000000000E+01
 1.91987500000000E+03  -6.20723000000000E+01
 1.91995830000000E+03  -5.57558000000000E+01
 1.92004170000000E+03  -5.85164000000000E+01
 1.92012500000000E+03  -5.75080000000000E+01
 1.92020830000000E+03  -6.11921000000000E+01
 1.92029170000000E+03  -7.13380000000000E+01
 1.92037500000000E+03  -8.07917000000000E+01
 1.92045830000000E+03  -8.58610000000000E+01
 1.92054170000000E+03  -7.77768000000000E+01
 1.92062500000000E+03  -9.24619000000000E+01
 1.92070830000000E+03  -9.19934000000000E+01
 1.92079170000000E+03  -9.21406000000000E+01
 1.92087500000000E+03  -9.75187000000000E+01
 1.92095830000000E+03  -8.79739000000000E+01
 1.92104170000000E+03  -8.35063000000000E+01
 1.92112500000000E+03  -7.95004000000000E+01
 1.92120830000000E+03  -8.08793000000000E+01
 1.92129170000000E+03  -6.87970000000000E+01
 1.92137500000000E+03  -5.71763000000000E+01
 1.92145830000000E+03  -3.70943000000000E+01
 1.92154170000000E+03  -3.10126000000000E+01
 1.92162500000000E+03  -5.03156000000000E+01
 1.92170830000000E+03  -4.10804000000000E+01
 1.92179170000000E+03  -3.90763000000000E+01
 1.92187500000000E+03  -3.66107000000000E+01
 1.92195830000000E+03  -2.86839000000000E+01
 1.92204170000000E+03  -2.36803000000000E+01
 1.92212500000000E+03  -1.92154000000000E+01
 1.92220830000000E+03  -1.58276000000000E+01
 1.92229170000000E+03  -1.94401000000000E+01
 1.92237500000000E+03  -1.78220000000000E+01
 1.92245830000000E+03  -9.89640000000000E+00
 1.92254170000000E+03  -1.76634000000000E+01
 1.92262500000000E+03  -2.05074000000000E+01
 1.92270830000000E+03  -2.31978000000000E+01
 1.92279170000000E+03  -2.54269000000000E+01
 1.92287500000000E+03  -2.35024000000000E+01
 1.92295830000000E+03  -1.61934000000000E+01
 1.92304170000000E+03  -1.43463000000000E+01
 1.92312500000000E+03  -1.14993000000000E+01
 1.92320830000000E+03  -1.10371000000000E+01
 1.92329170000000E+03  -1.03670000000000E+00
 1.92337500000000E+03   1.21174000000000E+01
 1.92345830000000E+03   6.65580000000000E+00
 1.92354170000000E+03  -6.26750000000000E+00
 1.92362500000000E+03  -8.80640000000000E+00
 1.92370830000000E+03  -6.57620000000000E+00
 1.92379170000000E+03   1.57670000000000E+00
 1.92387500000000E+03   4.96030000000000E+00
 1.92395830000000E+03   2.72830000000000E+00
 1.92404170000000E+03   4.88050000000000E+00
 1.92412500000000E+03   7.57120000000000E+00
 1.92420830000000E+03   7.80010000000000E+00
 1.92429170000000E+03   1.01825000000000E+01
 1.92437500000000E+03  -7.43520000000000E+00
 1.92445830000000E+03  -1.42069000000000E+01
 1.92454170000000E+03  -1.45943000000000E+01
 1.92462500000000E+03  -7.28960000000000E+00
 1.92470830000000E+03  -1.25235000000000E+01
 1.92479170000000E+03  -1.49885000000000E+01
 1.92487500000000E+03  -1.54536000000000E+01
 1.92495830000000E+03  -1.38420000000000E+01
 1.92504170000000E+03  -1.13845000000000E+01
 1.92512500000000E+03  -1.30041000000000E+01
 1.92520830000000E+03  -7.62390000000000E+00
 1.92529170000000E+03  -8.78240000000000E+00
 1.92537500000000E+03  -5.78730000000000E+00
 1.92545830000000E+03   1.49769000000000E+01
 1.92554170000000E+03   1.40485000000000E+01
 1.92562500000000E+03   1.19661000000000E+01
 1.92570830000000E+03   1.02682000000000E+01
 1.92579170000000E+03   1.48776000000000E+01
 1.92587500000000E+03   1.76407000000000E+01
 1.92595830000000E+03   1.91729000000000E+01
 1.92604170000000E+03   2.06278000000000E+01
 1.92612500000000E+03   2.23903000000000E+01
 1.92620830000000E+03   2.67680000000000E+01
 1.92629170000000E+03   2.52992000000000E+01
 1.92637500000000E+03   2.42919000000000E+01
 1.92645830000000E+03   1.83612000000000E+01
 1.92654170000000E+03   4.19950000000000E+00
 1.92662500000000E+03   6.53100000000000E-01
 1.92670830000000E+03  -3.55100000000000E-01
 1.92679170000000E+03   4.79020000000000E+00
 1.92687500000000E+03   3.16620000000000E+00
 1.92695830000000E+03   1.06189000000000E+01
 1.92704170000000E+03   1.43021000000000E+01
 1.92712500000000E+03   2.05236000000000E+01
 1.92720830000000E+03   2.92834000000000E+01
 1.92729170000000E+03   2.85813000000000E+01
 1.92737500000000E+03   2.33407000000000E+01
 1.92745830000000E+03   1.17152000000000E+01
 1.92754170000000E+03   1.50894000000000E+01
 1.92762500000000E+03   1.49250000000000E+01
 1.92770830000000E+03   1.02220000000000E+01
 1.92779170000000E+03   9.36480000000000E+00
 1.92787500000000E+03   1.58440000000000E+00
 1.92795830000000E+03   7.95770000000000E+00
 1.92804170000000E+03   3.09990000000000E+00
 1.92812500000000E+03   3.78040000000000E+00
 1.92820830000000E+03  -4.23160000000000E+00
 1.92829170000000E+03  -7.78230000000000E+00
 1.92837500000000E+03   8.35910000000000E+00
 1.92845830000000E+03   4.57730000000000E+00
 1.92854170000000E+03   3.94890000000000E+00
 1.92862500000000E+03  -2.04487000000000E+01
 1.92870830000000E+03  -3.28466000000000E+01
 1.92879170000000E+03  -2.65525000000000E+01
 1.92887500000000E+03  -3.30277000000000E+01
 1.92895830000000E+03  -3.10415000000000E+01
 1.92904170000000E+03  -3.47480000000000E+01
 1.92912500000000E+03  -3.52239000000000E+01
 1.92920830000000E+03  -3.56999000000000E+01
 1.92929170000000E+03  -2.58686000000000E+01
 1.92937500000000E+03  -2.75759000000000E+01
 1.92945830000000E+03  -3.74372000000000E+01
 1.92954170000000E+03  -3.29911000000000E+01
 1.92962500000000E+03  -3.73913000000000E+01
 1.92970830000000E+03  -2.07916000000000E+01
 1.92979170000000E+03  -1.30385000000000E+01
 1.92987500000000E+03  -1.00547000000000E+01
 1.92995830000000E+03  -5.07110000000000E+00
 1.93004170000000E+03   6.68140000000000E+00
 1.93012500000000E+03   1.65876000000000E+01
 1.93020830000000E+03   2.44167000000000E+01
 1.93029170000000E+03   3.47840000000000E+01
 1.93037500000000E+03   4.40742000000000E+01
 1.93045830000000E+03   3.76720000000000E+01
 1.93054170000000E+03   3.93463000000000E+01
 1.93062500000000E+03   3.47897000000000E+01
 1.93070830000000E+03   4.14637000000000E+01
 1.93079170000000E+03   4.55989000000000E+01
 1.93087500000000E+03   4.80418000000000E+01
 1.93095830000000E+03   4.90228000000000E+01
 1.93104170000000E+03   6.10805000000000E+01
 1.93112500000000E+03   5.54457000000000E+01
 1.93120830000000E+03   4.88877000000000E+01
 1.93129170000000E+03   5.12524000000000E+01
 1.93137500000000E+03   3.83863000000000E+01
 1.93145830000000E+03   2.50584000000000E+01
 1.93154170000000E+03   2.98071000000000E+01
 1.93162500000000E+03   3.94030000000000E+00
 1.93170830000000E+03  -3.23430000000000E+00
 1.93179170000000E+03   7.59070000000000E+00
 1.93187500000000E+03   9.26170000000000E+00
 1.93195830000000E+03   7.39410000000000E+00
 1.93204170000000E+03   1.26031000000000E+01
 1.93212500000000E+03   3.58120000000000E+00
 1.93220830000000E+03   6.63600000000000E+00
 1.93229170000000E+03   2.31521000000000E+01
 1.93237500000000E+03   1.72065000000000E+01
 1.93245830000000E+03   1.37222000000000E+01
 1.93254170000000E+03   2.23760000000000E+00
 1.93262500000000E+03  -2.86240000000000E+00
 1.93270830000000E+03   8.19110000000000E+00
 1.93279170000000E+03   1.05521000000000E+01
 1.93287500000000E+03   6.60520000000000E+00
 1.93295830000000E+03   1.05812000000000E+01
 1.93304170000000E+03   1.52492000000000E+01
 1.93312500000000E+03   1.50710000000000E+01
 1.93320830000000E+03   1.72771000000000E+01
 1.93329170000000E+03   2.21752000000000E+01
 1.93337500000000E+03   7.68870000000000E+00
 1.93345830000000E+03  -8.41350000000000E+00
 1.93354170000000E+03  -3.74680000000000E+00
 1.93362500000000E+03  -2.31090000000000E+00
 1.93370830000000E+03  -3.18300000000000E+00
 1.93379170000000E+03  -3.82460000000000E+00
 1.93387500000000E+03  -1.92780000000000E+00
 1.93395830000000E+03  -3.72350000000000E+00
 1.93404170000000E+03  -9.82730000000000E+00
 1.93412500000000E+03  -8.23880000000000E+00
 1.93420830000000E+03  -1.04968000000000E+01
 1.93429170000000E+03   9.11000000000000E-02
 1.93437500000000E+03  -1.40903000000000E+01
 1.93445830000000E+03  -1.50411000000000E+01
 1.93454170000000E+03  -2.53080000000000E+00
 1.93462500000000E+03   5.51800000000000E+00
 1.93470830000000E+03  -8.95100000000000E-01
 1.93479170000000E+03   6.30700000000000E+00
 1.93487500000000E+03   1.27810000000000E+00
 1.93495830000000E+03   4.24910000000000E+00
 1.93504170000000E+03   8.83510000000000E+00
 1.93512500000000E+03   9.42100000000000E+00
 1.93520830000000E+03   1.56221000000000E+01
 1.93529170000000E+03   2.57459000000000E+01
 1.93537500000000E+03   1.75620000000000E+01
 1.93545830000000E+03   2.63779000000000E+01
 1.93554170000000E+03   3.71934000000000E+01
 1.93562500000000E+03   3.93165000000000E+01
 1.93570830000000E+03   2.62086000000000E+01
 1.93579170000000E+03   4.13312000000000E+01
 1.93587500000000E+03   3.21460000000000E+01
 1.93595830000000E+03   4.11144000000000E+01
 1.93604170000000E+03   4.86979000000000E+01
 1.93612500000000E+03   4.77428000000000E+01
 1.93620830000000E+03   5.24029000000000E+01
 1.93629170000000E+03   5.68319000000000E+01
 1.93637500000000E+03   4.84147000000000E+01
 1.93645830000000E+03   5.02280000000000E+01
 1.93654170000000E+03   3.71179000000000E+01
 1.93662500000000E+03   4.05462000000000E+01
 1.93670830000000E+03   3.88205000000000E+01
 1.93679170000000E+03   4.70943000000000E+01
 1.93687500000000E+03   4.11374000000000E+01
 1.93695830000000E+03   4.82571000000000E+01
 1.93704170000000E+03   5.36073000000000E+01
 1.93712500000000E+03   5.01882000000000E+01
 1.93720830000000E+03   5.89227000000000E+01
 1.93729170000000E+03   5.68107000000000E+01
 1.93737500000000E+03   5.17755000000000E+01
 1.93745830000000E+03   4.91248000000000E+01
 1.93754170000000E+03   5.55506000000000E+01
 1.93762500000000E+03   5.97456000000000E+01
 1.93770830000000E+03   4.37866000000000E+01
 1.93779170000000E+03   4.09041000000000E+01
 1.93787500000000E+03   3.42523000000000E+01
 1.93795830000000E+03   3.71387000000000E+01
 1.93804170000000E+03   3.41787000000000E+01
 1.93812500000000E+03   3.07570000000000E+01
 1.93820830000000E+03   2.81813000000000E+01
 1.93829170000000E+03   2.74514000000000E+01
 1.93837500000000E+03   3.36445000000000E+01
 1.93845830000000E+03   1.86066000000000E+01
 1.93854170000000E+03   2.27222000000000E+01
 1.93862500000000E+03   9.37620000000000E+00
 1.93870830000000E+03   1.14146000000000E+01
 1.93879170000000E+03   1.22989000000000E+01
 1.93887500000000E+03   1.00292000000000E+01
 1.93895830000000E+03   1.17592000000000E+01
 1.93904170000000E+03   1.41813000000000E+01
 1.93912500000000E+03   1.52186000000000E+01
 1.93920830000000E+03   1.62558000000000E+01
 1.93929170000000E+03   1.73695000000000E+01
 1.93937500000000E+03   2.00985000000000E+01
 1.93945830000000E+03   1.22120000000000E+01
 1.93954170000000E+03   7.78660000000000E+00
 1.93962500000000E+03  -4.02350000000000E+00
 1.93970830000000E+03   1.85850000000000E+00
 1.93979170000000E+03   8.17200000000000E-01
 1.93987500000000E+03   2.16030000000000E+00
 1.93995830000000E+03   7.50320000000000E+00
 1.94004170000000E+03   9.61510000000000E+00
 1.94012500000000E+03   1.27268000000000E+01
 1.94020830000000E+03   2.10691000000000E+01
 1.94029170000000E+03   1.41034000000000E+01
 1.94037500000000E+03   2.82145000000000E+01
 1.94045830000000E+03   1.64793000000000E+01
 1.94054170000000E+03   2.66670000000000E+00
 1.94062500000000E+03   1.07772000000000E+01
 1.94070830000000E+03   1.01183000000000E+01
 1.94079170000000E+03  -5.00260000000000E+00
 1.94087500000000E+03  -8.12350000000000E+00
 1.94095830000000E+03  -1.14754000000000E+01
 1.94104170000000E+03  -7.98150000000000E+00
 1.94112500000000E+03   2.12770000000000E+00
 1.94120830000000E+03  -6.37860000000000E+00
 1.94129170000000E+03  -1.42380000000000E+00
 1.94137500000000E+03  -2.62290000000000E+00
 1.94145830000000E+03  -1.03607000000000E+01
 1.94154170000000E+03  -2.62527000000000E+01
 1.94162500000000E+03  -2.81447000000000E+01
 1.94170830000000E+03  -3.54985000000000E+01
 1.94179170000000E+03  -3.46988000000000E+01
 1.94187500000000E+03  -2.32838000000000E+01
 1.94195830000000E+03  -2.22536000000000E+01
 1.94204170000000E+03  -1.70699000000000E+01
 1.94212500000000E+03  -1.93478000000000E+01
 1.94220830000000E+03  -2.27798000000000E+01
 1.94229170000000E+03  -5.05830000000000E+00
 1.94237500000000E+03  -9.87530000000000E+00
 1.94245830000000E+03   6.46130000000000E+00
 1.94254170000000E+03   2.56680000000000E+00
 1.94262500000000E+03   2.48261000000000E+01
 1.94270830000000E+03   3.51621000000000E+01
 1.94279170000000E+03   5.06516000000000E+01
 1.94287500000000E+03   5.25256000000000E+01
 1.94295830000000E+03   4.98610000000000E+01
 1.94304170000000E+03   5.36575000000000E+01
 1.94312500000000E+03   5.66848000000000E+01
 1.94320830000000E+03   5.81733000000000E+01
 1.94329170000000E+03   5.45846000000000E+01
 1.94337500000000E+03   5.35343000000000E+01
 1.94345830000000E+03   4.08684000000000E+01
 1.94354170000000E+03   3.85098000000000E+01
 1.94362500000000E+03   3.29204000000000E+01
 1.94370830000000E+03   2.79462000000000E+01
 1.94379170000000E+03   2.65101000000000E+01
 1.94387500000000E+03   1.33047000000000E+01
 1.94395830000000E+03   2.00990000000000E+01
 1.94404170000000E+03   2.05084000000000E+01
 1.94412500000000E+03   1.88408000000000E+01
 1.94420830000000E+03   1.62500000000000E+01
 1.94429170000000E+03   1.18126000000000E+01
 1.94437500000000E+03   2.39136000000000E+01
 1.94445830000000E+03   1.23221000000000E+01
 1.94454170000000E+03   1.98071000000000E+01
 1.94462500000000E+03   8.29210000000000E+00
 1.94470830000000E+03   5.46920000000000E+00
 1.94479170000000E+03   5.79980000000000E+00
 1.94487500000000E+03   1.22842000000000E+01
 1.94495830000000E+03   1.86914000000000E+01
 1.94504170000000E+03   1.85598000000000E+01
 1.94512500000000E+03   2.61204000000000E+01
 1.94520830000000E+03   2.96809000000000E+01
 1.94529170000000E+03   2.96256000000000E+01
 1.94537500000000E+03   3.88010000000000E+01
 1.94545830000000E+03   3.28993000000000E+01
 1.94554170000000E+03   2.96895000000000E+01
 1.94562500000000E+03   4.44796000000000E+01
 1.94570830000000E+03   4.44234000000000E+01
 1.94579170000000E+03   4.95976000000000E+01
 1.94587500000000E+03   4.94641000000000E+01
 1.94595830000000E+03   5.70226000000000E+01
 1.94604170000000E+03   5.74270000000000E+01
 1.94612500000000E+03   5.93697000000000E+01
 1.94620830000000E+03   6.10045000000000E+01
 1.94629170000000E+03   5.93313000000000E+01
 1.94637500000000E+03   5.99657000000000E+01
 1.94645830000000E+03   4.75230000000000E+01
 1.94654170000000E+03   2.41569000000000E+01
 1.94662500000000E+03   1.42522000000000E+01
 1.94670830000000E+03   5.03960000000000E+00
 1.94679170000000E+03   1.00574000000000E+01
 1.94687500000000E+03   4.59800000000000E-01
 1.94695830000000E+03  -6.11000000000000E-02
 1.94704170000000E+03  -7.27470000000000E+00
 1.94712500000000E+03  -1.08729000000000E+01
 1.94720830000000E+03  -9.54830000000000E+00
 1.94729170000000E+03  -2.26856000000000E+01
 1.94737500000000E+03  -2.66910000000000E+00
 1.94745830000000E+03  -1.91200000000000E-01
 1.94754170000000E+03   1.34401000000000E+01
 1.94762500000000E+03   1.76098000000000E+01
 1.94770830000000E+03   2.10870000000000E+01
 1.94779170000000E+03   1.07946000000000E+01
 1.94787500000000E+03   3.88680000000000E+00
 1.94795830000000E+03   1.75172000000000E+01
 1.94804170000000E+03   2.26088000000000E+01
 1.94812500000000E+03   2.76234000000000E+01
 1.94820830000000E+03   3.89455000000000E+01
 1.94829170000000E+03   3.98826000000000E+01
 1.94837500000000E+03   4.61273000000000E+01
 1.94845830000000E+03   2.64488000000000E+01
 1.94854170000000E+03   2.27699000000000E+01
 1.94862500000000E+03   1.60140000000000E+01
 1.94870830000000E+03   1.89502000000000E+01
 1.94879170000000E+03   3.05014000000000E+01
 1.94887500000000E+03   2.54372000000000E+01
 1.94895830000000E+03   2.35267000000000E+01
 1.94904170000000E+03   1.70772000000000E+01
 1.94912500000000E+03   1.38586000000000E+01
 1.94920830000000E+03   1.22551000000000E+01
 1.94929170000000E+03   1.48819000000000E+01
 1.94937500000000E+03   1.70472000000000E+01
 1.94945830000000E+03   3.07508000000000E+01
 1.94954170000000E+03   2.42232000000000E+01
 1.94962500000000E+03   2.93109000000000E+01
 1.94970830000000E+03   2.13215000000000E+01
 1.94979170000000E+03   3.73318000000000E+01
 1.94987500000000E+03   2.83420000000000E+01
 1.94995830000000E+03   3.58904000000000E+01
 1.95004170000000E+03   4.41308000000000E+01
 1.95012500000000E+03   4.89096000000000E+01
 1.95020830000000E+03   5.99958000000000E+01
 1.95029170000000E+03   6.10817000000000E+01
 1.95037500000000E+03   6.54753000000000E+01
 1.95045830000000E+03   6.46378000000000E+01
 1.95054170000000E+03   5.92616000000000E+01
 1.95062500000000E+03   6.61160000000000E+01
 1.95070830000000E+03   6.05856000000000E+01
 1.95079170000000E+03   6.63626000000000E+01
 1.95087500000000E+03   5.39087000000000E+01
 1.95095830000000E+03   6.01469000000000E+01
 1.95104170000000E+03   5.94617000000000E+01
 1.95112500000000E+03   6.17764000000000E+01
 1.95120830000000E+03   6.36294000000000E+01
 1.95129170000000E+03   4.65589000000000E+01
 1.95137500000000E+03   5.68730000000000E+01
 1.95145830000000E+03   5.63407000000000E+01
 1.95154170000000E+03   6.47311000000000E+01
 1.95162500000000E+03   6.40446000000000E+01
 1.95170830000000E+03   5.86655000000000E+01
 1.95179170000000E+03   5.20553000000000E+01
 1.95187500000000E+03   5.24451000000000E+01
 1.95195830000000E+03   5.85269000000000E+01
 1.95204170000000E+03   5.92238000000000E+01
 1.95212500000000E+03   6.56129000000000E+01
 1.95220830000000E+03   7.18479000000000E+01
 1.95229170000000E+03   7.82365000000000E+01
 1.95237500000000E+03   9.40865000000000E+01
 1.95245830000000E+03   8.65517000000000E+01
 1.95254170000000E+03   7.47857000000000E+01
 1.95262500000000E+03   6.49428000000000E+01
 1.95270830000000E+03   4.64074000000000E+01
 1.95279170000000E+03   4.58716000000000E+01
 1.95287500000000E+03   4.67973000000000E+01
 1.95295830000000E+03   5.00304000000000E+01
 1.95304170000000E+03   5.18017000000000E+01
 1.95312500000000E+03   5.79575000000000E+01
 1.95320830000000E+03   5.95747000000000E+01
 1.95329170000000E+03   5.25760000000000E+01
 1.95337500000000E+03   4.25774000000000E+01
 1.95345830000000E+03   3.26554000000000E+01
 1.95354170000000E+03   1.70408000000000E+01
 1.95362500000000E+03   2.81070000000000E+00
 1.95370830000000E+03  -5.41950000000000E+00
 1.95379170000000E+03  -5.49630000000000E+00
 1.95387500000000E+03  -4.41930000000000E+00
 1.95395830000000E+03  -1.88100000000000E+00
 1.95404170000000E+03   3.04160000000000E+00
 1.95412500000000E+03   8.88720000000000E+00
 1.95420830000000E+03   1.38095000000000E+01
 1.95429170000000E+03   1.88083000000000E+01
 1.95437500000000E+03   2.33456000000000E+01
 1.95445830000000E+03   4.14981000000000E+01
 1.95454170000000E+03   4.27271000000000E+01
 1.95462500000000E+03   5.51099000000000E+01
 1.95470830000000E+03   6.21078000000000E+01
 1.95479170000000E+03   5.83362000000000E+01
 1.95487500000000E+03   7.21799000000000E+01
 1.95495830000000E+03   7.27157000000000E+01
 1.95504170000000E+03   7.04819000000000E+01
 1.95512500000000E+03   6.29404000000000E+01
 1.95520830000000E+03   5.93986000000000E+01
 1.95529170000000E+03   5.88565000000000E+01
 1.95537500000000E+03   5.06220000000000E+01
 1.95545830000000E+03   5.67719000000000E+01
 1.95554170000000E+03   4.09214000000000E+01
 1.95562500000000E+03   1.95325000000000E+01
 1.95570830000000E+03   5.14330000000000E+00
 1.95579170000000E+03   5.99900000000000E-01
 1.95587500000000E+03  -3.09740000000000E+00
 1.95595830000000E+03  -1.19487000000000E+01
 1.95604170000000E+03  -7.56970000000000E+00
 1.95612500000000E+03   4.24700000000000E-01
 1.95620830000000E+03   4.95900000000000E-01
 1.95629170000000E+03   3.02810000000000E+00
 1.95637500000000E+03  -3.36270000000000E+00
 1.95645830000000E+03  -8.67690000000000E+00
 1.95654170000000E+03  -2.21453000000000E+01
 1.95662500000000E+03  -1.74598000000000E+01
 1.95670830000000E+03   3.02300000000000E-01
 1.95679170000000E+03  -1.16670000000000E+00
 1.95687500000000E+03   1.33500000000000E-01
 1.95695830000000E+03   3.66430000000000E+00
 1.95704170000000E+03   9.04080000000000E+00
 1.95712500000000E+03   1.24173000000000E+01
 1.95720830000000E+03   1.61012000000000E+01
 1.95729170000000E+03   2.19386000000000E+01
 1.95737500000000E+03   1.28530000000000E+01
 1.95745830000000E+03   1.03824000000000E+01
 1.95754170000000E+03   1.68346000000000E+01
 1.95762500000000E+03   2.58252000000000E+01
 1.95770830000000E+03   1.12772000000000E+01
 1.95779170000000E+03   5.88250000000000E+00
 1.95787500000000E+03   1.27956000000000E+01
 1.95795830000000E+03   1.91700000000000E+01
 1.95804170000000E+03   2.91593000000000E+01
 1.95812500000000E+03   3.29948000000000E+01
 1.95820830000000E+03   3.37532000000000E+01
 1.95829170000000E+03   3.31265000000000E+01
 1.95837500000000E+03   2.51922000000000E+01
 1.95845830000000E+03   3.68730000000000E+01
 1.95854170000000E+03   5.29380000000000E+01
 1.95862500000000E+03   3.50799000000000E+01
 1.95870830000000E+03   2.38370000000000E+01
 1.95879170000000E+03   3.39783000000000E+01
 1.95887500000000E+03   3.32735000000000E+01
 1.95895830000000E+03   3.85684000000000E+01
 1.95904170000000E+03   4.30937000000000E+01
 1.95912500000000E+03   4.01574000000000E+01
 1.95920830000000E+03   3.52979000000000E+01
 1.95929170000000E+03   4.00533000000000E+01
 1.95937500000000E+03   2.78857000000000E+01
 1.95945830000000E+03   3.06409000000000E+01
 1.95954170000000E+03   1.95495000000000E+01
 1.95962500000000E+03  -3.38800000000000E+00
 1.95970830000000E+03  -1.63340000000000E+00
 1.95979170000000E+03  -4.34080000000000E+00
 1.95987500000000E+03  -1.30482000000000E+01
 1.95995830000000E+03  -7.21730000000000E+00
 1.96004170000000E+03  -3.61760000000000E+00
 1.96012500000000E+03   1.21280000000000E+00
 1.96020830000000E+03   4.65840000000000E+00
 1.96029170000000E+03   1.83344000000000E+01
 1.96037500000000E+03   2.43181000000000E+01
 1.96045830000000E+03   3.34554000000000E+01
 1.96054170000000E+03   3.00538000000000E+01
 1.96062500000000E+03   3.38060000000000E+01
 1.96070830000000E+03   4.26350000000000E+01
 1.96079170000000E+03   5.37713000000000E+01
 1.96087500000000E+03   6.25998000000000E+01
 1.96095830000000E+03   7.23512000000000E+01
 1.96104170000000E+03   7.92561000000000E+01
 1.96112500000000E+03   8.31609000000000E+01
 1.96120830000000E+03   8.14502000000000E+01
 1.96129170000000E+03   8.77390000000000E+01
 1.96137500000000E+03   8.10278000000000E+01
 1.96145830000000E+03   7.54703000000000E+01
 1.96154170000000E+03   7.67585000000000E+01
 1.96162500000000E+03   7.92774000000000E+01
 1.96170830000000E+03   7.26423000000000E+01
 1.96179170000000E+03   6.61607000000000E+01
 1.96187500000000E+03   6.82944000000000E+01
 1.96195830000000E+03   6.25817000000000E+01
 1.96204170000000E+03   6.14071000000000E+01
 1.96212500000000E+03   6.27710000000000E+01
 1.96220830000000E+03   6.06731000000000E+01
 1.96229170000000E+03   6.21132000000000E+01
 1.96237500000000E+03   5.44765000000000E+01
 1.96245830000000E+03   5.09164000000000E+01
 1.96254170000000E+03   2.24328000000000E+01
 1.96262500000000E+03   4.41080000000000E+00
 1.96270830000000E+03  -3.38070000000000E+00
 1.96279170000000E+03  -9.86490000000000E+00
 1.96287500000000E+03  -1.61183000000000E+01
 1.96295830000000E+03  -1.99873000000000E+01
 1.96304170000000E+03  -2.43183000000000E+01
 1.96312500000000E+03  -2.39570000000000E+01
 1.96320830000000E+03  -2.99805000000000E+01
 1.96329170000000E+03  -3.28505000000000E+01
 1.96337500000000E+03  -2.12591000000000E+01
 1.96345830000000E+03  -2.62063000000000E+01
 1.96354170000000E+03  -3.39231000000000E+01
 1.96362500000000E+03  -1.73323000000000E+01
 1.96370830000000E+03  -2.24340000000000E+01
 1.96379170000000E+03  -2.06899000000000E+01
 1.96387500000000E+03  -1.54844000000000E+01
 1.96395830000000E+03  -5.66360000000000E+00
 1.96404170000000E+03  -5.30480000000000E+00
 1.96412500000000E+03   9.77100000000000E-01
 1.96420830000000E+03   2.25870000000000E+00
 1.96429170000000E+03   4.30920000000000E+00
 1.96437500000000E+03   7.82120000000000E+00
 1.96445830000000E+03  -6.82080000000000E+00
 1.96454170000000E+03   6.13600000000000E-01
 1.96462500000000E+03   5.27890000000000E+00
 1.96470830000000E+03  -1.59460000000000E+00
 1.96479170000000E+03   1.07623000000000E+01
 1.96487500000000E+03   1.33500000000000E+01
 1.96495830000000E+03   1.48605000000000E+01
 1.96504170000000E+03   1.72937000000000E+01
 1.96512500000000E+03   1.78038000000000E+01
 1.96520830000000E+03   2.16214000000000E+01
 1.96529170000000E+03   1.65925000000000E+01
 1.96537500000000E+03   2.36404000000000E+01
 1.96545830000000E+03   3.30728000000000E+01
 1.96554170000000E+03   2.35816000000000E+01
 1.96562500000000E+03   2.53982000000000E+01
 1.96570830000000E+03   3.30607000000000E+01
 1.96579170000000E+03   3.75689000000000E+01
 1.96587500000000E+03   3.73079000000000E+01
 1.96595830000000E+03   4.35851000000000E+01
 1.96604170000000E+03   5.04773000000000E+01
 1.96612500000000E+03   5.02157000000000E+01
 1.96620830000000E+03   5.71077000000000E+01
 1.96629170000000E+03   6.00761000000000E+01
 1.96637500000000E+03   6.98908000000000E+01
 1.96645830000000E+03   7.47052000000000E+01
 1.96654170000000E+03   6.18269000000000E+01
 1.96662500000000E+03   7.23333000000000E+01
 1.96670830000000E+03   7.53009000000000E+01
 1.96679170000000E+03   6.58066000000000E+01
 1.96687500000000E+03   6.89277000000000E+01
 1.96695830000000E+03   6.81255000000000E+01
 1.96704170000000E+03   6.23998000000000E+01
 1.96712500000000E+03   5.99048000000000E+01
 1.96720830000000E+03   5.91020000000000E+01
 1.96729170000000E+03   6.81449000000000E+01
 1.96737500000000E+03   6.44955000000000E+01
 1.96745830000000E+03   6.69997000000000E+01
 1.96754170000000E+03   5.84266000000000E+01
 1.96762500000000E+03   4.86227000000000E+01
 1.96770830000000E+03   4.65878000000000E+01
 1.96779170000000E+03   3.07833000000000E+01
 1.96787500000000E+03   2.79018000000000E+01
 1.96795830000000E+03   2.57125000000000E+01
 1.96804170000000E+03   2.65996000000000E+01
 1.96812500000000E+03   3.22560000000000E+01
 1.96820830000000E+03   3.61429000000000E+01
 1.96829170000000E+03   3.97987000000000E+01
 1.96837500000000E+03   3.05314000000000E+01
 1.96845830000000E+03   3.24177000000000E+01
 1.96854170000000E+03   2.09189000000000E+01
 1.96862500000000E+03   1.74202000000000E+01
 1.96870830000000E+03   1.00751000000000E+01
 1.96879170000000E+03   6.34500000000000E+00
 1.96887500000000E+03   9.99950000000000E+00
 1.96895830000000E+03   1.51922000000000E+01
 1.96904170000000E+03   1.74614000000000E+01
 1.96912500000000E+03   2.95768000000000E+01
 1.96920830000000E+03   2.83074000000000E+01
 1.96929170000000E+03   2.84991000000000E+01
 1.96937500000000E+03   4.53831000000000E+01
 1.96945830000000E+03   2.94207000000000E+01
 1.96954170000000E+03   2.16886000000000E+01
 1.96962500000000E+03   2.83412000000000E+01
 1.96970830000000E+03   2.58398000000000E+01
 1.96979170000000E+03   4.41071000000000E+01
 1.96987500000000E+03   4.09898000000000E+01
 1.96995830000000E+03   4.00262000000000E+01
 1.97004170000000E+03   4.55237000000000E+01
 1.97012500000000E+03   4.50212000000000E+01
 1.97020830000000E+03   3.85954000000000E+01
 1.97029170000000E+03   4.92460000000000E+01
 1.97037500000000E+03   5.25890000000000E+01
 1.97045830000000E+03   2.58549000000000E+01
 1.97054170000000E+03   4.05819000000000E+01
 1.97062500000000E+03   3.93089000000000E+01
 1.97070830000000E+03   2.51895000000000E+01
 1.97079170000000E+03   1.63004000000000E+01
 1.97087500000000E+03   6.25760000000000E+00
 1.97095830000000E+03   1.12145000000000E+01
 1.97104170000000E+03   9.86330000000000E+00
 1.97112500000000E+03   5.89670000000000E+00
 1.97120830000000E+03   2.00680000000000E+00
 1.97129170000000E+03  -4.03730000000000E+00
 1.97137500000000E+03  -6.54300000000000E+00
 1.97145830000000E+03  -2.23566000000000E+01
 1.97154170000000E+03  -3.38629000000000E+01
 1.97162500000000E+03  -4.98308000000000E+01
 1.97170830000000E+03  -5.61834000000000E+01
 1.97179170000000E+03  -5.13827000000000E+01
 1.97187500000000E+03  -4.51204000000000E+01
 1.97195830000000E+03  -4.17814000000000E+01
 1.97204170000000E+03  -4.45967000000000E+01
 1.97212500000000E+03  -4.26427000000000E+01
 1.97220830000000E+03  -4.69197000000000E+01
 1.97229170000000E+03  -4.35818000000000E+01
 1.97237500000000E+03  -2.78592000000000E+01
 1.97245830000000E+03  -4.21369000000000E+01
 1.97254170000000E+03  -4.49534000000000E+01
 1.97262500000000E+03  -2.61546000000000E+01
 1.97270830000000E+03  -2.54328000000000E+01
 1.97279170000000E+03  -1.64808000000000E+01
 1.97287500000000E+03  -2.11441000000000E+01
 1.97295830000000E+03  -2.68846000000000E+01
 1.97304170000000E+03  -2.20101000000000E+01
 1.97312500000000E+03  -2.35202000000000E+01
 1.97320830000000E+03  -1.67997000000000E+01
 1.97329170000000E+03  -1.17720000000000E+01
 1.97337500000000E+03   8.33270000000000E+00
 1.97345830000000E+03   5.66790000000000E+00
 1.97354170000000E+03   8.92570000000000E+00
 1.97362500000000E+03   1.39528000000000E+01
 1.97370830000000E+03  -2.17410000000000E+00
 1.97379170000000E+03  -4.22460000000000E+00
 1.97387500000000E+03  -9.65970000000000E+00
 1.97395830000000E+03  -4.01800000000000E+00
 1.97404170000000E+03   6.93080000000000E+00
 1.97412500000000E+03   3.34130000000000E+00
 1.97420830000000E+03   1.49054000000000E+01
 1.97429170000000E+03   2.29306000000000E+01
 1.97437500000000E+03   2.98019000000000E+01
 1.97445830000000E+03   3.12885000000000E+01
 1.97454170000000E+03   3.16976000000000E+01
 1.97462500000000E+03   1.98760000000000E+01
 1.97470830000000E+03   2.29773000000000E+01
 1.97479170000000E+03   2.83089000000000E+01
 1.97487500000000E+03   3.30252000000000E+01
 1.97495830000000E+03   3.48182000000000E+01
 1.97504170000000E+03   3.42260000000000E+01
 1.97512500000000E+03   2.90955000000000E+01
 1.97520830000000E+03   3.38109000000000E+01
 1.97529170000000E+03   2.29105000000000E+01
 1.97537500000000E+03   1.40101000000000E+01
 1.97545830000000E+03   4.95560000000000E+00
 1.97554170000000E+03  -5.79160000000000E+00
 1.97562500000000E+03  -2.54618000000000E+01
 1.97570830000000E+03  -2.72092000000000E+01
 1.97579170000000E+03  -3.99571000000000E+01
 1.97587500000000E+03  -4.06280000000000E+01
 1.97595830000000E+03  -3.91452000000000E+01
 1.97604170000000E+03  -3.65860000000000E+01
 1.97612500000000E+03  -3.97191000000000E+01
 1.97620830000000E+03  -3.66985000000000E+01
 1.97629170000000E+03  -3.56784000000000E+01
 1.97637500000000E+03  -2.88890000000000E+01
 1.97645830000000E+03  -3.19460000000000E+01
 1.97654170000000E+03  -3.36957000000000E+01
 1.97662500000000E+03  -4.42916000000000E+01
 1.97670830000000E+03  -4.06569000000000E+01
 1.97679170000000E+03  -2.63304000000000E+01
 1.97687500000000E+03  -2.50038000000000E+01
 1.97695830000000E+03  -2.06005000000000E+01
 1.97704170000000E+03  -1.54284000000000E+01
 1.97712500000000E+03  -1.59486000000000E+01
 1.97720830000000E+03  -1.21613000000000E+01
 1.97729170000000E+03  -1.08361000000000E+01
 1.97737500000000E+03   6.41230000000000E+00
 1.97745830000000E+03   1.58360000000000E+00
 1.97754170000000E+03   6.00500000000000E-01
 1.97762500000000E+03  -1.07671000000000E+01
 1.97770830000000E+03  -8.13490000000000E+00
 1.97779170000000E+03  -1.35801000000000E+01
 1.97787500000000E+03  -1.95638000000000E+01
 1.97795830000000E+03  -9.00910000000000E+00
 1.97804170000000E+03  -7.91650000000000E+00
 1.97812500000000E+03  -7.51620000000000E+00
 1.97820830000000E+03   5.19160000000000E+00
 1.97829170000000E+03   6.20670000000000E+00
 1.97837500000000E+03   5.52950000000000E+00
 1.97845830000000E+03  -1.90710000000000E+01
 1.97854170000000E+03  -2.20566000000000E+01
 1.97862500000000E+03  -2.67344000000000E+01
 1.97870830000000E+03  -1.27202000000000E+01
 1.97879170000000E+03  -1.74756000000000E+01
 1.97887500000000E+03  -1.24618000000000E+01
 1.97895830000000E+03  -1.01404000000000E+01
 1.97904170000000E+03  -1.02811000000000E+01
 1.97912500000000E+03  -6.34490000000000E+00
 1.97920830000000E+03  -3.71650000000000E+00
 1.97929170000000E+03  -1.71655000000000E+01
 1.97937500000000E+03  -1.01529000000000E+01
 1.97945830000000E+03   3.97900000000000E-01
 1.97954170000000E+03  -4.51330000000000E+00
 1.97962500000000E+03  -7.96290000000000E+00
 1.97970830000000E+03  -9.02810000000000E+00
 1.97979170000000E+03  -9.70910000000000E+00
 1.97987500000000E+03  -1.40824000000000E+01
 1.97995830000000E+03  -4.60980000000000E+00
 1.98004170000000E+03   5.40080000000000E+00
 1.98012500000000E+03   1.27961000000000E+01
 1.98020830000000E+03   1.48835000000000E+01
 1.98029170000000E+03   2.33551000000000E+01
 1.98037500000000E+03   2.85959000000000E+01
 1.98045830000000E+03   2.89903000000000E+01
 1.98054170000000E+03   2.23843000000000E+01
 1.98062500000000E+03   2.47783000000000E+01
 1.98070830000000E+03   3.55568000000000E+01
 1.98079170000000E+03   3.14117000000000E+01
 1.98087500000000E+03   3.11897000000000E+01
 1.98095830000000E+03   3.98906000000000E+01
 1.98104170000000E+03   3.79756000000000E+01
 1.98112500000000E+03   3.37530000000000E+01
 1.98120830000000E+03   2.82224000000000E+01
 1.98129170000000E+03   3.86145000000000E+01
 1.98137500000000E+03   4.26220000000000E+01
 1.98145830000000E+03   5.22447000000000E+01
 1.98154170000000E+03   4.64054000000000E+01
 1.98162500000000E+03   3.19508000000000E+01
 1.98170830000000E+03   3.52651000000000E+01
 1.98179170000000E+03   2.97329000000000E+01
 1.98187500000000E+03   3.45084000000000E+01
 1.98195830000000E+03   3.32836000000000E+01
 1.98204170000000E+03   2.75969000000000E+01
 1.98212500000000E+03   3.19871000000000E+01
 1.98220830000000E+03   3.18387000000000E+01
 1.98229170000000E+03   3.68436000000000E+01
 1.98237500000000E+03   3.02332000000000E+01
 1.98245830000000E+03   2.54688000000000E+01
 1.98254170000000E+03   3.07039000000000E+01
 1.98262500000000E+03   1.99390000000000E+01
 1.98270830000000E+03   2.97893000000000E+01
 1.98279170000000E+03   3.39468000000000E+01
 1.98287500000000E+03   3.94121000000000E+01
 1.98295830000000E+03   3.91848000000000E+01
 1.98304170000000E+03   3.60340000000000E+01
 1.98312500000000E+03   3.73448000000000E+01
 1.98320830000000E+03   4.12708000000000E+01
 1.98329170000000E+03   4.96578000000000E+01
 1.98337500000000E+03   5.11218000000000E+01
 1.98345830000000E+03   4.61241000000000E+01
 1.98354170000000E+03   5.02797000000000E+01
 1.98362500000000E+03   2.34354000000000E+01
 1.98370830000000E+03   2.37447000000000E+01
 1.98379170000000E+03   1.22843000000000E+01
 1.98387500000000E+03   8.67010000000000E+00
 1.98395830000000E+03   3.44030000000000E+00
 1.98404170000000E+03   5.51780000000000E+00
 1.98412500000000E+03   6.59530000000000E+00
 1.98420830000000E+03   1.79802000000000E+01
 1.98429170000000E+03   1.60570000000000E+01
 1.98437500000000E+03   1.09031000000000E+01
 1.98445830000000E+03   1.82590000000000E+00
 1.98454170000000E+03  -2.86710000000000E+00
 1.98462500000000E+03  -3.10217000000000E+01
 1.98470830000000E+03  -2.50226000000000E+01
 1.98479170000000E+03  -1.12547000000000E+01
 1.98487500000000E+03  -4.02530000000000E+00
 1.98495830000000E+03  -1.87300000000000E+00
 1.98504170000000E+03  -1.10580000000000E+00
 1.98512500000000E+03   4.89230000000000E+00
 1.98520830000000E+03   8.73630000000000E+00
 1.98529170000000E+03  -2.11250000000000E+00
 1.98537500000000E+03  -1.42280000000000E+00
 1.98545830000000E+03   3.59000000000000E-02
 1.98554170000000E+03   1.09557000000000E+01
 1.98562500000000E+03  -1.15860000000000E+01
 1.98570830000000E+03  -2.58940000000000E+00
 1.98579170000000E+03  -5.28560000000000E+00
 1.98587500000000E+03  -1.71356000000000E+01
 1.98595830000000E+03  -1.87551000000000E+01
 1.98604170000000E+03  -2.02981000000000E+01
 1.98612500000000E+03  -1.95333000000000E+01
 1.98620830000000E+03  -2.49226000000000E+01
 1.98629170000000E+03  -1.81586000000000E+01
 1.98637500000000E+03  -1.29329000000000E+01
 1.98645830000000E+03  -1.16306000000000E+01
 1.98654170000000E+03  -3.02518000000000E+01
 1.98662500000000E+03  -4.61806000000000E+01
 1.98670830000000E+03  -3.15712000000000E+01
 1.98679170000000E+03  -3.40392000000000E+01
 1.98687500000000E+03  -3.09686000000000E+01
 1.98695830000000E+03  -2.72060000000000E+01
 1.98704170000000E+03  -2.34438000000000E+01
 1.98712500000000E+03  -1.84508000000000E+01
 1.98720830000000E+03  -1.17657000000000E+01
 1.98729170000000E+03  -6.69650000000000E+00
 1.98737500000000E+03  -6.62720000000000E+00
 1.98745830000000E+03  -9.55820000000000E+00
 1.98754170000000E+03  -1.09511000000000E+01
 1.98762500000000E+03   1.23483000000000E+01
 1.98770830000000E+03   2.53398000000000E+01
 1.98779170000000E+03   2.19462000000000E+01
 1.98787500000000E+03   2.47835000000000E+01
 1.98795830000000E+03   2.59282000000000E+01
 1.98804170000000E+03   3.13801000000000E+01
 1.98812500000000E+03   3.43706000000000E+01
 1.98820830000000E+03   3.64378000000000E+01
 1.98829170000000E+03   3.06583000000000E+01
 1.98837500000000E+03   3.23404000000000E+01
 1.98845830000000E+03   3.47147000000000E+01
 1.98854170000000E+03   3.27807000000000E+01
 1.98862500000000E+03   3.00007000000000E+01
 1.98870830000000E+03   2.17589000000000E+01
 1.98879170000000E+03   5.82430000000000E+00
 1.98887500000000E+03   1.07360000000000E+01
 1.98895830000000E+03   1.08012000000000E+01
 1.98904170000000E+03   8.86600000000000E+00
 1.98912500000000E+03   1.10847000000000E+01
 1.98920830000000E+03   8.76480000000000E+00
 1.98929170000000E+03   8.21350000000000E+00
 1.98937500000000E+03   8.20080000000000E+00
 1.98945830000000E+03   1.27264000000000E+01
 1.98954170000000E+03   4.71300000000000E+00
 1.98962500000000E+03   2.43150000000000E+01
 1.98970830000000E+03   2.16092000000000E+01
 1.98979170000000E+03   1.25952000000000E+01
 1.98987500000000E+03   1.08120000000000E+01
 1.98995830000000E+03   1.51824000000000E+01
 1.99004170000000E+03   1.55524000000000E+01
 1.99012500000000E+03   1.95378000000000E+01
 1.99020830000000E+03   2.09845000000000E+01
 1.99029170000000E+03   2.45077000000000E+01
 1.99037500000000E+03   2.42617000000000E+01
 1.99045830000000E+03   2.38616000000000E+01
 1.99054170000000E+03   8.99950000000000E+00
 1.99062500000000E+03  -9.86250000000000E+00
 1.99070830000000E+03  -3.98785000000000E+01
 1.99079170000000E+03  -5.09720000000000E+01
 1.99087500000000E+03  -5.66039000000000E+01
 1.99095830000000E+03  -4.66975000000000E+01
 1.99104170000000E+03  -4.90224000000000E+01
 1.99112500000000E+03  -4.94241000000000E+01
 1.99120830000000E+03  -4.73645000000000E+01
 1.99129170000000E+03  -5.16131000000000E+01
 1.99137500000000E+03  -5.17847000000000E+01
 1.99145830000000E+03  -5.80335000000000E+01
 1.99154170000000E+03  -6.95135000000000E+01
 1.99162500000000E+03  -6.73780000000000E+01
 1.99170830000000E+03  -5.34735000000000E+01
 1.99179170000000E+03  -4.48003000000000E+01
 1.99187500000000E+03  -4.63578000000000E+01
 1.99195830000000E+03  -3.97616000000000E+01
 1.99204170000000E+03  -3.91660000000000E+01
 1.99212500000000E+03  -3.05702000000000E+01
 1.99220830000000E+03  -2.72054000000000E+01
 1.99229170000000E+03  -2.66873000000000E+01
 1.99237500000000E+03  -1.84769000000000E+01
 1.99245830000000E+03  -2.49589000000000E+01
 1.99254170000000E+03  -1.65953000000000E+01
 1.99262500000000E+03  -1.04623000000000E+01
 1.99270830000000E+03  -2.05604000000000E+01
 1.99279170000000E+03  -2.59666000000000E+01
 1.99287500000000E+03  -2.89112000000000E+01
 1.99295830000000E+03  -2.35483000000000E+01
 1.99304170000000E+03  -1.87245000000000E+01
 1.99312500000000E+03  -1.99005000000000E+01
 1.99320830000000E+03  -2.06152000000000E+01
 1.99329170000000E+03  -2.09457000000000E+01
 1.99337500000000E+03  -2.97378000000000E+01
 1.99345830000000E+03  -2.55300000000000E+01
 1.99354170000000E+03  -1.34766000000000E+01
 1.99362500000000E+03  -3.85001000000000E+01
 1.99370830000000E+03  -3.09852000000000E+01
 1.99379170000000E+03  -2.13171000000000E+01
 1.99387500000000E+03  -1.62642000000000E+01
 1.99395830000000E+03  -1.18270000000000E+01
 1.99404170000000E+03  -1.34671000000000E+01
 1.99412500000000E+03  -1.17226000000000E+01
 1.99420830000000E+03  -2.74750000000000E+00
 1.99429170000000E+03  -3.84990000000000E+00
 1.99437500000000E+03   1.66330000000000E+00
 1.99445830000000E+03   1.67147000000000E+01
 1.99454170000000E+03   1.00732000000000E+01
 1.99462500000000E+03   1.28934000000000E+01
 1.99470830000000E+03   3.68672000000000E+01
 1.99479170000000E+03   2.89175000000000E+01
 1.99487500000000E+03   2.82755000000000E+01
 1.99495830000000E+03   2.84025000000000E+01
 1.99504170000000E+03   2.82983000000000E+01
 1.99512500000000E+03   3.35788000000000E+01
 1.99520830000000E+03   3.81667000000000E+01
 1.99529170000000E+03   3.12926000000000E+01
 1.99537500000000E+03   3.36494000000000E+01
 1.99545830000000E+03   1.98521000000000E+01
 1.99554170000000E+03  -4.40730000000000E+00
 1.99562500000000E+03  -2.28204000000000E+01
 1.99570830000000E+03  -5.27721000000000E+01
 1.99579170000000E+03  -7.14937000000000E+01
 1.99587500000000E+03  -7.15228000000000E+01
 1.99595830000000E+03  -7.22444000000000E+01
 1.99604170000000E+03  -7.29666000000000E+01
 1.99612500000000E+03  -7.07656000000000E+01
 1.99620830000000E+03  -7.42571000000000E+01
 1.99629170000000E+03  -7.94414000000000E+01
 1.99637500000000E+03  -6.86256000000000E+01
 1.99645830000000E+03  -8.11177000000000E+01
 1.99654170000000E+03  -8.38412000000000E+01
 1.99662500000000E+03  -6.71799000000000E+01
 1.99670830000000E+03  -6.26726000000000E+01
 1.99679170000000E+03  -5.41659000000000E+01
 1.99687500000000E+03  -5.00437000000000E+01
 1.99695830000000E+03  -4.56910000000000E+01
 1.99704170000000E+03  -4.61849000000000E+01
 1.99712500000000E+03  -4.52941000000000E+01
 1.99720830000000E+03  -4.64035000000000E+01
 1.99729170000000E+03  -3.62827000000000E+01
 1.99737500000000E+03  -3.98540000000000E+01
 1.99745830000000E+03  -5.11948000000000E+01
 1.99754170000000E+03  -3.86900000000000E+01
 1.99762500000000E+03  -2.63389000000000E+01
 1.99770830000000E+03  -3.34496000000000E+01
 1.99779170000000E+03  -2.57147000000000E+01
 1.99787500000000E+03  -2.33642000000000E+01
 1.99795830000000E+03  -1.83217000000000E+01
 1.99804170000000E+03  -1.35104000000000E+01
 1.99812500000000E+03  -6.85290000000000E+00
 1.99820830000000E+03   1.72740000000000E+00
 1.99829170000000E+03   1.81534000000000E+01
 1.99837500000000E+03   1.31180000000000E+01
 1.99845830000000E+03   1.68516000000000E+01
 1.99854170000000E+03   1.95846000000000E+01
 1.99862500000000E+03   2.67024000000000E+01
 1.99870830000000E+03   2.35892000000000E+01
 1.99879170000000E+03   2.35524000000000E+01
 1.99887500000000E+03   1.53619000000000E+01
 1.99895830000000E+03   1.69403000000000E+01
 1.99904170000000E+03   1.60567000000000E+01
 1.99912500000000E+03   1.43271000000000E+01
 1.99920830000000E+03   1.89050000000000E+01
 1.99929170000000E+03   1.32515000000000E+01
 1.99937500000000E+03  -1.71100000000000E-01
 1.99945830000000E+03   1.19446000000000E+01
 1.99954170000000E+03   9.82900000000000E+00
 1.99962500000000E+03   1.10211000000000E+01
 1.99970830000000E+03  -4.01770000000000E+00
 1.99979170000000E+03  -4.05700000000000E+00
 1.99987500000000E+03  -7.88500000000000E-01
 1.99995830000000E+03  -1.05870000000000E+00
 2.00004170000000E+03   4.90130000000000E+00
 2.00012500000000E+03   4.24610000000000E+00
 2.00020830000000E+03   3.12910000000000E+00
 2.00029170000000E+03   1.47310000000000E+00
 2.00037500000000E+03   6.50950000000000E+00
 2.00045830000000E+03   1.37765000000000E+01
 2.00054170000000E+03   4.27600000000000E-01
 2.00062500000000E+03  -4.61350000000000E+00
 2.00070830000000E+03  -8.80870000000000E+00
 2.00079170000000E+03  -5.38910000000000E+00
 2.00087500000000E+03  -9.12310000000000E+00
 2.00095830000000E+03  -9.24200000000000E+00
 2.00104170000000E+03  -3.59220000000000E+00
 2.00112500000000E+03  -4.55760000000000E+00
 2.00120830000000E+03   1.36305000000000E+01
 2.00129170000000E+03   2.18951000000000E+01
 2.00137500000000E+03   2.63905000000000E+01
 2.00145830000000E+03   2.44242000000000E+01
 2.00154170000000E+03   1.84574000000000E+01
 2.00162500000000E+03   3.37214000000000E+01
 2.00170830000000E+03   3.42160000000000E+01
 2.00179170000000E+03   2.81716000000000E+01
 2.00187500000000E+03   2.39735000000000E+01
 2.00195830000000E+03   2.81598000000000E+01
 2.00204170000000E+03   2.97302000000000E+01
 2.00212500000000E+03   3.09160000000000E+01
 2.00220830000000E+03   2.97940000000000E+01
 2.00229170000000E+03   2.34406000000000E+01
 2.00237500000000E+03   1.75489000000000E+01
 2.00245830000000E+03   1.58010000000000E+00
 2.00254170000000E+03   5.76460000000000E+00
 2.00262500000000E+03  -6.89700000000000E+00
 2.00270830000000E+03  -3.14818000000000E+01
 2.00279170000000E+03  -3.20672000000000E+01
 2.00287500000000E+03  -2.92679000000000E+01
 2.00295830000000E+03  -2.57764000000000E+01
 2.00304170000000E+03  -2.27471000000000E+01
 2.00312500000000E+03  -2.07176000000000E+01
 2.00320830000000E+03  -1.99960000000000E+01
 2.00329170000000E+03  -1.61211000000000E+01
 2.00337500000000E+03  -2.51692000000000E+01
 2.00345830000000E+03  -2.49867000000000E+01
 2.00354170000000E+03  -1.12663000000000E+01
 2.00362500000000E+03  -1.41611000000000E+01
 2.00370830000000E+03  -1.19024000000000E+01
 2.00379170000000E+03  -8.49030000000000E+00
 2.00387500000000E+03  -7.92420000000000E+00
 2.00395830000000E+03  -3.66610000000000E+00
 2.00404170000000E+03  -3.02390000000000E+00
 2.00412500000000E+03   3.15690000000000E+00
 2.00420830000000E+03   8.87600000000000E+00
 2.00429170000000E+03   9.67140000000000E+00
 2.00437500000000E+03   1.07747000000000E+01
 2.00445830000000E+03   1.46470000000000E+01
 2.00454170000000E+03   1.85956000000000E+01
 2.00462500000000E+03   8.31360000000000E+00
 2.00470830000000E+03  -4.55000000000000E-02
 2.00479170000000E+03   4.51790000000000E+00
 2.00487500000000E+03   7.15830000000000E+00
 2.00495830000000E+03   9.41390000000000E+00
 2.00504170000000E+03   1.38229000000000E+01
 2.00512500000000E+03   1.92319000000000E+01
 2.00520830000000E+03   1.80254000000000E+01
 2.00529170000000E+03   1.44337000000000E+01
 2.00537500000000E+03   2.36882000000000E+01
 2.00545830000000E+03   2.19426000000000E+01
 2.00554170000000E+03   5.88870000000000E+00
 2.00562500000000E+03  -6.47270000000000E+00
 2.00570830000000E+03  -9.75750000000000E+00
 2.00579170000000E+03  -9.27350000000000E+00
 2.00587500000000E+03  -7.94330000000000E+00
 2.00595830000000E+03  -1.28441000000000E+01
 2.00604170000000E+03  -1.51300000000000E+01
 2.00612500000000E+03  -1.28773000000000E+01
 2.00620830000000E+03  -1.29325000000000E+01
 2.00629170000000E+03  -8.14220000000000E+00
 2.00637500000000E+03   4.34070000000000E+00
 2.00645830000000E+03  -5.71520000000000E+00
 2.00654170000000E+03   5.76680000000000E+00
 2.00662500000000E+03   2.19413000000000E+01
 2.00670830000000E+03   2.81925000000000E+01
 2.00679170000000E+03   2.43663000000000E+01
 2.00687500000000E+03   2.76170000000000E+01
 2.00695830000000E+03   3.12522000000000E+01
 2.00704170000000E+03   4.48099000000000E+01
 2.00712500000000E+03   5.05216000000000E+01
 2.00720830000000E+03   4.98485000000000E+01
 2.00729170000000E+03   4.34825000000000E+01
 2.00737500000000E+03   4.32704000000000E+01
 2.00745830000000E+03   3.10582000000000E+01
 2.00754170000000E+03   3.22300000000000E+01
 2.00762500000000E+03   1.56328000000000E+01
 2.00770830000000E+03   2.43430000000000E+01
 2.00779170000000E+03   1.81296000000000E+01
 2.00787500000000E+03   2.23778000000000E+01
 2.00795830000000E+03   2.11643000000000E+01
 2.00804170000000E+03   1.98733000000000E+01
 2.00812500000000E+03   1.75056000000000E+01
 2.00820830000000E+03   1.42145000000000E+01
 2.00829170000000E+03   1.63075000000000E+01
 2.00837500000000E+03   2.36314000000000E+01
 2.00845830000000E+03   5.49360000000000E+00
 2.00854170000000E+03  -4.72170000000000E+00
 2.00862500000000E+03  -1.20138000000000E+01
 2.00870830000000E+03  -1.18446000000000E+01
 2.00879170000000E+03  -3.26759000000000E+01
 2.00887500000000E+03  -3.48148000000000E+01
 2.00895830000000E+03  -3.03385000000000E+01
 2.00904170000000E+03  -2.54013000000000E+01
 2.00912500000000E+03  -2.72331000000000E+01
 2.00920830000000E+03  -3.12959000000000E+01
 2.00929170000000E+03  -2.72054000000000E+01
 2.00937500000000E+03  -2.48071000000000E+01
 2.00945830000000E+03  -2.61013000000000E+01
 2.00954170000000E+03  -2.57807000000000E+01
 2.00962500000000E+03  -1.90753000000000E+01
 2.00970830000000E+03  -1.89856000000000E+01
 2.00979170000000E+03  -2.59733000000000E+01
 2.00987500000000E+03  -2.31916000000000E+01
 2.00995830000000E+03  -2.05640000000000E+01
 2.01004170000000E+03  -2.05524000000000E+01
 2.01012500000000E+03  -1.76175000000000E+01
 2.01020830000000E+03  -1.43751000000000E+01
 2.01029170000000E+03  -6.74870000000000E+00
 2.01037500000000E+03  -3.35290000000000E+00
 2.01045830000000E+03  -1.45728000000000E+01
 2.01054170000000E+03  -2.21777000000000E+01
 2.01062500000000E+03  -2.02441000000000E+01
 2.01070830000000E+03  -3.43107000000000E+01
 2.01079170000000E+03  -3.71471000000000E+01
 2.01087500000000E+03  -3.30603000000000E+01
 2.01095830000000E+03  -2.85891000000000E+01
 2.01104170000000E+03  -2.45799000000000E+01
 2.01112500000000E+03  -1.88014000000000E+01
 2.01120830000000E+03  -2.21001000000000E+01
 2.01129170000000E+03  -2.28608000000000E+01
 2.01137500000000E+03  -3.09291000000000E+01
 2.01145830000000E+03  -1.86130000000000E+01
 2.01154170000000E+03  -1.34513000000000E+01
 2.01162500000000E+03  -2.88279000000000E+01
 2.01170830000000E+03  -3.63585000000000E+01
 2.01179170000000E+03  -2.68898000000000E+01
 2.01187500000000E+03  -2.47286000000000E+01
 2.01195830000000E+03  -2.31829000000000E+01
 2.01204170000000E+03  -2.20994000000000E+01
 2.01212500000000E+03  -2.13234000000000E+01
 2.01220830000000E+03  -2.03169000000000E+01
 2.01229170000000E+03  -1.99263000000000E+01
 2.01237500000000E+03  -1.60741000000000E+01
 2.01245830000000E+03  -1.16835000000000E+01
 2.01254170000000E+03  -3.30628000000000E+01
 2.01262500000000E+03  -4.91343000000000E+01
 2.01270830000000E+03  -4.57444000000000E+01
 2.01279170000000E+03  -4.07397000000000E+01
 2.01287500000000E+03  -3.95041000000000E+01
 2.01295830000000E+03  -4.14225000000000E+01
 2.01304170000000E+03  -4.33415000000000E+01
 2.01312500000000E+03  -4.40296000000000E+01
 2.01320830000000E+03  -4.32564000000000E+01
 2.01329170000000E+03  -4.17914000000000E+01
 2.01337500000000E+03  -3.92493000000000E+01
 2.01345830000000E+03  -4.18613000000000E+01
 2.01354170000000E+03  -4.89355000000000E+01
 2.01362500000000E+03  -4.78556000000000E+01
 2.01370830000000E+03  -4.53913000000000E+01
 2.01379170000000E+03  -3.40814000000000E+01
 2.01387500000000E+03  -3.03868000000000E+01
 2.01395830000000E+03  -3.16155000000000E+01
 2.01404170000000E+03  -2.33832000000000E+01
 2.01412500000000E+03  -1.38430000000000E+01
 2.01420830000000E+03  -1.16108000000000E+01
 2.01429170000000E+03  -5.91760000000000E+00
 2.01437500000000E+03  -1.16088000000000E+01
 2.01445830000000E+03  -1.03003000000000E+01
 2.01454170000000E+03  -5.14610000000000E+00
 2.01462500000000E+03  -9.14570000000000E+00
 2.01470830000000E+03  -1.26070000000000E+01
 2.01479170000000E+03  -1.37612000000000E+01
 2.01487500000000E+03  -1.39153000000000E+01
 2.01495830000000E+03  -1.76080000000000E+01
 2.01504170000000E+03  -1.14552000000000E+01
 2.01512500000000E+03  -1.33791000000000E+01
 2.01520830000000E+03  -1.57647000000000E+01
 2.01529170000000E+03  -1.72279000000000E+01
 2.01537500000000E+03  -7.69090000000000E+00
 2.01545830000000E+03  -6.38490000000000E+00
 2.01554170000000E+03  -1.11564000000000E+01
 2.01562500000000E+03  -1.46969000000000E+01
 2.01570830000000E+03  -1.63916000000000E+01
 2.01579170000000E+03  -1.05483000000000E+01
 2.01587500000000E+03  -3.78180000000000E+00
 2.01595830000000E+03  -6.30900000000000E-01
 2.01604170000000E+03   6.98100000000000E+00
 2.01612500000000E+03   5.59300000000000E+00
 2.01620830000000E+03   9.35860000000000E+00
 2.01629170000000E+03   3.20060000000000E+00
 2.01637500000000E+03   5.81200000000000E+00
 2.01645830000000E+03  -1.25768000000000E+01
 2.01654170000000E+03  -1.64277000000000E+01
 2.01662500000000E+03  -2.67400000000000E+01
 2.01670830000000E+03  -3.69756000000000E+01
 2.01679170000000E+03  -3.42888000000000E+01
 2.01687500000000E+03  -3.89094000000000E+01
 2.01695830000000E+03  -3.59918000000000E+01
 2.01704170000000E+03  -3.60748000000000E+01
 2.01712500000000E+03  -3.56960000000000E+01
 2.01720830000000E+03  -3.22406000000000E+01
 2.01729170000000E+03  -2.63242000000000E+01
 2.01737500000000E+03  -1.08692000000000E+01
 2.01745830000000E+03  -5.26050000000000E+00
 2.01754170000000E+03   8.09100000000000E-01
 2.01762500000000E+03  -1.13519000000000E+01
 2.01770830000000E+03  -1.38978000000000E+01
 2.01779170000000E+03  -1.34442000000000E+01
 2.01787500000000E+03  -1.26827000000000E+01
 2.01795830000000E+03  -1.36907000000000E+01
 2.01804170000000E+03  -1.93147000000000E+01
 2.01812500000000E+03  -1.84770000000000E+01
 2.01820830000000E+03  -1.68702000000000E+01
 2.01829170000000E+03  -1.64948000000000E+01
 2.01837500000000E+03  -3.31962000000000E+01
 2.01845830000000E+03  -4.16669000000000E+01
 2.01854170000000E+03  -4.55229000000000E+01
 2.01862500000000E+03  -5.65326000000000E+01
 2.01870830000000E+03  -3.60810000000000E+01
 2.01879170000000E+03  -3.63992000000000E+01
 2.01887500000000E+03  -3.71018000000000E+01
 2.01895830000000E+03  -3.80354000000000E+01
 2.01904170000000E+03  -3.29696000000000E+01
 2.01912500000000E+03  -2.87497000000000E+01
 2.01920830000000E+03  -2.63763000000000E+01
 2.01929170000000E+03  -2.02342000000000E+01
 2.01937500000000E+03  -1.97842000000000E+01
 2.01945830000000E+03  -4.41140000000000E+00
 2.01954170000000E+03  -4.42380000000000E+00
 2.01962500000000E+03   5.71790000000000E+00
 2.01970830000000E+03   4.55160000000000E+00
 2.01979170000000E+03  -9.69220000000000E+00
 2.01987500000000E+03  -8.01270000000000E+00
 2.01995830000000E+03  -2.71800000000000E+00
 2.02004170000000E+03   3.72990000000000E+00
 2.02012500000000E+03   8.10100000000000E+00
 2.02020830000000E+03   1.31642000000000E+01
 2.02029170000000E+03   1.42269000000000E+01
 2.02037500000000E+03   7.82820000000000E+00
 2.02045830000000E+03   5.50620000000000E+00
 2.02054170000000E+03  -8.93400000000000E-01
 2.02062500000000E+03  -1.52927000000000E+01
 2.02070830000000E+03  -3.46153000000000E+01
 2.02079170000000E+03  -3.27078000000000E+01
 2.02087500000000E+03  -2.43386000000000E+01
 2.02095830000000E+03  -2.10464000000000E+01
 2.02104170000000E+03  -2.18318000000000E+01
 2.02112500000000E+03  -2.05401000000000E+01
 2.02120830000000E+03  -2.44025000000000E+01
 2.02129170000000E+03  -2.17270000000000E+01
 2.02137500000000E+03  -1.76667000000000E+01
 2.02145830000000E+03  -1.66066000000000E+01
 2.02154170000000E+03  -1.26241000000000E+01
 2.02162500000000E+03  -2.71820000000000E+00
 2.02170830000000E+03  -6.42800000000000E+00
 2.02179170000000E+03  -7.13840000000000E+00
 2.02187500000000E+03  -7.31010000000000E+00
 2.02195830000000E+03  -9.55900000000000E+00
 2.02204170000000E+03  -9.19310000000000E+00
 2.02212500000000E+03  -1.16732000000000E+01
 2.02220830000000E+03  -6.23030000000000E+00
 2.02229170000000E+03  -7.88100000000000E-01
 2.02237500000000E+03   2.69600000000000E-01
 2.02245830000000E+03  -4.36510000000000E+00
 2.02254170000000E+03   1.07640000000000E+00
 2.02262500000000E+03  -9.25100000000000E+00
 2.02270830000000E+03  -1.67326000000000E+01
 2.02279170000000E+03  -7.13780000000000E+00
 2.02287500000000E+03  -1.23890000000000E+01
 2.02295830000000E+03  -9.25580000000000E+00
 2.02304170000000E+03  -8.15400000000000E-01
 2.02312500000000E+03   8.54810000000000E+00
 2.02320830000000E+03   1.62192000000000E+01
 2.02329170000000E+03   2.15819000000000E+01
 2.02337500000000E+03   3.76372000000000E+01
 2.02345830000000E+03   4.27691000000000E+01
 2.02354170000000E+03   4.32402000000000E+01
 2.02362500000000E+03   3.84935000000000E+01
 2.02370830000000E+03   4.85633000000000E+01
 2.02379170000000E+03   5.00547000000000E+01
 2.02387500000000E+03   6.72519000000000E+01
 2.02395830000000E+03   9.87424000000000E+01
