 1.81104170000000E+03  -4.19207000000000E+01
 1.81112500000000E+03  -2.70639000000000E+01
 1.81120830000000E+03  -1.79492000000000E+01
 1.81129170000000E+03  -1.32541000000000E+01
 1.81137500000000E+03  -1.93186000000000E+01
 1.81145830000000E+03  -2.20280000000000E+00
 1.81154170000000E+03   3.35920000000000E+00
 1.81162500000000E+03   1.06860000000000E+00
 1.81170830000000E+03   4.16250000000000E+00
 1.81179170000000E+03   5.94870000000000E+00
 1.81187500000000E+03  -1.03440000000000E+00
 1.81195830000000E+03   1.59770000000000E+00
 1.81204170000000E+03   4.22990000000000E+00
 1.81212500000000E+03   7.55420000000000E+00
 1.81220830000000E+03   5.49380000000000E+00
 1.81229170000000E+03  -5.95120000000000E+00
 1.81237500000000E+03  -1.12425000000000E+01
 1.81245830000000E+03  -1.03031000000000E+01
 1.81254170000000E+03  -2.80560000000000E+01
 1.81262500000000E+03  -3.75783000000000E+01
 1.81270830000000E+03  -2.23314000000000E+01
 1.81279170000000E+03  -1.38538000000000E+01
 1.81287500000000E+03  -1.76840000000000E+01
 1.81295830000000E+03  -8.43730000000000E+00
 1.81304170000000E+03   7.32400000000000E-01
 1.81312500000000E+03   6.05580000000000E+00
 1.81320830000000E+03   3.14840000000000E+00
 1.81329170000000E+03   1.31790000000000E+00
 1.81337500000000E+03   6.33340000000000E+00
 1.81345830000000E+03   1.26566000000000E+01
 1.81354170000000E+03   2.55950000000000E+01
 1.81362500000000E+03   3.09949000000000E+01
 1.81370830000000E+03   3.17025000000000E+01
 1.81379170000000E+03   1.94100000000000E+01
 1.81387500000000E+03   2.57890000000000E+00
 1.81395830000000E+03   2.09300000000000E-01
 1.81404170000000E+03   1.45500000000000E+00
 1.81412500000000E+03  -6.07100000000000E-01
 1.81420830000000E+03  -1.36150000000000E+00
 1.81429170000000E+03  -7.34680000000000E+00
 1.81437500000000E+03  -2.27937000000000E+01
 1.81445830000000E+03  -2.23176000000000E+01
 1.81454170000000E+03  -2.99185000000000E+01
 1.81462500000000E+03  -6.32887000000000E+01
 1.81470830000000E+03  -6.67359000000000E+01
 1.81479170000000E+03  -6.04139000000000E+01
 1.81487500000000E+03  -6.70921000000000E+01
 1.81495830000000E+03  -5.62318000000000E+01
 1.81504170000000E+03  -3.69870000000000E+01
 1.81512500000000E+03  -2.60499000000000E+01
 1.81520830000000E+03  -1.44976000000000E+01
 1.81529170000000E+03  -3.50222000000000E+01
 1.81537500000000E+03  -2.92392000000000E+01
 1.81545830000000E+03  -2.81486000000000E+01
 1.81554170000000E+03  -1.92120000000000E+01
 1.81562500000000E+03  -4.35230000000000E+00
 1.81570830000000E+03   2.85073000000000E+01
 1.81579170000000E+03   1.79053000000000E+01
 1.81587500000000E+03   9.38010000000000E+00
 1.81595830000000E+03   1.70857000000000E+01
 1.81604170000000E+03   1.31758000000000E+01
 1.81612500000000E+03   1.36504000000000E+01
 1.81620830000000E+03   4.27870000000000E+00
 1.81629170000000E+03  -6.01600000000000E+00
 1.81637500000000E+03  -6.77240000000000E+00
 1.81645830000000E+03  -1.30673000000000E+01
 1.81654170000000E+03   3.86850000000000E+00
 1.81662500000000E+03   2.45734000000000E+01
 1.81670830000000E+03   4.27398000000000E+01
 1.81679170000000E+03   5.35215000000000E+01
 1.81687500000000E+03   7.39955000000000E+01
 1.81695830000000E+03   7.83155000000000E+01
 1.81704170000000E+03   8.01739000000000E+01
 1.81712500000000E+03   9.03400000000000E+01
 1.81720830000000E+03   7.45059000000000E+01
 1.81729170000000E+03   6.90564000000000E+01
 1.81737500000000E+03   6.16838000000000E+01
 1.81745830000000E+03   7.35418000000000E+01
 1.81754170000000E+03   7.07075000000000E+01
 1.81762500000000E+03   6.91807000000000E+01
 1.81770830000000E+03   4.17309000000000E+01
 1.81779170000000E+03   1.62040000000000E+01
 1.81787500000000E+03  -8.09220000000000E+00
 1.81795830000000E+03  -1.93115000000000E+01
 1.81804170000000E+03  -6.99240000000000E+00
 1.81812500000000E+03   9.58000000000000E-02
 1.81820830000000E+03   5.41470000000000E+00
 1.81829170000000E+03  -5.18960000000000E+00
 1.81837500000000E+03  -1.64093000000000E+01
 1.81845830000000E+03  -1.50906000000000E+01
 1.81854170000000E+03  -1.56181000000000E+01
 1.81862500000000E+03  -1.39919000000000E+01
 1.81870830000000E+03  -1.62888000000000E+01
 1.81879170000000E+03  -1.22781000000000E+01
 1.81887500000000E+03  -1.81136000000000E+01
 1.81895830000000E+03  -1.22569000000000E+01
 1.81904170000000E+03   1.90740000000000E+00
 1.81912500000000E+03  -9.31300000000000E+00
 1.81920830000000E+03  -1.62257000000000E+01
 1.81929170000000E+03  -2.29847000000000E+01
 1.81937500000000E+03  -1.22822000000000E+01
 1.81945830000000E+03  -1.93490000000000E+01
 1.81954170000000E+03  -2.45698000000000E+01
 1.81962500000000E+03  -3.15598000000000E+01
 1.81970830000000E+03  -3.68576000000000E+01
 1.81979170000000E+03  -4.09248000000000E+01
 1.81987500000000E+03  -4.92227000000000E+01
 1.81995830000000E+03  -4.95208000000000E+01
 1.82004170000000E+03  -3.80496000000000E+01
 1.82012500000000E+03  -3.99632000000000E+01
 1.82020830000000E+03  -3.32615000000000E+01
 1.82029170000000E+03  -2.26367000000000E+01
 1.82037500000000E+03  -2.30890000000000E+01
 1.82045830000000E+03  -2.05413000000000E+01
 1.82054170000000E+03  -8.68600000000000E+00
 1.82062500000000E+03   1.23231000000000E+01
 1.82070830000000E+03   1.73321000000000E+01
 1.82079170000000E+03   1.88794000000000E+01
 1.82087500000000E+03   1.39652000000000E+01
 1.82095830000000E+03   1.84355000000000E+01
 1.82104170000000E+03   2.88288000000000E+01
 1.82112500000000E+03   2.71451000000000E+01
 1.82120830000000E+03   2.32306000000000E+01
 1.82129170000000E+03   1.72391000000000E+01
 1.82137500000000E+03   1.03244000000000E+01
 1.82145830000000E+03   2.67942000000000E+01
 1.82154170000000E+03   5.09563000000000E+01
 1.82162500000000E+03   7.47337000000000E+01
 1.82170830000000E+03   8.70495000000000E+01
 1.82179170000000E+03   1.05749800000000E+02
 1.82187500000000E+03   1.05296200000000E+02
 1.82195830000000E+03   1.15458000000000E+02
 1.82204170000000E+03   1.20465800000000E+02
 1.82212500000000E+03   1.19473500000000E+02
 1.82220830000000E+03   1.18327300000000E+02
 1.82229170000000E+03   1.13258000000000E+02
 1.82237500000000E+03   1.09419300000000E+02
 1.82245830000000E+03   1.05888300000000E+02
 1.82254170000000E+03   8.23572000000000E+01
 1.82262500000000E+03   6.95952000000000E+01
 1.82270830000000E+03   4.92947000000000E+01
 1.82337500000000E+03   3.20420000000000E+01
 1.82345830000000E+03   3.22024000000000E+01
 1.82354170000000E+03   4.59011000000000E+01
 1.82362500000000E+03   5.15229000000000E+01
 1.82370830000000E+03   4.23754000000000E+01
 1.82379170000000E+03   2.29970000000000E+01
 1.82387500000000E+03   1.59262000000000E+01
 1.82395830000000E+03   1.50862000000000E+01
 1.82404170000000E+03   2.67845000000000E+01
 1.82412500000000E+03   3.40981000000000E+01
 1.82420830000000E+03   3.57963000000000E+01
 1.82429170000000E+03   2.56483000000000E+01
 1.82437500000000E+03   4.43463000000000E+01
 1.82445830000000E+03   5.75058000000000E+01
 1.82454170000000E+03   7.06652000000000E+01
 1.82462500000000E+03   8.16707000000000E+01
 1.82470830000000E+03   5.75992000000000E+01
 1.82479170000000E+03   6.40661000000000E+01
 1.82487500000000E+03   7.63021000000000E+01
 1.82495830000000E+03   7.69996000000000E+01
 1.82504170000000E+03   8.80817000000000E+01
 1.82512500000000E+03   8.69329000000000E+01
 1.82520830000000E+03   8.34763000000000E+01
 1.82529170000000E+03   8.23274000000000E+01
 1.82537500000000E+03   9.89476000000000E+01
 1.82545830000000E+03   8.98754000000000E+01
 1.82554170000000E+03   5.29570000000000E+01
 1.82562500000000E+03   8.50010000000000E+00
 1.82570830000000E+03  -1.69570000000000E+01
 1.82579170000000E+03   3.97060000000000E+00
 1.82587500000000E+03   4.43650000000000E+00
 1.82595830000000E+03   6.51770000000000E+00
 1.82604170000000E+03   4.29120000000000E+00
 1.82612500000000E+03  -5.08930000000000E+00
 1.82620830000000E+03  -1.56236000000000E+01
 1.82629170000000E+03  -2.83889000000000E+01
 1.82637500000000E+03  -2.99234000000000E+01
 1.82645830000000E+03  -5.44580000000000E+01
 1.82654170000000E+03  -4.56081000000000E+01
 1.82662500000000E+03  -3.54505000000000E+01
 1.82670830000000E+03  -2.13699000000000E+01
 1.82679170000000E+03  -1.34433000000000E+01
 1.82687500000000E+03  -2.71321000000000E+01
 1.82695830000000E+03  -3.58210000000000E+01
 1.82704170000000E+03  -2.97408000000000E+01
 1.82712500000000E+03  -2.14298000000000E+01
 1.82720830000000E+03  -2.68112000000000E+01
 1.82729170000000E+03  -3.50389000000000E+01
 1.82737500000000E+03  -1.95743000000000E+01
 1.82745830000000E+03  -1.43406000000000E+01
 1.82754170000000E+03  -8.64540000000000E+00
 1.82762500000000E+03  -2.69502000000000E+01
 1.82770830000000E+03  -1.94090000000000E+01
 1.82779170000000E+03  -2.19448000000000E+01
 1.82787500000000E+03  -2.10191000000000E+01
 1.82795830000000E+03  -1.13243000000000E+01
 1.82804170000000E+03  -1.55260000000000E+00
 1.82812500000000E+03   2.44970000000000E+00
 1.82820830000000E+03  -3.85570000000000E+00
 1.82829170000000E+03   9.37730000000000E+00
 1.82837500000000E+03   1.69949000000000E+01
 1.82845830000000E+03   2.07662000000000E+01
 1.82854170000000E+03   1.25374000000000E+01
 1.82862500000000E+03   1.04624000000000E+01
 1.82870830000000E+03   1.40797000000000E+01
 1.82879170000000E+03   5.92760000000000E+00
 1.82887500000000E+03   8.85240000000000E+00
 1.82895830000000E+03   1.01617000000000E+01
 1.82904170000000E+03   1.47786000000000E+01
 1.82912500000000E+03   1.33955000000000E+01
 1.82920830000000E+03   3.93540000000000E+00
 1.82929170000000E+03   9.24440000000000E+00
 1.82937500000000E+03   1.50918000000000E+01
 1.82945830000000E+03   7.55450000000000E+00
 1.82954170000000E+03  -1.70597000000000E+01
 1.82962500000000E+03  -2.65203000000000E+01
 1.82970830000000E+03  -2.15962000000000E+01
 1.82979170000000E+03  -8.21070000000000E+00
 1.82987500000000E+03  -5.51760000000000E+00
 1.82995830000000E+03  -8.20920000000000E+00
 1.83004170000000E+03  -7.51620000000000E+00
 1.83012500000000E+03  -8.97710000000000E+00
 1.83020830000000E+03  -8.66890000000000E+00
 1.83029170000000E+03  -4.59160000000000E+00
 1.83037500000000E+03   6.39600000000000E-01
 1.83045830000000E+03  -1.63601000000000E+01
 1.83054170000000E+03  -4.12920000000000E+00
 1.83062500000000E+03  -8.98200000000000E-01
 1.83070830000000E+03   1.14864000000000E+01
 1.83079170000000E+03   4.25570000000000E+00
 1.83087500000000E+03  -8.89830000000000E+00
 1.83095830000000E+03  -3.05230000000000E+00
 1.83104170000000E+03  -2.82170000000000E+00
 1.83112500000000E+03  -5.66820000000000E+00
 1.83120830000000E+03  -6.89930000000000E+00
 1.83129170000000E+03  -1.87459000000000E+01
 1.83137500000000E+03  -1.84388000000000E+01
 1.83145830000000E+03  -3.02086000000000E+01
 1.83154170000000E+03  -3.43631000000000E+01
 1.83162500000000E+03  -4.43639000000000E+01
 1.83170830000000E+03  -5.55955000000000E+01
 1.83179170000000E+03  -5.85194000000000E+01
 1.83187500000000E+03  -4.94435000000000E+01
 1.83195830000000E+03  -5.29061000000000E+01
 1.83204170000000E+03  -3.29072000000000E+01
 1.83212500000000E+03  -2.47545000000000E+01
 1.83220830000000E+03  -1.75250000000000E+01
 1.83229170000000E+03  -2.00648000000000E+01
 1.83237500000000E+03  -2.04509000000000E+01
 1.83245830000000E+03  -3.71447000000000E+01
 1.83254170000000E+03  -4.69155000000000E+01
 1.83262500000000E+03  -4.39171000000000E+01
 1.83270830000000E+03  -5.05342000000000E+01
 1.83279170000000E+03  -4.22283000000000E+01
 1.83287500000000E+03  -3.89225000000000E+01
 1.83295830000000E+03  -4.19244000000000E+01
 1.83304170000000E+03  -3.19264000000000E+01
 1.83312500000000E+03  -3.91593000000000E+01
 1.83320830000000E+03  -3.95461000000000E+01
 1.83329170000000E+03  -6.62406000000000E+01
 1.83337500000000E+03  -6.96275000000000E+01
 1.83345830000000E+03  -4.00145000000000E+01
 1.83354170000000E+03  -1.34016000000000E+01
 1.83362500000000E+03  -1.01950000000000E+00
 1.83370830000000E+03   2.06702000000000E+01
 1.83379170000000E+03   4.95136000000000E+01
 1.83387500000000E+03   6.62801000000000E+01
 1.83395830000000E+03   7.28158000000000E+01
 1.83404170000000E+03   7.59667000000000E+01
 1.83412500000000E+03   6.64253000000000E+01
 1.83420830000000E+03   5.77299000000000E+01
 1.83429170000000E+03   5.84960000000000E+01
 1.83437500000000E+03   9.31082000000000E+01
 1.83445830000000E+03   1.16104900000000E+02
 1.83454170000000E+03   9.83323000000000E+01
 1.83462500000000E+03   9.26366000000000E+01
 1.83470830000000E+03   9.48639000000000E+01
 1.83479170000000E+03   7.89372000000000E+01
 1.83487500000000E+03   6.46259000000000E+01
 1.83495830000000E+03   5.49298000000000E+01
 1.83504170000000E+03   5.53876000000000E+01
 1.83512500000000E+03   6.15376000000000E+01
 1.83520830000000E+03   5.29952000000000E+01
 1.83529170000000E+03   4.25296000000000E+01
 1.83537500000000E+03   2.76793000000000E+01
 1.83545830000000E+03   2.15213000000000E+01
 1.83554170000000E+03  -6.94450000000000E+00
 1.83562500000000E+03   8.20500000000000E-01
 1.83570830000000E+03  -1.01839000000000E+01
 1.83579170000000E+03  -1.31884000000000E+01
 1.83587500000000E+03  -1.24237000000000E+01
 1.83595830000000E+03  -1.11206000000000E+01
 1.83604170000000E+03   2.64390000000000E+00
 1.83612500000000E+03   9.94680000000000E+00
 1.83620830000000E+03   1.16343000000000E+01
 1.83629170000000E+03   2.00140000000000E+01
 1.83637500000000E+03   2.27783000000000E+01
 1.83645830000000E+03   3.77732000000000E+01
 1.83654170000000E+03   2.77681000000000E+01
 1.83662500000000E+03   1.99936000000000E+01
 1.83670830000000E+03   9.44990000000000E+00
 1.83679170000000E+03   1.38291000000000E+01
 1.83687500000000E+03   1.29006000000000E+01
 1.83695830000000E+03   1.00490000000000E+01
 1.83704170000000E+03   1.25049000000000E+01
 1.83712500000000E+03   3.73000000000000E+00
 1.83720830000000E+03  -1.66030000000000E+00
 1.83729170000000E+03  -1.32815000000000E+01
 1.83737500000000E+03   7.89600000000000E-01
 1.83745830000000E+03   2.86050000000000E+00
 1.83754170000000E+03  -2.01455000000000E+01
 1.83762500000000E+03  -2.79208000000000E+01
 1.83770830000000E+03  -1.64655000000000E+01
 1.83779170000000E+03  -1.57025000000000E+01
 1.83787500000000E+03  -2.48627000000000E+01
 1.83795830000000E+03  -3.05614000000000E+01
 1.83804170000000E+03  -2.99524000000000E+01
 1.83812500000000E+03  -2.18821000000000E+01
 1.83820830000000E+03  -1.48887000000000E+01
 1.83829170000000E+03  -2.78954000000000E+01
 1.83837500000000E+03  -2.30560000000000E+01
 1.83845830000000E+03  -3.02167000000000E+01
 1.83854170000000E+03  -1.38390000000000E+01
 1.83862500000000E+03   1.24617000000000E+01
 1.83870830000000E+03   1.56085000000000E+01
 1.83879170000000E+03   1.29860000000000E+01
 1.83887500000000E+03   3.28640000000000E+00
 1.83895830000000E+03   6.35610000000000E+00
 1.83904170000000E+03   1.06564000000000E+01
 1.83912500000000E+03   1.37259000000000E+01
 1.83920830000000E+03   1.48760000000000E+00
 1.83929170000000E+03  -1.52892000000000E+01
 1.83937500000000E+03  -2.55277000000000E+01
 1.83945830000000E+03  -5.03815000000000E+01
 1.83954170000000E+03  -6.00047000000000E+01
 1.83962500000000E+03  -7.81665000000000E+01
 1.83970830000000E+03  -9.66360000000000E+01
 1.83979170000000E+03  -1.03720900000000E+02
 1.83987500000000E+03  -1.01729000000000E+02
 1.83995830000000E+03  -8.80449000000000E+01
 1.84004170000000E+03  -8.04378000000000E+01
 1.84012500000000E+03  -7.52923000000000E+01
 1.84020830000000E+03  -8.07622000000000E+01
 1.84029170000000E+03  -6.41553000000000E+01
 1.84037500000000E+03  -5.43946000000000E+01
 1.84045830000000E+03  -3.87879000000000E+01
 1.84054170000000E+03  -1.89504000000000E+01
 1.84062500000000E+03  -2.20361000000000E+01
 1.84070830000000E+03  -2.83527000000000E+01
 1.84079170000000E+03  -2.28231000000000E+01
 1.84087500000000E+03  -1.54475000000000E+01
 1.84095830000000E+03  -2.45660000000000E+00
 1.84104170000000E+03  -6.46570000000000E+00
 1.84112500000000E+03  -1.10903000000000E+01
 1.84120830000000E+03  -2.44842000000000E+01
 1.84129170000000E+03  -2.58782000000000E+01
 1.84137500000000E+03  -4.38877000000000E+01
 1.84145830000000E+03  -4.34357000000000E+01
 1.84154170000000E+03  -5.47530000000000E+01
 1.84162500000000E+03  -7.01472000000000E+01
 1.84170830000000E+03  -6.23877000000000E+01
 1.84179170000000E+03  -5.09360000000000E+01
 1.84187500000000E+03  -5.62536000000000E+01
 1.84195830000000E+03  -4.98020000000000E+01
 1.84204170000000E+03  -4.70429000000000E+01
 1.84212500000000E+03  -5.02837000000000E+01
 1.84220830000000E+03  -6.02170000000000E+01
 1.84229170000000E+03  -5.84580000000000E+01
 1.84237500000000E+03  -5.07761000000000E+01
 1.84245830000000E+03  -5.08634000000000E+01
 1.84254170000000E+03  -3.84124000000000E+01
 1.84262500000000E+03  -9.34600000000000E+00
 1.84270830000000E+03   4.33570000000000E+00
 1.84279170000000E+03  -9.82700000000000E-01
 1.84287500000000E+03  -2.63781000000000E+01
 1.84295830000000E+03  -2.26197000000000E+01
 1.84304170000000E+03  -1.81691000000000E+01
 1.84312500000000E+03  -2.56417000000000E+01
 1.84320830000000E+03  -1.64989000000000E+01
 1.84329170000000E+03   5.66800000000000E-01
 1.84337500000000E+03   8.78640000000000E+00
 1.84345830000000E+03   2.39289000000000E+01
 1.84354170000000E+03   4.56099000000000E+01
 1.84362500000000E+03   3.95984000000000E+01
 1.84370830000000E+03   2.55869000000000E+01
 1.84379170000000E+03   2.68830000000000E+01
 1.84387500000000E+03   3.92559000000000E+01
 1.84395830000000E+03   6.47057000000000E+01
 1.84404170000000E+03   8.71554000000000E+01
 1.84412500000000E+03   9.30666000000000E+01
 1.84420830000000E+03   9.59777000000000E+01
 1.84429170000000E+03   9.85810000000000E+01
 1.84437500000000E+03   9.24151000000000E+01
 1.84445830000000E+03   7.61721000000000E+01
 1.84454170000000E+03   3.85444000000000E+01
 1.84462500000000E+03   2.43783000000000E+01
 1.84470830000000E+03   1.01351000000000E+01
 1.84479170000000E+03   1.06610000000000E+01
 1.84487500000000E+03   1.15715000000000E+01
 1.84495830000000E+03  -2.36420000000000E+00
 1.84504170000000E+03  -5.53070000000000E+00
 1.84512500000000E+03  -2.41589000000000E+01
 1.84520830000000E+03  -2.77102000000000E+01
 1.84529170000000E+03  -2.34924000000000E+01
 1.84537500000000E+03  -3.15824000000000E+01
 1.84545830000000E+03  -2.70570000000000E+01
 1.84554170000000E+03   2.69910000000000E+00
 1.84562500000000E+03   3.53782000000000E+01
 1.84570830000000E+03   4.50572000000000E+01
 1.84579170000000E+03   5.74284000000000E+01
 1.84587500000000E+03   5.60303000000000E+01
 1.84595830000000E+03   7.02476000000000E+01
 1.84604170000000E+03   8.97724000000000E+01
 1.84612500000000E+03   9.25279000000000E+01
 1.84620830000000E+03   9.35142000000000E+01
 1.84629170000000E+03   7.86542000000000E+01
 1.84637500000000E+03   5.56403000000000E+01
 1.84645830000000E+03   5.40109000000000E+01
 1.84654170000000E+03   3.18430000000000E+01
 1.84662500000000E+03   1.70597000000000E+01
 1.84670830000000E+03  -1.26220000000000E+00
 1.84679170000000E+03  -1.53534000000000E+01
 1.84687500000000E+03  -2.79062000000000E+01
 1.84695830000000E+03  -2.63053000000000E+01
 1.84704170000000E+03  -3.20121000000000E+01
 1.84712500000000E+03  -4.30267000000000E+01
 1.84720830000000E+03  -4.37336000000000E+01
 1.84729170000000E+03  -4.12868000000000E+01
 1.84737500000000E+03  -3.29939000000000E+01
 1.84745830000000E+03  -2.46242000000000E+01
 1.84754170000000E+03  -5.77160000000000E+01
 1.84762500000000E+03  -6.69618000000000E+01
 1.84770830000000E+03  -7.64385000000000E+01
 1.84779170000000E+03  -8.14536000000000E+01
 1.84787500000000E+03  -8.93920000000000E+01
 1.84795830000000E+03  -8.53303000000000E+01
 1.84804170000000E+03  -7.88842000000000E+01
 1.84812500000000E+03  -7.82074000000000E+01
 1.84820830000000E+03  -6.44537000000000E+01
 1.84829170000000E+03  -7.13154000000000E+01
 1.84837500000000E+03  -7.51773000000000E+01
 1.84845830000000E+03  -6.78084000000000E+01
 1.84854170000000E+03  -7.11320000000000E+01
 1.84862500000000E+03  -2.13017000000000E+01
 1.84870830000000E+03   2.82977000000000E+01
 1.84879170000000E+03   2.52816000000000E+01
 1.84887500000000E+03   1.95732000000000E+01
 1.84895830000000E+03   3.01723000000000E+01
 1.84904170000000E+03   4.20022000000000E+01
 1.84912500000000E+03   4.12935000000000E+01
 1.84920830000000E+03   3.46617000000000E+01
 1.84929170000000E+03   1.41837000000000E+01
 1.84937500000000E+03   2.70133000000000E+01
 1.84945830000000E+03   1.43043000000000E+01
 1.84954170000000E+03  -1.78940000000000E+00
 1.84962500000000E+03  -3.44600000000000E-01
 1.84970830000000E+03   1.42539000000000E+01
 1.84979170000000E+03  -2.30708000000000E+01
 1.84987500000000E+03  -3.47032000000000E+01
 1.84995830000000E+03  -4.70280000000000E+01
 1.85004170000000E+03  -4.17375000000000E+01
 1.85012500000000E+03  -5.39855000000000E+01
 1.85020830000000E+03  -5.45413000000000E+01
 1.85029170000000E+03  -5.20971000000000E+01
 1.85037500000000E+03  -3.24223000000000E+01
 1.85045830000000E+03  -2.90552000000000E+01
 1.85054170000000E+03  -1.46113000000000E+01
 1.85062500000000E+03  -1.30905000000000E+01
 1.85070830000000E+03  -8.64680000000000E+00
 1.85079170000000E+03  -4.68185000000000E+01
 1.85087500000000E+03  -3.75287000000000E+01
 1.85095830000000E+03  -3.93130000000000E+00
 1.85104170000000E+03   3.21275000000000E+01
 1.85112500000000E+03   2.71094000000000E+01
 1.85120830000000E+03   4.05527000000000E+01
 1.85129170000000E+03   3.21498000000000E+01
 1.85137500000000E+03   4.05161000000000E+01
 1.85145830000000E+03   3.69592000000000E+01
 1.85154170000000E+03   3.13253000000000E+01
 1.85162500000000E+03   3.81528000000000E+01
 1.85170830000000E+03   4.48265000000000E+01
 1.85179170000000E+03   4.38847000000000E+01
 1.85187500000000E+03   4.12505000000000E+01
 1.85195830000000E+03   3.91547000000000E+01
 1.85204170000000E+03   2.71357000000000E+01
 1.85212500000000E+03   1.38090000000000E+01
 1.85220830000000E+03   5.71290000000000E+00
 1.85229170000000E+03  -5.37000000000000E-01
 1.85237500000000E+03  -5.17170000000000E+00
 1.85245830000000E+03  -1.63448000000000E+01
 1.85254170000000E+03  -1.65950000000000E+01
 1.85262500000000E+03  -2.49991000000000E+01
 1.85270830000000E+03  -4.38648000000000E+01
 1.85279170000000E+03  -5.36537000000000E+01
 1.85287500000000E+03  -5.50580000000000E+01
 1.85295830000000E+03  -5.34624000000000E+01
 1.85304170000000E+03  -4.26361000000000E+01
 1.85312500000000E+03  -3.21945000000000E+01
 1.85320830000000E+03  -2.98299000000000E+01
 1.85329170000000E+03  -2.03115000000000E+01
 1.85337500000000E+03  -2.44086000000000E+01
 1.85345830000000E+03  -3.38903000000000E+01
 1.85354170000000E+03  -5.18337000000000E+01
 1.85362500000000E+03  -5.02387000000000E+01
 1.85370830000000E+03  -4.09514000000000E+01
 1.85379170000000E+03  -2.21258000000000E+01
 1.85387500000000E+03  -1.36849000000000E+01
 1.85395830000000E+03  -1.07824000000000E+01
 1.85404170000000E+03  -1.10900000000000E-01
 1.85412500000000E+03  -7.05480000000000E+00
 1.85420830000000E+03   4.00120000000000E+00
 1.85429170000000E+03   1.19033000000000E+01
 1.85437500000000E+03   2.36515000000000E+01
 1.85445830000000E+03   3.23997000000000E+01
 1.85454170000000E+03   7.79938000000000E+01
 1.85462500000000E+03   8.92033000000000E+01
 1.85470830000000E+03   7.22589000000000E+01
 1.85479170000000E+03   6.81606000000000E+01
 1.85487500000000E+03   5.83699000000000E+01
 1.85495830000000E+03   5.20406000000000E+01
 1.85504170000000E+03   5.20959000000000E+01
 1.85512500000000E+03   5.53819000000000E+01
 1.85520830000000E+03   6.50524000000000E+01
 1.85529170000000E+03   4.97998000000000E+01
 1.85537500000000E+03   4.01625000000000E+01
 1.85545830000000E+03   1.95251000000000E+01
 1.85554170000000E+03   9.11840000000000E+00
 1.85562500000000E+03  -1.32115000000000E+01
 1.85570830000000E+03  -5.84910000000000E+00
 1.85579170000000E+03  -5.64060000000000E+00
 1.85587500000000E+03  -1.05861000000000E+01
 1.85595830000000E+03  -7.45470000000000E+00
 1.85604170000000E+03   7.98430000000000E+00
 1.85612500000000E+03   1.41925000000000E+01
 1.85620830000000E+03   1.03237000000000E+01
 1.85629170000000E+03  -3.16060000000000E+00
 1.85637500000000E+03  -4.10650000000000E+00
 1.85645830000000E+03   5.40900000000000E+00
 1.85654170000000E+03   1.13860000000000E+01
 1.85662500000000E+03  -2.86780000000000E+00
 1.85670830000000E+03  -1.41986000000000E+01
 1.85679170000000E+03  -3.07603000000000E+01
 1.85687500000000E+03  -3.90143000000000E+01
 1.85695830000000E+03  -4.39607000000000E+01
 1.85704170000000E+03  -3.97534000000000E+01
 1.85712500000000E+03  -4.23922000000000E+01
 1.85720830000000E+03  -4.99543000000000E+01
 1.85729170000000E+03  -5.48241000000000E+01
 1.85737500000000E+03  -6.33862000000000E+01
 1.85745830000000E+03  -6.72562000000000E+01
 1.85754170000000E+03  -7.02801000000000E+01
 1.85762500000000E+03  -7.74578000000000E+01
 1.85770830000000E+03  -6.99434000000000E+01
 1.85779170000000E+03  -5.95829000000000E+01
 1.85787500000000E+03  -4.39147000000000E+01
 1.85795830000000E+03  -3.54774000000000E+01
 1.85804170000000E+03  -2.68864000000000E+01
 1.85812500000000E+03  -2.90646000000000E+01
 1.85820830000000E+03  -3.79352000000000E+01
 1.85829170000000E+03  -3.16521000000000E+01
 1.85837500000000E+03  -2.65997000000000E+01
 1.85845830000000E+03  -2.45475000000000E+01
 1.85854170000000E+03  -3.08800000000000E+01
 1.85862500000000E+03  -3.10586000000000E+01
 1.85870830000000E+03  -1.26220000000000E+01
 1.85879170000000E+03   9.96840000000000E+00
 1.85887500000000E+03   8.66400000000000E-01
 1.85895830000000E+03  -4.62020000000000E+00
 1.85904170000000E+03   7.50840000000000E+00
 1.85912500000000E+03   1.18677000000000E+01
 1.85920830000000E+03   9.84240000000000E+00
 1.85929170000000E+03   7.20160000000000E+00
 1.85937500000000E+03   2.40680000000000E+00
 1.85945830000000E+03  -1.07726000000000E+01
 1.85954170000000E+03  -5.64440000000000E+00
 1.85962500000000E+03   3.02220000000000E+00
 1.85970830000000E+03  -1.10036000000000E+01
 1.85979170000000E+03  -2.98756000000000E+01
 1.85987500000000E+03  -4.85170000000000E+01
 1.85995830000000E+03  -4.66199000000000E+01
 1.86004170000000E+03  -2.97229000000000E+01
 1.86012500000000E+03  -3.27491000000000E+01
 1.86020830000000E+03  -2.95446000000000E+01
 1.86029170000000E+03  -2.86478000000000E+01
 1.86037500000000E+03  -2.66742000000000E+01
 1.86045830000000E+03  -3.62391000000000E+01
 1.86054170000000E+03  -3.63426000000000E+01
 1.86062500000000E+03  -3.39077000000000E+01
 1.86070830000000E+03  -3.38575000000000E+01
 1.86079170000000E+03  -2.75765000000000E+01
 1.86087500000000E+03  -1.13726000000000E+01
 1.86095830000000E+03  -6.78410000000000E+00
 1.86104170000000E+03  -4.81110000000000E+00
 1.86112500000000E+03  -1.60740000000000E+00
 1.86120830000000E+03   1.20578000000000E+01
 1.86129170000000E+03  -3.81560000000000E+00
 1.86137500000000E+03  -1.59198000000000E+01
 1.86145830000000E+03  -7.33180000000000E+00
 1.86154170000000E+03   7.48690000000000E+00
 1.86162500000000E+03   1.65363000000000E+01
 1.86170830000000E+03   1.06626000000000E+01
 1.86179170000000E+03  -2.51890000000000E+00
 1.86187500000000E+03  -6.08510000000000E+00
 1.86195830000000E+03  -1.30360000000000E+01
 1.86204170000000E+03  -1.67930000000000E+00
 1.86212500000000E+03   7.75430000000000E+00
 1.86220830000000E+03  -8.81210000000000E+00
 1.86229170000000E+03  -3.46864000000000E+01
 1.86237500000000E+03  -3.62531000000000E+01
 1.86245830000000E+03  -5.18967000000000E+01
 1.86254170000000E+03  -6.56943000000000E+01
 1.86262500000000E+03  -5.50303000000000E+01
 1.86270830000000E+03  -5.63665000000000E+01
 1.86279170000000E+03  -5.10105000000000E+01
 1.86287500000000E+03  -4.28852000000000E+01
 1.86295830000000E+03  -3.86062000000000E+01
 1.86304170000000E+03  -3.65581000000000E+01
 1.86312500000000E+03  -3.85869000000000E+01
 1.86320830000000E+03  -4.81543000000000E+01
 1.86329170000000E+03  -4.91833000000000E+01
 1.86337500000000E+03  -4.15970000000000E+01
 1.86345830000000E+03  -2.32415000000000E+01
 1.86354170000000E+03  -3.11690000000000E+00
 1.86362500000000E+03   3.93070000000000E+00
 1.86370830000000E+03  -2.19448000000000E+01
 1.86379170000000E+03  -1.95127000000000E+01
 1.86387500000000E+03  -2.40807000000000E+01
 1.86395830000000E+03  -2.30333000000000E+01
 1.86404170000000E+03  -1.31399000000000E+01
 1.86412500000000E+03   9.07300000000000E-01
 1.86420830000000E+03  -3.04560000000000E+00
 1.86429170000000E+03   5.53990000000000E+00
 1.86437500000000E+03   2.89450000000000E+00
 1.86445830000000E+03  -2.26740000000000E+01
 1.86454170000000E+03  -3.53195000000000E+01
 1.86462500000000E+03  -4.06573000000000E+01
 1.86470830000000E+03  -4.98414000000000E+01
 1.86479170000000E+03  -5.31795000000000E+01
 1.86487500000000E+03  -6.22099000000000E+01
 1.86495830000000E+03  -4.74711000000000E+01
 1.86504170000000E+03  -4.35786000000000E+01
 1.86512500000000E+03  -4.59939000000000E+01
 1.86520830000000E+03  -6.04092000000000E+01
 1.86529170000000E+03  -7.78246000000000E+01
 1.86537500000000E+03  -8.88554000000000E+01
 1.86545830000000E+03  -8.58863000000000E+01
 1.86554170000000E+03  -5.96866000000000E+01
 1.86562500000000E+03  -4.10254000000000E+01
 1.86570830000000E+03  -3.75180000000000E+01
 1.86579170000000E+03  -4.10108000000000E+01
 1.86587500000000E+03  -2.92729000000000E+01
 1.86595830000000E+03  -2.50735000000000E+01
 1.86604170000000E+03  -2.14896000000000E+01
 1.86612500000000E+03  -1.59057000000000E+01
 1.86620830000000E+03  -2.10142000000000E+01
 1.86629170000000E+03  -3.80459000000000E+01
 1.86637500000000E+03  -1.63853000000000E+01
 1.86645830000000E+03  -4.18640000000000E+00
 1.86654170000000E+03   5.78170000000000E+00
 1.86662500000000E+03   7.90360000000000E+00
 1.86670830000000E+03  -1.22823000000000E+01
 1.86679170000000E+03   1.45480000000000E+00
 1.86687500000000E+03   1.31919000000000E+01
 1.86695830000000E+03   1.68519000000000E+01
 1.86704170000000E+03   3.16657000000000E+01
 1.86712500000000E+03   2.97872000000000E+01
 1.86720830000000E+03   2.10624000000000E+01
 1.86729170000000E+03   2.61836000000000E+01
 1.86737500000000E+03   6.47664000000000E+01
 1.86745830000000E+03   7.86568000000000E+01
 1.86754170000000E+03   6.41624000000000E+01
 1.86762500000000E+03   7.78219000000000E+01
 1.86770830000000E+03   9.06351000000000E+01
 1.86779170000000E+03   9.90636000000000E+01
 1.86787500000000E+03   9.77998000000000E+01
 1.86795830000000E+03   1.08074300000000E+02
 1.86804170000000E+03   1.13964100000000E+02
 1.86812500000000E+03   9.90847000000000E+01
 1.86820830000000E+03   9.86667000000000E+01
 1.86829170000000E+03   9.55563000000000E+01
 1.86837500000000E+03   1.01830500000000E+02
 1.86845830000000E+03   6.96430000000000E+01
 1.86854170000000E+03   3.76863000000000E+01
 1.86862500000000E+03   4.49602000000000E+01
 1.86870830000000E+03   2.63110000000000E+01
 1.86879170000000E+03  -5.69100000000000E-01
 1.86887500000000E+03  -1.09107000000000E+01
 1.86895830000000E+03  -1.23294000000000E+01
 1.86904170000000E+03  -1.32866000000000E+01
 1.86912500000000E+03  -1.31669000000000E+01
 1.86920830000000E+03  -3.73970000000000E+00
 1.86929170000000E+03  -4.62020000000000E+00
 1.86937500000000E+03   1.81915000000000E+01
 1.86945830000000E+03   8.46480000000000E+00
 1.86954170000000E+03   1.11225000000000E+01
 1.86962500000000E+03  -2.91220000000000E+00
 1.86970830000000E+03  -1.31007000000000E+01
 1.86979170000000E+03  -2.52894000000000E+01
 1.86987500000000E+03  -1.04781000000000E+01
 1.86995830000000E+03  -3.59200000000000E-01
 1.87004170000000E+03   6.37500000000000E+00
 1.87012500000000E+03   4.03230000000000E+00
 1.87020830000000E+03   5.68940000000000E+00
 1.87029170000000E+03   4.88490000000000E+00
 1.87037500000000E+03  -3.15040000000000E+00
 1.87045830000000E+03  -2.21088000000000E+01
 1.87054170000000E+03  -3.63751000000000E+01
 1.87062500000000E+03  -5.65645000000000E+01
 1.87070830000000E+03  -3.46001000000000E+01
 1.87079170000000E+03  -2.08666000000000E+01
 1.87087500000000E+03  -9.90230000000000E+00
 1.87095830000000E+03  -6.47660000000000E+00
 1.87104170000000E+03  -1.31279000000000E+01
 1.87112500000000E+03  -1.54716000000000E+01
 1.87120830000000E+03  -1.43538000000000E+01
 1.87129170000000E+03  -3.04668000000000E+01
 1.87137500000000E+03  -4.05800000000000E+01
 1.87145830000000E+03  -4.37701000000000E+01
 1.87154170000000E+03  -5.22680000000000E+01
 1.87162500000000E+03  -6.49198000000000E+01
 1.87170830000000E+03  -5.44178000000000E+01
 1.87179170000000E+03  -5.64544000000000E+01
 1.87187500000000E+03  -6.70295000000000E+01
 1.87195830000000E+03  -6.79893000000000E+01
 1.87204170000000E+03  -7.41800000000000E+01
 1.87212500000000E+03  -6.83707000000000E+01
 1.87220830000000E+03  -7.69461000000000E+01
 1.87229170000000E+03  -8.36755000000000E+01
 1.87237500000000E+03  -7.45587000000000E+01
 1.87245830000000E+03  -7.52882000000000E+01
 1.87254170000000E+03  -6.99408000000000E+01
 1.87262500000000E+03  -7.39781000000000E+01
 1.87270830000000E+03  -5.78617000000000E+01
 1.87279170000000E+03  -5.91299000000000E+01
 1.87287500000000E+03  -5.47059000000000E+01
 1.87295830000000E+03  -4.65897000000000E+01
 1.87304170000000E+03  -3.90889000000000E+01
 1.87312500000000E+03  -3.24344000000000E+01
 1.87320830000000E+03  -3.48568000000000E+01
 1.87329170000000E+03  -2.97409000000000E+01
 1.87337500000000E+03  -2.03943000000000E+01
 1.87345830000000E+03  -1.81690000000000E+00
 1.87354170000000E+03   1.80680000000000E+01
 1.87362500000000E+03   3.61836000000000E+01
 1.87370830000000E+03   4.22992000000000E+01
 1.87379170000000E+03   5.82608000000000E+01
 1.87387500000000E+03   6.94531000000000E+01
 1.87395830000000E+03   7.33377000000000E+01
 1.87404170000000E+03   7.38376000000000E+01
 1.87412500000000E+03   7.65682000000000E+01
 1.87420830000000E+03   7.50679000000000E+01
 1.87429170000000E+03   7.41060000000000E+01
 1.87437500000000E+03   8.13748000000000E+01
 1.87445830000000E+03   7.54897000000000E+01
 1.87454170000000E+03   4.22968000000000E+01
 1.87462500000000E+03   2.28731000000000E+01
 1.87470830000000E+03  -1.53968000000000E+01
 1.87479170000000E+03  -1.45900000000000E+01
 1.87487500000000E+03  -2.22447000000000E+01
 1.87495830000000E+03  -1.80533000000000E+01
 1.87504170000000E+03  -2.40159000000000E+01
 1.87512500000000E+03  -2.94400000000000E+01
 1.87520830000000E+03  -3.60950000000000E+01
 1.87529170000000E+03  -3.79809000000000E+01
 1.87537500000000E+03  -4.69437000000000E+01
 1.87545830000000E+03  -6.88297000000000E+01
 1.87554170000000E+03  -7.87927000000000E+01
 1.87562500000000E+03  -7.03712000000000E+01
 1.87570830000000E+03  -5.45651000000000E+01
 1.87579170000000E+03  -3.82207000000000E+01
 1.87587500000000E+03  -3.83378000000000E+01
 1.87595830000000E+03  -3.35319000000000E+01
 1.87604170000000E+03  -2.69569000000000E+01
 1.87612500000000E+03  -2.16897000000000E+01
 1.87620830000000E+03  -1.12686000000000E+01
 1.87629170000000E+03  -1.24631000000000E+01
 1.87637500000000E+03  -1.76576000000000E+01
 1.87645830000000E+03  -2.20829000000000E+01
 1.87654170000000E+03  -2.70468000000000E+01
 1.87662500000000E+03  -1.73185000000000E+01
 1.87670830000000E+03  -1.26671000000000E+01
 1.87679170000000E+03  -2.20928000000000E+01
 1.87687500000000E+03  -2.42878000000000E+01
 1.87695830000000E+03  -2.07135000000000E+01
 1.87704170000000E+03  -1.62164000000000E+01
 1.87712500000000E+03  -1.42577000000000E+01
 1.87720830000000E+03  -6.29910000000000E+00
 1.87729170000000E+03  -1.16483000000000E+01
 1.87737500000000E+03  -4.61290000000000E+00
 1.87745830000000E+03  -4.34680000000000E+00
 1.87754170000000E+03   1.45345000000000E+01
 1.87762500000000E+03   3.56466000000000E+01
 1.87770830000000E+03   5.39894000000000E+01
 1.87779170000000E+03   5.28705000000000E+01
 1.87787500000000E+03   4.39054000000000E+01
 1.87795830000000E+03   6.11710000000000E+01
 1.87804170000000E+03   7.88212000000000E+01
 1.87812500000000E+03   7.39328000000000E+01
 1.87820830000000E+03   7.16597000000000E+01
 1.87829170000000E+03   6.76943000000000E+01
 1.87837500000000E+03   6.59595000000000E+01
 1.87845830000000E+03   6.04555000000000E+01
 1.87854170000000E+03   6.68744000000000E+01
 1.87862500000000E+03   6.02933000000000E+01
 1.87870830000000E+03   5.54044000000000E+01
 1.87879170000000E+03   3.15154000000000E+01
 1.87887500000000E+03   2.77033000000000E+01
 1.87895830000000E+03   3.80449000000000E+01
 1.87904170000000E+03   3.89249000000000E+01
 1.87912500000000E+03   2.82664000000000E+01
 1.87920830000000E+03   3.23771000000000E+01
 1.87929170000000E+03   3.51030000000000E+01
 1.87937500000000E+03   4.76751000000000E+01
 1.87945830000000E+03   4.00163000000000E+01
 1.87954170000000E+03   4.94343000000000E+01
 1.87962500000000E+03   3.49292000000000E+01
 1.87970830000000E+03   3.87318000000000E+01
 1.87979170000000E+03   2.86111000000000E+01
 1.87987500000000E+03   3.21058000000000E+01
 1.87995830000000E+03   3.89850000000000E+01
 1.88004170000000E+03   3.97103000000000E+01
 1.88012500000000E+03   3.51278000000000E+01
 1.88020830000000E+03   2.60068000000000E+01
 1.88029170000000E+03   2.93472000000000E+01
 1.88037500000000E+03   2.86107000000000E+01
 1.88045830000000E+03   3.45664000000000E+01
 1.88054170000000E+03   5.50605000000000E+01
 1.88062500000000E+03   4.42468000000000E+01
 1.88070830000000E+03   4.71254000000000E+01
 1.88079170000000E+03   4.27730000000000E+01
 1.88087500000000E+03   4.85745000000000E+01
 1.88095830000000E+03   5.56836000000000E+01
 1.88104170000000E+03   6.02542000000000E+01
 1.88112500000000E+03   7.38247000000000E+01
 1.88120830000000E+03   7.54720000000000E+01
 1.88129170000000E+03   7.48115000000000E+01
 1.88137500000000E+03   5.63049000000000E+01
 1.88145830000000E+03   4.06443000000000E+01
 1.88154170000000E+03   2.06759000000000E+01
 1.88162500000000E+03   1.29383000000000E+01
 1.88170830000000E+03   2.48160000000000E+01
 1.88179170000000E+03   2.54627000000000E+01
 1.88187500000000E+03   2.62633000000000E+01
 1.88195830000000E+03   3.27562000000000E+01
 1.88204170000000E+03   2.74027000000000E+01
 1.88212500000000E+03   2.97416000000000E+01
 1.88220830000000E+03   1.87726000000000E+01
 1.88229170000000E+03  -1.35810000000000E+01
 1.88237500000000E+03  -1.72424000000000E+01
 1.88245830000000E+03  -2.69039000000000E+01
 1.88254170000000E+03  -3.63347000000000E+01
 1.88262500000000E+03  -6.06886000000000E+01
 1.88270830000000E+03  -7.09657000000000E+01
 1.88279170000000E+03  -9.22429000000000E+01
 1.88287500000000E+03  -9.04432000000000E+01
 1.88295830000000E+03  -8.64128000000000E+01
 1.88304170000000E+03  -8.58440000000000E+01
 1.88312500000000E+03  -7.78907000000000E+01
 1.88320830000000E+03  -8.03990000000000E+01
 1.88329170000000E+03  -8.51382000000000E+01
 1.88337500000000E+03  -5.87235000000000E+01
 1.88345830000000E+03  -2.98474000000000E+01
 1.88354170000000E+03  -4.35600000000000E+00
 1.88362500000000E+03   2.50584000000000E+01
 1.88370830000000E+03   2.91650000000000E+01
 1.88379170000000E+03   1.78100000000000E+01
 1.88387500000000E+03   1.98396000000000E+01
 1.88395830000000E+03   3.10230000000000E+01
 1.88404170000000E+03   3.02831000000000E+01
 1.88412500000000E+03   2.84663000000000E+01
 1.88420830000000E+03   9.49560000000000E+00
 1.88429170000000E+03   5.06320000000000E+00
 1.88437500000000E+03   1.45539000000000E+01
 1.88445830000000E+03   1.82753000000000E+01
 1.88454170000000E+03  -1.63881000000000E+01
 1.88462500000000E+03  -3.84361000000000E+01
 1.88470830000000E+03  -5.30996000000000E+01
 1.88479170000000E+03  -4.75324000000000E+01
 1.88487500000000E+03  -4.17345000000000E+01
 1.88495830000000E+03  -3.03981000000000E+01
 1.88504170000000E+03  -2.97543000000000E+01
 1.88512500000000E+03  -2.58796000000000E+01
 1.88520830000000E+03  -2.17743000000000E+01
 1.88529170000000E+03  -5.97680000000000E+00
 1.88537500000000E+03  -1.37947000000000E+01
 1.88545830000000E+03  -2.12281000000000E+01
 1.88554170000000E+03  -2.15847000000000E+01
 1.88562500000000E+03  -2.61720000000000E+01
 1.88570830000000E+03  -4.04518000000000E+01
 1.88579170000000E+03  -5.03470000000000E+01
 1.88587500000000E+03  -5.27038000000000E+01
 1.88595830000000E+03  -4.77530000000000E+01
 1.88604170000000E+03  -4.24947000000000E+01
 1.88612500000000E+03  -4.00825000000000E+01
 1.88620830000000E+03  -4.31319000000000E+01
 1.88629170000000E+03  -5.62584000000000E+01
 1.88637500000000E+03  -7.89233000000000E+01
 1.88645830000000E+03  -7.25884000000000E+01
 1.88654170000000E+03  -9.13304000000000E+01
 1.88662500000000E+03  -1.10764800000000E+02
 1.88670830000000E+03  -9.25070000000000E+01
 1.88679170000000E+03  -6.64032000000000E+01
 1.88687500000000E+03  -5.84532000000000E+01
 1.88695830000000E+03  -4.36571000000000E+01
 1.88704170000000E+03  -3.43227000000000E+01
 1.88712500000000E+03  -3.43729000000000E+01
 1.88720830000000E+03  -3.68848000000000E+01
 1.88729170000000E+03  -3.59352000000000E+01
 1.88737500000000E+03  -2.53703000000000E+01
 1.88745830000000E+03   5.79200000000000E-01
 1.88754170000000E+03  -2.70230000000000E+00
 1.88762500000000E+03   1.50163000000000E+01
 1.88770830000000E+03   1.67347000000000E+01
 1.88779170000000E+03   1.03762000000000E+01
 1.88787500000000E+03   1.15560000000000E+01
 1.88795830000000E+03   1.10435000000000E+01
 1.88804170000000E+03   8.91550000000000E+00
 1.88812500000000E+03   7.47970000000000E+00
 1.88820830000000E+03  -5.49450000000000E+00
 1.88829170000000E+03  -7.93050000000000E+00
 1.88837500000000E+03  -2.00588000000000E+01
 1.88845830000000E+03  -1.51102000000000E+01
 1.88854170000000E+03  -3.20848000000000E+01
 1.88862500000000E+03  -1.19056000000000E+01
 1.88870830000000E+03  -1.62650000000000E+01
 1.88879170000000E+03  -3.08600000000000E+00
 1.88887500000000E+03  -8.52240000000000E+00
 1.88895830000000E+03  -1.09589000000000E+01
 1.88904170000000E+03  -3.62630000000000E+00
 1.88912500000000E+03   3.39860000000000E+00
 1.88920830000000E+03   6.26960000000000E+00
 1.88929170000000E+03   1.16789000000000E+01
 1.88937500000000E+03   3.31900000000000E+00
 1.88945830000000E+03   2.42050000000000E+00
 1.88954170000000E+03  -6.17040000000000E+00
 1.88962500000000E+03  -1.29980000000000E+00
 1.88970830000000E+03  -2.88908000000000E+01
 1.88979170000000E+03  -2.57896000000000E+01
 1.88987500000000E+03  -3.40731000000000E+01
 1.88995830000000E+03  -1.43566000000000E+01
 1.89004170000000E+03  -5.02490000000000E+00
 1.89012500000000E+03  -7.23160000000000E+00
 1.89020830000000E+03  -1.32077000000000E+01
 1.89029170000000E+03  -3.72240000000000E+00
 1.89037500000000E+03   4.53220000000000E+00
 1.89045830000000E+03   1.09440000000000E+00
 1.89054170000000E+03   3.04100000000000E+00
 1.89062500000000E+03  -3.85850000000000E+00
 1.89070830000000E+03   3.08810000000000E+00
 1.89079170000000E+03   6.26530000000000E+00
 1.89087500000000E+03   2.88600000000000E-01
 1.89095830000000E+03   2.31190000000000E+00
 1.89104170000000E+03  -4.20340000000000E+00
 1.89112500000000E+03  -4.64180000000000E+00
 1.89120830000000E+03  -3.46490000000000E+00
 1.89129170000000E+03  -4.82670000000000E+00
 1.89137500000000E+03  -2.89576000000000E+01
 1.89145830000000E+03  -4.13963000000000E+01
 1.89154170000000E+03  -3.32967000000000E+01
 1.89162500000000E+03  -1.68894000000000E+01
 1.89170830000000E+03  -2.33284000000000E+01
 1.89179170000000E+03  -3.39982000000000E+01
 1.89187500000000E+03  -2.69757000000000E+01
 1.89195830000000E+03  -1.88764000000000E+01
 1.89204170000000E+03  -5.46960000000000E+00
 1.89212500000000E+03  -1.37040000000000E+00
 1.89220830000000E+03  -3.73290000000000E+00
 1.89229170000000E+03  -1.36340000000000E+01
 1.89237500000000E+03  -3.29196000000000E+01
 1.89245830000000E+03  -2.07439000000000E+01
 1.89254170000000E+03  -2.54913000000000E+01
 1.89262500000000E+03  -3.05464000000000E+01
 1.89270830000000E+03  -3.62940000000000E+01
 1.89279170000000E+03  -2.53493000000000E+01
 1.89287500000000E+03  -2.42508000000000E+01
 1.89295830000000E+03  -2.44601000000000E+01
 1.89304170000000E+03  -2.57465000000000E+01
 1.89312500000000E+03  -2.87251000000000E+01
 1.89320830000000E+03  -2.08577000000000E+01
 1.89329170000000E+03  -1.29904000000000E+01
 1.89337500000000E+03   7.79990000000000E+00
 1.89345830000000E+03   2.59748000000000E+01
 1.89354170000000E+03   8.45720000000000E+00
 1.89362500000000E+03   2.97089000000000E+01
 1.89370830000000E+03   3.81143000000000E+01
 1.89379170000000E+03   2.37504000000000E+01
 1.89387500000000E+03   1.87711000000000E+01
 1.89395830000000E+03   2.27147000000000E+01
 1.89404170000000E+03   2.25044000000000E+01
 1.89412500000000E+03   2.63710000000000E+01
 1.89420830000000E+03   2.91606000000000E+01
 1.89429170000000E+03   1.27962000000000E+01
 1.89437500000000E+03  -3.41430000000000E+00
 1.89445830000000E+03  -2.01634000000000E+01
 1.89454170000000E+03  -1.56818000000000E+01
 1.89462500000000E+03  -5.81570000000000E+00
 1.89470830000000E+03  -2.88727000000000E+01
 1.89479170000000E+03  -3.09298000000000E+01
 1.89487500000000E+03  -2.96793000000000E+01
 1.89495830000000E+03  -2.88903000000000E+01
 1.89504170000000E+03  -2.45631000000000E+01
 1.89512500000000E+03  -2.18512000000000E+01
 1.89520830000000E+03  -1.33702000000000E+01
 1.89529170000000E+03  -1.57355000000000E+01
 1.89537500000000E+03  -1.01008000000000E+01
 1.89545830000000E+03  -5.15840000000000E+00
 1.89554170000000E+03  -9.98550000000000E+00
 1.89562500000000E+03  -8.81250000000000E+00
 1.89570830000000E+03  -6.33190000000000E+00
 1.89579170000000E+03  -3.54380000000000E+00
 1.89587500000000E+03  -1.29420000000000E+00
 1.89595830000000E+03   9.03230000000000E+00
 1.89604170000000E+03   2.52818000000000E+01
 1.89612500000000E+03   2.63774000000000E+01
 1.89620830000000E+03   1.88575000000000E+01
 1.89629170000000E+03   7.22100000000000E-01
 1.89637500000000E+03  -6.64410000000000E+00
 1.89645830000000E+03  -2.15488000000000E+01
 1.89654170000000E+03  -3.16844000000000E+01
 1.89662500000000E+03  -3.72816000000000E+01
 1.89670830000000E+03  -4.87250000000000E+01
 1.89679170000000E+03  -4.97839000000000E+01
 1.89687500000000E+03  -4.29967000000000E+01
 1.89695830000000E+03  -4.95942000000000E+01
 1.89704170000000E+03  -4.11918000000000E+01
 1.89712500000000E+03  -5.00971000000000E+01
 1.89720830000000E+03  -5.06948000000000E+01
 1.89729170000000E+03  -4.14464000000000E+01
 1.89737500000000E+03  -4.53520000000000E+01
 1.89745830000000E+03  -4.83345000000000E+01
 1.89754170000000E+03  -3.18556000000000E+01
 1.89762500000000E+03  -1.91520000000000E+00
 1.89770830000000E+03   1.58713000000000E+01
 1.89779170000000E+03   1.85807000000000E+01
 1.89787500000000E+03   1.40593000000000E+01
 1.89795830000000E+03   1.19225000000000E+01
 1.89804170000000E+03   3.00932000000000E+01
 1.89812500000000E+03   2.58793000000000E+01
 1.89820830000000E+03   3.55885000000000E+01
 1.89829170000000E+03   2.66820000000000E+01
 1.89837500000000E+03   1.52372000000000E+01
 1.89845830000000E+03   3.23307000000000E+01
 1.89854170000000E+03   5.21933000000000E+01
 1.89862500000000E+03   5.79020000000000E+01
 1.89870830000000E+03   4.56876000000000E+01
 1.89879170000000E+03   4.40884000000000E+01
 1.89887500000000E+03   4.93354000000000E+01
 1.89895830000000E+03   6.38900000000000E+01
 1.89904170000000E+03   6.48291000000000E+01
 1.89912500000000E+03   6.19220000000000E+01
 1.89920830000000E+03   6.65533000000000E+01
 1.89929170000000E+03   6.86460000000000E+01
 1.89937500000000E+03   9.56617000000000E+01
 1.89945830000000E+03   1.19215900000000E+02
 1.89954170000000E+03   1.00077600000000E+02
 1.89962500000000E+03   7.64008000000000E+01
 1.89970830000000E+03   6.64932000000000E+01
 1.89979170000000E+03   4.92777000000000E+01
 1.89987500000000E+03   4.76777000000000E+01
 1.89995830000000E+03   4.33083000000000E+01
 1.90004170000000E+03   3.96311000000000E+01
 1.90012500000000E+03   4.34924000000000E+01
 1.90020830000000E+03   3.47381000000000E+01
 1.90029170000000E+03   3.57530000000000E+01
 1.90037500000000E+03   2.11525000000000E+01
 1.90045830000000E+03  -1.44810000000000E+00
 1.90054170000000E+03  -2.65104000000000E+01
 1.90062500000000E+03  -1.39572000000000E+01
 1.90070830000000E+03  -1.60965000000000E+01
 1.90079170000000E+03  -2.20821000000000E+01
 1.90087500000000E+03  -2.34523000000000E+01
 1.90095830000000E+03  -2.97456000000000E+01
 1.90104170000000E+03  -3.18083000000000E+01
 1.90112500000000E+03  -3.63326000000000E+01
 1.90120830000000E+03  -4.38569000000000E+01
 1.90129170000000E+03  -5.36122000000000E+01
 1.90137500000000E+03  -5.85213000000000E+01
 1.90145830000000E+03  -4.46612000000000E+01
 1.90154170000000E+03  -3.06474000000000E+01
 1.90162500000000E+03  -2.24029000000000E+01
 1.90170830000000E+03  -2.85431000000000E+01
 1.90179170000000E+03  -3.01449000000000E+01
 1.90187500000000E+03  -2.99775000000000E+01
 1.90195830000000E+03  -1.91179000000000E+01
 1.90204170000000E+03  -5.64310000000000E+00
 1.90212500000000E+03   8.13950000000000E+00
 1.90220830000000E+03   1.49219000000000E+01
 1.90229170000000E+03   1.40120000000000E+01
 1.90237500000000E+03   1.67943000000000E+01
 1.90245830000000E+03  -5.77300000000000E-01
 1.90254170000000E+03  -1.56414000000000E+01
 1.90262500000000E+03  -1.37824000000000E+01
 1.90270830000000E+03  -8.00030000000000E+00
 1.90279170000000E+03   1.60123000000000E+01
 1.90287500000000E+03   3.10249000000000E+01
 1.90295830000000E+03   3.85760000000000E+01
 1.90304170000000E+03   4.62038000000000E+01
 1.90312500000000E+03   5.32162000000000E+01
 1.90320830000000E+03   5.89978000000000E+01
 1.90329170000000E+03   5.40100000000000E+01
 1.90337500000000E+03   6.74068000000000E+01
 1.90345830000000E+03   6.81881000000000E+01
 1.90354170000000E+03   6.22001000000000E+01
 1.90362500000000E+03   6.29813000000000E+01
 1.90370830000000E+03   3.22240000000000E+01
 1.90379170000000E+03   1.29281000000000E+01
 1.90387500000000E+03  -7.75250000000000E+00
 1.90395830000000E+03  -1.16639000000000E+01
 1.90404170000000E+03  -4.21600000000000E-01
 1.90412500000000E+03   8.20700000000000E-01
 1.90420830000000E+03  -1.68602000000000E+01
 1.90429170000000E+03  -3.48489000000000E+01
 1.90437500000000E+03  -3.07606000000000E+01
 1.90445830000000E+03  -2.25186000000000E+01
 1.90454170000000E+03  -1.09691000000000E+01
 1.90462500000000E+03   1.69651000000000E+01
 1.90470830000000E+03   4.28380000000000E+00
 1.90479170000000E+03   1.57562000000000E+01
 1.90487500000000E+03   2.54593000000000E+01
 1.90495830000000E+03   2.32394000000000E+01
 1.90504170000000E+03   3.18654000000000E+01
 1.90512500000000E+03   3.01068000000000E+01
 1.90520830000000E+03   3.25789000000000E+01
 1.90529170000000E+03   4.31278000000000E+01
 1.90537500000000E+03   4.13690000000000E+01
 1.90545830000000E+03   4.52254000000000E+01
 1.90554170000000E+03   2.94664000000000E+01
 1.90562500000000E+03   2.29381000000000E+01
 1.90570830000000E+03   2.36406000000000E+01
 1.90579170000000E+03   3.71121000000000E+01
 1.90587500000000E+03   3.34297000000000E+01
 1.90595830000000E+03   4.25165000000000E+01
 1.90604170000000E+03   5.48340000000000E+01
 1.90612500000000E+03   5.76130000000000E+01
 1.90620830000000E+03   5.73149000000000E+01
 1.90629170000000E+03   3.72475000000000E+01
 1.90637500000000E+03   1.76417000000000E+01
 1.90645830000000E+03   3.07280000000000E+01
 1.90654170000000E+03   2.06604000000000E+01
 1.90662500000000E+03   1.01312000000000E+01
 1.90670830000000E+03   1.42174000000000E+01
 1.90679170000000E+03  -8.12000000000000E-02
 1.90687500000000E+03   2.38940000000000E+00
 1.90695830000000E+03   5.39840000000000E+00
 1.90704170000000E+03   1.13303000000000E+01
 1.90712500000000E+03   1.75699000000000E+01
 1.90720830000000E+03   2.15787000000000E+01
 1.90729170000000E+03   1.03566000000000E+01
 1.90737500000000E+03   2.05750000000000E+00
 1.90745830000000E+03   5.21990000000000E+00
 1.90754170000000E+03  -1.13871000000000E+01
 1.90762500000000E+03   5.77520000000000E+00
 1.90770830000000E+03   3.39890000000000E+00
 1.90779170000000E+03  -1.73621000000000E+01
 1.90787500000000E+03  -1.95078000000000E+01
 1.90795830000000E+03  -2.34997000000000E+01
 1.90804170000000E+03  -1.92610000000000E+01
 1.90812500000000E+03  -2.54068000000000E+01
 1.90820830000000E+03  -3.44759000000000E+01
 1.90829170000000E+03  -5.57758000000000E+01
 1.90837500000000E+03  -6.93835000000000E+01
 1.90845830000000E+03  -5.17604000000000E+01
 1.90854170000000E+03  -5.62914000000000E+01
 1.90862500000000E+03  -4.70531000000000E+01
 1.90870830000000E+03  -7.88149000000000E+01
 1.90879170000000E+03  -7.45768000000000E+01
 1.90887500000000E+03  -6.64926000000000E+01
 1.90895830000000E+03  -5.89469000000000E+01
 1.90904170000000E+03  -4.86322000000000E+01
 1.90912500000000E+03  -3.39328000000000E+01
 1.90920830000000E+03  -3.36950000000000E+01
 1.90929170000000E+03  -4.51497000000000E+01
 1.90937500000000E+03  -2.56044000000000E+01
 1.90945830000000E+03  -1.52899000000000E+01
 1.90954170000000E+03  -5.89870000000000E+00
 1.90962500000000E+03   4.72330000000000E+00
 1.90970830000000E+03  -2.34710000000000E+00
 1.90979170000000E+03   6.19780000000000E+00
 1.90987500000000E+03   1.42042000000000E+01
 1.90995830000000E+03   1.75182000000000E+01
 1.91004170000000E+03   2.27551000000000E+01
 1.91012500000000E+03   2.03767000000000E+01
 1.91020830000000E+03   7.30590000000000E+00
 1.91029170000000E+03   3.00410000000000E+00
 1.91037500000000E+03   3.31780000000000E+00
 1.91045830000000E+03  -2.22917000000000E+01
 1.91054170000000E+03  -1.15937000000000E+01
 1.91062500000000E+03  -1.30495000000000E+01
 1.91070830000000E+03  -3.73610000000000E+00
 1.91079170000000E+03   3.86000000000000E-02
 1.91087500000000E+03   9.04410000000000E+00
 1.91095830000000E+03   4.04950000000000E+00
 1.91104170000000E+03   1.52856000000000E+01
 1.91112500000000E+03   1.18293000000000E+01
 1.91120830000000E+03   2.11423000000000E+01
 1.91129170000000E+03   1.92242000000000E+01
 1.91137500000000E+03   1.99216000000000E+01
 1.91145830000000E+03   1.64651000000000E+01
 1.91154170000000E+03   1.89314000000000E+01
 1.91162500000000E+03   8.93630000000000E+00
 1.91170830000000E+03  -6.21280000000000E+00
 1.91179170000000E+03  -9.66970000000000E+00
 1.91187500000000E+03  -7.51130000000000E+00
 1.91195830000000E+03  -3.42980000000000E+00
 1.91204170000000E+03  -2.65620000000000E+00
 1.91212500000000E+03  -5.19030000000000E+00
 1.91220830000000E+03   7.50640000000000E+00
 1.91229170000000E+03  -8.56640000000000E+00
 1.91237500000000E+03  -7.56220000000000E+00
 1.91245830000000E+03   1.74960000000000E+00
 1.91254170000000E+03   1.52920000000000E+01
 1.91262500000000E+03   2.18344000000000E+01
 1.91270830000000E+03   3.09921000000000E+01
 1.91279170000000E+03   4.42266000000000E+01
 1.91287500000000E+03   3.36919000000000E+01
 1.91295830000000E+03   3.70801000000000E+01
 1.91304170000000E+03   4.33913000000000E+01
 1.91312500000000E+03   6.04717000000000E+01
 1.91320830000000E+03   5.55521000000000E+01
 1.91329170000000E+03   3.06323000000000E+01
 1.91337500000000E+03   3.95586000000000E+01
 1.91345830000000E+03   7.79465000000000E+01
 1.91354170000000E+03   8.48726000000000E+01
 1.91362500000000E+03   9.11833000000000E+01
 1.91370830000000E+03   9.86479000000000E+01
 1.91379170000000E+03   9.04199000000000E+01
 1.91387500000000E+03   9.21920000000000E+01
 1.91395830000000E+03   9.99640000000000E+01
 1.91404170000000E+03   9.79666000000000E+01
 1.91412500000000E+03   9.08923000000000E+01
 1.91420830000000E+03   8.29717000000000E+01
 1.91429170000000E+03   9.20510000000000E+01
 1.91437500000000E+03   8.19765000000000E+01
 1.91445830000000E+03   7.32865000000000E+01
 1.91454170000000E+03   3.28271000000000E+01
 1.91462500000000E+03   6.44470000000000E+00
 1.91470830000000E+03  -7.09170000000000E+00
 1.91479170000000E+03  -1.20898000000000E+01
 1.91487500000000E+03  -1.08570000000000E+01
 1.91495830000000E+03  -1.43167000000000E+01
 1.91504170000000E+03  -1.30842000000000E+01
 1.91512500000000E+03  -4.39020000000000E+00
 1.91520830000000E+03   2.84220000000000E+00
 1.91529170000000E+03  -5.61790000000000E+00
 1.91537500000000E+03  -2.03087000000000E+01
 1.91545830000000E+03   2.92350000000000E+00
 1.91554170000000E+03   1.58479000000000E+01
 1.91562500000000E+03   2.82338000000000E+01
 1.91570830000000E+03   2.98503000000000E+01
 1.91579170000000E+03   2.96206000000000E+01
 1.91587500000000E+03   2.68524000000000E+01
 1.91595830000000E+03   2.91611000000000E+01
 1.91604170000000E+03   3.18542000000000E+01
 1.91612500000000E+03   4.16243000000000E+01
 1.91620830000000E+03   3.70097000000000E+01
 1.91629170000000E+03   2.68564000000000E+01
 1.91637500000000E+03   2.28570000000000E+01
 1.91645830000000E+03   2.43960000000000E+01
 1.91654170000000E+03   2.11656000000000E+01
 1.91662500000000E+03  -2.14170000000000E+00
 1.91670830000000E+03  -2.23722000000000E+01
 1.91679170000000E+03  -1.57566000000000E+01
 1.91687500000000E+03  -1.48334000000000E+01
 1.91695830000000E+03  -1.89872000000000E+01
 1.91704170000000E+03  -1.78334000000000E+01
 1.91712500000000E+03  -3.05258000000000E+01
 1.91720830000000E+03  -3.77567000000000E+01
 1.91729170000000E+03  -4.03723000000000E+01
 1.91737500000000E+03  -3.76803000000000E+01
 1.91745830000000E+03  -7.91140000000000E+00
 1.91754170000000E+03   9.34200000000000E-01
 1.91762500000000E+03  -1.06630000000000E+00
 1.91770830000000E+03   2.54850000000000E+00
 1.91779170000000E+03   3.31700000000000E+00
 1.91787500000000E+03  -1.48376000000000E+01
 1.91795830000000E+03  -9.37690000000000E+00
 1.91804170000000E+03   6.23750000000000E+00
 1.91812500000000E+03   1.21597000000000E+01
 1.91820830000000E+03   2.29279000000000E+01
 1.91829170000000E+03   2.80805000000000E+01
 1.91837500000000E+03   1.92332000000000E+01
 1.91845830000000E+03   8.15500000000000E+00
 1.91854170000000E+03  -2.18464000000000E+01
 1.91862500000000E+03  -3.72324000000000E+01
 1.91870830000000E+03  -5.20801000000000E+01
 1.91879170000000E+03  -5.04663000000000E+01
 1.91887500000000E+03  -5.10833000000000E+01
 1.91895830000000E+03  -2.87773000000000E+01
 1.91904170000000E+03  -2.29330000000000E+01
 1.91912500000000E+03  -1.57041000000000E+01
 1.91920830000000E+03  -1.85522000000000E+01
 1.91929170000000E+03  -1.06312000000000E+01
 1.91937500000000E+03  -3.58640000000000E+01
 1.91945830000000E+03  -3.13277000000000E+01
 1.91954170000000E+03  -2.67916000000000E+01
 1.91962500000000E+03  -1.89477000000000E+01
 1.91970830000000E+03  -4.95010000000000E+00
 1.91979170000000E+03   5.20120000000000E+00
 1.91987500000000E+03   1.50449000000000E+01
 1.91995830000000E+03   2.83500000000000E+01
 1.92004170000000E+03   2.75780000000000E+01
 1.92012500000000E+03   3.33445000000000E+01
 1.92020830000000E+03   2.31878000000000E+01
 1.92029170000000E+03   3.64640000000000E+00
 1.92037500000000E+03  -3.19719000000000E+01
 1.92045830000000E+03  -3.92057000000000E+01
 1.92054170000000E+03  -3.54397000000000E+01
 1.92062500000000E+03  -2.95967000000000E+01
 1.92070830000000E+03  -3.64462000000000E+01
 1.92079170000000E+03  -3.56034000000000E+01
 1.92087500000000E+03  -3.89145000000000E+01
 1.92095830000000E+03  -3.77642000000000E+01
 1.92104170000000E+03  -3.16140000000000E+01
 1.92112500000000E+03  -2.71561000000000E+01
 1.92120830000000E+03  -3.33905000000000E+01
 1.92129170000000E+03  -2.94713000000000E+01
 1.92137500000000E+03  -6.85980000000000E+00
 1.92145830000000E+03   9.21320000000000E+00
 1.92154170000000E+03   4.35168000000000E+01
 1.92162500000000E+03   2.42050000000000E+01
 1.92170830000000E+03   2.42009000000000E+01
 1.92179170000000E+03   2.38120000000000E+01
 1.92187500000000E+03   1.51923000000000E+01
 1.92195830000000E+03   2.94956000000000E+01
 1.92204170000000E+03   3.56449000000000E+01
 1.92212500000000E+03   3.52558000000000E+01
 1.92220830000000E+03   3.34819000000000E+01
 1.92229170000000E+03   2.68618000000000E+01
 1.92237500000000E+03   2.26263000000000E+01
 1.92245830000000E+03   2.68522000000000E+01
 1.92254170000000E+03   3.74626000000000E+01
 1.92262500000000E+03   3.29961000000000E+01
 1.92270830000000E+03   3.22219000000000E+01
 1.92279170000000E+03   1.04474000000000E+01
 1.92287500000000E+03   9.90380000000000E+00
 1.92295830000000E+03   2.42831000000000E+01
 1.92304170000000E+03   2.57392000000000E+01
 1.92312500000000E+03   2.98107000000000E+01
 1.92320830000000E+03   2.88822000000000E+01
 1.92329170000000E+03   3.52611000000000E+01
 1.92337500000000E+03   4.76401000000000E+01
 1.92345830000000E+03   5.30959000000000E+01
 1.92354170000000E+03   3.50900000000000E+01
 1.92362500000000E+03   3.43150000000000E+01
 1.92370830000000E+03   2.01552000000000E+01
 1.92379170000000E+03   3.82260000000000E+01
 1.92387500000000E+03   4.92968000000000E+01
 1.92395830000000E+03   5.75984000000000E+01
 1.92404170000000E+03   5.90536000000000E+01
 1.92412500000000E+03   5.35088000000000E+01
 1.92420830000000E+03   3.70409000000000E+01
 1.92429170000000E+03   2.71113000000000E+01
 1.92437500000000E+03   1.45663000000000E+01
 1.92445830000000E+03  -8.59410000000000E+00
 1.92454170000000E+03  -9.60090000000000E+00
 1.92462500000000E+03   4.85390000000000E+00
 1.92470830000000E+03   2.31700000000000E-01
 1.92479170000000E+03   9.17000000000000E-01
 1.92487500000000E+03  -9.32080000000000E+00
 1.92495830000000E+03   3.59530000000000E+00
 1.92504170000000E+03   3.35730000000000E+00
 1.92512500000000E+03   2.19620000000000E+00
 1.92520830000000E+03   1.30351000000000E+01
 1.92529170000000E+03   3.06431000000000E+01
 1.92537500000000E+03   3.97126000000000E+01
 1.92545830000000E+03   4.43974000000000E+01
 1.92554170000000E+03   5.27743000000000E+01
 1.92562500000000E+03   3.51513000000000E+01
 1.92570830000000E+03   2.92974000000000E+01
 1.92579170000000E+03   2.94434000000000E+01
 1.92587500000000E+03   3.08201000000000E+01
 1.92595830000000E+03   4.28122000000000E+01
 1.92604170000000E+03   4.03425000000000E+01
 1.92612500000000E+03   4.92575000000000E+01
 1.92620830000000E+03   5.32494000000000E+01
 1.92629170000000E+03   4.65487000000000E+01
 1.92637500000000E+03   3.23097000000000E+01
 1.92645830000000E+03   3.18397000000000E+01
 1.92654170000000E+03   3.02927000000000E+01
 1.92662500000000E+03   2.96688000000000E+01
 1.92670830000000E+03   3.28910000000000E+01
 1.92679170000000E+03   3.08822000000000E+01
 1.92687500000000E+03   4.31811000000000E+01
 1.92695830000000E+03   5.67107000000000E+01
 1.92704170000000E+03   6.27787000000000E+01
 1.92712500000000E+03   6.66158000000000E+01
 1.92720830000000E+03   6.13760000000000E+01
 1.92729170000000E+03   5.53668000000000E+01
 1.92737500000000E+03   6.06653000000000E+01
 1.92745830000000E+03   5.35791000000000E+01
 1.92754170000000E+03   3.27235000000000E+01
 1.92762500000000E+03   2.69448000000000E+01
 1.92770830000000E+03   5.55070000000000E+00
 1.92779170000000E+03   1.77180000000000E+00
 1.92787500000000E+03  -5.00710000000000E+00
 1.92795830000000E+03  -9.47830000000000E+00
 1.92804170000000E+03  -4.18050000000000E+00
 1.92812500000000E+03   3.42500000000000E+00
 1.92820830000000E+03   6.18430000000000E+00
 1.92829170000000E+03   8.17410000000000E+00
 1.92837500000000E+03   3.24100000000000E+00
 1.92845830000000E+03   1.00000000000000E+00
 1.92854170000000E+03   4.68200000000000E+00
 1.92862500000000E+03   5.17800000000000E-01
 1.92870830000000E+03  -8.41560000000000E+00
 1.92879170000000E+03   1.35738000000000E+01
 1.92887500000000E+03   2.17940000000000E+01
 1.92895830000000E+03   3.27834000000000E+01
 1.92904170000000E+03   3.69265000000000E+01
 1.92912500000000E+03   2.62234000000000E+01
 1.92920830000000E+03   2.11356000000000E+01
 1.92929170000000E+03   2.27400000000000E+01
 1.92937500000000E+03   1.78059000000000E+01
 1.92945830000000E+03   9.56410000000000E+00
 1.92954170000000E+03  -2.93300000000000E-01
 1.92962500000000E+03  -4.22760000000000E+00
 1.92970830000000E+03   3.06890000000000E+00
 1.92979170000000E+03   8.67280000000000E+00
 1.92987500000000E+03  -7.23300000000000E-01
 1.92995830000000E+03  -6.81170000000000E+00
 1.93004170000000E+03  -3.66950000000000E+00
 1.93012500000000E+03  -3.98890000000000E+00
 1.93020830000000E+03  -9.00060000000000E+00
 1.93029170000000E+03  -1.83202000000000E+01
 1.93037500000000E+03  -9.33210000000000E+00
 1.93045830000000E+03  -1.16517000000000E+01
 1.93054170000000E+03  -4.58690000000000E+00
 1.93062500000000E+03  -1.70606000000000E+01
 1.93070830000000E+03  -1.08420000000000E+01
 1.93079170000000E+03  -4.77740000000000E+00
 1.93087500000000E+03  -1.55900000000000E+00
 1.93095830000000E+03   8.65940000000000E+00
 1.93104170000000E+03   2.38007000000000E+01
 1.93112500000000E+03   2.40958000000000E+01
 1.93120830000000E+03   2.94678000000000E+01
 1.93129170000000E+03   4.41473000000000E+01
 1.93137500000000E+03   4.23653000000000E+01
 1.93145830000000E+03   2.41987000000000E+01
 1.93154170000000E+03   3.12626000000000E+01
 1.93162500000000E+03   4.66342000000000E+01
 1.93170830000000E+03   5.41596000000000E+01
 1.93179170000000E+03   5.29925000000000E+01
 1.93187500000000E+03   5.59793000000000E+01
 1.93195830000000E+03   6.11198000000000E+01
 1.93204170000000E+03   6.61064000000000E+01
 1.93212500000000E+03   6.76314000000000E+01
 1.93220830000000E+03   6.46179000000000E+01
 1.93229170000000E+03   6.19888000000000E+01
 1.93237500000000E+03   4.57444000000000E+01
 1.93245830000000E+03   4.43460000000000E+01
 1.93254170000000E+03   3.43321000000000E+01
 1.93262500000000E+03   3.06259000000000E+01
 1.93270830000000E+03  -1.69570000000000E+00
 1.93279170000000E+03   1.12132000000000E+01
 1.93287500000000E+03   9.58370000000000E+00
 1.93295830000000E+03   6.10800000000000E+00
 1.93304170000000E+03   9.24750000000000E+00
 1.93312500000000E+03   1.88485000000000E+01
 1.93320830000000E+03   1.61418000000000E+01
 1.93329170000000E+03   1.81950000000000E+00
 1.93337500000000E+03  -1.39642000000000E+01
 1.93345830000000E+03  -2.11327000000000E+01
 1.93354170000000E+03  -3.44552000000000E+01
 1.93362500000000E+03  -2.05469000000000E+01
 1.93370830000000E+03  -2.47156000000000E+01
 1.93379170000000E+03  -3.22691000000000E+01
 1.93387500000000E+03  -4.53610000000000E+01
 1.93395830000000E+03  -4.06069000000000E+01
 1.93404170000000E+03  -3.00067000000000E+01
 1.93412500000000E+03  -2.64835000000000E+01
 1.93420830000000E+03  -4.44219000000000E+01
 1.93429170000000E+03  -4.61296000000000E+01
 1.93437500000000E+03  -2.85297000000000E+01
 1.93445830000000E+03  -3.06221000000000E+01
 1.93454170000000E+03  -3.35609000000000E+01
 1.93462500000000E+03  -1.48074000000000E+01
 1.93470830000000E+03  -2.44385000000000E+01
 1.93479170000000E+03  -2.17621000000000E+01
 1.93487500000000E+03  -7.93180000000000E+00
 1.93495830000000E+03  -5.94780000000000E+00
 1.93504170000000E+03   2.72840000000000E+00
 1.93512500000000E+03   8.63530000000000E+00
 1.93520830000000E+03   6.96100000000000E-01
 1.93529170000000E+03   1.42182000000000E+01
 1.93537500000000E+03   7.66340000000000E+00
 1.93545830000000E+03  -2.12230000000000E+00
 1.93554170000000E+03   1.16880000000000E+00
 1.93562500000000E+03   1.64600000000000E+01
 1.93570830000000E+03   5.20300000000000E-01
 1.93579170000000E+03  -1.72730000000000E+00
 1.93587500000000E+03  -1.00518000000000E+01
 1.93595830000000E+03  -7.06870000000000E+00
 1.93604170000000E+03  -6.31650000000000E+00
 1.93612500000000E+03  -1.24104000000000E+01
 1.93620830000000E+03  -2.03505000000000E+01
 1.93629170000000E+03  -1.68293000000000E+01
 1.93637500000000E+03  -2.60004000000000E+01
 1.93645830000000E+03  -2.64793000000000E+01
 1.93654170000000E+03  -3.29583000000000E+01
 1.93662500000000E+03  -5.31296000000000E+01
 1.93670830000000E+03  -6.52240000000000E+01
 1.93679170000000E+03  -6.25494000000000E+01
 1.93687500000000E+03  -6.94902000000000E+01
 1.93695830000000E+03  -6.82002000000000E+01
 1.93704170000000E+03  -5.76797000000000E+01
 1.93712500000000E+03  -5.02361000000000E+01
 1.93720830000000E+03  -5.15617000000000E+01
 1.93729170000000E+03  -5.72722000000000E+01
 1.93737500000000E+03  -6.32134000000000E+01
 1.93745830000000E+03  -6.48470000000000E+01
 1.93754170000000E+03  -6.78653000000000E+01
 1.93762500000000E+03  -5.23452000000000E+01
 1.93770830000000E+03  -2.29021000000000E+01
 1.93779170000000E+03   1.01562000000000E+01
 1.93787500000000E+03   1.89838000000000E+01
 1.93795830000000E+03   2.98883000000000E+01
 1.93804170000000E+03   4.17156000000000E+01
 1.93812500000000E+03   3.42353000000000E+01
 1.93820830000000E+03   3.35241000000000E+01
 1.93829170000000E+03   3.00435000000000E+01
 1.93837500000000E+03   3.77168000000000E+01
 1.93845830000000E+03   3.13131000000000E+01
 1.93854170000000E+03   2.04477000000000E+01
 1.93862500000000E+03   2.63515000000000E+01
 1.93870830000000E+03   2.04861000000000E+01
 1.93879170000000E+03   4.77430000000000E+00
 1.93887500000000E+03  -2.36298000000000E+01
 1.93895830000000E+03  -2.28032000000000E+01
 1.93904170000000E+03  -1.92075000000000E+01
 1.93912500000000E+03  -2.52272000000000E+01
 1.93920830000000E+03  -2.93239000000000E+01
 1.93929170000000E+03  -4.19592000000000E+01
 1.93937500000000E+03  -6.39791000000000E+01
 1.93945830000000E+03  -7.32298000000000E+01
 1.93954170000000E+03  -6.22500000000000E+01
 1.93962500000000E+03  -6.71932000000000E+01
 1.93970830000000E+03  -7.20596000000000E+01
 1.93979170000000E+03  -8.21569000000000E+01
 1.93987500000000E+03  -8.41772000000000E+01
 1.93995830000000E+03  -8.39669000000000E+01
 1.94004170000000E+03  -8.49875000000000E+01
 1.94012500000000E+03  -7.70850000000000E+01
 1.94020830000000E+03  -6.30287000000000E+01
 1.94029170000000E+03  -5.68957000000000E+01
 1.94037500000000E+03  -5.77626000000000E+01
 1.94045830000000E+03  -3.20143000000000E+01
 1.94054170000000E+03  -3.49584000000000E+01
 1.94062500000000E+03  -5.33640000000000E+01
 1.94070830000000E+03  -4.13851000000000E+01
 1.94079170000000E+03  -4.80987000000000E+01
 1.94087500000000E+03  -4.70430000000000E+01
 1.94095830000000E+03  -4.38336000000000E+01
 1.94104170000000E+03  -3.53935000000000E+01
 1.94112500000000E+03  -3.44919000000000E+01
 1.94120830000000E+03  -3.35134000000000E+01
 1.94129170000000E+03  -4.42275000000000E+01
 1.94137500000000E+03  -5.74799000000000E+01
 1.94145830000000E+03  -4.37325000000000E+01
 1.94154170000000E+03  -4.85236000000000E+01
 1.94162500000000E+03  -5.74686000000000E+01
 1.94170830000000E+03  -5.84906000000000E+01
 1.94179170000000E+03  -6.48205000000000E+01
 1.94187500000000E+03  -6.22272000000000E+01
 1.94195830000000E+03  -5.24802000000000E+01
 1.94204170000000E+03  -3.85795000000000E+01
 1.94212500000000E+03  -4.19096000000000E+01
 1.94220830000000E+03  -4.28551000000000E+01
 1.94229170000000E+03  -4.47238000000000E+01
 1.94237500000000E+03  -3.89772000000000E+01
 1.94245830000000E+03  -1.96152000000000E+01
 1.94254170000000E+03  -2.32534000000000E+01
 1.94262500000000E+03  -1.67378000000000E+01
 1.94270830000000E+03   5.93170000000000E+00
 1.94279170000000E+03   2.82163000000000E+01
 1.94287500000000E+03   4.34240000000000E+01
 1.94295830000000E+03   6.24009000000000E+01
 1.94312500000000E+03   7.19698000000000E+01
 1.94320830000000E+03   7.21772000000000E+01
 1.94329170000000E+03   7.60768000000000E+01
 1.94337500000000E+03   7.04379000000000E+01
 1.94345830000000E+03   5.88759000000000E+01
 1.94354170000000E+03   3.67753000000000E+01
 1.94362500000000E+03   5.11362000000000E+01
 1.94370830000000E+03   6.03432000000000E+01
 1.94379170000000E+03   5.16269000000000E+01
 1.94387500000000E+03   5.44492000000000E+01
 1.94395830000000E+03   5.34252000000000E+01
 1.94404170000000E+03   6.67856000000000E+01
 1.94412500000000E+03   5.39923000000000E+01
 1.94420830000000E+03   4.00450000000000E+01
 1.94429170000000E+03   3.49436000000000E+01
 1.94437500000000E+03   2.87654000000000E+01
 1.94445830000000E+03   2.81256000000000E+01
 1.94454170000000E+03   2.52548000000000E+01
 1.94462500000000E+03   1.84610000000000E+01
 1.94470830000000E+03  -1.69482000000000E+01
 1.94479170000000E+03  -3.18192000000000E+01
 1.94487500000000E+03  -3.29979000000000E+01
 1.94495830000000E+03  -5.06382000000000E+01
 1.95104170000000E+03  -5.61197000000000E+01
 1.95112500000000E+03  -7.81501000000000E+01
 1.95120830000000E+03  -7.71805000000000E+01
 1.95129170000000E+03  -8.88266000000000E+01
 1.95137500000000E+03  -1.05934100000000E+02
 1.95145830000000E+03  -9.65032000000000E+01
 1.95154170000000E+03  -7.72264000000000E+01
 1.95162500000000E+03  -6.73341000000000E+01
 1.95170830000000E+03  -5.35958000000000E+01
 1.95179170000000E+03  -4.83192000000000E+01
 1.95187500000000E+03  -4.15041000000000E+01
 1.95195830000000E+03  -2.69968000000000E+01
 1.95204170000000E+03  -1.17204000000000E+01
 1.95212500000000E+03  -1.49055000000000E+01
 1.95220830000000E+03   3.70800000000000E-01
 1.95229170000000E+03   1.41085000000000E+01
 1.95237500000000E+03   3.55386000000000E+01
 1.95245830000000E+03   4.85070000000000E+01
 1.95254170000000E+03   3.83983000000000E+01
 1.95262500000000E+03   3.67512000000000E+01
 1.95270830000000E+03   2.89502000000000E+01
 1.95279170000000E+03   3.42259000000000E+01
 1.95287500000000E+03   4.25786000000000E+01
 1.95295830000000E+03   4.09312000000000E+01
 1.95304170000000E+03   3.08220000000000E+01
 1.95312500000000E+03   3.45591000000000E+01
 1.95320830000000E+03   4.52192000000000E+01
 1.95329170000000E+03   3.97252000000000E+01
 1.95337500000000E+03   1.34620000000000E+01
 1.95345830000000E+03   4.89110000000000E+00
 1.95354170000000E+03   1.55508000000000E+01
 1.95362500000000E+03  -7.63570000000000E+00
 1.95370830000000E+03  -4.31299000000000E+01
 1.95379170000000E+03  -4.93936000000000E+01
 1.95387500000000E+03  -5.95033000000000E+01
 1.95395830000000E+03  -7.11516000000000E+01
 1.95404170000000E+03  -6.28001000000000E+01
 1.95412500000000E+03  -5.52178000000000E+01
 1.95420830000000E+03  -6.22509000000000E+01
 1.95429170000000E+03  -6.46689000000000E+01
 1.95437500000000E+03  -6.47791000000000E+01
 1.95445830000000E+03  -4.87355000000000E+01
 1.95454170000000E+03  -4.34613000000000E+01
 1.95462500000000E+03  -4.43410000000000E+01
 1.95470830000000E+03  -2.59900000000000E+01
 1.95479170000000E+03  -7.16000000000000E-01
 1.95487500000000E+03   1.14810000000000E+01
 1.95495830000000E+03   2.52164000000000E+01
 1.95504170000000E+03   4.58747000000000E+01
 1.95512500000000E+03   4.03793000000000E+01
 1.95520830000000E+03   3.64222000000000E+01
 1.95529170000000E+03   4.09264000000000E+01
 1.95537500000000E+03   4.31230000000000E+01
 1.95545830000000E+03   5.53195000000000E+01
 1.95554170000000E+03   6.59774000000000E+01
 1.95562500000000E+03   6.35584000000000E+01
 1.95570830000000E+03   4.88316000000000E+01
 1.95579170000000E+03   5.48739000000000E+01
 1.95587500000000E+03   5.47623000000000E+01
 1.95595830000000E+03   5.23430000000000E+01
 1.95604170000000E+03   5.60774000000000E+01
 1.95612500000000E+03   5.75041000000000E+01
 1.95620830000000E+03   5.81615000000000E+01
 1.95629170000000E+03   7.03571000000000E+01
 1.95637500000000E+03   6.25528000000000E+01
 1.95645830000000E+03   5.93639000000000E+01
 1.95654170000000E+03   3.92516000000000E+01
 1.95662500000000E+03   3.22163000000000E+01
 1.95670830000000E+03   2.13348000000000E+01
 1.95679170000000E+03   2.12223000000000E+01
 1.95687500000000E+03   1.88022000000000E+01
 1.95695830000000E+03   1.40743000000000E+01
 1.95704170000000E+03   1.78077000000000E+01
 1.95712500000000E+03   1.61566000000000E+01
 1.95720830000000E+03   1.98901000000000E+01
 1.95729170000000E+03   2.82387000000000E+01
 1.95737500000000E+03   2.42796000000000E+01
 1.95745830000000E+03   2.95513000000000E+01
 1.95754170000000E+03   2.40535000000000E+01
 1.95762500000000E+03   3.93251000000000E+01
 1.95770830000000E+03   3.92119000000000E+01
 1.95779170000000E+03   3.67908000000000E+01
 1.95787500000000E+03   4.74467000000000E+01
 1.95795830000000E+03   5.04103000000000E+01
 1.95804170000000E+03   5.95274000000000E+01
 1.95812500000000E+03   6.17216000000000E+01
 1.95820830000000E+03   5.31464000000000E+01
 1.95829170000000E+03   4.61095000000000E+01
 1.95837500000000E+03   3.29188000000000E+01
 1.95845830000000E+03   2.58819000000000E+01
 1.95854170000000E+03   2.96140000000000E+01
 1.95862500000000E+03   2.33462000000000E+01
 1.95870830000000E+03   7.07830000000000E+00
 1.95879170000000E+03  -1.49750000000000E+00
 1.95887500000000E+03  -7.33000000000000E-02
 1.95895830000000E+03  -9.56800000000000E-01
 1.95904170000000E+03   6.62100000000000E+00
 1.95912500000000E+03   5.73730000000000E+00
 1.95920830000000E+03   8.69980000000000E+00
 1.95929170000000E+03   8.58500000000000E+00
 1.95937500000000E+03  -9.99120000000000E+00
 1.95945830000000E+03  -3.16444000000000E+01
 1.95954170000000E+03  -3.56055000000000E+01
 1.95962500000000E+03  -6.41819000000000E+01
 1.95970830000000E+03  -8.04507000000000E+01
 1.95979170000000E+03  -9.51812000000000E+01
 1.95987500000000E+03  -9.91425000000000E+01
 1.95995830000000E+03  -9.00269000000000E+01
 1.96004170000000E+03  -8.70654000000000E+01
 1.96012500000000E+03  -8.41038000000000E+01
 1.96020830000000E+03  -7.80653000000000E+01
 1.96029170000000E+03  -9.12578000000000E+01
 1.96037500000000E+03  -9.98349000000000E+01
 1.96045830000000E+03  -8.30275000000000E+01
 1.96054170000000E+03  -7.23741000000000E+01
 1.96062500000000E+03  -7.47975000000000E+01
 1.96070830000000E+03  -4.41442000000000E+01
 1.96079170000000E+03  -1.34910000000000E+01
 1.96087500000000E+03   8.70070000000000E+00
 1.96095830000000E+03   2.55077000000000E+01
 1.96104170000000E+03   4.23145000000000E+01
 1.96112500000000E+03   5.45060000000000E+01
 1.96120830000000E+03   5.74666000000000E+01
 1.96129170000000E+03   3.65809000000000E+01
 1.96137500000000E+03   4.26183000000000E+01
 1.96145830000000E+03   6.09633000000000E+01
 1.96154170000000E+03   6.62312000000000E+01
 1.96162500000000E+03   9.84222000000000E+01
 1.96170830000000E+03   9.75363000000000E+01
 1.96179170000000E+03   8.20347000000000E+01
 1.96187500000000E+03   6.65332000000000E+01
 1.96195830000000E+03   6.64162000000000E+01
 1.96204170000000E+03   6.55298000000000E+01
 1.96212500000000E+03   5.23358000000000E+01
 1.96220830000000E+03   5.29878000000000E+01
 1.96229170000000E+03   4.21012000000000E+01
 1.96237500000000E+03   4.96762000000000E+01
 1.96245830000000E+03   4.80203000000000E+01
 1.96254170000000E+03   4.09796000000000E+01
 1.96262500000000E+03   2.47082000000000E+01
 1.96270830000000E+03  -7.71710000000000E+00
 1.96279170000000E+03  -2.16811000000000E+01
 1.96287500000000E+03  -2.87219000000000E+01
 1.96295830000000E+03  -3.57629000000000E+01
 1.96304170000000E+03  -3.97271000000000E+01
 1.96312500000000E+03  -5.29220000000000E+01
 1.96320830000000E+03  -5.99632000000000E+01
 1.96329170000000E+03  -6.93122000000000E+01
 1.96337500000000E+03  -6.71228000000000E+01
 1.96345830000000E+03  -6.18564000000000E+01
 1.96354170000000E+03  -6.19750000000000E+01
 1.96362500000000E+03  -4.74780000000000E+01
 1.96370830000000E+03  -5.60581000000000E+01
 1.96379170000000E+03  -6.07922000000000E+01
 1.96387500000000E+03  -4.78339000000000E+01
 1.96395830000000E+03  -4.10296000000000E+01
 1.96404170000000E+03  -2.65332000000000E+01
 1.96412500000000E+03  -1.97290000000000E+01
 1.96420830000000E+03  -9.07870000000000E+00
 1.96429170000000E+03  -3.81330000000000E+00
 1.96437500000000E+03  -8.54780000000000E+00
 1.96445830000000E+03  -7.12850000000000E+00
 1.96454170000000E+03  -1.03249000000000E+01
 1.96462500000000E+03  -4.44200000000000E-01
 1.96470830000000E+03  -1.74867000000000E+01
 1.96479170000000E+03  -6.83710000000000E+00
 1.96487500000000E+03   4.58180000000000E+00
 1.96495830000000E+03   5.23140000000000E+00
 1.96504170000000E+03   1.89577000000000E+01
 1.96512500000000E+03   1.96072000000000E+01
 1.96520830000000E+03   1.48719000000000E+01
 1.96529170000000E+03   3.98260000000000E+00
 1.96537500000000E+03   8.47800000000000E+00
 1.96545830000000E+03   6.65600000000000E-01
 1.96554170000000E+03  -7.91620000000000E+00
 1.96562500000000E+03  -1.49595000000000E+01
 1.96570830000000E+03  -2.20029000000000E+01
 1.96579170000000E+03  -1.59696000000000E+01
 1.96587500000000E+03  -1.60900000000000E+01
 1.96595830000000E+03  -8.51830000000000E+00
 1.96604170000000E+03   4.43790000000000E+00
 1.96612500000000E+03   2.77880000000000E+00
 1.96620830000000E+03   7.27340000000000E+00
 1.96629170000000E+03   1.09986000000000E+01
 1.96637500000000E+03   4.72380000000000E+00
 1.96645830000000E+03  -3.85870000000000E+00
 1.96654170000000E+03   7.55860000000000E+00
 1.96662500000000E+03   5.89900000000000E+00
 1.96670830000000E+03   2.88548000000000E+01
 1.96679170000000E+03   3.56564000000000E+01
 1.96687500000000E+03   3.63043000000000E+01
 1.96695830000000E+03   4.46444000000000E+01
 1.96704170000000E+03   4.99074000000000E+01
 1.96712500000000E+03   4.90166000000000E+01
 1.96720830000000E+03   4.73565000000000E+01
 1.96729170000000E+03   4.26193000000000E+01
 1.96737500000000E+03   4.63436000000000E+01
 1.96745830000000E+03   7.69910000000000E+01
 1.96754170000000E+03   9.37920000000000E+01
 1.96762500000000E+03   9.59777000000000E+01
 1.96770830000000E+03   1.05086300000000E+02
 1.96779170000000E+03   9.57333000000000E+01
 1.96787500000000E+03   8.48418000000000E+01
 1.96795830000000E+03   7.54887000000000E+01
 1.96804170000000E+03   7.84431000000000E+01
 1.96812500000000E+03   7.06283000000000E+01
 1.96820830000000E+03   5.74289000000000E+01
 1.96829170000000E+03   5.11523000000000E+01
 1.96837500000000E+03   4.94911000000000E+01
 1.96845830000000E+03   3.16761000000000E+01
 1.96854170000000E+03  -6.13920000000000E+00
 1.96862500000000E+03  -2.47236000000000E+01
 1.96870830000000E+03  -5.33082000000000E+01
 1.96879170000000E+03  -6.42006000000000E+01
 1.96887500000000E+03  -7.35545000000000E+01
 1.96895830000000E+03  -7.52162000000000E+01
 1.96904170000000E+03  -6.30319000000000E+01
 1.96912500000000E+03  -7.31552000000000E+01
 1.96920830000000E+03  -6.86633000000000E+01
 1.96929170000000E+03  -5.72485000000000E+01
 1.96937500000000E+03  -3.96797000000000E+01
 1.96945830000000E+03  -4.28803000000000E+01
 1.96954170000000E+03  -4.99272000000000E+01
 1.96962500000000E+03  -4.31280000000000E+01
 1.96970830000000E+03  -5.09441000000000E+01
 1.96979170000000E+03  -2.72221000000000E+01
 1.96987500000000E+03  -1.65769000000000E+01
 1.96995830000000E+03  -1.05471000000000E+01
 1.97004170000000E+03  -2.97910000000000E+00
 1.97012500000000E+03  -3.87260000000000E+00
 1.97020830000000E+03   7.54150000000000E+00
 1.97029170000000E+03   6.64780000000000E+00
 1.97037500000000E+03   1.42156000000000E+01
 1.97045830000000E+03   9.47570000000000E+00
 1.97054170000000E+03   4.73550000000000E+00
 1.97062500000000E+03   3.07647000000000E+01
 1.97070830000000E+03   4.37169000000000E+01
 1.97079170000000E+03   5.28227000000000E+01
 1.97087500000000E+03   4.19285000000000E+01
 1.97095830000000E+03   3.64189000000000E+01
 1.97104170000000E+03   4.32168000000000E+01
 1.97112500000000E+03   3.69378000000000E+01
 1.97120830000000E+03   3.75818000000000E+01
 1.97129170000000E+03   3.51487000000000E+01
 1.97137500000000E+03   4.65618000000000E+01
 1.97145830000000E+03   4.95133000000000E+01
 1.97154170000000E+03   2.32338000000000E+01
 1.97162500000000E+03   5.41590000000000E+00
 1.97170830000000E+03  -3.00944000000000E+01
 1.97179170000000E+03  -3.48356000000000E+01
 1.97187500000000E+03  -3.95768000000000E+01
 1.97195830000000E+03  -3.27796000000000E+01
 1.97204170000000E+03  -2.82903000000000E+01
 1.97212500000000E+03  -3.38010000000000E+01
 1.97220830000000E+03  -2.70040000000000E+01
 1.97229170000000E+03  -2.86688000000000E+01
 1.97237500000000E+03  -2.11027000000000E+01
 1.97245830000000E+03  -3.27675000000000E+01
 1.97254170000000E+03  -6.05864000000000E+01
 1.97262500000000E+03  -4.14821000000000E+01
 1.97270830000000E+03  -1.54548000000000E+01
 1.97279170000000E+03   1.67262000000000E+01
 1.97287500000000E+03   1.50610000000000E+01
 1.97295830000000E+03   2.26265000000000E+01
 1.97304170000000E+03   2.71149000000000E+01
 1.97312500000000E+03   2.62188000000000E+01
 1.97320830000000E+03   2.68610000000000E+01
 1.97329170000000E+03   1.98107000000000E+01
 1.97337500000000E+03   2.89144000000000E+01
 1.97345830000000E+03   3.26333000000000E+01
 1.97354170000000E+03   2.71212000000000E+01
 1.97362500000000E+03   4.00708000000000E+01
 1.97370830000000E+03   1.53280000000000E+01
 1.97379170000000E+03  -1.72280000000000E+00
 1.97387500000000E+03  -2.03119000000000E+01
 1.97395830000000E+03  -1.12088000000000E+01
 1.97404170000000E+03   4.81720000000000E+00
 1.97412500000000E+03   8.53550000000000E+00
 1.97420830000000E+03   1.48460000000000E+00
 1.97429170000000E+03   9.81800000000000E+00
 1.97437500000000E+03   1.27669000000000E+01
 1.97445830000000E+03   1.80234000000000E+01
 1.97454170000000E+03   2.32797000000000E+01
 1.97462500000000E+03   3.16130000000000E+01
 1.97470830000000E+03   2.76385000000000E+01
 1.97479170000000E+03   3.98176000000000E+01
 1.97487500000000E+03   4.73815000000000E+01
 1.97495830000000E+03   5.95606000000000E+01
 1.97504170000000E+03   5.55857000000000E+01
 1.97512500000000E+03   4.08416000000000E+01
 1.97520830000000E+03   2.76359000000000E+01
 1.97529170000000E+03   3.98146000000000E+01
 1.97537500000000E+03   1.58395000000000E+01
 1.97545830000000E+03   1.41720000000000E+01
 1.97554170000000E+03   2.40428000000000E+01
 1.97562500000000E+03  -9.93250000000000E+00
 1.97570830000000E+03  -2.54463000000000E+01
 1.97579170000000E+03  -2.71142000000000E+01
 1.97587500000000E+03  -2.80128000000000E+01
 1.97595830000000E+03  -2.42961000000000E+01
 1.97604170000000E+03  -2.51950000000000E+01
 1.97612500000000E+03  -2.37862000000000E+01
 1.97620830000000E+03  -2.85312000000000E+01
 1.97629170000000E+03  -4.71226000000000E+01
 1.97637500000000E+03  -6.80217000000000E+01
 1.97645830000000E+03  -4.43054000000000E+01
 1.97654170000000E+03  -5.75125000000000E+01
 1.97662500000000E+03  -9.61040000000000E+01
 1.97670830000000E+03  -9.08495000000000E+01
 1.97679170000000E+03  -8.55953000000000E+01
 1.97687500000000E+03  -8.64948000000000E+01
 1.97695830000000E+03  -8.43174000000000E+01
 1.97704170000000E+03  -7.36787000000000E+01
 1.97712500000000E+03  -7.22708000000000E+01
 1.97720830000000E+03  -7.31705000000000E+01
 1.97729170000000E+03  -6.94552000000000E+01
 1.97737500000000E+03  -3.88167000000000E+01
 1.97745830000000E+03  -2.97167000000000E+01
 1.97754170000000E+03  -4.06169000000000E+01
 1.97762500000000E+03  -3.99786000000000E+01
 1.97770830000000E+03  -3.70327000000000E+01
 1.97779170000000E+03  -3.56255000000000E+01
 1.97787500000000E+03  -4.26797000000000E+01
 1.97795830000000E+03  -4.28109000000000E+01
 1.97804170000000E+03  -3.60193000000000E+01
 1.97812500000000E+03  -3.99968000000000E+01
 1.97820830000000E+03  -1.93590000000000E+01
 1.97829170000000E+03  -1.17984000000000E+01
 1.97837500000000E+03   1.14690000000000E+00
 1.97845830000000E+03  -2.06170000000000E+00
 1.97854170000000E+03  -3.73210000000000E+00
 1.97862500000000E+03  -8.47930000000000E+00
 1.97870830000000E+03  -3.99580000000000E+00
 1.97879170000000E+03  -1.10510000000000E+01
 1.97887500000000E+03  -1.11830000000000E+01
 1.97895830000000E+03  -4.39210000000000E+00
 1.97904170000000E+03   1.54756000000000E+01
 1.97912500000000E+03   2.14972000000000E+01
 1.97920830000000E+03   2.52110000000000E+01
 1.97929170000000E+03   2.00150000000000E+00
 1.97937500000000E+03  -2.19772000000000E+01
 1.97945830000000E+03  -2.82636000000000E+01
 1.97954170000000E+03  -4.14733000000000E+01
 1.97962500000000E+03  -5.16060000000000E+01
 1.97970830000000E+03  -6.86619000000000E+01
 1.97979170000000E+03  -6.87949000000000E+01
 1.97987500000000E+03  -6.27740000000000E+01
 1.97995830000000E+03  -5.98301000000000E+01
 1.98004170000000E+03  -4.91941000000000E+01
 1.98012500000000E+03  -6.47118000000000E+01
 1.98020830000000E+03  -6.79220000000000E+01
 1.98029170000000E+03  -6.65170000000000E+01
 1.98037500000000E+03  -5.97273000000000E+01
 1.98045830000000E+03  -3.44762000000000E+01
 1.98054170000000E+03  -2.69175000000000E+01
 1.98062500000000E+03   6.41200000000000E-01
 1.98070830000000E+03   9.73830000000000E+00
 1.98079170000000E+03   2.34505000000000E+01
 1.98087500000000E+03   2.48551000000000E+01
 1.98095830000000E+03   3.47212000000000E+01
 1.98104170000000E+03   4.22794000000000E+01
 1.98112500000000E+03   4.98377000000000E+01
 1.98120830000000E+03   4.89343000000000E+01
 1.98129170000000E+03   4.87999000000000E+01
 1.98137500000000E+03   6.09734000000000E+01
 1.98145830000000E+03   8.54544000000000E+01
 1.98154170000000E+03   7.68583000000000E+01
 1.98162500000000E+03   5.98007000000000E+01
 1.98170830000000E+03   3.35123000000000E+01
 1.98179170000000E+03   4.49160000000000E+01
 1.98187500000000E+03   5.32428000000000E+01
 1.98195830000000E+03   5.69541000000000E+01
 1.98204170000000E+03   5.52806000000000E+01
 1.98212500000000E+03   4.82226000000000E+01
 1.98220830000000E+03   4.50107000000000E+01
 1.98229170000000E+03   3.71831000000000E+01
 1.98237500000000E+03   2.70480000000000E+01
 1.98245830000000E+03   9.98960000000000E+00
 1.98254170000000E+03   4.46960000000000E+00
 1.98262500000000E+03   2.20265000000000E+01
 1.98270830000000E+03   2.34295000000000E+01
 1.98279170000000E+03   2.94476000000000E+01
 1.98287500000000E+03   1.85428000000000E+01
 1.98295830000000E+03   1.45609000000000E+01
 1.98304170000000E+03   2.13481000000000E+01
 1.98312500000000E+03   2.65969000000000E+01
 1.98320830000000E+03   3.18456000000000E+01
 1.98329170000000E+03   3.24787000000000E+01
 1.98337500000000E+03   6.54195000000000E+01
 1.98345830000000E+03   7.45142000000000E+01
 1.98354170000000E+03   8.13009000000000E+01
 1.98362500000000E+03   4.73185000000000E+01
 1.98370830000000E+03   7.95130000000000E+00
 1.98379170000000E+03  -1.41600000000000E+00
 1.98387500000000E+03  -6.93710000000000E+00
 1.98395830000000E+03  -1.68910000000000E+00
 1.98404170000000E+03   1.12510000000000E+01
 1.98412500000000E+03   7.26810000000000E+00
 1.98420830000000E+03   8.66980000000000E+00
 1.98429170000000E+03   1.00712000000000E+01
 1.98437500000000E+03  -1.08350000000000E+01
 1.98445830000000E+03  -4.48181000000000E+01
 1.98454170000000E+03  -5.34169000000000E+01
 1.98462500000000E+03  -6.27849000000000E+01
 1.98470830000000E+03  -6.90760000000000E+01
 1.98479170000000E+03  -5.45981000000000E+01
 1.98487500000000E+03  -4.62739000000000E+01
 1.98495830000000E+03  -4.02576000000000E+01
 1.98504170000000E+03  -3.50106000000000E+01
 1.98512500000000E+03  -4.20713000000000E+01
 1.98520830000000E+03  -2.99013000000000E+01
 1.98529170000000E+03  -2.85008000000000E+01
 1.98537500000000E+03  -2.94079000000000E+01
 1.98545830000000E+03  -1.41612000000000E+01
 1.98554170000000E+03   3.39300000000000E+00
 1.98562500000000E+03  -5.20660000000000E+00
 1.98570830000000E+03  -3.14986000000000E+01
 1.98579170000000E+03  -2.08677000000000E+01
 1.98587500000000E+03  -2.86983000000000E+01
 1.98595830000000E+03  -2.96059000000000E+01
 1.98604170000000E+03  -2.35907000000000E+01
 1.98612500000000E+03  -2.68061000000000E+01
 1.98620830000000E+03  -1.92524000000000E+01
 1.98629170000000E+03  -2.55451000000000E+01
 1.98637500000000E+03  -2.72223000000000E+01
 1.98645830000000E+03  -1.58226000000000E+01
 1.98654170000000E+03  -1.51924000000000E+01
 1.98662500000000E+03  -2.30237000000000E+01
 1.98670830000000E+03  -2.31627000000000E+01
 1.98679170000000E+03  -9.45580000000000E+00
 1.98687500000000E+03  -5.74880000000000E+00
 1.98695830000000E+03   2.57340000000000E+00
 1.98704170000000E+03   1.16647000000000E+01
 1.98712500000000E+03   1.76792000000000E+01
 1.98720830000000E+03   3.21551000000000E+01
 1.98729170000000E+03   1.66308000000000E+01
 1.98737500000000E+03   1.18757000000000E+01
 1.98745830000000E+03   1.09668000000000E+01
 1.98754170000000E+03   4.67300000000000E+00
 1.98762500000000E+03   1.45630000000000E+00
 1.98770830000000E+03   6.70100000000000E+00
 1.98779170000000E+03   1.88685000000000E+01
 1.98787500000000E+03   2.25746000000000E+01
 1.98795830000000E+03   2.47421000000000E+01
 1.98804170000000E+03   2.46017000000000E+01
 1.98812500000000E+03   2.83076000000000E+01
 1.98820830000000E+03   2.43211000000000E+01
 1.98829170000000E+03   1.49497000000000E+01
 1.98837500000000E+03   2.86553000000000E+01
 1.98845830000000E+03   4.62071000000000E+01
 1.98854170000000E+03   5.83739000000000E+01
 1.98862500000000E+03   6.82332000000000E+01
 1.98870830000000E+03   7.27078000000000E+01
 1.98879170000000E+03   6.87205000000000E+01
 1.98887500000000E+03   7.08873000000000E+01
 1.98895830000000E+03   7.61309000000000E+01
 1.98904170000000E+03   7.75280000000000E+01
 1.98912500000000E+03   9.66176000000000E+01
 1.98920830000000E+03   9.41687000000000E+01
 1.98929170000000E+03   9.86426000000000E+01
 1.98937500000000E+03   1.03885800000000E+02
 1.98945830000000E+03   1.06052000000000E+02
 1.98954170000000E+03   8.82180000000000E+01
 1.98962500000000E+03   7.96148000000000E+01
 1.98970830000000E+03   8.87039000000000E+01
 1.98979170000000E+03   9.08696000000000E+01
 1.98987500000000E+03   8.53431000000000E+01
 1.98995830000000E+03   8.13551000000000E+01
 1.99004170000000E+03   8.96744000000000E+01
 1.99012500000000E+03   9.10708000000000E+01
 1.99020830000000E+03   8.16979000000000E+01
 1.99029170000000E+03   7.69401000000000E+01
 1.99037500000000E+03   7.21824000000000E+01
 1.99045830000000E+03   5.20401000000000E+01
 1.99054170000000E+03   4.11282000000000E+01
 1.99062500000000E+03   3.02165000000000E+01
 1.99070830000000E+03   2.38160000000000E+00
 1.99079170000000E+03  -3.23767000000000E+01
 1.99087500000000E+03  -4.48271000000000E+01
 1.99095830000000E+03  -4.03545000000000E+01
 1.99104170000000E+03  -3.04976000000000E+01
 1.99112500000000E+03  -3.14098000000000E+01
 1.99120830000000E+03  -2.92451000000000E+01
 1.99129170000000E+03  -3.24654000000000E+01
 1.99137500000000E+03  -4.26085000000000E+01
 1.99145830000000E+03  -4.73672000000000E+01
 1.99154170000000E+03  -2.36646000000000E+01
 1.99162500000000E+03  -1.68849000000000E+01
 1.99170830000000E+03  -3.18220000000000E+00
 1.99179170000000E+03   1.28279000000000E+01
 1.99187500000000E+03   1.88381000000000E+01
 1.99195830000000E+03   1.10021000000000E+01
 1.99204170000000E+03   3.93510000000000E+00
 1.99212500000000E+03   6.09890000000000E+00
 1.99220830000000E+03   6.72420000000000E+00
 1.99229170000000E+03  -4.95850000000000E+00
 1.99237500000000E+03  -9.71790000000000E+00
 1.99245830000000E+03  -2.93900000000000E+00
 1.99254170000000E+03  -5.23720000000000E+00
 1.99262500000000E+03  -3.68920000000000E+00
 1.99270830000000E+03  -1.32182000000000E+01
 1.99279170000000E+03  -2.88244000000000E+01
 1.99287500000000E+03  -4.21997000000000E+01
 1.99295830000000E+03  -3.97289000000000E+01
 1.99304170000000E+03  -1.63353000000000E+01
 1.99312500000000E+03   2.12300000000000E-01
 1.99320830000000E+03  -4.24030000000000E+00
 1.99329170000000E+03  -2.68469000000000E+01
 1.99337500000000E+03  -4.08380000000000E+01
 1.99345830000000E+03  -5.05984000000000E+01
 1.99354170000000E+03  -4.90514000000000E+01
 1.99362500000000E+03  -5.45812000000000E+01
 1.99370830000000E+03  -8.08803000000000E+01
 1.99379170000000E+03  -8.18720000000000E+01
 1.99387500000000E+03  -7.94020000000000E+01
 1.99395830000000E+03  -5.92398000000000E+01
 1.99404170000000E+03  -6.25394000000000E+01
 1.99412500000000E+03  -7.99158000000000E+01
 1.99420830000000E+03  -9.23693000000000E+01
 1.99429170000000E+03  -9.63614000000000E+01
 1.99437500000000E+03  -8.28919000000000E+01
 1.99445830000000E+03  -5.69609000000000E+01
 1.99454170000000E+03  -3.69532000000000E+01
 1.99462500000000E+03  -2.47916000000000E+01
 1.99470830000000E+03  -1.12455000000000E+01
 1.99479170000000E+03   1.76081000000000E+01
 1.99487500000000E+03   2.08464000000000E+01
 1.99495830000000E+03   3.03154000000000E+01
 1.99504170000000E+03   2.95534000000000E+01
 1.99512500000000E+03   3.30223000000000E+01
 1.99520830000000E+03   3.43372000000000E+01
 1.99529170000000E+03   3.91134000000000E+01
 1.99537500000000E+03   5.24282000000000E+01
 1.99545830000000E+03   4.66660000000000E+01
 1.99554170000000E+03   2.22881000000000E+01
 1.99562500000000E+03  -4.39730000000000E+00
 1.99570830000000E+03  -3.91597000000000E+01
 1.99579170000000E+03  -5.85378000000000E+01
 1.99587500000000E+03  -7.58389000000000E+01
 1.99595830000000E+03  -7.56784000000000E+01
 1.99604170000000E+03  -6.79029000000000E+01
 1.99612500000000E+03  -7.75119000000000E+01
 1.99620830000000E+03  -8.65055000000000E+01
 1.99629170000000E+03  -8.91917000000000E+01
 1.99637500000000E+03  -8.57240000000000E+01
 1.99645830000000E+03  -9.99486000000000E+01
 1.99654170000000E+03  -1.00712000000000E+02
 1.99662500000000E+03  -8.13214000000000E+01
 1.99670830000000E+03  -5.84693000000000E+01
 1.99679170000000E+03  -2.60022000000000E+01
 1.99687500000000E+03  -1.57656000000000E+01
 1.99695830000000E+03  -2.06061000000000E+01
 1.99704170000000E+03  -2.56007000000000E+01
 1.99712500000000E+03  -4.02875000000000E+01
 1.99720830000000E+03  -2.40512000000000E+01
 1.99729170000000E+03   4.87700000000000E+00
 1.99737500000000E+03   8.34390000000000E+00
 1.99745830000000E+03  -8.49700000000000E+00
 1.99754170000000E+03  -5.26130000000000E+00
 1.99762500000000E+03   1.04361000000000E+01
 1.99770830000000E+03   2.35180000000000E+01
 1.99779170000000E+03   1.17536000000000E+01
 1.99787500000000E+03  -4.24160000000000E+00
 1.99795830000000E+03  -3.23680000000000E+00
 1.99804170000000E+03   1.08447000000000E+01
 1.99812500000000E+03   3.13109000000000E+01
 1.99820830000000E+03   4.33154000000000E+01
 1.99829170000000E+03   2.13197000000000E+01
 1.99837500000000E+03   1.32472000000000E+01
 1.99845830000000E+03   1.50208000000000E+01
 1.99854170000000E+03   3.32556000000000E+01
 1.99862500000000E+03   4.46445000000000E+01
 1.99870830000000E+03   3.75717000000000E+01
 1.99879170000000E+03   2.28063000000000E+01
 1.99887500000000E+03   2.49641000000000E+01
 1.99895830000000E+03   2.78911000000000E+01
 1.99904170000000E+03   2.77409000000000E+01
 1.99912500000000E+03   1.83600000000000E+01
 1.99920830000000E+03  -7.17480000000000E+00
 1.99929170000000E+03  -9.63290000000000E+00
 1.99937500000000E+03  -5.52500000000000E-01
 1.99945830000000E+03  -1.22413000000000E+01
 1.99954170000000E+03  -9.95610000000000E+00
 1.99962500000000E+03  -1.81369000000000E+01
 1.99970830000000E+03  -3.59239000000000E+01
 1.99979170000000E+03  -3.76303000000000E+01
 1.99987500000000E+03  -3.97256000000000E+01
 1.99995830000000E+03  -3.23764000000000E+01
